# TimeStamp(s) Sum Stdev
0.25 1.19969e+07 103748
10.75 8.3143e+06 380955
20.125 1.40773e+07 518441
30.5 1.03782e+07 545983
41.25 6.0299e+06 282018
52.75 1.39599e+07 681306
60.375 1.11015e+07 983318
70.875 1.09336e+07 974965
80.375 1.0778e+07 738291
90.375 7.92765e+06 809594
100.125 1.52089e+07 1.66264e+06
112.5 9.01084e+06 1.01696e+06
120.25 1.28821e+07 995659
130 1.11778e+07 945187
140.375 1.14848e+07 968677
150.5 1.12066e+07 793916
163.125 9.63733e+06 762707
170 1.24215e+07 1.12742e+06
181 1.13736e+07 882645
190.375 1.15951e+07 525751
200.25 1.14519e+07 868917
210.125 1.0406e+07 700427
220.25 1.02844e+07 613785
233.125 9.81559e+06 723730
240 1.10943e+07 513432
250 1.08006e+07 530907
260.125 1.07471e+07 294564
270 1.11726e+07 252580
280 1.05297e+07 363549
290.125 8.45237e+06 242492
303 1.17373e+07 460789
310 1.21515e+07 784565
321.25 1.1729e+07 632777
330.25 1.0643e+07 362596
340.5 7.97426e+06 612046
350 1.50263e+07 838261
361 7.12909e+06 388473
370.75 1.47813e+07 499342
380.125 1.19835e+07 661351
390 1.08161e+07 588865
400.125 1.00732e+07 371956
411 7.83619e+06 477092
420.25 1.34838e+07 886585
433.125 9.75273e+06 546118
440.25 1.17579e+07 437242
450.125 1.18022e+07 699677
460.25 1.12581e+07 762119
470.25 1.00647e+07 496623
481.75 1.03248e+07 931978
490.125 1.37342e+07 1.26561e+06
502.875 9.66721e+06 798436
510.25 1.10088e+07 624171
520 1.12087e+07 855207
530 9.80322e+06 656244
540.375 8.25247e+06 443775
553.5 1.14333e+07 692759
560 1.08243e+07 883429
570.125 1.07831e+07 856113
580 1.04297e+07 669297
590.5 6.6842e+06 445663
600 1.38949e+07 930633
612.875 1.00526e+07 607480
620.125 1.34107e+07 752839
630.125 1.16394e+07 528427
640.25 1.03102e+07 509038
650.125 1.1625e+07 431458
660.625 7.2942e+06 598639
670.25 1.4881e+07 1.14295e+06
682.125 8.48328e+06 585215
690 1.2608e+07 626788
700 9.96396e+06 380737
710 1.0337e+07 506977
720.375 7.26123e+06 382234
731.125 1.07285e+07 508611
740 1.38084e+07 600821
751.375 8.79500e+06 394337
760 1.31927e+07 396199
770 1.08264e+07 634512
780.25 9.69915e+06 551823
790.875 5.84752e+06 311617
803.625 1.19588e+07 524666
810.125 1.04039e+07 492165
820.25 1.06863e+07 459226
830 1.1049e+07 483019
842.25 9.10358e+06 685153
850.375 1.20165e+07 999250
860.25 1.03885e+07 684784
870.125 1.07429e+07 417927
880.625 7.55901e+06 562500
890 1.47811e+07 1.1709e+06
903 8.83877e+06 510692
910 1.17703e+07 519198
920 1.11366e+07 508515
930.125 9.84753e+06 452067
940.5 1.14106e+07 372411
950.75 7.126e+06 510198
960.125 1.45897e+07 868301
973.125 9.97427e+06 626078
980.125 1.15755e+07 623193
990.5 7.47864e+06 682412
1000.12 1.30047e+07 1.22146e+06
1012.38 7.9856e+06 629818
1020.12 1.35353e+07 699258
1030.25 1.06595e+07 862269
1040.12 1.14653e+07 819828
1050.12 1.04534e+07 593257
1060.5 8.36272e+06 547264
1070.12 1.33344e+07 1.0086e+06
1081.12 7.7146e+06 428060
1090.12 1.38197e+07 719099
1100 1.14807e+07 964038
1110.12 1.16889e+07 1.04963e+06
1120.25 1.04109e+07 863031
1130.88 7.91165e+06 597591
1140.12 1.46492e+07 829016
1150.88 8.37975e+06 609226
1160 1.5034e+07 982892
1171.25 7.74654e+06 701144
1180 1.44081e+07 1.07258e+06
1190.62 8.37897e+06 912594
1200 1.48638e+07 1.73791e+06
1210 1.21494e+07 1.36375e+06
1220 1.08594e+07 1.00125e+06
1230.5 7.87201e+06 658547
1242.12 1.04104e+07 661123
1250.25 1.26842e+07 937191
1260 1.00052e+07 879589
1270 1.07831e+07 831788
1282.62 7.96681e+06 733734
1290.25 1.26577e+07 1.37979e+06
1300 9.74346e+06 891527
1310.25 1.18939e+07 573179
1320 1.12149e+07 893241
1330 1.08295e+07 769517
1340.25 1.00706e+07 539882
1350.25 8.63936e+06 440192
1360.38 1.53509e+07 701566
1372 7.9011e+06 303491
1380.5 1.38084e+07 548739
1390.25 1.09459e+07 778482
1400.25 1.06832e+07 718214
1410 1.06317e+07 619425
1423.12 8.97169e+06 535982
1430 1.13035e+07 826200
1440 1.1186e+07 773168
1450 1.09459e+07 585361
1460.25 6.54613e+06 527837
1470 1.41227e+07 1.35668e+06
1481.25 7.67544e+06 690781
1490.12 1.44493e+07 793326
1500.12 1.1525e+07 890304
1510.25 9.99591e+06 772390
1521 5.81636e+06 532112
1532.88 1.3956e+07 542631
1540 1.14519e+07 811227
1550.38 1.15539e+07 795442
1560 1.01278e+07 480846
1570.75 6.96344e+06 385333
1580.62 1.49058e+07 813363
1593.25 9.1314e+06 475097
1600.12 1.14828e+07 450499
1610.38 9.08146e+06 616473
1620.12 1.1713e+07 943198
1630.25 7.66102e+06 385435
1643.12 1.32314e+07 729870
1650.12 1.10984e+07 792252
1660.25 9.67751e+06 613122
1670.12 1.0845e+07 468779
1680.38 1.13622e+07 607454
1690.25 1.17105e+07 816429
1700.25 1.19526e+07 524282
1713 9.62702e+06 489787
1720.25 1.24998e+07 714496
1732 1.19969e+07 621638
1740 1.12757e+07 444141
1750.75 7.96499e+06 888867
1760 1.35322e+07 1.12532e+06
1770.25 9.48792e+06 456485
1781 1.18898e+07 585588
1790.12 1.52458e+07 628120
1802.12 9.728e+06 448060
1810.38 1.23277e+07 227057
1820.25 9.0974e+06 893157
1830 1.26708e+07 888478
1841 7.24886e+06 459382
1850 1.34364e+07 681120
1860.38 1.12849e+07 937465
1870 1.13725e+07 1.01772e+06
1880 1.08347e+07 706113
1890.25 8.88101e+06 554949
1900.12 1.45565e+07 730302
1912 7.02836e+06 413669
1920 1.22607e+07 434699
1930 1.07399e+07 270395
1940 1.044e+07 592956
1950 1.19155e+07 883725
1961.25 7.09224e+06 583970
1970.25 1.4438e+07 1.42978e+06
1982.12 8.39364e+06 829044
1990.25 1.31943e+07 942818
2000 1.10953e+07 755336
2010.25 1.21958e+07 1.03234e+06
2020.38 1.06997e+07 603265
2031.25 8.87483e+06 738091
2040 1.322e+07 1.03567e+06
2053.12 7.87122e+06 547006
2060.12 1.16672e+07 596828
2070.25 7.77643e+06 628317
2080 1.32808e+07 1.29525e+06
2091.12 7.39312e+06 755164
2102.62 1.30304e+07 1.00719e+06
2110.12 1.24349e+07 955829
2122.75 9.08091e+06 685955
2130.25 1.25657e+07 729025
2140.12 9.2159e+06 595862
2150.12 1.07924e+07 932823
2161 7.90213e+06 497003
2170 1.44575e+07 586723
2180 1.05698e+07 739596
2190.12 1.15302e+07 944652
2200.12 1.14313e+07 594947
2210.88 7.50234e+06 530332
2220.38 1.33416e+07 833327
2232 7.55901e+06 533801
2240.75 1.32612e+07 683375
2250 1.22906e+07 645803
2262.12 1.0779e+07 471430
2270.12 1.07502e+07 352145
2280 1.09274e+07 822053
2290.25 9.54768e+06 649369
2300.12 1.06368e+07 787513
2310 1.04647e+07 940892
2320.38 1.14993e+07 1.07402e+06
2330.38 7.28674e+06 866351
2341.5 1.30874e+07 850458
2350.12 1.19702e+07 863323
2360 1.06626e+07 728226
2370.12 1.00485e+07 360658
2380.5 6.86864e+06 454295
2390 1.5829e+07 1.11838e+06
2400.5 9.084e+06 567465
2412.25 1.2947e+07 497467
2420 1.22216e+07 623273
2430 1.11716e+07 535660
2440.25 1.10531e+07 612328
2450 1.12579e+07 838356
2460 1.20549e+07 850305
2470.5 7.21898e+06 895833
2483.12 1.49851e+07 781064
2490.12 1.23256e+07 840343
2500.12 1.04905e+07 639985
2510.12 1.08584e+07 413427
2520.25 8.04948e+06 554344
2530 1.20876e+07 1.02159e+06
2540.38 8.13294e+06 621709
2550.12 1.63895e+07 943660
2560.25 1.18156e+07 929576
2570.12 9.61981e+06 653244
2580.25 1.18723e+07 431611
2591 7.20352e+06 467394
2600 1.38104e+07 1.17188e+06
2613.25 9.67545e+06 778359
2620 1.1797e+07 606844
2631 7.65357e+06 602126
2640 1.50307e+07 1.20985e+06
2652 9.37148e+06 583395
2660.25 1.29562e+07 498830
2670 1.08151e+07 617859
2680 1.17156e+07 725918
2690.12 1.07025e+07 640440
2702.38 1.01559e+07 828233
2710 1.27337e+07 1.00144e+06
2723.25 1.02391e+07 731711
2730 1.24143e+07 472055
2740 1.23761e+07 754933
2750.25 1.25647e+07 768874
2760.38 7.66181e+06 430340
2771 1.12038e+07 605026
2780.25 1.46255e+07 653640
2791.62 8.48946e+06 422503
2800.25 1.36188e+07 509081
2810.62 8.42715e+06 624810
2820.25 1.28825e+07 985499
2831.62 7.00466e+06 428448
2840 1.34931e+07 639650
2850.12 1.02082e+07 754563
2860 1.16023e+07 841498
2870.38 7.80249e+06 978605
2883.62 1.28282e+07 942513
2890.12 1.08625e+07 894912
2900 1.09645e+07 954576
2910.12 1.15786e+07 677467
2920 1.11355e+07 667523
2930.12 1.15188e+07 682048
2940.5 8.0567e+06 407069
2950 1.43411e+07 901018
2960 1.11335e+07 1.02033e+06
2970 1.14333e+07 1.11703e+06
2980 1.18084e+07 763102
2990.5 8.23908e+06 472872
3000 1.59423e+07 677024
3010.75 8.57474e+06 360780
3020 1.47381e+07 667005
3030 1.1116e+07 644725
3040.12 1.06708e+07 652527
3050 1.16538e+07 368718
3060.75 7.7043e+06 366631
3070.12 1.39537e+07 858698
3080.5 9.10976e+06 528476
3090.62 1.35168e+07 790901
3102.12 7.90626e+06 710846
3110 1.31221e+07 1.03467e+06
3120.5 8.62548e+06 739997
3130.38 1.28027e+07 973931
3141 6.91707e+06 376621
3151.38 1.23071e+07 716181
3160.25 1.34282e+07 587952
3172.5 9.80734e+06 559189
3180.38 1.3421e+07 819671
3190.12 1.19784e+07 1.12968e+06
3200.25 1.11809e+07 1.04084e+06
3210.62 9.22311e+06 500411
3221 1.00948e+07 693541
3230.25 1.44225e+07 796665
3241.5 7.52604e+06 361631
3250.5 1.41958e+07 543034
3260 1.13519e+07 912651
3270.12 1.12211e+07 886371
3280.38 7.70224e+06 552644
3292 1.20979e+07 561474
3300.12 1.30603e+07 928928
3312.25 8.82022e+06 562604
3320.12 1.34838e+07 647683
3330.62 7.68114e+06 375325
3340.12 1.35028e+07 726637
3351.12 7.4807e+06 375436
3362.5 1.39238e+07 408456
3370.12 1.27203e+07 858754
3380.12 9.46422e+06 576867
3390.25 1.04987e+07 509658
3400.62 8.14198e+06 433401
3410 1.41569e+07 1.12931e+06
3420.62 6.76354e+06 320800
3430.12 1.50572e+07 811994
3440.12 9.26638e+06 624537
3450.12 1.16147e+07 642002
3460.12 1.14292e+07 483787
3472 9.01576e+06 596165
3480 1.41445e+07 1.01507e+06
3493.38 1.04606e+07 791934
3500.25 1.17888e+07 673772
3510 1.11355e+07 807920
3520.12 1.00237e+07 711105
3530.38 9.75406e+06 522639
3542.25 8.65402e+06 273928
3550 1.23339e+07 870491
3562.88 1.11788e+07 524417
3570.5 1.31283e+07 551221
3580 1.16291e+07 924223
3590.12 1.13468e+07 863666
3601.12 6.52552e+06 445120
3612.12 1.33426e+07 589024
3620 1.32788e+07 1.04006e+06
3632.12 1.116e+07 867061
3640.25 1.28926e+07 917581
3650.25 1.03504e+07 652322
3660 1.12396e+07 751354
3670.12 1.10181e+07 594039
3681 8.55644e+06 719569
3690.12 1.55024e+07 1.19015e+06
3701.88 9.72079e+06 650224
3712.62 1.41412e+07 647016
3720.12 1.18166e+07 425993
3730 1.12726e+07 438788
3740.12 1.13756e+07 419070
3750.62 6.34314e+06 560653
3760 1.37682e+07 1.10581e+06
3772.12 8.86762e+06 681624
3780.25 1.40784e+07 710110
3790 1.11912e+07 1.1082e+06
3800.12 1.13962e+07 1.00224e+06
3810.38 6.787e+06 838117
3821.25 1.27411e+07 809331
3830 1.45462e+07 862539
3840.88 9.31790e+06 510063
3853 1.53128e+07 474200
3860.12 1.23885e+07 507782
3871.38 1.14313e+07 416151
3880.12 1.22989e+07 368339
3890.25 1.17167e+07 308676
3900 1.16786e+07 465348
3910 1.12241e+07 389365
3920.75 6.90265e+06 382812
3930.38 1.35054e+07 539605
3941 7.76406e+06 314241
3950 1.47708e+07 392011
3962.38 9.50804e+06 766300
3970.12 1.38594e+07 1.0594e+06
3980 1.12891e+07 808636
3990.12 1.13612e+07 793282
4000.12 9.52556e+06 776812
4010.62 9.16486e+06 1.01269e+06
4020.25 1.34663e+07 573500
4031 7.22516e+06 388386
4040.25 1.34622e+07 395846
4050 1.1828e+07 423577
4060 1.05163e+07 311487
4070.5 5.42608e+06 296260
4080.25 1.06172e+07 365184
4090.25 1.50768e+07 583334
4100.88 7.67854e+06 392570
4113.12 1.4644e+07 779783
4120 1.17806e+07 669613
4132.88 1.08305e+07 574408
4140.12 1.17661e+07 421473
4150 1.16394e+07 327887
4160.25 1.12736e+07 353239
4170.12 7.14273e+06 182773
4182 1.18331e+07 400583
4190 1.40279e+07 785066
4203.62 9.83826e+06 518354
4210 1.07481e+07 325611
4220.62 7.43948e+06 707816
4230.12 1.44555e+07 1.51522e+06
4241.12 8.39054e+06 665285
4253 1.48355e+07 669466
4260.12 1.23393e+07 376441
4270.38 1.13334e+07 609824
4280.38 1.05781e+07 446347
4290.25 8.39624e+06 557026
4300.25 1.31226e+07 562687
4310.5 1.02607e+07 422048
4322 1.07986e+07 691942
4330 1.48182e+07 871246
4343.38 9.88232e+06 611195
4350 1.25474e+07 477789
4360.5 1.20258e+07 756203
4370 1.2574e+07 830073
4380.38 1.11098e+07 514993
4392 7.54768e+06 474892
4400.12 1.30119e+07 915027
4412.25 1.06852e+07 655079
4420.12 1.10397e+07 355569
4430.12 1.08563e+07 629891
4440 1.11283e+07 739841
4450.88 7.74424e+06 483168
4464 1.34642e+07 946647
4470.12 1.02568e+07 1.04645e+06
4480.25 1.03844e+07 933976
4490.62 1.08491e+07 723340
4500.62 8.22877e+06 512636
4510.12 1.31428e+07 764090
4520.5 9.08194e+06 674141
4530 1.29109e+07 366827
4540 1.06894e+07 536117
4550.25 1.07182e+07 921013
4560.5 9.6649e+06 569750
4570.25 1.15325e+07 885398
4580.38 1.26028e+07 749578
4590.12 1.17445e+07 536813
4601.5 9.0737e+06 534085
4610.12 1.31201e+07 456561
4620.38 9.27050e+06 514158
4631 1.07162e+07 373440
4640 1.21917e+07 700385
4650.25 1.18383e+07 892691
4660.12 1.09119e+07 672899
4670.38 8.48946e+06 515166
4680.25 1.33117e+07 904774
4692 8.47092e+06 415778
4700.25 1.37672e+07 634590
4710.12 1.19228e+07 841533
4720 1.05173e+07 668207
4730.12 1.15374e+07 466103
4740.5 8.71821e+06 531281
4750 1.37476e+07 1.12283e+06
4760.62 8.8501e+06 623490
4773.25 1.35312e+07 583670
4780.38 1.08295e+07 608692
4790.38 1.09604e+07 604505
4800 9.66309e+06 432453
4812.12 8.28029e+06 362982
4820 1.18877e+07 856317
4830.25 8.93872e+06 802069
4840.62 1.1591e+07 764366
4850.12 1.08645e+07 827609
4860.5 1.00742e+07 652316
4870.12 1.06667e+07 629574
4882.12 9.02527e+06 640734
4890.25 1.20196e+07 989668
4904.25 1.10943e+07 798677
4910 1.19021e+07 559025
4920 1.17476e+07 917663
4930 1.22989e+07 945466
4940 1.09161e+07 641323
4951 7.10873e+06 366182
4960.12 1.42772e+07 762786
4971.62 8.33799e+06 371610
4980.25 1.3218e+07 456550
4990.12 1.15724e+07 390040
5000.38 1.17692e+07 273574
5010.12 1.14745e+07 270554
5020.62 8.62856e+06 576383
5030.25 1.44277e+07 825401
5042.25 8.47092e+06 432447
5050.5 1.44194e+07 795701
5060 1.20134e+07 841725
5070.25 1.17919e+07 794940
5080.12 1.18939e+07 483287
5090.5 9.64872e+06 485075
5100.38 1.05036e+07 761769
5111.62 7.72824e+06 433422
5120.12 1.22906e+07 829346
5130.12 1.08604e+07 1.10762e+06
5140.12 9.34572e+06 1.02647e+06
5150.75 6.75093e+06 609047
5163 1.28771e+07 699900
5170.25 1.13148e+07 796529
5181.75 1.07831e+07 693357
5190 1.17311e+07 529965
5200 9.99797e+06 691620
5210 1.13622e+07 851378
5220.88 7.04872e+06 354189
5233.5 1.34779e+07 456527
5240 1.17095e+07 844187
5250 1.10232e+07 679179
5260 1.06791e+07 572526
5272.75 9.39003e+06 985991
5280 1.11376e+07 1.19276e+06
5290.12 1.11067e+07 1.11007e+06
5300.38 1.07852e+07 669205
5310.25 7.19116e+06 548731
5320.5 1.41113e+07 1.20705e+06
5330.62 6.40393e+06 509915
5340.12 1.42381e+07 829403
5350 1.03689e+07 605117
5360.12 1.07429e+07 587024
5370 1.12612e+07 475718
5381.12 9.08606e+06 699572
5390.12 1.45997e+07 1.1076e+06
5404.12 9.48586e+06 642609
5410.5 1.10078e+07 482915
5420.12 1.01834e+07 548104
5430.12 9.98972e+06 553881
5440.25 1.13612e+07 495702
5450.38 7.53222e+06 328236
5460 1.39815e+07 543183
5472.38 8.65536e+06 448093
5480.25 1.33952e+07 728657
5490.25 1.09346e+07 923804
5500.25 1.16909e+07 913114
5510 1.05121e+07 662949
5520.25 9.07473e+06 341252
5530.12 1.40371e+07 935702
5541 6.46164e+06 308416
5550.12 1.45503e+07 689901
5560.12 1.11695e+07 1.14955e+06
5570.12 9.7651e+06 944761
5580.25 8.77591e+06 622858
5592 1.01773e+07 457904
5600 1.31139e+07 624836
5612.38 8.9529e+06 480955
5620.12 1.3481e+07 563004
5630.88 8.03196e+06 518442
5640.12 1.25018e+07 1.07105e+06
5650.75 1.01508e+07 1.58464e+06
5663.25 9.7651e+06 1.87868e+06
5670 1.13251e+07 2.15847e+06
5680.38 1.07687e+07 2.07278e+06
5690 1.14663e+07 1.84748e+06
5700.38 9.35294e+06 1.05351e+06
5710.25 1.48192e+07 2.319e+06
5720.5 7.52913e+06 1.05462e+06
5730.25 1.32643e+07 1.22684e+06
5740.12 1.06657e+07 1.04447e+06
5750 1.08037e+07 1.12048e+06
5760.5 7.56725e+06 599222
5770.38 9.56108e+06 604104
5780 1.54972e+07 912519
5790.38 8.24732e+06 466144
5800.12 1.40567e+07 991221
5810.62 8.02578e+06 725367
5820.38 1.55642e+07 1.4398e+06
5831.62 7.97117e+06 890528
5840.25 1.44194e+07 1.10289e+06
5850.12 1.10459e+07 1.09656e+06
5860.12 1.25214e+07 1.01704e+06
5870 1.11056e+07 1.03029e+06
5880.12 1.16559e+07 1.31523e+06
5890.5 8.90471e+06 1.11331e+06
5903 1.37548e+07 1.01501e+06
5910 1.33148e+07 1.3199e+06
5922.88 1.20021e+07 1.04081e+06
5930.12 1.23195e+07 728817
5940.25 1.08862e+07 518071
5950.12 9.96396e+06 521847
5960 1.03988e+07 440093
5972.12 9.39106e+06 540732
5980 1.2303e+07 959130
5993.12 9.7517e+06 744870
6000.38 1.07038e+07 562181
6010 1.08759e+07 848110
6020.38 1.19928e+07 935011
6030.12 8.55389e+06 770656
6040.12 1.22571e+07 709946
6050.25 1.03772e+07 698714
6060.12 9.99385e+06 673378
6070.88 7.5258e+06 569049
6080.12 1.39756e+07 1.16325e+06
6090 1.14632e+07 1.42981e+06
6100 1.16816e+07 1.2625e+06
6111 8.68833e+06 1.16113e+06
6120 1.16703e+07 1.28087e+06
6133.12 6.58838e+06 645706
6140 1.18651e+07 743988
6150 1.11015e+07 649122
6160 1.17466e+07 704477
6170.38 1.19331e+07 660696
6181.88 6.7316e+06 355811
6190.5 1.23648e+07 670072
6202.62 8.9109e+06 344372
6210.12 1.2845e+07 393588
6220.12 1.09058e+07 378310
6230.25 1.15312e+07 261004
6240.12 1.19001e+07 420287
6251.12 6.93768e+06 341288
6260.25 1.44885e+07 835158
6273.62 1.0204e+07 673925
6280.12 1.18568e+07 720498
6290 1.14076e+07 610510
6300 1.11819e+07 894918
6310 1.05719e+07 740179
6320.38 7.35499e+06 482007
6330 1.33365e+07 929041
6340.62 7.63114e+06 414584
6350.38 1.53097e+07 515656
6360 1.19722e+07 614887
6370.12 1.1966e+07 667887
6380.12 1.16724e+07 448966
6392.25 9.30117e+06 829271
6400.38 1.26278e+07 1.2165e+06
6410 9.52089e+06 928713
6420 1.0542e+07 883883
6430.38 8.72209e+06 904476
6440.12 1.13233e+07 1.182e+06
6450.88 7.1994e+06 679729
6463 1.3116e+07 1.10512e+06
6470.25 1.17527e+07 837483
6480 1.22288e+07 822711
6490 1.07399e+07 592252
6500 1.04006e+07 642574
6510.12 1.09225e+07 711567
6521.12 5.9351e+06 309292
6530.62 1.56806e+07 851237
6540 1.15652e+07 943280
6550.12 1.01834e+07 888974
6560.75 6.19428e+06 619929
6570.5 1.11443e+07 913853
6580 1.48759e+07 1.38357e+06
6590 1.09578e+07 1.1491e+06
6603.38 1.29001e+07 981718
6610.12 1.09377e+07 1.11123e+06
6620 1.00557e+07 882781
6630.12 1.06852e+07 674611
6640.5 8.17931e+06 496047
6650.25 1.39413e+07 877774
6660.62 6.92841e+06 616635
6674 1.45843e+07 837175
6680 9.90214e+06 568472
6690 1.14663e+07 594886
6700 1.02113e+07 411500
6711.25 7.56725e+06 324205
6720 1.46368e+07 923723
6733 1.03875e+07 533887
6740 1.21257e+07 459866
6750 1.09717e+07 401959
6760.12 1.17445e+07 906770
6770.5 7.17467e+06 692136
6782.12 1.19866e+07 961606
6790 1.35395e+07 1.31083e+06
6803.12 9.58375e+06 878311
6810.25 1.12499e+07 817535
6820.12 9.73316e+06 1.08383e+06
6830 1.14931e+07 1.38905e+06
6840.62 7.30038e+06 590377
6850 1.37785e+07 1.46235e+06
6860.88 8.22774e+06 715293
6870 1.38578e+07 793002
6880.12 1.0305e+07 612377
6890.12 1.14714e+07 713336
6900.25 6.43794e+06 382793
6910.12 1.42587e+07 755403
6920.12 1.17301e+07 981580
6930 1.13406e+07 826956
6940.12 1.06008e+07 494411
6950.38 8.68215e+06 369797
6960 1.41515e+07 765299
6971.25 7.40548e+06 515503
6980 1.50912e+07 766591
6990.62 8.44412e+06 824352
7000.12 1.40959e+07 1.17459e+06
7010 1.06533e+07 932903
7020 1.06677e+07 770343
7030.75 7.46112e+06 701864
7040.25 1.27306e+07 602260
7050.12 1.0677e+07 713150
7060.25 1.03081e+07 627175
7070 1.16868e+07 446722
7080.25 8.83362e+06 488368
7090.38 1.29315e+07 776914
7100.88 6.59947e+06 420945
7110 1.49503e+07 697734
7120 1.20299e+07 999998
7130 1.14663e+07 881749
7140 1.18939e+07 567724
7150.5 7.68575e+06 396766
7160.25 1.38218e+07 957492
7170.38 9.87408e+06 583588
7180.12 1.45701e+07 960067
7190.38 1.06214e+07 915580
7200.12 1.10613e+07 789903
7210 1.15364e+07 581343
7220.38 9.42688e+06 531602
7230.12 1.33553e+07 936135
7240 1.17172e+07 383408
7250.12 1.24127e+07 699525
7260.5 9.86917e+06 787178
7270 1.41247e+07 1.03537e+06
7280 1.13705e+07 848273
7290.12 1.11912e+07 889551
7300 1.07378e+07 447651
7310.25 8.59868e+06 263824
7320.25 1.38888e+07 378212
7330.12 1.22195e+07 375504
7341.38 8.86556e+06 296609
7350.12 1.26585e+07 352161
7363 9.72697e+06 179733
7370.25 1.27862e+07 263127
7380.25 1.19887e+07 274191
7391.25 1.16415e+07 312436
7400 1.22463e+07 326495
7410 1.18455e+07 1.04154e+06
7420.25 1.20742e+07 933984
7430.12 1.05647e+07 804946
7440 9.93099e+06 638362
7451.62 8.36788e+06 504080
7460 1.4643e+07 832272
7470 9.98457e+06 538108
7480.38 1.04112e+07 530829
7490 1.00443e+07 588101
7500.12 1.16672e+07 814028
7510.5 7.67133e+06 507637
7523.12 1.48151e+07 998538
7530 1.14416e+07 963221
7540 1.08903e+07 861371
7550.12 9.18395e+06 392815
7563.12 9.96808e+06 393596
7570 1.21711e+07 882171
7580 1.15559e+07 817313
7590 9.95881e+06 515007
7600.25 8.83543e+06 592200
7610 1.2939e+07 450182
7620.12 1.09779e+07 392156
7630 1.15631e+07 961540
7642.12 8.42867e+06 683303
7653.12 1.33097e+07 1.10891e+06
7660 1.20969e+07 730751
7670.12 1.10809e+07 873227
7680.25 1.17837e+07 1.08607e+06
7690.25 8.82022e+06 424977
7700.12 1.22597e+07 1.26367e+06
7710.5 6.62341e+06 320258
7720 1.36858e+07 639096
7730 9.89081e+06 604046
7740 1.22576e+07 788631
7750.25 1.22216e+07 414359
7760.5 8.34933e+06 276771
7770 1.39362e+07 601764
7780.88 7.54228e+06 339015
7790 1.49987e+07 879839
7800.12 1.12818e+07 901697
7810.12 1.0746e+07 833583
7820 1.09284e+07 523653
7831.38 8.28750e+06 501732
7840 1.36683e+07 1.05212e+06
7853.38 1.00752e+07 690220
7860 1.26677e+07 479108
7870.38 1.19959e+07 349714
7880.12 1.13406e+07 352366
7890 1.16662e+07 306999
7900.75 9.67006e+06 590883
7910.12 1.4803e+07 958450
7921 7.09842e+06 382306
7933.38 1.36641e+07 458093
7940 1.18393e+07 475435
7950 1.19722e+07 625384
7960.12 1.19052e+07 554715
7970.25 1.07584e+07 1.03511e+06
7980 1.15765e+07 926973
7990 1.21227e+07 869729
8000.25 1.20072e+07 1.15928e+06
8010.62 8.36248e+06 651143
8022 1.28153e+07 715360
8030.12 1.25626e+07 851325
8043.62 9.93305e+06 559223
8050 1.04957e+07 475649
8061.25 7.47046e+06 438220
8070 1.46326e+07 1.10491e+06
8081.75 8.94181e+06 570745
8092.62 1.47028e+07 690246
8100 1.14024e+07 969598
8110.25 1.12499e+07 928853
8120.12 1.17806e+07 697409
8130.38 1.0169e+07 970144
8140.12 1.36796e+07 1.14251e+06
8150.38 1.25956e+07 674135
8163.5 8.77488e+06 582092
8170 1.07419e+07 853744
8180 1.16971e+07 798919
8190 1.25224e+07 659001
8200.12 1.14127e+07 1.05747e+06
8210 1.30335e+07 1.31257e+06
8220.5 8.83362e+06 706253
8231 1.12674e+07 668061
8240 1.37249e+07 743429
8251.88 8.40806e+06 381660
8260.12 1.33344e+07 525910
8270 1.1695e+07 855743
8280 1.20742e+07 881822
8290.5 8.69966e+06 837328
8303 1.43463e+07 1.19268e+06
8310.12 1.16734e+07 1.00904e+06
8320 1.02854e+07 781535
8330 1.0203e+07 459560
8341 6.47194e+06 349226
8350 1.26275e+07 955142
8363.75 9.13552e+06 660731
8370.12 1.32983e+07 535058
8380 1.22411e+07 815343
8390 1.02216e+07 678806
8400.5 9.04588e+06 762896
8412.12 1.2136e+07 453792
8420 1.45997e+07 814730
8432.75 1.00845e+07 535257
8440 1.28676e+07 628629
8450 1.18249e+07 920853
8460.25 1.2235e+07 1.01998e+06
8470.5 8.12367e+06 500409
8483.38 1.36889e+07 628640
8490.12 1.21453e+07 713342
8500.12 9.94542e+06 765699
8510 1.01031e+07 426757
8520.62 7.05902e+06 441138
8530.38 1.28091e+07 807744
8540.38 6.78518e+06 329436
8550.12 1.29882e+07 334135
8560.12 1.03164e+07 287491
8570 1.20886e+07 563048
8580 1.16312e+07 482179
8590.25 8.69966e+06 362756
8600 1.34684e+07 488849
8610.62 7.26123e+06 490277
8622.62 1.56497e+07 663720
8630 1.18465e+07 581942
8640.25 1.27017e+07 562407
8650 1.15199e+07 219613
8660 1.17764e+07 138450
8670 1.29171e+07 240249
8680.25 1.23298e+07 84790.8
8690.38 9.1237e+06 252877
8700 1.42849e+07 152859
8711.25 7.11285e+06 127599
8720.25 1.46131e+07 432392
8730.25 1.04895e+07 922022
8740 1.08233e+07 1.00006e+06
8750.12 1.21855e+07 684645
8761 7.53737e+06 317035
8770.12 1.56095e+07 989793
8781.38 8.65202e+06 500580
8790 1.45598e+07 560483
8800.12 1.07831e+07 730333
8810 1.06883e+07 712036
8820.12 1.12715e+07 547857
8830.38 1.02388e+07 377375
8840.12 1.24938e+07 895349
8850.12 8.80992e+06 457511
8863.25 1.39887e+07 876426
8870 1.06729e+07 781532
8880 1.1591e+07 910403
8890 1.04441e+07 693103
8901 7.38693e+06 569789
8910 1.41185e+07 1.27467e+06
8922 9.53841e+06 886431
8930.25 1.28336e+07 800020
8940 1.11778e+07 999343
8950 1.25997e+07 1.14323e+06
8960 1.24987e+07 1.00601e+06
8970.75 7.94541e+06 592239
8980 1.5761e+07 1.42988e+06
8992.88 9.23547e+06 687592
9000.12 1.40691e+07 793123
9010 1.27244e+07 901505
9020.25 1.09501e+07 802347
9030.12 1.04318e+07 493472
9040.25 7.14067e+06 569967
9050.25 1.49995e+07 999224
9060.62 7.74654e+06 560158
9073 1.4574e+07 657092
9080.25 1.24194e+07 956232
9090 1.20907e+07 1.00947e+06
9100 1.11427e+07 679865
9110.5 8.99745e+06 705843
9120.12 1.45482e+07 1.25299e+06
9131.38 7.39209e+06 547046
9140.12 1.34333e+07 484079
9150 1.13385e+07 823025
9161 1.11098e+07 741702
9170.38 1.0372e+07 426595
9182.12 8.7924e+06 616725
9190.12 1.26616e+07 941596
9203.88 1.14364e+07 762436
9210 1.13313e+07 451374
9220 1.1458e+07 889523
9230.12 1.21865e+07 983417
9240 1.27337e+07 740669
9250.5 9.52374e+06 614508
9260 1.50183e+07 766865
9270.25 9.88772e+06 453589
9280.75 1.49841e+07 897692
9290.12 1.26523e+07 994589
9300.25 1.23133e+07 909296
9310 1.27162e+07 452762
9320 1.24895e+07 432460
9330 1.27481e+07 387365
9340 1.27399e+07 343836
9350.5 1.04432e+07 956977
9360.12 1.41752e+07 858359
9370.25 8.25041e+06 428714
9380 1.5523e+07 703012
9390.25 1.09923e+07 873096
9400.12 1.05523e+07 923215
9410.38 1.00526e+07 711883
9420.38 1.14496e+07 641638
9430.38 1.37437e+07 1.07889e+06
9441 7.26432e+06 523268
9452.5 1.33674e+07 931502
9460.12 1.21907e+07 847494
9474 1.14333e+07 806326
9480 1.08831e+07 649318
9492.5 1.11458e+07 1.05514e+06
9500 1.12726e+07 1.00981e+06
9512.38 1.13908e+07 1.28556e+06
9520 1.15139e+07 982256
9530.5 9.62781e+06 753273
9540 1.30956e+07 1.51652e+06
9550.12 9.02836e+06 692480
9562 1.32458e+07 862776
9570.12 1.46173e+07 1.01818e+06
9582 9.41579e+06 565465
9590.12 1.35085e+07 425813
9600 1.19774e+07 666315
9610 1.21896e+07 577500
9620.25 9.89802e+06 900284
9631 7.78364e+06 873178
9640 1.41e+07 542260
9654.25 9.80425e+06 643247
9660.12 1.06028e+07 755354
9670.5 9.52502e+06 657710
9680 1.3423e+07 1.45081e+06
9690.12 8.96345e+06 730408
9702.5 1.18228e+07 590103
9710 1.24153e+07 619277
9723 1.05894e+07 557483
9730 1.04225e+07 382868
9742.12 7.26638e+06 545721
9750 1.30923e+07 1.07493e+06
9760.12 1.13076e+07 853851
9770.12 1.16971e+07 606157
9780 1.24328e+07 1.16344e+06
9790.25 1.11252e+07 969395
9800.38 8.39545e+06 826682
9811 1.18972e+07 652844
9820 1.40732e+07 1.183e+06
9832 9.4364e+06 811234
9840.38 1.40784e+07 718348
9850 1.1559e+07 1.2002e+06
9860 1.15291e+07 1.10948e+06
9870.12 8.44516e+06 500829
9882 9.62805e+06 511796
9890.12 1.25523e+07 558169
9903 9.1077e+06 401571
9910.12 1.12592e+07 309722
9920.25 9.79370e+06 764141
9930.12 1.17293e+07 515279
9940.38 6.779e+06 405268
9952.38 1.40052e+07 492314
9960.12 1.37507e+07 794184
9971.38 9.87844e+06 610863
9980.12 1.50984e+07 621522
9990.12 1.16796e+07 508902
10000.1 1.06327e+07 417549
10010.2 1.26286e+07 226542
10020 1.17239e+07 586735
10030.1 1.00783e+07 535642
10040.2 1.00546e+07 964856
10052.5 8.76149e+06 728271
10060 1.03978e+07 297852
10070.1 1.13571e+07 303823
10080 1.04586e+07 315712
10090.4 8.27411e+06 610000
10100.4 1.55467e+07 1.3017e+06
10111 8.24010e+06 532119
10120 1.44297e+07 596161
10130.2 1.10655e+07 768247
10140.2 1.06832e+07 717320
10150.1 7.94105e+06 673304
10162.6 1.13274e+07 534687
10170.1 1.22041e+07 1.07365e+06
10183.2 1.07512e+07 859976
10190 1.27162e+07 617493
10200 1.16342e+07 769152
10210 1.14282e+07 748767
10220.4 7.82976e+06 596611
10232.2 1.29101e+07 755847
10240 1.20979e+07 1.18235e+06
10250.4 1.01762e+07 896212
10260.1 1.11778e+07 713250
10270.1 1.13262e+07 637530
10280 1.14529e+07 635398
10290.2 1.16827e+07 582929
10300.1 1.13323e+07 854860
10310.1 1.0474e+07 756780
10320.4 1.08357e+07 1.03778e+06
10330 1.09191e+07 904825
10340.9 9.39312e+06 673537
10350.1 1.3591e+07 1.1953e+06
10362.9 8.53686e+06 631747
10370.1 1.07646e+07 518701
10380.6 8.02863e+06 813465
10390 1.46999e+07 1.59436e+06
10401.1 8.44412e+06 889928
10410.2 1.47481e+07 1.08761e+06
10420 1.08913e+07 916501
10430.1 1.22906e+07 957358
10440 1.01072e+07 632193
10453.8 8.74294e+06 563266
10460.2 1.01268e+07 918689
10470 1.04668e+07 854525
10480.1 1.1693e+07 684656
10491 8.30708e+06 646152
10500.1 1.54096e+07 1.23536e+06
10512.1 9.71049e+06 742072
10520 1.29995e+07 563305
10530 1.25647e+07 531214
10543.1 1.12849e+07 421223
10550 1.14694e+07 358739
10561 7.33850e+06 414067
10570 1.53797e+07 763178
10581.9 9.60745e+06 379271
10590.2 1.42102e+07 381931
10600.2 1.19629e+07 1.04044e+06
10610.1 1.04318e+07 777490
10620 1.15096e+07 550785
10630.5 8.6059e+06 431190
10640.2 1.4372e+07 986868
10650.8 8.18962e+06 563006
10660.5 1.47533e+07 885754
10670 1.1187e+07 799709
10680 1.07986e+07 735991
10690.1 1.01247e+07 426167
10700.6 9.06443e+06 669284
10710.1 1.40206e+07 1.09465e+06
10720.9 6.74166e+06 474210
10730.2 1.30276e+07 774105
10740 1.149e+07 1.06977e+06
10750.1 1.16621e+07 1.08355e+06
10760.5 7.41682e+06 786308
10771 1.19258e+07 656398
10780 1.53025e+07 949702
10792.1 9.24681e+06 594107
