# TimeStamp(s) Latency-avg(ms) Stdev
0 64.052 81.42
10 77.163 89.734
20 69.616 86.572
30 85.738 104.607
40 69.366 88.347
50 70.316 85.712
60 96.099 99.346
70 77.544 84.196
80 73.342 81.721
90 79.688 88.689
100 69.221 85.532
110 56.016 76.277
120 60.667 81.556
130 54.578 71.903
140 68.957 80.421
150 86.235 92.64
160 78.904 91.9
170 96.011 96.88
180 54.329 65.365
190 53.337 68.615
200 83.982 88.872
210 53.001 72.26
220 67.479 78.704
230 92.699 98.414
240 69.868 82.449
250 73.873 87.685
260 69.265 81.133
270 54.432 69.705
280 72.58 89.738
290 68.783 75.522
300 144.422 139.331
310 71.902 84.044
320 89.191 103.688
330 58.791 80.107
340 87.589 97.125
350 69.865 93.205
360 92.717 99.322
370 62.795 77.775
380 58.723 73.52
390 78.328 88.241
400 81.509 96.753
410 106.225 110.024
420 73.033 85.059
430 95.364 107.239
440 79.177 92.86
450 73.344 89.724
460 101.667 105.952
470 60.371 67.376
480 52.392 75.838
490 76.664 92.691
500 76.011 92.518
510 124.062 110.065
520 80.024 87.832
530 84.168 97.088
540 103.694 102.828
550 34.195 31.296
560 71.172 83.448
570 64.465 80.687
580 85.963 96.443
590 88.334 88.085
600 59.825 78.146
610 79.108 98.219
620 42.342 60.281
630 63.632 72.642
640 79.5 87.35
650 99.232 107.102
660 139.396 192.743
670 69.647 84.438
680 108.794 105.057
690 69.367 93.252
700 45.901 56.584
710 87.737 94.041
720 83.908 106.007
730 71.602 92.956
740 64.257 88.026
750 70.501 81.402
760 86.171 94.864
770 61.902 79.922
780 81.244 92.245
790 87.82 99.803
800 78.584 93.219
810 65.218 80.328
820 62.592 78.985
830 55.995 71.555
840 95.114 95.555
850 82.775 93.709
860 73.505 92.713
870 101.452 113.312
880 53.259 73.167
890 67.38 84.015
900 77.946 94.362
910 68.187 88.57
920 70.571 93.837
930 77.741 90.974
940 81.957 93.066
950 89.148 99.398
960 97.779 101.796
970 47.416 62.488
980 70.525 91.314
990 85.748 98.338
1000 117.168 106.801
1010 102.487 105.114
1020 67.235 77.763
1030 74.312 92.245
1040 96.246 109.055
1050 63.527 83.616
1060 73.864 86.765
1070 68.521 87.743
1080 63.345 77.131
1090 86.947 104.935
1100 57.123 75.304
1110 101.236 106.914
1120 83.194 94.412
1130 77.186 91.709
1140 68.722 86.335
1150 82.166 94.629
1160 67.708 84.747
1170 66.377 77.045
1180 83.696 89.547
1190 78.503 80.847
1200 71.503 88.61
1210 34.984 40.936
1220 60.31 75.53
1230 78.486 98.975
1240 100.664 102.163
1250 95.822 102.925
1260 60.166 75.91
1270 103.58 104.106
1280 77.939 91.946
1290 73.262 85.42
1300 92.278 103.37
1310 108.513 112.974
1320 91.197 100.719
1330 69.716 85.672
1340 70.467 65.575
1350 80.725 86.897
1360 61.321 70.576
1370 83.19 93.076
1380 46.138 53.797
1390 46.877 58.313
1400 93.672 106.962
1410 104.991 108.418
1420 67.76 79.204
1430 86.827 99.716
1440 66.605 82.256
1450 56.263 78.153
1460 77.38 91.527
1470 66.216 71.178
1480 84.057 94.594
1490 79.224 96.315
1500 53.542 65.518
1510 72.752 81.036
1520 78.397 87.677
1530 94.083 98.724
1540 63.579 76.73
1550 90.972 97.252
1560 84.979 90.773
1570 57.491 63.827
1580 64.331 75.481
1590 65.492 80.963
1600 92.329 92.387
1610 63.002 77.683
1620 69.165 81.597
1630 83.188 90.155
1640 49.732 62.991
1650 49.53 62.06
1660 84.984 86.188
1670 90.871 102.085
1680 58.146 76.075
1690 83.188 94.686
1700 89.303 99.389
1710 89.338 105.793
1720 73.649 89.05
1730 52.458 69.417
1740 46.82 57.021
1750 45.147 60.151
1760 56.622 77.002
1770 77.877 92.857
1780 73.145 89.721
1790 61.781 72.804
1800 64.757 82.811
1810 67.162 83.812
1820 61.795 68.024
1830 74.07 86.134
1840 75.132 84.735
1850 80.428 94.689
1860 52.125 68.719
1870 78.462 86.337
1880 67.921 92.237
1890 66.236 84.693
1900 85.184 91.373
1910 75.133 88.7
1920 60.778 74.016
1930 83.449 89.6
1940 55.224 76.074
1950 80.388 103.482
1960 69.355 89.589
1970 85.89 104.244
1980 80.926 87.452
1990 73.165 87.864
2000 55.144 68.109
2010 63.976 77.373
2020 90.399 106.446
2030 81.125 93.656
2040 93.549 104.33
2050 96.692 103.994
2060 71.91 92.64
2070 62.449 82.48
2080 84.232 96.196
2090 80.07 86.837
2100 67.324 93.991
2110 64.566 84.151
2120 90.226 106.009
2130 68.302 86.204
2140 73.182 86.223
2150 80.116 86.102
2160 41.311 62.109
2170 72.131 76.821
2180 111.362 111.73
2190 101.204 111.696
2200 51.561 64.814
2210 74.754 93.385
2220 82.105 85.113
2230 68.444 82.677
2240 55.952 68.14
2250 80.078 88.77
2260 59.412 72.328
2270 91.479 100.825
2280 70.425 86.309
2290 63.223 79.199
2300 88.056 99.75
2310 70.662 92.705
2320 85.273 100.105
2330 75.889 85.674
2340 61.226 68.971
2350 63.427 81.382
2360 78.598 93.922
2370 79.681 89.279
2380 93.949 108.935
2390 41.766 57.105
2400 69.717 88.214
2410 67.979 77.738
2420 58.581 72.229
2430 77.7 95.857
2440 81.186 90.818
2450 74.765 79.935
2460 74.546 81.771
2470 78.381 91.643
2480 68.64 85.222
2490 45.88 60.877
2500 66.445 79.655
2510 53.894 73.402
2520 91.796 105.269
2530 86.632 92.537
2540 47.002 62.285
2550 74.635 89.286
2560 64.441 83.75
2570 60.477 75.772
2580 66.824 85.765
2590 81.247 98.887
2600 72.114 92.952
2610 55.707 76.118
2620 74.964 94.967
2630 71.986 86.208
2640 64.877 82.25
2650 81.504 94.201
2660 68.1 83.544
2670 80.277 96.073
2680 65.339 81.62
2690 79.386 90.428
2700 101.175 105.023
2710 65.979 81.691
2720 88.946 97.762
2730 70.974 80.397
2740 81.639 88.269
2750 67.201 86.069
2760 74.171 94.004
2770 62.448 87.73
2780 62.689 88.883
2790 74.773 101.212
2800 69.824 94.619
2810 79.757 92.947
2820 65.175 85.406
2830 85.39 93.975
2840 75.173 83.05
2850 97.148 101.708
2860 60.189 84.963
2870 62.763 83.902
2880 81.938 93.521
2890 91.377 92.227
2900 71.211 86.793
2910 78.014 91.999
2920 89.963 106.172
2930 82.226 104.587
2940 63.736 87.241
2950 75.004 94.884
2960 87.021 96.837
2970 53.481 70.24
2980 66.435 87.236
2990 68.209 81.161
3000 66.47 80.459
3010 83.63 102.815
3020 73.372 90.068
3030 62.186 72.926
3040 78.968 97.24
3050 76.555 89.251
3060 71.396 90.686
3070 73.65 83.357
3080 78.756 94.573
3090 51.06 71.961
3100 60.201 73.786
3110 63.704 83.278
3120 66.39 79.22
3130 77.56 90.792
3140 92.911 117.971
3150 82.599 92.117
3160 75.761 98.125
3170 98.226 118.802
3180 79.917 91.191
3190 99.698 107.896
3200 54.257 73.839
3210 55.57 76.05
3220 80.34 89.769
3230 71.036 86.357
3240 62.599 86.022
3250 76.895 93.188
3260 65.88 79.708
3270 58.126 75.313
3280 74.03 85.658
3290 82.524 90.966
3300 66.419 85.943
3310 98.242 105.667
3320 83.5 93.622
3330 72.752 92.445
3340 86.157 104.569
3350 77.763 86.315
3360 65.771 82.631
3370 90.179 100.762
3380 70.704 82.179
3390 64.165 77.149
3400 47.618 68.497
3410 89.106 93.887
3420 64.26 85.963
3430 90.732 93.676
3440 67.512 90.664
3450 73.44 84.791
3460 82.347 93.382
3470 55.26 58.057
3480 79.036 91.845
3490 64.701 84.443
3500 42.597 62.151
3510 87.157 102.038
3520 74.407 84.006
3530 74.649 88.148
3540 69.471 79.502
3550 75.655 88.674
3560 95.764 109.621
3570 77.936 91.152
3580 76.638 89.773
3590 81.596 90.328
3600 87.769 96.825
3610 84.667 100.023
3620 58.921 79.255
3630 59.275 69.823
3640 63.998 72.976
3650 74.521 94.079
3660 62.422 85.644
3670 53.63 72.113
3680 67.147 79.789
3690 73.881 91.773
3700 55.826 77.614
3710 53.705 74.52
3720 67.059 87.366
3730 47.412 61.783
3740 84.233 95.577
3750 101.987 104.183
3760 71.248 84.328
3770 53.549 70.254
3780 50.845 62.763
3790 93.234 97.741
3800 118.495 109.935
3810 72.795 78.588
3820 61.905 82.124
3830 76.298 89.052
3840 76.622 91.544
3850 75.455 92.842
3860 80.414 97.512
3870 78.246 91.86
3880 64.524 86.379
3890 78.985 95.225
3900 80.563 89.459
3910 68.843 87.491
3920 100.56 97.455
3930 78.217 99.068
3940 74.83 81.211
3950 64.994 80.626
3960 71.427 87.172
3970 76.482 88.66
3980 72.107 84.809
3990 60.124 80.646
4000 96.484 110.245
4010 63.904 76.925
4020 104.825 110.661
4030 69.008 82.182
4040 42.531 59.601
4050 46.746 59.483
4060 77.217 91.978
4070 57.796 78.56
4080 69.77 74.396
4090 74.762 91.216
4100 41.565 59.542
4110 79.065 110.76
4120 92.013 105.979
4130 71.016 89.431
4140 102.668 99.59
4150 75.129 86.467
4160 70.763 81.881
4170 60.434 76.856
4180 65.097 86.354
4190 98.145 106.605
4200 79.177 90.802
4210 72.153 93.318
4220 95.034 108.581
4230 60.383 65.732
4240 78.33 86.261
4250 56.258 67.635
4260 60.975 76.987
4270 64.566 78.82
4280 61.281 81.883
4290 82.027 99.106
4300 95.059 103.073
4310 74.498 88.833
4320 66.225 74.3
4330 82.254 100.197
4340 58.516 81.091
4350 68.351 86.276
4360 68.258 76.851
4370 63.567 75.887
4380 54.529 72.27
4390 74.626 94.162
4400 68.395 77.984
4410 52.274 68.732
4420 64.131 78.979
4430 77.397 90.737
4440 49.418 62.718
4450 82.574 100.018
4460 61.72 79.318
4470 66.777 84.619
4480 92.451 96.673
4490 84.347 96.856
4500 93.139 107.033
4510 63.644 79.936
4520 59.879 84.845
4530 85.404 95.779
4540 86.266 94.954
4550 87.764 107.572
4560 90.572 96.509
4570 71.152 81.592
4580 81.132 83.921
4590 67.538 80.07
4600 99.961 104.576
4610 50.646 69.2
4620 94.948 107.334
4630 64.506 81.165
4640 92.513 105.464
4650 73.179 87.434
4660 67.533 82.15
4670 91.249 95.765
4680 66.813 77.88
4690 49.252 66.405
4700 83.475 94.695
4710 58.18 69.42
4720 62.334 78.032
4730 96.031 107.056
4740 82.355 93.775
4750 61.93 77.432
4760 63.191 80.047
4770 71.838 73.59
4780 81.813 91.156
4790 96.435 104.865
4800 69.009 85.26
4810 51.5 64.135
4820 91.869 108.638
4830 95.715 98.681
4840 89.171 100.597
4850 86.281 93.018
4860 60.149 70.253
4870 92.822 101.67
4880 72.409 84.995
4890 63.512 83.329
4900 73.573 86.281
4910 73.58 93.014
4920 64.511 88.185
4930 68.764 92.289
4940 66.01 85.893
4950 67.441 84.357
4960 82.52 92.326
4970 68.676 81.173
4980 75.456 93.4
4990 72.405 88.929
5000 73.154 95.732
5010 43.329 55.188
5020 82.165 95.868
5030 85.081 93.283
5040 61.202 81.554
5050 49.029 63.156
5060 67.233 79.569
5070 65.051 84.067
5080 59.463 75.24
5090 81.61 89.747
5100 86.398 96.493
5110 87.467 95.024
5120 87.142 99.222
5130 82.525 96.16
5140 92.561 100.594
5150 117.293 111.305
5160 65.903 79.693
5170 54.702 72.677
5180 91.28 99.691
5190 50.518 65.524
5200 92.599 99.749
5210 53.153 67.255
5220 80.143 90.468
5230 90.736 98.225
5240 53.25 74.136
5250 83.801 89.367
5260 75.521 87.892
5270 72.337 91.271
5280 73.291 87.073
5290 62.237 85.679
5300 70.046 84.703
5310 68.33 86.134
5320 66.164 84.097
5330 65.389 77.155
5340 78.023 93.604
5350 89.519 102.918
5360 69.717 81.527
5370 82.925 101.496
5380 88.735 107.897
5390 75.516 88.896
5400 58.649 70.604
5410 67.269 87.492
5420 80.302 91.046
5430 87.377 99.592
5440 70.483 85.413
5450 89.528 102.063
5460 65.014 73.906
5470 76.515 93.791
5480 82.504 93.74
5490 63.03 80.725
5500 120.073 116.301
5510 68.249 94.986
5520 84.311 91.339
5530 49.091 60.798
5540 58.429 79.517
5550 97.316 102.681
5560 47.715 60.978
5570 86.87 92.106
5580 98.15 107.869
5590 62.711 82.842
5600 72.108 82.197
5610 60.712 80.147
5620 80.622 94.771
5630 68.997 82.485
5640 74.859 89.315
5650 62.496 79.254
5660 84.71 101.516
5670 63.139 84.228
5680 63.323 73.742
5690 51.276 63.844
5700 71.864 82.286
5710 117.915 107.834
5720 69.756 83.476
5730 76.264 89.393
5740 75.03 87.116
5750 90.541 95.298
5760 86.88 102.012
5770 70.723 88.782
5780 89.93 106.419
5790 71.918 84.609
5800 94.249 105.601
5810 75.001 80.11
5820 63.496 70.574
5830 68.712 81.344
5840 80.245 95.593
5850 65.742 84.012
5860 71.414 92.552
5870 72.971 75.684
5880 80.392 92.384
5890 66.999 76.803
5900 77.297 90.609
5910 87.136 99.592
5920 55.59 75.062
5930 50.002 64.235
5940 107.515 118.093
5950 75.298 89.987
5960 77.102 90.944
5970 94.335 95.86
5980 92.205 102.3
5990 54.852 72.95
6000 88.723 90.337
6010 65.77 73.782
6020 69.788 83.257
6030 86.351 99.874
6040 69.855 81.189
6050 62.576 77.561
6060 55.782 81.715
6070 72.954 94.824
6080 91.043 101.192
6090 85.837 97.435
6100 73.594 89.553
6110 65.714 78.019
6120 123.569 113.69
6130 86.357 97.31
6140 69.571 93.1
6150 57.897 78.03
6160 79.246 91.952
6170 72.24 91.733
6180 41.738 53.126
6190 77.021 93.75
6200 81.521 82.566
6210 73.572 85.029
6220 79.712 93.641
6230 84.22 94.644
6240 88.556 112.444
6250 53.482 74.438
6260 66.222 91.596
6270 75.041 91.212
6280 87.292 99.449
6290 62.617 78.443
6300 85.183 96.822
6310 55.246 74.77
6320 105.132 113.814
6330 76.707 88.479
6340 70.95 81.139
6350 88.815 109.381
6360 70.149 90.21
6370 68.522 82.759
6380 69.819 85.795
6390 96.328 101.228
6400 94.897 105.992
6410 92.225 103.972
6420 96.958 103.145
6430 58.642 75.034
6440 102.922 107.909
6450 72.184 89.589
6460 73.053 87.578
6470 87.725 100.292
6480 55.786 78.426
6490 64.68 80.459
6500 71.906 84.737
6510 77.294 86.84
6520 66.497 86.01
6530 52.225 69.834
6540 42.935 53.682
6550 78.398 94.774
6560 80.416 95.342
6570 83.248 94.299
6580 68.896 91.98
6590 73.708 93.447
6600 71.745 94.672
6610 52.465 80.202
6620 75.274 96.593
6630 86.836 102.534
6640 96.06 103.655
6650 97.861 97.392
6660 89.98 94.56
6670 68.067 89.475
6680 82.424 96.105
6690 79.507 95.637
6700 59.991 77.746
6710 98.13 105.786
6720 63.107 87.848
6730 102.919 105.85
6740 65.968 81.316
6750 76.458 101.409
6760 60.182 78.225
6770 80.727 98.689
6780 59.412 87.581
6790 64.749 81.936
6800 69.921 83.257
6810 62.73 84.641
6820 89.143 106.187
6830 57.636 76.896
6840 97.507 109.031
6850 79.16 97.776
6860 76.133 88.638
6870 72.358 86.569
6880 79.542 90.841
6890 82.198 100.27
6900 68.437 80.747
6910 66.247 88.281
6920 84.016 94.945
6930 76.304 91.948
6940 78.385 100.213
6950 63.675 83.644
6960 78.439 95.077
6970 83.124 99.13
6980 86.689 99.053
6990 80.565 103.944
7000 67.267 86.33
7010 79.168 96.977
7020 61.762 80.87
7030 53.426 74.027
7040 74.971 87.26
7050 67.527 81.924
7060 63.35 82.01
7070 79.804 99.016
7080 76.087 85.614
7090 82.782 94.392
7100 84.578 98.963
7110 52.544 75.438
7120 67.765 86.861
7130 81.503 97.815
7140 84.637 96.178
7150 85.81 105.748
7160 86.57 103.021
7170 99.684 107.811
7180 79.895 86.991
7190 55.816 76.72
7200 70.836 83.985
7210 92.977 99.536
7220 62.166 81.788
7230 70.32 92.041
7240 79.644 96.771
7250 80.918 101.974
7260 64.454 86.96
7270 50.356 67.393
7280 44.051 67.205
7290 39.375 64.05
7300 62.078 88.143
7310 84.595 96.259
7320 55.206 68.452
7330 69.38 86.006
7340 79.924 99.825
7350 82.501 102.768
7360 84.986 100.099
7370 68.673 85.648
7380 76.097 90.749
7390 94.038 108.809
7400 60.045 80.789
7410 49.508 66.582
7420 66.112 93.164
7430 72.235 90.793
7440 72.933 84.486
7450 79.665 92.01
7460 48.896 65.95
7470 49.771 67.87
7480 74.115 87.773
7490 68.436 79.8
7500 59.838 74.731
7510 63.913 83.993
7520 70.452 79.153
7530 76.482 88.527
7540 57.696 76.417
7550 89.894 112.052
7560 88.841 99.095
7570 87.794 97.847
7580 55.127 79.688
7590 73.059 86.783
7600 70.269 90.75
7610 72.121 91.455
7620 78.879 80.747
7630 84.979 103.375
7640 82.537 92.056
7650 78.991 91.905
7660 56.43 65.23
7670 88.985 93.857
7680 69.32 85.14
7690 74.056 91.274
7700 75.769 89.19
7710 77.594 103.884
7720 49.514 73.574
7730 72.137 102.963
7740 78.821 93.762
7750 52.18 73.826
7760 69.025 84.088
7770 75.025 79.789
7780 80.319 89.419
7790 52.644 70.069
7800 57.468 83.922
7810 66.956 88.847
7820 53.527 76.841
7830 107.012 115.446
7840 76.301 97.493
7850 69.528 92.709
7860 80.154 100.248
7870 72.405 91.972
7880 67.267 86.95
7890 71.976 95.328
7900 77.061 94.053
7910 96.371 107.142
7920 84.559 102.816
7930 77.104 95.069
7940 52.391 73.241
7950 71.441 87.888
7960 54.231 72.268
7970 50.714 72.065
7980 71.909 87.719
7990 71.616 91.484
8000 72.229 96.891
8010 77.528 92.874
8020 78.838 101.316
8030 55.112 84.386
8040 60.031 80.943
8050 85.676 102.418
8060 98.324 104.733
8070 63.408 83.635
8080 94.626 104.3
8090 75.658 95.725
8100 79.002 92.557
8110 42.687 62.052
8120 53.704 77.701
8130 60.976 78.833
8140 58.104 70.329
8150 65.492 85.086
8160 64.91 89.99
8170 56.577 79.373
8180 85.419 97.598
8190 51.311 76.245
8200 51.531 74.698
8210 77.909 96.988
8220 61.395 82.602
8230 49.667 69.987
8240 64.236 75.168
8250 71.271 94.069
8260 48.568 63.762
8270 68.522 92.03
8280 94.007 102.529
8290 75.733 90.143
8300 62.765 90.736
8310 82.421 100.864
8320 64.329 92.815
8330 65.043 86.485
8340 66.213 87.283
8350 68.844 84.475
8360 61.841 85.703
8370 69.55 103.244
8380 71.129 86.247
8390 76.429 102.381
8400 55.619 73.069
8410 78.429 93.096
8420 98.304 109.806
8430 64.94 86.57
8440 45.586 61.823
8450 88.393 87.569
8460 97.922 112.524
8470 90.144 109.061
8480 62.581 76.998
8490 65.468 81.428
8500 49.199 67.871
8510 103.065 109.464
8520 106.779 115.833
8530 59.226 79.707
8540 92.591 95.159
8550 79.491 87.907
8560 55.791 65.505
8570 48.505 70.268
8580 64.433 80.371
8590 91.953 104.844
8600 46.951 73.293
8610 78.722 104.561
8620 45.274 67.51
8630 53.922 72.784
8640 68.506 83.267
8650 80.077 92.562
8660 93.217 114.389
8670 32.561 46.898
8680 29.771 47.609
8690 60.213 78.877
8700 63.404 85.879
8710 73.011 90.627
8720 44.641 69.999
8730 63.196 80.748
8740 54.948 67.802
8750 72.063 84.105
8760 80.968 97.325
8770 90.206 100.061
8780 68.639 91.539
8790 26.42 39.131
8800 78.84 96.217
8810 82.393 91.381
8820 97.767 106.43
8830 86.47 105.082
8840 75.95 93.36
8850 67.774 91.397
8860 89.423 102.746
8870 84.403 96.92
8880 86.729 93.894
8890 66.785 83.094
8900 72.361 91.765
8910 56.259 73.636
8920 80.169 89.476
8930 50.081 70.811
8940 64.508 87.635
8950 33.472 46.446
8960 71.647 90.315
8970 57.5 74.464
8980 90.401 96.015
8990 68.717 81.708
9000 48.568 71.929
9010 85.474 102.327
9020 75.899 99.334
9030 76.984 99.181
9040 89.815 102.835
9050 68.068 89.625
9060 76.402 96.648
9070 89.028 104.541
9080 87.974 95.975
9090 83.223 107.983
9100 88.209 99.796
9110 65.474 84.7
9120 78.938 95.719
9130 80.536 95.42
9140 74.474 97.11
9150 71.946 85.665
9160 66.477 90.037
9170 51.45 71.848
9180 49.379 72.328
9190 53.971 79.377
9200 48.932 73.6
9210 65.954 89.246
9220 75.641 93.498
9230 98.258 117.001
9240 68.65 96.405
9250 71.46 94.565
9260 67.603 87.749
9270 74.351 93.45
9280 62.063 83.347
9290 80.897 96.669
9300 51.752 68.911
9310 100.002 108.502
9320 83.821 102.498
9330 52.727 83.429
9340 59.916 87.421
9350 75.189 95.559
9360 90.581 99.803
9370 69.318 79.266
9380 86.653 98.218
9390 82.691 88.752
9400 65.069 90.642
9410 104.553 111.034
9420 53.923 73.582
9430 63.608 83.612
9440 60.741 81.934
9450 69.846 91.397
9460 89.409 100.245
9470 52.118 67.974
9480 50.189 65.251
9490 73.792 87.125
9500 65.226 80.305
9510 60.378 89.902
9520 59.599 76.531
9530 46.08 73.587
9540 60.723 78.156
9550 68.949 95.512
9560 113.89 109.928
9570 70.731 87.271
9580 81.929 103.096
9590 66.448 74.894
9600 61.433 82.814
9610 89.445 107.8
9620 74.715 90.179
9630 61.47 85.351
9640 82.864 90.265
9650 78.662 89.195
9660 82.389 87.865
9670 52.879 68.675
9680 81.849 94.79
9690 62.22 87.316
9700 75.107 87.557
9710 89.865 101.477
9720 54.531 85.075
9730 73.442 95.734
9740 102.681 115.34
9750 61.455 78.968
9760 70.67 82.003
9770 60.104 76.855
9780 61.785 83.723
9790 74.164 91.992
9800 61.475 87.673
9810 70.595 93.293
9820 79.328 97.361
9830 48.582 72.02
9840 59.466 82.077
9850 43.422 70.888
9860 51.606 76.202
9870 40.2 60.278
9880 33.341 57.659
9890 80.764 100.054
9900 85.475 100.785
9910 87.042 102.153
9920 70.87 93.001
9930 61.753 72.126
9940 66.543 90.383
9950 67.652 92.243
9960 78.451 97.637
9970 78.469 96.788
9980 88.702 99.211
9990 61.035 86.845
10000 68.308 105.386
10010 78.978 102.477
10020 69.817 84.108
10030 70.197 90.731
10040 64.72 86.222
10050 79.882 97.405
10060 51.169 81.727
10070 84.834 95.295
10080 77.898 93.695
10090 77.006 93.559
10100 64.217 87.401
10110 86.284 96.121
10120 61.574 83.8
10130 97.166 110.795
10140 70.217 91.796
10150 104.777 109.181
10160 87.838 105.347
10170 78.033 102.949
10180 81.247 98.76
10190 34.956 48.772
10200 61.53 86.914
10210 44.645 68.401
10220 104.881 109.046
10230 64.636 82.509
10240 69.588 84.034
10250 89.047 101.749
10260 72.02 88.587
10270 68.117 91.292
10280 74.556 105.051
10290 62.63 83.119
10300 87.44 110.317
10310 79.954 96.514
10320 60.102 91.894
10330 93.121 101.754
10340 56.833 83.936
10350 57.437 87.027
10360 60.306 79.694
10370 76.873 89.749
10380 56.408 79.145
10390 35.345 62.448
10400 72.942 90.281
10410 73.192 86.462
10420 62.137 85.107
10430 86.42 92.901
10440 72.364 90.249
10450 69.85 80.148
10460 66.048 83.867
10470 66.412 102.094
10480 72.679 83.487
10490 72.438 82.037
10500 61.238 82.359
10510 89.003 92.931
10520 74.197 87.777
10530 57.737 79.28
10540 74.54 94.654
10550 69.281 95.127
10560 56.08 82.314
10570 47.786 68.549
10580 95.551 107.347
10590 80.832 102.801
10600 61.535 87.304
10610 49.38 70.225
10620 65.444 88.149
10630 56.053 81.3
10640 49.996 72.88
10650 81.073 99.709
10660 54.959 75.356
10670 63.116 81.254
10680 67.7 88.978
10690 63.876 80.108
10700 90.712 101.641
10710 42.753 66.212
10720 71.622 90.072
10730 62.913 90.77
10740 59.906 81.161
10750 69.262 93.535
10760 47.744 77.376
10770 59.512 85.517
10780 64.931 87.105
10790 67.486 86.315
10800 97.211 103.004
10810 80.348 105.612
10820 71.242 103.934
10830 87.614 99.108
10840 54.902 75.577
10850 32.084 53.374
10860 88.529 103.281
10870 80.512 96.244
10880 67.948 89.777
10890 72.83 90.634
10900 74.098 96.084
10910 73.799 96.788
10920 88.349 93.274
10930 69.936 87.951
10940 79.673 95.896
10950 70.952 92.328
10960 49.447 69.982
10970 99.18 112.785
10980 85.544 97.595
10990 60.964 82.22
11000 68.179 91.599
11010 88.022 94.358
11020 85.32 97.493
11030 39.645 56.803
11040 51.21 72.358
11050 65.8 92.467
11060 70.676 92.913
11070 41.181 68.364
11080 68.869 91.746
11090 63.756 81.203
11100 78.782 96.312
11110 88.445 109.628
11120 68.399 95.913
11130 78.48 92.062
11140 73.259 85.496
11150 55.475 68.505
11160 99.295 115.026
11170 77.462 93.614
11180 83.985 94.562
11190 77.884 93.907
11200 82.957 98.661
11210 96.838 107.149
11220 71.528 100.741
11230 68.728 85.82
11240 67.189 86.758
11250 82.483 101.599
11260 56.134 79.171
11270 72.113 98.786
11280 41.904 62.58
11290 74.45 94.105
11300 91.006 100.74
11310 91.593 122.905
11320 83.252 103.006
11330 60.806 84.688
11340 51.641 73.8
11350 73.643 98.882
11360 79.11 101.18
11370 72.371 98.857
11380 71.374 92.855
11390 54.11 78.766
11400 73.699 93.706
11410 72.293 97.241
11420 85.262 100.999
11430 106.373 109.503
11440 83.498 102.315
11450 70.149 87.38
11460 59.954 83.01
11470 71.938 91.971
11480 61.977 82.563
11490 73.889 93.64
11500 79.392 96.821
11510 66.123 93.563
11520 61.847 84.891
11530 73.951 89.897
11540 65.086 88.665
11550 52.355 84.166
11560 54.559 83.06
11570 69.018 95.847
11580 60.495 93.151
11590 67.888 89.641
11600 65.991 91.836
11610 51.973 78.215
11620 81.885 94.149
11630 70.136 96.95
11640 59.658 85.214
11650 47.995 71.856
11660 62.309 79.275
11670 72.978 89.659
11680 71.354 99.18
11690 86.711 98.985
11700 63.954 89.868
11710 74.562 91.238
11720 67.842 79.801
11730 56.593 72.845
11740 77.249 99.047
11750 91.519 112.648
11760 48.54 64.776
11770 97.287 107.654
11780 85.052 92.397
11790 107.901 128.792
11800 61.852 80.058
11810 58.886 81.777
11820 64.666 90.091
11830 69.21 91.028
11840 64.639 82.18
11850 41.412 66.546
11860 75.709 100.743
11870 73.431 97.185
11880 83.512 99.38
11890 58.033 82.679
11900 96.565 103.595
11910 46.572 75.595
11920 76.183 91.309
11930 44.736 72.645
11940 81.501 99.422
11950 50.699 71.084
11960 69.797 81.222
11970 73.861 82.667
11980 80.608 96.912
11990 60.377 92.921
12000 80.408 98.352
12010 65.233 80.334
12020 74.952 94.216
12030 95.28 104.334
12040 73.08 95.076
12050 75.648 98.062
12060 111.335 122.434
12070 85.956 102.884
12080 63.172 84.334
12090 57.228 65.855
12100 64.274 79.829
12110 53.192 71.502
12120 92.745 109.772
12130 77.821 102.252
12140 54.819 70.168
12150 68.231 99.067
12160 48.022 75.302
12170 101.844 108.932
12180 52.534 73.096
12190 68.479 97.989
12200 38.185 60.004
12210 61.197 86.955
12220 61.377 82.874
12230 58.906 80.633
12240 73.584 94.684
12250 63.694 84.458
12260 73.452 94.494
12270 65.984 85.566
12280 70.975 86.913
12290 100.449 107.689
12300 72.096 91.418
12310 70.42 95.145
12320 78.196 92.357
12330 63.845 85.001
12340 63.543 74.739
12350 61.6 77.606
12360 68.721 90.457
12370 77.822 104.494
12380 85.944 100.956
12390 60.781 89.88
12400 99.046 114.045
12410 52.959 80.515
12420 78.595 94.349
12430 85.045 106.324
12440 61.015 75.804
12450 47.643 73.595
12460 49.569 71.967
12470 76.727 94.348
12480 58.078 79.071
12490 63.444 86.337
12500 56.679 81.888
12510 69.316 86.596
12520 63.926 87.974
12530 75.837 106.981
12540 75.581 99.349
12550 81.412 96.3
12560 56.897 82.733
12570 59.918 78.792
12580 67.772 80.19
12590 81.823 98.839
12600 50.344 74.68
12610 73.557 92.874
12620 74.931 100.376
12630 68.212 76.587
12640 79.101 94.361
12650 71.924 92.844
12660 69.749 87.116
12670 58.465 81.684
12680 93.147 110.81
12690 62.684 92.525
12700 93.588 104.764
12710 90.551 104.907
12720 65.063 83.361
12730 65.304 97.228
12740 49.725 72.756
12750 66.139 85.765
12760 54.603 82.049
12770 52.89 78.971
12780 61.894 92.734
12790 73.796 96.753
12800 49.961 74.428
12810 50.706 82.216
12820 83.285 102.413
12830 52.954 73.112
12840 45.04 71.834
12850 62.881 91.402
12860 70.656 100.644
12870 46.733 80.585
12880 55.116 81.393
12890 80.964 97.059
12900 41.102 63.579
12910 58.51 78.4
12920 88.88 105.202
12930 72.964 98.226
12940 82.993 107.596
12950 75.684 90.578
12960 58.707 87.625
12970 67.397 86.492
12980 73.182 92.659
12990 76.46 100.81
13000 72.415 100.165
13010 76.232 86.688
13020 69.269 90.64
13030 77.443 100.119
13040 41.403 65
13050 72.475 95.415
13060 52.705 87.563
13070 70.214 93.975
13080 64.369 90.617
13090 58.193 82.889
13100 95.877 109.238
13110 62.949 84.161
13120 61.177 84.769
13130 65.697 85.954
13140 57.313 88.35
13150 72.954 100.188
13160 80.049 100.62
13170 53.252 82.846
13180 61.533 91.501
13190 70.914 87.547
13200 64.342 82.446
13210 86.668 97.212
13220 64.235 85.549
13230 77.018 97.395
13240 67.605 89.433
13250 58.784 81.188
13260 72.42 90.064
13270 47.678 75.043
13280 57.115 82.824
13290 59.884 87.68
13300 66.881 89.549
13310 82.99 92.217
13320 52.372 78.918
13330 68.517 80.564
13340 60.819 76.592
13350 61.928 87.99
13360 41.659 64.274
13370 38.978 68.776
13380 51.946 75.341
13390 83.702 106.636
13400 45.98 69.866
13410 60.239 93.069
13420 73.755 97.574
13430 65.381 93.985
13440 67.045 92.681
13450 77.998 104.225
13460 69.799 87.253
13470 71.101 98.493
13480 63.377 90.783
13490 73.606 97.094
13500 73.713 93.969
13510 93.432 105.543
13520 47.632 73.684
13530 89.034 106.313
13540 62.127 81.618
13550 90.597 100.564
13560 76.598 102.751
13570 73.073 101.591
13580 50.975 79.488
13590 54.673 78.593
13600 92.41 106.238
13610 80.665 104.248
13620 56.82 78.612
13630 48.781 85.175
13640 82.625 99.839
13650 66.856 87.537
13660 64.481 89.665
13670 73.125 91.159
13680 75.112 88.856
13690 86.41 96.307
13700 44.086 70.417
13710 70.897 91.544
13720 87.252 98.499
13730 47.142 71.352
13740 64.825 89.023
13750 46.099 66.595
13760 97.244 111.241
13770 79.549 95.411
13780 72.278 88.283
13790 75.111 92.215
13800 42.571 68.854
13810 91.442 108.593
13820 82.806 99.215
13830 90.043 105.182
13840 65.459 88.137
13850 69.211 100.862
13860 73.353 92.065
13870 43.714 66.848
13880 59.096 82.23
13890 74.072 92.139
13900 53.266 81.836
13910 74.059 96.885
13920 76.299 94.284
13930 89.635 112.507
13940 52.591 76.116
13950 68.479 85.784
13960 67.735 95.595
13970 63.227 84.199
13980 56.047 73.811
13990 52.017 83.188
14000 87.065 108.783
14010 63.477 88.551
14020 65.696 90.263
14030 87.776 99.296
14040 85.067 100.329
14050 78.629 102.74
14060 80.298 103.081
14070 52.262 73.145
14080 65.202 89.6
14090 77.207 103.587
14100 87.901 106.45
14110 49.051 75.227
14120 78.22 102.073
14130 63.93 92.705
14140 73.423 92.116
14150 60.144 89.095
14160 71.98 82.383
14170 80.082 97.545
14180 75.529 108.535
14190 85.808 104.529
14200 73.677 96.384
14210 83.354 95.982
14220 48.493 81.279
14230 88.376 97.548
14240 101.632 110.125
14250 92.127 107.585
14260 115.901 145.255
14270 71.563 92.838
14280 84.811 102.494
14290 80.672 99.684
14300 88.218 102.216
14310 56.665 72.873
14320 46.275 73.457
14330 80.479 102.107
14340 85.244 108.291
14350 69.705 88.57
14360 83.142 101.284
14370 72.37 94.863
14380 55.471 78.878
14390 65.8 95.572
14400 78.463 100.197
14410 68.503 99.546
14420 50.176 72.579
14430 74.173 92.552
14440 74.408 97.292
14450 66.48 90.286
14460 60.809 88.462
14470 68.111 83.975
14480 74.758 94.808
14490 73.738 92.204
14500 53.988 84.604
14510 64.857 83.76
14520 81.436 104.388
14530 86.368 97.566
14540 75.344 103.907
14550 69.348 88.933
14560 65.682 86.458
14570 48.278 78.476
14580 75.165 102.267
14590 55.652 78.347
14600 64.7 86.832
14610 69.926 90.18
14620 54.044 82.922
14630 71.703 96.71
14640 86.055 99.348
14650 49.057 78.609
14660 77.042 91.772
14670 79.733 97.79
14680 55.324 66.78
14690 84.849 102.655
14700 57.658 80.382
14710 35.546 60.597
14720 97.878 100.733
14730 72.66 94.767
14740 70.868 86.834
14750 61.536 80.954
14760 71.462 73.423
14770 91.639 118.906
14780 73.922 96.186
14790 71.464 92.676
14800 86.87 101.823
14810 87.907 99.396
14820 65.008 91.969
14830 76.271 104.097
14840 80.338 95.188
14850 87.339 103.632
14860 104.016 105.746
14870 54.592 71.585
14880 67.008 88.89
14890 60.532 89.472
14900 79.295 103.031
14910 38.521 61.857
14920 61.575 90.751
14930 33.816 57.495
14940 61.611 85.29
14950 68.368 90.882
14960 81.772 95.07
14970 81.678 116.468
14980 71.827 89.72
14990 54.253 86.194
15000 48.896 72.728
15010 95.851 118.277
15020 55.799 68.136
15030 65.466 89.121
15040 79.982 103.148
15050 93.551 99.594
15060 72.637 87.762
15070 68.364 93.324
15080 62.201 88.109
15090 49.168 79.359
15100 64.419 86.921
15110 73.776 100.982
15120 67.57 94.053
15130 98.399 105.659
15140 85.624 94.144
15150 55.14 75.278
15160 68.212 86.826
15170 62.594 79.987
15180 46.335 66.824
15190 84.035 101.605
15200 73.741 101.082
15210 70.622 96.562
15220 62.739 87.975
15230 91.772 107.254
15240 97.692 103.546
15250 65.482 93.668
15260 71.475 95.924
15270 50.657 74.345
15280 64.734 86.72
15290 55.985 78.326
15300 83.459 95.644
15310 51.937 72.433
15320 91.776 106.594
15330 54.221 78.501
15340 92.615 108.2
15350 79.671 103.268
15360 38.878 64.853
15370 97.87 107.731
15380 69.085 97.272
15390 71.124 90.776
15400 45.08 66.486
15410 71.825 97.287
15420 84.617 100.828
15430 60.405 84.032
15440 64.079 92.689
15450 55.975 86.103
15460 83.16 99.245
15470 71.465 88.916
15480 69.245 91.659
15490 54.954 86.662
15500 85.367 101.076
15510 81.996 98.086
15520 67.33 91.606
15530 36.79 65.211
15540 69.808 89.839
15550 51.014 85.282
15560 55.791 91.696
15570 72.881 95.573
15580 101.297 105.158
15590 58.698 73.77
15600 52.817 79.338
15610 76.364 89.275
15620 82.623 98.869
15630 87.723 102.925
15640 63.183 86.446
15650 88.538 105.808
15660 68.1 96.072
15670 73.502 101.067
15680 83.953 109.143
15690 61.991 82.895
15700 64.319 89.851
15710 62.1 90.239
15720 69.095 80.718
15730 85.011 99.569
15740 88.855 105.345
15750 60.307 84.674
15760 71.996 97.062
15770 37.161 64.134
15780 39.202 63.26
15790 52.787 69.87
15800 69.414 77.201
15810 65.818 83.198
15820 85.216 92.648
15830 66.257 95.01
15840 45.859 73.353
15850 62.617 87.308
15860 67.793 89.825
15870 87.045 94.163
15880 77.5 92.265
15890 59.005 86.017
15900 62.261 82.254
15910 74.574 90.75
15920 59.89 87.593
15930 40.991 73.758
15940 65.1 87.903
15950 91.381 107.82
15960 73.753 98.552
15970 83.821 93.78
15980 55.293 85.043
15990 52.578 82.838
16000 61.62 89.9
16010 70.481 87.332
16020 65.618 79.47
16030 59.132 83.909
16040 53.546 79.913
16050 52.867 78.519
16060 56.662 78.554
16070 85.02 108.68
16080 64.84 89.292
16090 66.277 88.524
16100 61.256 82.085
16110 85.214 104.311
16120 57.75 87.036
16130 59.045 80.761
16140 64.984 99.036
16150 67.651 87.257
16160 57.257 79.848
16170 83.397 105.877
16180 40.601 64.497
16190 84.011 105.79
16200 69.583 97.905
16210 62.727 84.795
16220 71.977 97.629
16230 36.68 61.207
16240 102.433 123.087
16250 40.062 69.196
16260 72.112 91.19
16270 80.69 99.063
16280 60.658 89.963
16290 80.76 99.986
16300 53.094 90.326
16310 37.548 64.62
16320 37.735 60.696
16330 60.586 82.814
16340 64.321 89.803
16350 65.346 92.837
16360 83.504 100.434
16370 68.189 96.219
16380 45.954 75.486
16390 87.887 106.001
16400 98.25 113.967
16410 78.237 95.231
16420 68.057 85.984
16430 72.908 88.128
16440 80.411 99.925
16450 70.987 93.459
16460 73.7 93.018
16470 82.65 104.865
16480 87.035 103.967
16490 83.457 94.459
16500 54.387 72.991
16510 70.352 89.238
16520 78.845 91.049
16530 73.988 87.704
16540 55.108 74.09
16550 67.618 96.009
16560 66.845 89.945
16570 78.331 95.887
16580 67.226 93.626
16590 58.32 91.835
16600 63.65 89.873
16610 62.172 88.872
16620 52.291 87.959
16630 79.641 102.723
16640 29.2 50.743
16650 57.534 90.381
16660 89.979 104.912
16670 84.46 102.664
16680 72.235 95.389
16690 75.457 100.142
16700 37.672 66.375
16710 49.791 82.574
16720 70.193 93.204
16730 73.763 92.086
16740 50.715 77.445
16750 85.126 99.477
16760 51.727 74.742
16770 57.341 85.973
16780 48.202 64.175
16790 78.694 95.506
16800 65.282 87.295
16810 78.78 100.556
16820 56.394 75.042
16830 89.38 112.027
16840 96.588 105.683
16850 51.476 69.502
16860 61.955 90.362
16870 40.725 65.895
16880 71.961 93.34
16890 69.831 85.683
16900 72.276 96.829
16910 65.327 90.976
16920 79.417 103.869
16930 55.661 83.584
16940 46.123 78.042
16950 35.471 62.682
16960 68.589 93.535
16970 49.237 79.488
16980 57.311 85.128
16990 82.772 100.525
17000 75.149 100.469
17010 96.987 112.75
17020 64.504 87.624
17030 73.115 92.587
17040 71.12 100.705
17050 46.203 74.231
17060 67.624 97.496
17070 48.735 80.845
17080 67.82 92.488
17090 52.179 79.812
17100 48.054 78.403
17110 35.26 63.299
17120 52.355 84.006
17130 39.374 73.558
17140 48.293 76.52
17150 102.687 106.099
17160 65.466 86.469
17170 66.876 89.781
17180 53.579 84.817
17190 83.859 103.499
17200 60.396 84.139
17210 65.643 100.4
17220 70.705 102.065
17230 57.141 83.138
17240 50.457 81.986
17250 54.173 87.625
17260 56.526 83.519
17270 76.035 96.236
17280 75.024 99.751
17290 70.949 86.419
17300 45.895 79.564
17310 63.422 90.913
17320 73.972 98.285
17330 73.187 94.233
17340 59.772 89.083
17350 69.482 99.478
17360 62.319 80.045
17370 65.028 89.62
17380 57.115 81.984
17390 49.141 68.851
17400 74.827 100.306
17410 86.64 101.998
17420 57.459 83.728
17430 65.512 92.648
17440 63.318 88.932
17450 71.218 94.201
17460 49.793 79.601
17470 88.075 103.252
17480 77.85 101.117
17490 60.655 87.263
17500 55.373 78.373
17510 50.645 78.83
17520 57.986 90.344
17530 55.671 83.389
17540 59.474 96.202
17550 68.983 97.279
17560 58.808 71.051
17570 43.921 68.29
17580 30.528 57.538
17590 67.317 96.199
17600 51.627 80.984
17610 62.921 94.724
17620 72.715 96.536
17630 58.95 82.88
17640 96.762 111.488
17650 132.554 176.515
17660 66.585 88.139
17670 111.838 107.398
17680 87.596 109.495
17690 86.642 98.031
17700 66.67 83.837
17710 40.238 65.121
17720 68.845 93.131
17730 71.978 94.161
17740 88.976 104.795
17750 72.274 83.874
17760 75.802 102.058
17770 61.663 93.163
17780 67.277 79.037
17790 46.671 73.519
17800 56.64 86.106
17810 57.601 86.989
17820 49.572 79.327
17830 73.447 99.698
17840 44.032 83.059
17850 53.18 81.886
17860 69.3 91.844
17870 64.317 91.834
17880 81.138 99.197
17890 68.242 92.898
17900 71.485 95.122
17910 76.3 99.939
17920 42.22 72.74
17930 60.364 91.547
17940 70.698 84.865
17950 40.508 75.754
17960 105.046 112.403
17970 45.798 74.812
17980 57.376 84.573
17990 55.925 82.113
18000 53.28 81.259
18010 65.628 91.94
18020 74.909 101.481
18030 83.777 99.349
18040 75.34 94.773
18050 87.411 105.013
18060 54.152 82.548
18070 41.103 77.027
18080 44.465 77.869
18090 48.757 81.452
18100 62.781 84.265
18110 67.284 96.798
18120 55.937 82.59
18130 69.047 95.508
18140 62.41 80.215
18150 53.885 78.551
18160 80.115 100.579
18170 80.663 102.668
18180 56.879 89.115
18190 78.253 100.435
18200 52.186 72.852
18210 65.642 84.655
18220 40.075 58.459
18230 45.169 78.932
18240 66.721 91.464
18250 75.953 98.799
18260 92.322 99.549
18270 66.855 97.814
18280 58.868 88.368
18290 66.706 94.476
18300 51.279 80.914
18310 73.641 99.238
18320 81.015 102.788
18330 75.589 92.758
18340 41.539 67.499
18350 56.947 84.54
18360 64.119 90.986
18370 39.097 62.137
18380 71.28 95.428
18390 47.373 78.696
18400 68.998 92.465
18410 79.87 104.195
18420 86.767 111.894
18430 87.427 102.269
18440 79.465 99.021
18450 68.092 90.406
18460 71.575 86.246
18470 61.251 87.398
18480 56.553 90.794
18490 47.794 75.119
18500 63.13 92.044
18510 51.74 81.799
18520 105.022 109.595
18530 71.696 86.202
18540 71.884 93.091
18550 81.405 96.965
18560 35.171 67.088
18570 36.528 60.414
18580 39.061 70.353
18590 28.316 53.131
18600 71.906 99.946
18610 36.377 69.398
18620 94.498 105.573
18630 62.506 93.655
18640 63.854 87.503
18650 38.203 73.364
18660 36.795 65.169
18670 45.367 90.64
18680 59.163 85.91
18690 84.271 102.085
18700 35.13 63.441
18710 45.161 80.353
18720 45.41 71.843
18730 62.087 98.14
18740 42.48 78.274
18750 75.131 98.457
18760 60.954 89.45
18770 90.381 143.206
18780 57.918 90.546
18790 80.961 106.472
18800 49.231 79.416
18810 36.997 68.34
18820 71.181 92.371
18830 60.76 90.123
18840 46.224 68.848
18850 51.118 87.541
18860 34.137 69.491
18870 43.714 80.053
18880 48.271 88.967
18890 35.841 76.101
18900 52.645 75.428
18910 100.935 149.213
18920 70.543 97.597
18930 51.928 84.111
18940 80.412 106.074
18950 80.227 99.634
18960 46.302 74.619
18970 41.714 70.269
18980 41.646 72.879
18990 65.655 95.694
19000 62.77 93.306
19010 58.084 82.786
19020 62.103 90.924
19030 80.766 101.948
19040 82.946 94.669
19050 63.903 80.43
19060 43.258 78.967
19070 60.391 94.995
19080 51.616 82.815
19090 56.257 84.803
19100 72.944 101.162
19110 67.861 97.904
19120 55.551 85.265
19130 31.854 58.624
19140 65.359 96.266
19150 38.538 66.69
19160 28.791 49.793
19170 36.505 65.326
19180 61.074 85.714
19190 71.131 92.508
19200 58.794 90.216
19210 73.8 101.232
19220 49.66 80.45
19230 33.899 73.398
19240 64.622 89.736
19250 71.569 99.451
19260 37.42 74.29
19270 68.716 96.189
19280 20.307 44.785
19290 54.323 79.797
19300 65.987 102.114
19310 46.605 74.921
19320 73.231 99.985
19330 57.871 97.095
19340 31.113 57.862
19350 33.187 61.428
19360 54.082 92.33
19370 48.459 86.259
19380 59.563 84.426
19390 36.152 72.097
19400 53.13 90.701
19410 40.143 78.16
19420 30.103 55.116
19430 38.844 67.862
19440 48.598 81.136
19450 56.496 84.81
19460 72.075 99.09
19470 59.573 87.281
19480 49.507 79.776
19490 35.023 68.646
19500 47.993 84.832
19510 58.75 88.626
19520 70.511 99.872
19530 51.202 86.996
19540 48.49 76.993
19550 59.658 85.494
19560 33.293 61.65
19570 57.331 91.221
19580 35.726 70.237
19590 32.081 60.45
19600 23.094 48.935
19610 30.875 65.628
19620 71.869 99.279
19630 42.969 78.385
19640 51.846 82.563
19650 61.153 92.682
19660 38.786 74.37
19670 19.656 39.32
19680 44.106 77.502
19690 53.678 75.151
19700 75.946 97.081
19710 44.832 77.349
19720 53.549 85.206
19730 98.418 103.864
19740 66.016 89.623
19750 46.544 82.728
19760 29.462 52.486
19770 26.669 57.382
19780 45.4 80.91
19790 24.284 47.164
19800 51.42 80.608
19810 66.037 88.675
19820 56.79 92.015
19830 48.088 81.607
19840 54.664 82.742
19850 49.533 82.089
19860 31.925 60.19
19870 38.297 67.12
19880 77.483 103.31
19890 49.887 84.277
19900 92.756 125.123
19910 59.606 98.483
19920 53.454 92.307
19930 41.65 78.539
19940 82.869 111.436
19950 47.43 82.584
19960 47.076 78.134
19970 33.354 63.897
19980 36.651 69.15
19990 74.88 104.716
20000 90.544 103.615
20010 38.753 69.389
20020 48.329 78.846
20030 52.22 84.239
20040 27.337 54.492
20050 30.844 63.074
20060 34.8 69.364
20070 66.2 96.941
20080 26.434 48.895
20090 34.438 63.14
20100 31.498 62.376
20110 44.315 86.551
20120 65.487 99.377
20130 49.39 81.961
20140 13.68 23.266
20150 30.332 64.722
20160 50.332 79.359
20170 44.04 76.745
20180 71.153 100.787
20190 37.09 72.011
20200 60.815 95.227
20210 33.861 65.291
20220 52.89 89.79
20230 35.909 72.914
20240 61.07 91.225
20250 61.169 92.671
20260 18.625 48.204
20270 52.805 82.561
20280 16.387 37.202
20290 37.432 68.09
20300 51.687 77.648
20310 39.729 74.334
20320 69.412 97.473
20330 73.923 99.274
20340 43.458 73.558
20350 63.565 90.51
20360 35.473 62.82
20370 29.246 58.439
20380 43.428 72.276
20390 67.124 93.661
20400 40.722 69.504
20410 32.357 65.773
20420 39.974 74.819
20430 63.624 87.582
20440 46.32 79.721
20450 50.236 83.868
20460 40.288 77.466
20470 28.611 59.953
20480 57.771 85.538
20490 49.547 81.265
20500 15.591 35.257
20510 28.024 67.258
20520 31.15 58.857
20530 27.766 59.51
20540 27.127 51.079
20550 58.283 94.262
20560 49.869 76.776
20570 68.387 94.211
20580 52.465 88.224
20590 59.202 94.717
20600 44.414 77.693
20610 69.857 96.693
20620 75.069 98.257
20630 88.946 110.373
20640 47.975 84.295
20650 47.571 83.674
20660 75.28 106.579
20670 37.837 65.65
20680 76.367 101.509
20690 59.238 100.73
20700 42.797 67.697
20710 49.9 78.167
20720 45.356 79.186
20730 67.283 96.016
20740 47.971 84.754
20750 45.284 77.621
20760 67.434 96.604
20770 54.422 88.353
20780 80.59 98.271
20790 61.379 88.59
20800 35.97 59.59
20810 37.461 72.904
20820 59.296 86.689
20830 54.753 91.011
20840 37.293 66.357
20850 31.174 63.096
20860 43.024 73.812
20870 27.035 63.72
20880 52.729 87.159
20890 69.335 95.062
20900 55.293 78.84
20910 44.47 76.338
20920 84.555 107.612
20930 101.681 113.375
20940 55.229 82.244
20950 54.74 89.232
20960 37.943 71.639
20970 45.09 83.49
20980 92.912 104.924
20990 73.983 98.012
21000 63.307 99.845
21010 45.983 81.075
21020 51.294 84.581
21030 52.929 83.602
21040 28.115 55.809
21050 50.342 79.321
21060 69.95 92.798
21070 51.699 86.798
21080 74.35 92.566
21090 122.433 127.261
21100 62.632 98.501
21110 45.209 74.749
21120 51.062 76.238
21130 51.283 81.176
21140 62.261 92.974
21150 63.83 91.54
21160 60.973 87.339
21170 25.179 50.135
21180 46.35 74.41
21190 83.122 97.363
21200 56.472 78.72
21210 56.857 85.399
21220 33.689 72.07
21230 57.25 87.232
21240 56.378 85.675
21250 51.682 81.418
21260 68.249 93.775
21270 66.234 90.641
21280 78.133 100.036
21290 63.999 91.831
21300 63.383 92.738
21310 70.575 88.378
21320 57.222 83.705
21330 42.017 77.068
21340 100.5 107.268
21350 48.155 81.861
21360 57.403 86.626
21370 49.548 77.728
21380 60.095 90.251
21390 63.732 88.327
21400 73.728 102.733
21410 52.207 79.092
21420 85.225 105.952
21430 91.121 109.925
21440 69.849 92.538
21450 57.77 91.469
21460 69.706 84.821
21470 61.866 86.724
21480 72.004 100.101
21490 66.155 91.568
21500 78.124 99.491
21510 94.801 113.954
21520 85.748 104.905
21530 55.141 84.112
21540 74.411 96.246
21550 44.12 73.288
21560 58.437 88.218
21570 59.831 89.552
21580 57.041 78.041
21590 65.832 91.721
