# TimeStamp(s) Sum Stdev
0 1.23669e+07 625630
10 1.23092e+07 518472
20 1.16693e+07 438006
30 1.27172e+07 840889
40 1.33859e+07 576180
50 1.3286e+07 401665
60 1.32169e+07 340668
70 1.29088e+07 516961
80 1.30273e+07 390180
90 1.29964e+07 504075
100 1.28398e+07 718773
110 1.31479e+07 552927
120 1.35261e+07 690240
130 1.26883e+07 680512
140 1.29398e+07 741595
150 1.16456e+07 412090
160 1.1152e+07 580763
170 1.21907e+07 620950
180 1.17023e+07 792137
190 1.1185e+07 956446
200 1.28171e+07 706122
210 1.27399e+07 609887
220 1.29645e+07 858380
230 1.31417e+07 828871
240 1.32777e+07 774454
250 1.30067e+07 250781
260 1.28491e+07 749255
270 1.29655e+07 810571
280 1.2236e+07 813114
290 1.25163e+07 897247
300 1.34179e+07 649838
310 1.3117e+07 745844
320 1.27553e+07 595505
330 1.3455e+07 763040
340 1.33766e+07 664255
350 1.32355e+07 864045
360 1.26203e+07 731827
370 1.26832e+07 395575
380 1.24009e+07 704939
390 1.19372e+07 545734
400 1.27182e+07 419588
410 1.2608e+07 606451
420 1.14611e+07 770393
430 1.31881e+07 1.18406e+06
440 1.30593e+07 755663
450 1.2032e+07 680048
460 1.13189e+07 585777
470 1.16569e+07 727755
480 1.25771e+07 685209
490 1.21762e+07 530598
500 1.18558e+07 934538
510 1.22432e+07 793679
520 1.31819e+07 688686
530 1.2947e+07 1.02822e+06
540 1.28635e+07 1.10061e+06
550 1.31252e+07 468364
560 1.39918e+07 766195
570 1.30727e+07 591235
580 1.03802e+07 654966
590 1.22164e+07 972258
600 1.32468e+07 570192
610 1.34756e+07 546213
620 1.30624e+07 606287
630 1.28089e+07 786072
640 1.28707e+07 782428
650 1.31984e+07 517315
660 1.26883e+07 709942
670 1.25039e+07 482342
680 1.1966e+07 794524
690 1.25626e+07 920692
700 1.17476e+07 764328
710 1.15415e+07 555863
720 1.20011e+07 751519
730 1.16775e+07 665300
740 1.27667e+07 974116
750 1.19351e+07 630607
760 1.14282e+07 404796
770 1.23988e+07 527467
780 1.30634e+07 674880
790 1.28244e+07 725374
800 1.33818e+07 548819
810 1.2812e+07 415193
820 1.14838e+07 786733
830 1.21907e+07 501930
840 1.23081e+07 312931
850 1.03669e+07 847573
860 1.07522e+07 848148
870 1.18609e+07 725232
880 1.31613e+07 792685
890 1.19238e+07 559178
900 1.2201e+07 488787
910 1.30026e+07 692712
920 1.20021e+07 661770
930 1.07749e+07 386424
940 1.26749e+07 855054
950 1.30418e+07 560165
960 1.28831e+07 958734
970 1.33633e+07 549726
980 1.2812e+07 636396
990 1.29099e+07 796288
1000 1.30655e+07 566570
1010 1.33921e+07 769512
1020 1.33457e+07 706098
1030 1.30418e+07 435120
1040 1.22174e+07 431784
1050 1.20732e+07 937565
1060 1.30562e+07 751590
1070 1.17486e+07 909826
1080 1.31757e+07 701278
1090 1.2065e+07 591799
1100 1.28419e+07 430521
1110 1.32066e+07 545829
1120 1.38063e+07 643656
1130 1.39011e+07 830822
1140 1.30624e+07 909206
1150 1.12643e+07 900669
1160 1.27749e+07 890037
1170 1.30778e+07 649740
1180 1.30212e+07 695759
1190 1.29459e+07 605084
1200 1.27553e+07 689575
1210 1.28419e+07 689924
1220 1.26997e+07 457990
1230 1.26595e+07 315025
1240 1.31685e+07 743728
1250 1.25029e+07 645701
1260 1.27965e+07 665735
1270 1.17404e+07 470805
1280 1.23524e+07 788851
1290 1.22164e+07 962730
1300 1.17651e+07 975848
1310 1.25194e+07 433605
1320 1.22473e+07 786908
1330 1.13447e+07 474740
1340 1.24009e+07 659164
1350 1.21309e+07 738645
1360 1.19619e+07 756304
1370 1.16507e+07 819868
1380 1.07471e+07 1.07204e+06
1390 1.15838e+07 522834
1400 1.11901e+07 624176
1410 1.30933e+07 825149
1420 1.25595e+07 966156
1430 1.31201e+07 275690
1440 1.22041e+07 676519
1450 1.30243e+07 783355
1460 1.1964e+07 544465
1470 1.33076e+07 344986
1480 1.15477e+07 446401
1490 1.23401e+07 404380
1500 1.34117e+07 936641
1510 1.32612e+07 680299
1520 1.32942e+07 635682
1530 1.39186e+07 747711
1540 1.37435e+07 767318
1550 1.22298e+07 389815
1560 1.17177e+07 420471
1570 1.2474e+07 501555
1580 1.22556e+07 695591
1590 1.32582e+07 275122
1600 1.3253e+07 647417
1610 1.37445e+07 1.02235e+06
1620 1.37527e+07 438016
1630 1.43947e+07 1.25339e+06
1640 1.41556e+07 768632
1650 1.35219e+07 564540
1660.12 1.28357e+07 431917
1670 1.29408e+07 750278
1680 1.20505e+07 776467
1690 1.15642e+07 702183
1700 1.18991e+07 661749
1710 1.11211e+07 770584
1720 1.11386e+07 843236
1730 1.19104e+07 938847
1740 1.27368e+07 965585
1750 1.35271e+07 534987
1760 1.35312e+07 504037
1770 1.33962e+07 531989
1780 1.3897e+07 350428
1790 1.33766e+07 728924
1800 1.38826e+07 797144
1810 1.31809e+07 719652
1820.12 1.28893e+07 778463
1830 1.17126e+07 541415
1840 1.28419e+07 606411
1850 1.22515e+07 720064
1860 1.22906e+07 1.12427e+06
1870 1.27945e+07 591949
1880 1.22679e+07 512179
1890 1.10923e+07 690778
1900 1.2438e+07 741504
1910 1.33828e+07 416987
1920 1.1356e+07 947164
1930 1.07481e+07 439809
1940 1.07203e+07 760115
1950 1.05884e+07 312233
1960 1.11716e+07 953178
1970 1.11118e+07 681296
1980 1.07337e+07 669743
1990 1.03246e+07 565546
2000 1.20072e+07 570080
2010 1.23287e+07 467597
2020 1.17218e+07 595175
2030 1.12592e+07 807240
2040 1.23545e+07 779789
2050 1.19454e+07 691250
2060 1.21762e+07 773014
2070 1.33025e+07 650589
2080 1.19928e+07 705839
2090 1.25389e+07 622768
2100 1.2949e+07 708124
2110 1.40948e+07 582360
2120 1.36085e+07 373441
2130 1.43226e+07 685570
2140 1.38218e+07 825802
2150 1.24699e+07 652074
2160 1.27285e+07 538773
2170 1.24019e+07 430545
2180 1.23648e+07 641760
2190 1.17198e+07 676840
2200 1.33385e+07 303135
2210 1.32365e+07 925262
2220 1.2879e+07 464588
2230 1.37558e+07 421860
2240 1.32612e+07 880459
2250 1.36961e+07 371107
2260 1.12623e+07 880585
2270 1.14962e+07 620055
2280 1.2677e+07 417576
2290 1.31087e+07 537355
2300 1.32118e+07 462680
2310 1.29604e+07 638766
2320 1.42741e+07 844550
2330 1.23143e+07 465972
2340 1.19949e+07 616512
2350 1.36806e+07 858636
2360 1.38218e+07 311143
2370 1.31603e+07 592556
2380 1.27069e+07 638714
2390 1.19918e+07 582186
2400 1.29099e+07 801498
2410 1.14859e+07 585239
2420.12 1.17795e+07 546945
2430 1.18104e+07 533193
2440 1.26708e+07 482875
2450 1.28316e+07 522452
2460 1.36013e+07 364467
2470 1.33334e+07 637178
2480 1.42669e+07 605543
2490 1.34076e+07 715877
2500 1.26636e+07 404100
2510 1.31139e+07 821184
2520 1.36126e+07 492087
2530 1.45379e+07 361057
2540 1.36002e+07 696279
2550 1.26214e+07 493329
2560 1.33694e+07 893374
2570 1.35127e+07 923915
2580 1.24472e+07 540651
2590 1.27306e+07 550401
2600 1.13447e+07 787416
2610 1.2269e+07 638853
2620 1.33375e+07 619098
2630 1.28182e+07 769526
2640 1.36312e+07 621095
2650 1.27986e+07 410715
2660 1.16466e+07 928095
2670 1.32108e+07 738353
2680 1.33416e+07 514212
2690 1.4169e+07 471096
2700 1.39248e+07 645272
2710 1.24915e+07 845497
2720 1.261e+07 928747
2730 1.26234e+07 572212
2740 1.34395e+07 401438
2750 1.19908e+07 1.14188e+06
2760 1.29068e+07 721824
2770 1.33962e+07 705299
2780 1.35013e+07 641415
2790 1.25317e+07 694690
2800 1.23463e+07 694547
2810 1.21855e+07 869802
2820 1.25224e+07 615166
2830 1.20248e+07 520314
2840 1.15477e+07 688944
2850 1.20423e+07 697769
2860 1.28429e+07 724295
2870 1.30737e+07 766349
2880 1.34508e+07 979405
2890 1.29666e+07 643991
2900 1.30747e+07 1.01949e+06
2910 1.29367e+07 783442
2920 1.27007e+07 907495
2930 1.25832e+07 1.12732e+06
2940 1.27636e+07 860237
2950 1.26574e+07 952541
2960 1.25132e+07 258024
2970 1.24359e+07 1.03283e+06
2980 1.27296e+07 628378
2990 1.27491e+07 516975
3000 1.30325e+07 717597
3010 1.29727e+07 521728
3020 1.22958e+07 533084
3030 1.34591e+07 319752
3040 1.28985e+07 414340
3050 1.23833e+07 893998
3060 1.29964e+07 756871
3070 1.22515e+07 665367
3080 1.15683e+07 747508
3090 1.27584e+07 449872
3100 1.26997e+07 891951
3110 1.25224e+07 339505
3120 1.26296e+07 1.00948e+06
3130 1.32118e+07 602841
3140 1.39073e+07 511318
3150 1.45492e+07 894737
3160 1.34838e+07 638142
3170 1.26008e+07 353726
3180 1.1457e+07 430422
3190 1.14488e+07 352362
3200 1.11469e+07 397814
3210 1.01927e+07 469069
3220 1.13777e+07 498517
3230 1.07883e+07 339565
3240 1.13488e+07 552457
3250 1.10139e+07 499391
3260 1.05111e+07 495984
3270 1.13468e+07 369278
3280 1.11036e+07 495945
3290 1.12159e+07 479775
3300 1.13354e+07 494962
3310 1.09583e+07 287623
3320 1.07151e+07 433517
3330 1.05843e+07 335458
3340 1.0983e+07 397790
3350 1.15796e+07 403037
3360 1.18207e+07 467778
3370 1.11283e+07 377340
3380 1.08491e+07 332797
3390 1.06245e+07 526897
3400 1.10686e+07 191869
3410 1.14529e+07 374618
3420 1.33406e+07 619101
3430 1.19104e+07 951614
3440 1.21742e+07 569599
3450 1.3525e+07 1.08394e+06
3460 1.17548e+07 805784
3470 1.19176e+07 351962
3480 1.14766e+07 521197
3490 1.20639e+07 562522
3500 1.20021e+07 284106
3510 1.30191e+07 1.0244e+06
3520 1.25369e+07 354333
3530 1.31768e+07 442998
3540 1.30098e+07 423789
3550 1.37734e+07 597718
3560 1.20969e+07 559301
3570 1.23545e+07 288496
3580 1.25935e+07 736179
3590 1.27862e+07 705482
3600 1.29058e+07 556189
3610 1.33746e+07 586809
3620 1.26749e+07 631808
3630 1.20753e+07 767716
3640 1.27069e+07 576548
3650 1.14333e+07 555331
3660 1.21381e+07 549156
3670 1.35858e+07 854200
3680 1.15611e+07 686165
3690 1.36507e+07 765714
3700 1.26142e+07 549778
3710 1.1932e+07 721107
3720 1.2472e+07 590298
3730 1.28099e+07 392646
3740 1.34622e+07 930005
3750 1.29171e+07 874661
3760 1.2746e+07 363390
3770 1.1964e+07 720258
3780 1.26822e+07 771648
3790 1.21082e+07 585225
3800 1.21391e+07 1.09819e+06
3810 1.23658e+07 777387
3820 1.2e+07 800962
3830 1.20309e+07 757059
3840 1.17579e+07 359439
3850 1.10603e+07 568851
3860 1.19516e+07 765042
3870 1.24833e+07 780506
3880 1.1186e+07 776882
3890 1.25286e+07 705206
3900 1.26719e+07 821215
3910 1.14848e+07 993292
3920 1.18146e+07 477113
3930 1.23864e+07 713531
3940 1.30964e+07 425638
3950 1.0949e+07 778473
3960 1.10655e+07 679591
3970 1.19073e+07 588328
3980 1.27677e+07 513891
3990 1.1559e+07 625116
4000 1.07285e+07 605139
4010 1.31118e+07 670122
4020 1.23287e+07 447490
4030 1.27522e+07 518340
4040 1.28666e+07 632898
4050 1.2542e+07 466643
4060 1.21783e+07 668473
4070 1.16147e+07 618530
4080 1.13478e+07 575040
4090 1.10789e+07 624637
4100 1.18414e+07 451435
4110 1.15219e+07 577701
4120 1.23875e+07 750643
4130 1.2372e+07 476480
4140 1.18517e+07 665979
4150 1.30923e+07 561289
4160 1.32272e+07 684209
4170 1.26883e+07 601206
4180 1.29676e+07 715022
4190 1.34107e+07 995582
4200 1.17311e+07 603620
4210 1.11098e+07 618639
4220 1.02236e+07 463441
4230 1.04431e+07 378804
4240 1.16559e+07 472010
4250 1.16291e+07 432873
4260 1.1627e+07 937894
4270 1.13158e+07 599884
4280 1.09964e+07 729801
4290 1.23153e+07 891474
4300 1.13808e+07 333849
4310 1.15044e+07 497218
4320 1.16126e+07 408934
4330 1.10449e+07 445317
4340 1.03699e+07 476424
4350 1.11427e+07 886945
4360 1.20454e+07 551301
4370 1.25379e+07 485828
4380 1.2339e+07 664333
4390 1.17373e+07 604629
4400 1.22947e+07 620391
4410 1.12334e+07 678335
4420 1.1254e+07 386381
4430 1.20608e+07 945773
4440 1.10881e+07 692809
4450 1.10881e+07 938208
4460 1e+07 760159
4470 8.49152e+06 839077
4480.12 8.66154e+06 1.63434e+06
4490 1.06059e+07 1.00829e+06
4500 1.1456e+07 323416
4510 1.13849e+07 415323
4520 1.08913e+07 542014
4530 1.21237e+07 757671
4540 1.18094e+07 604517
4550 1.21577e+07 444267
4560 1.26049e+07 694565
4570 1.23061e+07 501570
4580 1.06832e+07 340019
4590 1.2474e+07 1.34509e+06
4600 1.34199e+07 578527
4610 1.29511e+07 737895
4620 1.29233e+07 895782
4630 1.16229e+07 643390
4640 1.17455e+07 854887
4650 1.13457e+07 882909
4660 1.27893e+07 570320
4670 1.27522e+07 780980
4680 1.22071e+07 687192
4690 1.25018e+07 660927
4700 1.28264e+07 652898
4710 1.29944e+07 661057
4720 1.35456e+07 471391
4730 1.36724e+07 375648
4740 1.45606e+07 1.00246e+06
4750 1.39722e+07 789506
4760 1.25121e+07 476706
4770 1.35116e+07 369526
4780 1.32983e+07 908731
4790 1.34014e+07 850807
4800 1.22927e+07 793091
4810 1.15415e+07 771965
4820 1.25018e+07 622871
4830 1.39743e+07 549521
4840 1.23102e+07 615679
4850 1.22628e+07 830822
4860 1.22958e+07 592146
4870 1.36312e+07 533194
4880 1.40619e+07 747896
4890 1.33736e+07 611033
4900 1.14879e+07 782472
4910 1.31778e+07 726823
4920 1.10304e+07 296388
4930 1.24328e+07 511917
4940 1.28542e+07 380702
4950 1.38846e+07 842837
4960 1.16064e+07 593344
4970 1.29418e+07 590920
4980 1.31819e+07 620930
4990 1.31788e+07 741443
5000 1.26904e+07 831081
5010 1.22154e+07 571008
5020 1.16816e+07 899450
5030 1.13158e+07 586644
5040 1.21845e+07 470870
5050 1.08367e+07 622895
5060 1.23164e+07 945861
5070 1.2778e+07 726455
5080 1.19763e+07 465633
5090 1.29161e+07 343253
5100 1.34818e+07 862717
5110 1.35642e+07 382485
5120 1.27234e+07 637470
5130 1.13426e+07 448545
5140 1.32097e+07 758322
5150 1.40443e+07 509982
5160 1.32087e+07 666451
5170 1.28841e+07 569160
5180 1.2642e+07 758682
5190 1.39403e+07 457306
5200 1.34508e+07 802220
5210 1.31046e+07 934376
5220 1.32396e+07 772971
5230 1.34045e+07 575453
5240 1.30212e+07 775755
5250.12 1.07718e+07 985247
5260 1.27986e+07 372734
5270 1.28893e+07 1.10734e+06
5280 1.37239e+07 587706
5290 1.29645e+07 505110
5300 1.33674e+07 705359
5310 1.41309e+07 862936
5320 1.22885e+07 447929
5330 1.21422e+07 581967
5340 1.32005e+07 623389
5350 1.33303e+07 806341
5360 1.39836e+07 682805
5370 1.35662e+07 872457
5380 1.28563e+07 547739
5390 1.24565e+07 645334
5400 1.25657e+07 1.25447e+06
5410 1.03421e+07 576895
5420 1.18692e+07 536973
5430 1.30098e+07 652027
5440 1.24987e+07 509738
5450 1.18434e+07 710484
5460 1.15477e+07 705597
5470 1.32623e+07 1.061e+06
5480 1.32108e+07 856330
5490 1.19217e+07 531122
5500 1.12654e+07 501857
5510 1.19279e+07 682388
5520 1.19866e+07 663093
5530 1.2135e+07 695927
5540 1.2812e+07 526210
5550 1.24318e+07 453143
5560 1.20495e+07 745178
5570 1.19825e+07 938488
5580 1.21546e+07 608776
5590 1.31252e+07 517273
5600 1.26131e+07 811514
5610 1.27059e+07 434580
5620 1.21834e+07 489155
5630 1.339e+07 516868
5640 1.30603e+07 527647
5650 1.27244e+07 655114
5660 1.16724e+07 756911
5670 1.08728e+07 655791
5680 1.30943e+07 560672
5690 1.31294e+07 563061
5700 1.22607e+07 482468
5710 1.29789e+07 650617
5720 1.32138e+07 809959
5730.12 1.23782e+07 529274
5740 1.18177e+07 769205
5750 1.12241e+07 555377
5760 1.12077e+07 757017
5770 1.30644e+07 708287
5780 1.25358e+07 882309
5790 1.2948e+07 731102
5800 1.25039e+07 980033
5810 1.29645e+07 543211
5820 1.29377e+07 613906
5830 1.24998e+07 1.12391e+06
5840 1.14271e+07 322147
5850 1.04884e+07 865821
5860 1.15477e+07 754180
5870 1.13035e+07 693686
5880 1.07234e+07 887068
5890 1.16342e+07 906382
5900 1.1456e+07 741536
5910 1.11263e+07 396817
5920 1.16919e+07 946237
5930 1.02339e+07 766806
5940 1.08274e+07 724624
5950 1.09583e+07 500184
5960 1.23164e+07 482250
5970 1.11994e+07 543150
5980 1.17878e+07 932402
5990 1.23081e+07 708787
6000 1.19382e+07 706893
6010 1.13921e+07 656316
6020 1.15384e+07 927984
6030 1.183e+07 561722
6040 1.16301e+07 806799
6050 1.17311e+07 753297
6060 1.18362e+07 870639
6070 1.14869e+07 600668
6080 1.16837e+07 924581
6090 1.17136e+07 299561
6100 1.11757e+07 957824
6110 1.10294e+07 475027
6120 1.10387e+07 373274
6130 1.10459e+07 772794
6140 1.14385e+07 587496
6150 1.25956e+07 377076
6160 1.27265e+07 609076
6170 1.26873e+07 559997
6180 1.34714e+07 686198
6190 1.24586e+07 896410
6200 1.21e+07 705630
6210 1.18578e+07 965314
6220 1.14148e+07 689840
6230 1.18784e+07 901906
6240 1.06615e+07 773009
6250 1.20072e+07 714825
6260 1.15528e+07 753628
6270 1.18506e+07 967296
6280 1.27543e+07 745312
6290 1.2407e+07 817267
6300 1.19877e+07 667293
6310 1.24204e+07 543803
6320 1.23153e+07 1.37761e+06
6330 1.22679e+07 502417
6340 1.2102e+07 524554
6350 1.22752e+07 415358
6360 1.21453e+07 660015
6370 1.24823e+07 541051
6380 1.20536e+07 627874
6390 1.12252e+07 919048
6400 1.27151e+07 758648
6410 1.24143e+07 844058
6420 1.20464e+07 953603
6430 1.19671e+07 1.00158e+06
6440 1.31634e+07 583724
6450 1.35786e+07 587283
6460 1.25307e+07 666480
6470 1.08872e+07 385917
6480 1.0982e+07 784832
6490 1.10923e+07 430956
6500 1.21175e+07 1.21447e+06
6510 1.28058e+07 1.03369e+06
6520 1.24483e+07 704592
6530 1.19506e+07 602460
6540 1.2743e+07 673009
6550 1.23432e+07 540904
6560 1.15704e+07 608375
6570 1.0575e+07 461296
6580 1.15487e+07 668511
6590 1.2168e+07 709124
6600 1.2339e+07 644354
6610 1.11747e+07 403409
6620 9.94336e+06 559838
6630 1.00196e+07 968939
6640 1.12561e+07 612238
6650 1.07739e+07 632197
6660 9.83722e+06 627455
6670 9.65278e+06 949563
6680 1.02329e+07 1.02463e+06
6690 1.13839e+07 553450
6700 1.20413e+07 620106
6710 1.28728e+07 362156
6720 1.27162e+07 1.20111e+06
6730 1.17847e+07 642507
6740 1.20835e+07 872871
6750 1.23205e+07 294183
6760 1.21886e+07 621494
6770 1.35992e+07 638627
6780 1.36363e+07 527331
6790 1.28573e+07 640832
6800 1.27326e+07 457425
6810 1.2236e+07 789070
6820 1.22453e+07 764658
6830 1.30696e+07 393330
6840 1.27914e+07 1.0179e+06
6850 1.19908e+07 501827
6860 1.11273e+07 423682
6870 1.12324e+07 661341
6880 1.14271e+07 861195
6890 1.21804e+07 431866
6900 1.27285e+07 676927
6910 1.2506e+07 279515
6920 1.27399e+07 363376
6930 1.25307e+07 454062
6940 1.2236e+07 572954
6950 1.27924e+07 832314
6960 1.31283e+07 609009
6970 1.33643e+07 479189
6980 1.22875e+07 931481
6990 1.25204e+07 843096
7000 1.33921e+07 480179
7010 1.36229e+07 801642
7020 1.31623e+07 477976
7030 1.20258e+07 772941
7040 1.21422e+07 798562
7050 1.22442e+07 717407
7060 1.22865e+07 738901
7070 1.23019e+07 816051
7080 1.21742e+07 703347
7090 1.2609e+07 424532
7100 1.29099e+07 752346
7110 1.25647e+07 765466
7120 1.26275e+07 437820
7130 1.19557e+07 386432
7140 1.1761e+07 717392
7150 1.19145e+07 383054
7160 1.23205e+07 593902
7170 1.26997e+07 609661
7180 1.22885e+07 648291
7190 1.21093e+07 534551
7200 1.19135e+07 832749
7210 1.30593e+07 753749
7220 1.32386e+07 489704
7230 1.36899e+07 570113
7240 1.32066e+07 658195
7250 1.28491e+07 432924
7260 1.23071e+07 361328
7270 1.11139e+07 468101
7280 1.13128e+07 651863
7290 1.25987e+07 923305
7300 1.21144e+07 554369
7310 1.08872e+07 727000
7320 1.16332e+07 619691
7330 1.09954e+07 858789
7340 1.10469e+07 706542
7350 1.11211e+07 591012
7360 1.14797e+07 787969
7370 1.2913e+07 811510
7380 1.30026e+07 841125
7390 1.22092e+07 638061
7400 1.31891e+07 179141
7410 1.35395e+07 789230
7420 1.20227e+07 339570
7430 1.19763e+07 928338
7440 1.2066e+07 678169
7450 1.25152e+07 778076
7460 1.24750e+07 469521
7470 1.35487e+07 568467
7480 1.34416e+07 447047
7490 1.27419e+07 755623
7500 1.29624e+07 906472
7510 1.14488e+07 748857
7520 1.32375e+07 530317
7530 1.27203e+07 585322
7540 1.25029e+07 345900
7550 1.22411e+07 476368
7560 1.22752e+07 540278
7570 1.37991e+07 892301
7580 1.33262e+07 941604
7590 1.26822e+07 496372
7600 1.26379e+07 343531
7610 1.2506e+07 378841
7620 1.12643e+07 650718
7630 1.25183e+07 462015
7640 1.23957e+07 337870
7650 1.21237e+07 681238
7660.12 1.14261e+07 599159
7670 1.21464e+07 574511
7680 1.25266e+07 562086
7690 1.24627e+07 452740
7700 1.28676e+07 794852
7710 1.25235e+07 413856
7720 1.23184e+07 696310
7730 1.31747e+07 808720
7740 1.27553e+07 486442
7750 1.22422e+07 837992
7760 1.4336e+07 628117
7770 1.13859e+07 533409
7780 1.24647e+07 520457
7790 1.29171e+07 763861
7800 1.18908e+07 294219
7810 1.31438e+07 723917
7820 1.31242e+07 827338
7830 1.2678e+07 857219
7840 1.3388e+07 559226
7850 1.30119e+07 585867
7860 1.27017e+07 603520
7870 1.33169e+07 582186
7880 1.3422e+07 525693
7890 1.26585e+07 539935
7900 1.2743e+07 663011
7910 1.31922e+07 803831
7920 1.33962e+07 574580
7930 1.35415e+07 807332
7940 1.38836e+07 805857
7950 1.3118e+07 875825
7960 1.33663e+07 585746
7970 1.24101e+07 450649
7980 1.09346e+07 591882
7990 1.1184e+07 552223
8000 1.09305e+07 490200
8010 1.2813e+07 866426
8020 1.31458e+07 491629
8030 1.3118e+07 727093
8040 1.26399e+07 446685
8050 1.31005e+07 556993
8060 1.40155e+07 1.431e+06
8070 1.38403e+07 511373
8080 1.40103e+07 393397
8090 1.41227e+07 876400
8100 1.18877e+07 667864
8110 1.27986e+07 584501
8120 1.36106e+07 792235
8130 1.27244e+07 608255
8140 1.24307e+07 487439
8150 1.11077e+07 635744
8160 1.31592e+07 740596
8170 1.30006e+07 849315
8180 1.1896e+07 326766
8190 1.1966e+07 424759
8200 1.24658e+07 432519
8210 1.28604e+07 432919
8220 1.27285e+07 911637
8230 1.32169e+07 462875
8240 1.23226e+07 468079
8250 1.25039e+07 404782
8260 1.19341e+07 477439
8270 1.06275e+07 469457
8280 1.10995e+07 387633
8290 1.07388e+07 468620
8300 1.16013e+07 437144
8310 1.24854e+07 851274
8320 1.25379e+07 770134
8330 1.1625e+07 620001
8340 1.2136e+07 635492
8350 1.22803e+07 528841
8360 1.19691e+07 661298
8370 1.19681e+07 438816
8380 1.19289e+07 488432
8390 1.20866e+07 966597
8400 1.12169e+07 755092
8410 1.15982e+07 817297
8420 1.13766e+07 564859
8430 1.13395e+07 633091
8440 1.15178e+07 578773
8450 1.19258e+07 643476
8460 1.17692e+07 671914
8470 1.23875e+07 589188
8480 1.15971e+07 825264
8490 1.27234e+07 662298
8500 1.19908e+07 443513
8510 1.13674e+07 749166
8520 1.26038e+07 653200
8530 1.28584e+07 560120
8540 1.30593e+07 529186
8550 1.34282e+07 705848
8560 1.33602e+07 972703
8570 1.28141e+07 705505
8580 1.26111e+07 170041
8590 1.34539e+07 807594
8600 1.23967e+07 316897
8610 1.2778e+07 418772
8620 1.31747e+07 547849
8630 1.23153e+07 1.12491e+06
8640 1.23596e+07 415572
8650 1.32004e+07 531129
8660 1.30613e+07 920954
8670 1.1761e+07 528668
8680 1.21649e+07 692456
8690 1.19856e+07 511834
8700 1.23679e+07 567897
8710 1.22885e+07 693836
8720 1.16744e+07 349893
8730 1.17806e+07 592897
8740 1.22473e+07 821557
8750 1.31273e+07 615358
8760 1.30428e+07 528067
8770 1.31427e+07 652537
8780 1.30655e+07 586324
8790 1.22865e+07 508824
8800 1.24987e+07 460444
8810 1.2133e+07 617002
8820 1.21123e+07 711866
8830 1.28965e+07 496706
8840 1.32499e+07 496734
8850 1.3322e+07 743906
8860 1.26502e+07 417527
8870 1.26894e+07 502750
8880 1.26791e+07 499038
8890 1.33375e+07 462991
8900 1.22968e+07 834919
8910 1.27625e+07 569706
8920 1.25049e+07 300972
8930 1.32025e+07 632157
8940 1.30376e+07 523222
8950 1.28429e+07 441848
8960 1.29655e+07 538151
8970 1.25616e+07 363124
8980 1.37692e+07 618241
8990 1.31139e+07 715459
9000 1.34055e+07 881926
9010 1.27594e+07 739232
9020 1.21968e+07 620203
9030 1.28862e+07 634413
9040 1.2338e+07 679256
9050 1.42989e+07 485164
9060 1.33107e+07 745831
9070 1.38939e+07 491977
9080 1.30686e+07 626665
9090 1.26389e+07 559722
9100 1.25379e+07 410208
9110 1.33107e+07 903189
9120 1.31438e+07 341133
9130 1.27017e+07 575986
9140 1.2643e+07 288449
9150 1.17445e+07 580182
9160 1.25729e+07 541231
9170 1.26337e+07 332712
9180 1.08439e+07 441903
9190 1.28254e+07 696304
9200 1.29418e+07 728730
9210 1.31448e+07 594748
9220 1.33375e+07 612435
9230 1.37497e+07 830369
9240 1.29985e+07 625524
9250 1.32705e+07 490922
9260 1.21876e+07 816591
9270 1.27399e+07 889923
9280 1.26986e+07 449070
9290 1.45225e+07 780217
9300 1.32077e+07 309891
9310 1.27811e+07 522001
9320 1.24462e+07 529430
9330 1.34797e+07 431069
9340 1.39372e+07 743419
9350 1.26811e+07 757463
9360 1.21886e+07 490998
9370 1.31458e+07 604053
9380 1.35786e+07 878267
9390 1.27831e+07 623486
9400 1.30016e+07 654004
9410 1.30232e+07 558668
9420 1.34076e+07 840445
9430 1.13663e+07 669651
9440 1.13107e+07 687499
9450 1.13942e+07 614754
9460 1.14477e+07 566140
9470 1.31026e+07 677339
9480 1.28903e+07 568584
9490 1.07873e+07 564249
9500 1.16569e+07 762760
9510 1.34282e+07 659839
9520 1.33488e+07 1.13058e+06
9530 1.32571e+07 634065
9540 1.37301e+07 795023
9550 1.36487e+07 809824
9560 1.35972e+07 542617
9570 1.20206e+07 800011
9580 1.28728e+07 740719
9590 1.1593e+07 555065
9600 1.21505e+07 1.0688e+06
9610 1.1964e+07 798794
9620 1.18104e+07 956420
9630 1.27533e+07 273886
9640 1.2404e+07 339303
9650 1.34014e+07 704412
9660 1.30943e+07 568789
9670 1.31582e+07 629578
9680 1.32097e+07 640715
9690 1.30119e+07 697504
9700 1.3356e+07 603202
9710 1.22422e+07 448631
9720 1.26409e+07 693537
9730 1.27512e+07 830457
9740 1.35436e+07 633048
9750 1.31551e+07 595030
9760 1.34982e+07 361507
9770 1.35147e+07 617027
9780 1.30294e+07 694054
9790 1.32025e+07 444290
9800 1.32066e+07 756213
9810 1.26626e+07 972031
9820 1.31036e+07 968375
9830 1.36415e+07 1.14942e+06
9840 1.34385e+07 561427
9850 1.32685e+07 458068
9860 1.27605e+07 705721
9870 1.31747e+07 820131
9880 1.35487e+07 420267
9890 1.18074e+07 1.05085e+06
9900 1.2203e+07 571611
9910 1.28027e+07 776356
9920 1.30583e+07 622512
9930 1.22978e+07 532518
9940 1.17806e+07 551581
9950 1.23833e+07 766449
9960 1.24957e+07 282346
9970 1.32952e+07 492623
9980 1.23823e+07 599771
9990 1.2133e+07 696894
10000 1.1458e+07 544211
10010 1.12283e+07 521312
10020 1.18486e+07 1.00507e+06
10030 1.19372e+07 1.09503e+06
10040 1.08347e+07 643716
10050 1.33942e+07 542459
10060 1.36693e+07 583906
10070 1.30078e+07 655414
10080 1.36528e+07 879659
10090 1.34179e+07 606374
10100 1.34921e+07 646186
10110 1.31922e+07 891943
10120 1.11561e+07 526751
10130 1.29016e+07 861229
10140 1.27697e+07 577982
10150 1.31232e+07 609196
10160 1.39846e+07 441238
10170 1.27533e+07 456314
10180 1.23844e+07 507484
10190 1.33931e+07 681779
10200 1.29119e+07 928937
10210 1.32108e+07 726575
10220 1.32417e+07 696300
10230 1.21804e+07 746865
10240 1.28584e+07 836760
10250 1.24967e+07 626597
10260 1.22442e+07 612699
10270 1.2914e+07 896922
10280 1.25565e+07 739181
10290 1.27543e+07 688953
10300 1.1626e+07 621974
10310 1.16703e+07 472655
10320 1.1153e+07 561456
10330 1.09676e+07 661046
10340 1.23236e+07 530081
10350 1.26275e+07 407922
10360 1.14931e+07 469482
10370 1.24328e+07 757561
10380 1.13694e+07 837719
10390 1.15127e+07 525292
10400 1.23638e+07 797135
10410 1.24874e+07 654249
10420 1.30387e+07 844760
10430 1.24246e+07 827265
10440 1.28532e+07 432343
10450 1.2373e+07 510072
10460 1.19351e+07 899657
10470 1.22133e+07 675963
10480 1.16889e+07 650857
10490 1.24823e+07 236547
10500 1.36806e+07 543095
10510 1.27337e+07 421644
10520 1.30613e+07 537331
10530 1.25297e+07 812373
10540 1.27728e+07 405925
10550 1.26193e+07 402142
10560 1.18671e+07 1.12437e+06
10570 1.21464e+07 750175
10580 1.15796e+07 578115
10590 1.30552e+07 559187
10600 1.27347e+07 452366
10610 1.20969e+07 319534
10620 1.20072e+07 693379
10630 1.23823e+07 680656
10640 1.23329e+07 734380
10650 1.1999e+07 517790
10660 1.20887e+07 726519
10670 1.22381e+07 1.14825e+06
10680 1.29841e+07 983176
10690 1.31190e+07 513800
10700 1.18826e+07 648595
10710 1.24812e+07 491436
10720 1.33025e+07 824060
10730 1.34766e+07 576493
10740 1.30737e+07 393945
10750 1.22319e+07 757025
10760 1.14807e+07 556614
10770 1.19712e+07 734687
10780 1.2507e+07 643745
10790 1.35889e+07 510574
10800 1.14529e+07 649139
10810 1.3557e+07 837012
10820 1.33179e+07 529533
10830 1.29573e+07 476910
10840 1.22174e+07 837975
10850 1.25224e+07 865511
10860 1.31273e+07 769186
10870 1.23411e+07 344164
10880 1.26245e+07 370486
10890 1.26379e+07 962442
10900 1.30201e+07 785100
10910 1.2812e+07 545832
10920 1.22545e+07 803855
10930 1.26574e+07 579275
10940 1.10902e+07 758344
10950 1.25966e+07 655939
10960 1.29552e+07 634434
10970 1.30222e+07 733170
10980 1.30315e+07 608327
10990 1.34024e+07 744805
11000 1.37589e+07 593606
11010 1.28171e+07 367899
11020 1.26636e+07 514722
11030 1.25049e+07 825535
11040 1.34591e+07 280078
11050 1.31613e+07 1.11452e+06
11060 1.33396e+07 795620
11070 1.26904e+07 620202
11080 1.31355e+07 737971
11090 1.21309e+07 570533
11100 1.31891e+07 571427
11110 1.14446e+07 731532
11120 1.21608e+07 629307
11130 1.25008e+07 560714
11140 1.31551e+07 862782
11150 1.30727e+07 936178
11160 1.09872e+07 632060
11170 1.19866e+07 466680
11180 1.2406e+07 594797
11190 1.25235e+07 421829
11200 1.3661e+07 460117
11210 1.34045e+07 489999
11220 1.26409e+07 549563
11230 1.22484e+07 732759
11240 1.22865e+07 722360
11250 1.20959e+07 512632
11260 1.18125e+07 471212
11270 1.1864e+07 293271
11280 1.05276e+07 548417
11290 1.28027e+07 401495
11300 1.26883e+07 569919
11310 1.14745e+07 527416
11320 1.15436e+07 576365
11330 1.15085e+07 773222
11340 1.17208e+07 785290
11350 1.33942e+07 626401
11360 1.30655e+07 507039
11370 1.26997e+07 1.02834e+06
11380 1.28532e+07 302832
11390 1.28955e+07 769516
11400 1.27594e+07 574199
11410 1.32386e+07 223869
11420 1.271e+07 702557
11430 1.31345e+07 372312
11440 1.3152e+07 489775
11450 1.34776e+07 766165
11460 1.28656e+07 518790
11470 1.08429e+07 593304
11480 1.23102e+07 679369
11490 1.35528e+07 351315
11500 1.36044e+07 586213
11510 1.33499e+07 311017
11520 1.24709e+07 450520
11530 1.26492e+07 695142
11540 1.26523e+07 755531
11550 1.25616e+07 486854
11560 1.26801e+07 435780
11570 1.36446e+07 733968
11580 1.35467e+07 707204
11590 1.26172e+07 714462
11600 1.18558e+07 484846
11610 1.21072e+07 617389
11620 1.15291e+07 403767
11630 1.21381e+07 597023
11640 1.3726e+07 601507
11650 1.34539e+07 510763
11660 1.23267e+07 838424
11670 1.17558e+07 616652
11680 1.07223e+07 480725
11690 1.14962e+07 515981
11700 1.33797e+07 443588
11710 1.36786e+07 545141
11720 1.33859e+07 858108
11730 1.35941e+07 580379
11740 1.30521e+07 513325
11750 1.35549e+07 523356
11760 1.19186e+07 349910
11770 1.25204e+07 716122
11780 1.23298e+07 506654
11790 1.25729e+07 732161
11800 1.36858e+07 726606
11810 1.45132e+07 701936
11820 1.41319e+07 868692
11830 1.16435e+07 760833
11840 1.26451e+07 804807
11850 1.29593e+07 672841
11860 1.31366e+07 494199
11870 1.26337e+07 661523
11880 1.31345e+07 647733
11890 1.22391e+07 523242
11900 1.31366e+07 702666
11910 1.30861e+07 350324
11920 1.32118e+07 281557
11930 1.34416e+07 1.05133e+06
11940 1.30603e+07 843373
11950 1.29717e+07 809325
11960 1.3218e+07 509872
11970 1.32417e+07 631644
11980 1.2949e+07 583571
11990 1.3287e+07 876696
12000 1.28779e+07 459465
12010 1.17105e+07 776999
12020 1.06275e+07 1.02589e+06
12030 1.03545e+07 583129
12040 1.14704e+07 501395
12050 1.22556e+07 651342
12060 1.20814e+07 607619
12070 1.1863e+07 504120
12080 1.16002e+07 690744
12090 1.2337e+07 269201
12100 1.30964e+07 1.03544e+06
12110 1.35158e+07 569620
12120 1.31211e+07 702696
12130 1.22844e+07 366182
12140 1.28862e+07 796105
12150 1.30541e+07 754762
12160 1.21628e+07 546108
12170 1.2847e+07 686889
12180 1.17507e+07 616635
12190 1.21762e+07 662029
12200 1.25029e+07 733377
12210 1.28161e+07 961113
12220 1.16219e+07 654343
12230 1.27244e+07 653989
12240 1.37826e+07 410668
12250 1.34797e+07 564465
12260 1.16672e+07 596026
12270 1.2608e+07 464762
12280 1.28491e+07 614353
12290 1.28913e+07 598524
12300 1.1288e+07 784219
12310 1.17919e+07 641357
12320 1.28965e+07 894756
12330 1.23916e+07 1.04686e+06
12340 1.14395e+07 1.01037e+06
12350 1.24575e+07 453317
12360 1.24905e+07 306456
12370 1.29181e+07 536573
12380 1.05534e+07 420890
12390 1.20598e+07 756589
12400 1.35425e+07 798579
12410 1.32375e+07 546443
12420 1.34807e+07 766047
12430 1.41587e+07 552567
12440 1.40423e+07 1.0507e+06
12450 1.38084e+07 403313
12460 1.27007e+07 556097
12470 1.27265e+07 924840
12480 1.2746e+07 1.11868e+06
12490 1.37033e+07 663300
12500 1.30809e+07 1.04517e+06
12510 1.28141e+07 903834
12520 1.30376e+07 552619
12530 1.38383e+07 1.15007e+06
12540 1.30881e+07 519905
12550 1.33478e+07 669130
12560 1.2474e+07 298929
12570 1.3082e+07 668670
12580 1.32942e+07 492387
12590 1.3051e+07 886367
12600 1.22401e+07 538041
12610 1.34271e+07 627078
12620 1.23246e+07 467149
12630 1.23885e+07 772638
12640 1.26997e+07 425299
12650 1.25585e+07 662747
12660 1.10933e+07 762141
12670 1.24328e+07 595843
12680 1.24307e+07 736548
12690 1.26698e+07 581155
12700 1.25554e+07 577915
12710 1.32746e+07 361575
12720 1.30686e+07 444063
12730 1.22504e+07 498350
12740 1.27399e+07 516778
12750 1.3423e+07 605752
12760 1.33777e+07 441833
12770 1.33849e+07 702200
12780 1.37167e+07 621757
12790 1.42267e+07 495517
12800 1.37393e+07 1.05869e+06
12810 1.27996e+07 706191
12820 1.3659e+07 1.02019e+06
12830 1.30583e+07 686363
12840 1.25389e+07 668359
12850 1.3254e+07 554685
12860 1.31922e+07 691554
12870 1.24946e+07 371949
12880 1.15446e+07 562378
12890 1.08985e+07 697124
12900 1.17733e+07 612248
12910 1.3524e+07 417318
12920 1.33612e+07 799952
12930 1.29408e+07 678232
12940 1.21556e+07 656497
12950 1.23195e+07 626375
12960 1.28718e+07 905278
12970 1.36147e+07 565409
12980 1.35632e+07 750544
12990 1.29655e+07 775250
13000 1.30531e+07 547762
13010 1.31057e+07 846983
13020 1.21082e+07 657171
13030 1.2845e+07 636189
13040 1.30737e+07 669611
13050 1.27955e+07 369483
13060 1.29635e+07 513734
13070 1.34498e+07 651120
13080 1.29964e+07 728166
13090 1.36961e+07 535346
13100 1.36219e+07 703148
13110 1.24936e+07 722342
13120 1.31922e+07 982742
13130 1.24586e+07 654491
13140 1.20629e+07 406106
13150 1.24153e+07 795449
13160 1.18269e+07 541043
13170 1.23493e+07 877790
13180 1.34447e+07 569721
13190 1.27636e+07 329209
13200 1.40856e+07 514537
13210 1.39392e+07 689445
13220 1.29367e+07 662431
13230 1.21989e+07 548995
13240 1.31809e+07 565384
13250 1.40536e+07 460168
13260 1.3048e+07 449371
13270 1.12726e+07 683383
13280 1.1558e+07 904399
13290 1.2913e+07 802153
13300 1.41134e+07 889091
13310 1.38702e+07 942656
13320 1.29336e+07 607150
13330 1.26749e+07 506360
13340 1.30212e+07 928316
13350 1.29686e+07 685825
13360 1.20093e+07 481972
13370 1.39413e+07 940706
13380 1.20804e+07 665788
13390 1.29058e+07 520442
13400 1.36652e+07 607698
13410 1.27934e+07 436225
13420 1.33045e+07 701765
13430 1.35477e+07 610249
13440 1.176e+07 630145
13450 1.17744e+07 788580
13460 1.15065e+07 501978
13470 1.17301e+07 284581
13480 1.12262e+07 598320
13490 1.28563e+07 646110
13500 1.24658e+07 814601
13510 1.28872e+07 1.06469e+06
13520 1.32499e+07 831370
13530 1.36476e+07 506816
13540 1.39238e+07 582405
13550 1.288e+07 779505
13560 1.23081e+07 777033
13570 1.38774e+07 517049
13580 1.32015e+07 814925
13590 1.2472e+07 792807
13600 1.29614e+07 356554
13610 1.33478e+07 825600
13620 1.34024e+07 615430
13630 1.17785e+07 588252
13640 1.00701e+07 426979
13650 1.23298e+07 814300
13660 1.22061e+07 551992
13670 1.36147e+07 730699
13680 1.37919e+07 799272
13690 1.34725e+07 757392
13700 1.23339e+07 893252
13710 1.24699e+07 429641
13720 1.27388e+07 506932
13730 1.20742e+07 667649
13740 1.32108e+07 675848
13750 1.38609e+07 872469
13760 1.33571e+07 760594
13770 1.40536e+07 779448
13780 1.31716e+07 726805
13790 1.20732e+07 859424
13800 1.16682e+07 890099
13810 1.40227e+07 750955
13820 1.43648e+07 778108
13830 1.31778e+07 553791
13840 1.26399e+07 200767
13850 1.29315e+07 676882
13860 1.4508e+07 521760
13870 1.25812e+07 642166
13880 1.26719e+07 560783
13890 1.31448e+07 960838
13900 1.2981e+07 596687
13910 1.27831e+07 627015
13920 1.42855e+07 741346
13930 1.41855e+07 857958
13940 1.45853e+07 712759
13950 1.38403e+07 829315
13960 1.38146e+07 683141
13970 1.27347e+07 713883
13980 1.22041e+07 595260
13990 1.25142e+07 424808
14000 1.35384e+07 890434
14010 1.45595e+07 913525
14020 1.37795e+07 545174
14030 1.4167e+07 726043
14040 1.31695e+07 477437
14050 1.30923e+07 615822
14060 1.47728e+07 470130
14070 1.38414e+07 468410
14080 1.32932e+07 634943
14090 1.29696e+07 525185
14100 1.2746e+07 947992
14110 1.41288e+07 646053
14120 1.33612e+07 610310
14130 1.23112e+07 612947
14140 1.28202e+07 357258
14150 1.36291e+07 624038
14160 1.25451e+07 577194
14170 1.30984e+07 693034
14180 1.31788e+07 448237
14190 1.2406e+07 534234
14200 1.19001e+07 663669
14210 1.30717e+07 450311
14220 1.36889e+07 1.10472e+06
14230 1.2743e+07 769089
14240 1.15281e+07 327570
14250 1.20083e+07 559756
14260 1.12066e+07 451666
14270 1.12674e+07 399361
14280 1.05956e+07 395770
14290 1.09016e+07 391414
14300 1.08522e+07 455793
14310 9.92378e+06 248335
14320 1.14446e+07 378231
14330 1.15302e+07 623528
14340 1.04895e+07 279897
14350 1.12602e+07 256493
14360 1.07254e+07 327488
14370 1.12448e+07 397669
14380 1.07223e+07 489952
14390 1.16724e+07 539558
14400 1.10284e+07 419279
14410 1.16631e+07 449744
14420 1.07223e+07 434740
14430 1.07502e+07 415000
14440 1.13292e+07 544833
14450 1.14477e+07 698989
14460 1.08542e+07 507174
14470 1.16394e+07 539025
14480 1.31932e+07 931053
14490 1.30088e+07 450247
14500 1.24483e+07 639195
14510 1.28223e+07 651814
14520 1.28718e+07 789406
14530 1.2133e+07 648749
14540 1.26255e+07 698400
14550 1.21804e+07 372352
14560 1.36312e+07 769247
14570 1.33581e+07 592279
14580 1.23164e+07 450450
14590 1.28903e+07 413645
14600 1.25194e+07 500816
14610 1.23236e+07 777092
14620 1.31695e+07 870033
14630 1.32891e+07 454280
14640 1.26461e+07 574288
14650 1.2407e+07 476166
14660 1.3387e+07 594670
14670 1.17064e+07 728771
14680 1.27388e+07 947590
14690 1.29222e+07 850467
14700 1.26719e+07 737134
14710 1.22968e+07 659665
14720 1.12365e+07 866417
14730 1.29367e+07 680854
14740 1.24431e+07 734856
14750 1.0608e+07 695570
14760 1.15858e+07 655108
14770 1.17393e+07 794839
14780 1.24802e+07 479193
14790 1.09243e+07 417180
14800 1.23174e+07 575805
14810 1.22978e+07 480033
14820 1.32365e+07 624454
14830 1.37064e+07 633903
14840 1.39681e+07 741407
14850 1.27811e+07 514823
14860 1.33025e+07 849962
14870 1.26605e+07 623334
14880 1.23256e+07 887266
14890 1.11994e+07 598792
14900 1.05667e+07 923305
14910 1.29686e+07 974517
14920 1.31654e+07 367856
14930 1.20742e+07 712004
14940 1.30026e+07 1.09271e+06
14950 1.38609e+07 1.01527e+06
14960 1.29088e+07 772286
14970 1.23844e+07 684849
14980 1.15106e+07 627596
14990 1.21711e+07 654887
15000 1.27533e+07 519504
15010 1.21525e+07 631501
15020 1.27223e+07 498345
15030 1.23854e+07 758909
15040 1.20145e+07 570019
15050 1.30655e+07 860411
15060 1.22865e+07 849281
15070 1.0745e+07 816177
15080 1.34034e+07 673642
15090 1.43153e+07 487193
15100 1.28862e+07 500956
15110 1.2e+07 613466
15120 1.26409e+07 703128
15130 1.36291e+07 909486
15140 1.34251e+07 519389
15150 1.40742e+07 836980
15160 1.28048e+07 515802
15170 1.13468e+07 354577
15180 1.20176e+07 688177
15190 1.27965e+07 655854
15200 1.21175e+07 290181
15210 1.30418e+07 1.11223e+06
15220 1.23658e+07 916197
15230 1.15765e+07 827812
15240 1.22607e+07 429052
15250 1.26677e+07 1.06224e+06
15260 1.34024e+07 858429
15270 1.42319e+07 724062
15280 1.38321e+07 748229
15290 1.3557e+07 450446
15300 1.35106e+07 982591
15310 1.27182e+07 579275
15320 1.26842e+07 681029
15330 1.21e+07 849691
15340 1.26729e+07 570654
15350 1.36085e+07 795286
15360 1.32324e+07 784429
15370 1.41391e+07 588543
15380 1.38166e+07 700465
15390 1.35168e+07 850627
15400 1.25616e+07 1.10282e+06
15410 1.22164e+07 481615
15420 1.30706e+07 354757
15430 1.35735e+07 596988
15440 1.34951e+07 561084
15450 1.25431e+07 672434
15460 1.30995e+07 859200
15470 1.30119e+07 828384
15480 1.24895e+07 1.08254e+06
15490 1.27996e+07 623254
15500 1.22659e+07 622159
15510 1.28697e+07 495604
15520 1.33478e+07 1.07461e+06
15530 1.41546e+07 661482
15540 1.38156e+07 920706
15550 1.30644e+07 346252
15560 1.2574e+07 549936
15570 1.31026e+07 710789
15580 1.30088e+07 866348
15590 1.2879e+07 544414
15600 1.34003e+07 691594
15610 1.2101e+07 969215
15620 1.20732e+07 587606
15630 1.15673e+07 363256
15640 1.1524e+07 806405
15650 1.16095e+07 668902
15660 1.19351e+07 552947
15670 1.20186e+07 651377
15680 1.22772e+07 407040
15690 1.27687e+07 551459
15700 1.41258e+07 606730
15710 1.33447e+07 462099
15720 1.27553e+07 527867
15730 1.27522e+07 656233
15740 1.23133e+07 757741
15750 1.29552e+07 704966
15760 1.32623e+07 905959
15770 1.31541e+07 661076
15780 1.20258e+07 1.06838e+06
15790 1.20052e+07 286629
15800 1.08563e+07 607492
15810 1.18846e+07 665223
15820 1.27594e+07 530670
15830 1.29717e+07 754588
15840 1.31592e+07 838033
15850 1.29717e+07 571994
15860 1.14436e+07 737576
15870 1.21278e+07 697530
15880 1.14313e+07 739585
15890 1.33025e+07 721544
15900 1.3694e+07 704657
15910 1.28192e+07 765999
15920 1.16713e+07 702894
15930 1.20577e+07 1.12025e+06
15940 1.19856e+07 504490
15950 1.31561e+07 460200
15960 1.36487e+07 859093
15970 1.25966e+07 656418
15980 1.31273e+07 716580
15990 1.32757e+07 560335
16000 1.31623e+07 418692
16010 1.39372e+07 481193
16020 1.271e+07 713614
16030 1.176e+07 588942
16040 1.30047e+07 437280
16050 1.35199e+07 796875
16060 1.39197e+07 711725
16070 1.41968e+07 980083
16080 1.26904e+07 812508
16090 1.32087e+07 403075
16100 1.29882e+07 460991
16110 1.22391e+07 783479
16120 1.27914e+07 1.16038e+06
16130 1.27141e+07 757091
16140 1.27296e+07 498641
16150 1.29346e+07 476589
16160 1.30747e+07 519768
16170 1.30006e+07 373148
16180 1.23658e+07 889889
16190 1.26956e+07 643778
16200 1.16404e+07 435157
16210 1.24338e+07 383331
16220 1.25554e+07 638357
16230 1.26234e+07 646813
16240 1.27347e+07 864049
16250 1.23143e+07 747771
16260 1.24503e+07 788363
16270 1.0812e+07 784694
16280 1.21206e+07 580266
16290 1.2746e+07 816524
16300 1.13416e+07 623566
16310 1.02885e+07 801720
16320 1.11757e+07 527881
16330 1.2101e+07 651138
16340 1.10407e+07 790888
16350 1.22432e+07 654557
16360 1.14374e+07 598101
16370 1.09171e+07 536358
16380 1.1322e+07 783402
16390 1.15147e+07 663021
16400 1.15425e+07 598324
16410 1.26904e+07 369128
16420 1.26265e+07 716701
16430 1.34158e+07 798560
16440 1.3659e+07 535219
16450 1.39547e+07 695031
16460 1.28965e+07 925596
16470 1.244e+07 415313
16480 1.21536e+07 727007
16490 1.29119e+07 810811
16500 1.23329e+07 562080
16510 1.22113e+07 639583
16520 1.1795e+07 403465
16530 1.37095e+07 803550
16540 1.2846e+07 636794
16550 1.21731e+07 539160
16560 1.25709e+07 542453
16570 1.26976e+07 731236
16580 1.35879e+07 888685
16590 1.29408e+07 668904
16600 1.28748e+07 447719
16610 1.28099e+07 661687
16620 1.21515e+07 753708
16630 1.28604e+07 689398
16640 1.26636e+07 759654
16650 1.19052e+07 506145
16660 1.16136e+07 646210
16670 1.28357e+07 518678
16680 1.30222e+07 729096
16690 1.25698e+07 431695
16700 1.2678e+07 293651
16710 1.25451e+07 547627
16720 1.33674e+07 938140
16730 1.22968e+07 549611
16740.2 1.17909e+07 537592
16750 1.19681e+07 496855
16760 1.2982e+07 665735
16770 1.22288e+07 570252
16780 1.19671e+07 716437
16790 1.10696e+07 1.16401e+06
16800 1.17363e+07 577913
16810 1.33942e+07 808523
16820 1.19021e+07 715179
16830 1.21402e+07 694900
16840 1.27759e+07 838094
16850 1.14611e+07 756106
16860 1.13746e+07 1.03987e+06
16870 1.10242e+07 628439
16880 1.20536e+07 926000
16890 1.1288e+07 765431
16900 1.2441e+07 815871
16910 1.28481e+07 448436
16920 1.40588e+07 528122
16930 1.35632e+07 413384
16940 1.20485e+07 655701
16950 1.10809e+07 966347
16960 1.21515e+07 532968
16970 1.29913e+07 777214
16980 1.30696e+07 485590
16990 1.38403e+07 407983
17000 1.33179e+07 484198
17010 1.25668e+07 530740
17020 1.30212e+07 684656
17030 1.28058e+07 426518
17040 1.20948e+07 736477
17050 1.1727e+07 943593
17060 1.22927e+07 610156
17070 1.24596e+07 420615
17080 1.35353e+07 896743
17090 1.37795e+07 504462
17100 1.31664e+07 594896
17110 1.26327e+07 598589
17120 1.25152e+07 810142
17130 1.23885e+07 570368
17140 1.10098e+07 537764
17150 1.3254e+07 250692
17160 1.34416e+07 532809
17170 1.34776e+07 832923
17180 1.30789e+07 721758
17190 1.21216e+07 402793
17200 1.27512e+07 455291
17210 1.34385e+07 761855
17220 1.3356e+07 379914
17230 1.30871e+07 561533
17240 1.2947e+07 888443
17250 1.23329e+07 1.19771e+06
17260 1.16394e+07 581972
17270 1.05255e+07 621206
17280 1.19238e+07 455607
17290 1.37157e+07 891286
17300 1.28182e+07 816402
17310 1.23236e+07 798571
17320 1.28099e+07 397063
17330 1.36425e+07 606440
17340 1.33323e+07 573388
17350 1.19258e+07 671513
17360 1.20577e+07 728470
17370 1.27357e+07 543543
17380 1.28048e+07 694397
17390 1.1864e+07 580009
17400 1.27749e+07 711165
17410 1.35704e+07 674370
17420 1.40093e+07 698032
17430 1.34364e+07 757251
17440 1.33313e+07 528893
17450 1.41494e+07 1.21694e+06
17460 1.35817e+07 595605
17470 1.29264e+07 838447
17480 1.47533e+07 324053
17490 1.38991e+07 501523
17500 1.25358e+07 515255
17510 1.24617e+07 599063
17520 1.39506e+07 776366
17530 1.32448e+07 678310
17540 1.2881e+07 810257
17550 1.26914e+07 791443
17560 1.36198e+07 805957
17570 1.41577e+07 1.00603e+06
17580 1.36724e+07 501941
17590 1.24143e+07 796772
17600 1.33086e+07 446554
17610 1.21402e+07 543561
17620 1.18444e+07 837798
17630 1.21659e+07 688332
17640 1.40258e+07 362853
17650 1.33643e+07 747982
17660 1.20567e+07 735539
17670 1.25008e+07 499043
17680 1.24029e+07 480303
17690 1.25328e+07 688593
17700 1.32128e+07 302367
17710 1.26069e+07 742503
17720 1.18681e+07 671726
17730 1.24009e+07 1.07145e+06
17740 1.11984e+07 773108
17750 1.18434e+07 482035
17760 1.3116e+07 917638
17770 1.36981e+07 510509
17780 1.23462e+07 680227
17790 1.27914e+07 556264
17800 1.33138e+07 911438
17810 1.30552e+07 1.03913e+06
17820 1.16961e+07 943276
17830 1.2575e+07 517734
17840 1.33056e+07 408598
17850 1.23967e+07 480364
17860 1.33241e+07 965669
17870 1.29428e+07 314812
17880 1.38826e+07 920669
17890 1.36889e+07 512516
17900 1.11366e+07 559920
17910 1.06265e+07 728685
17920 1.16415e+07 1.06646e+06
17930 1.26286e+07 608298
17940 1.32633e+07 643710
17950 1.32386e+07 645791
17960 1.33251e+07 459865
17970 1.2678e+07 413189
17980 1.33025e+07 486782
17990 1.25977e+07 902358
18000 1.30016e+07 514514
18010 1.4371e+07 847859
18020 1.3829e+07 380010
18030 1.32973e+07 1.11512e+06
18040 1.3083e+07 312683
18050 1.26069e+07 489755
18060 1.24081e+07 582648
18070 1.26708e+07 519829
18080 1.21412e+07 320748
18090 1.32891e+07 778461
18100 1.30954e+07 436705
18110 1.28573e+07 650260
18120 1.31582e+07 724603
18130 1.27728e+07 511251
18140 1.20773e+07 717168
18150 1.15941e+07 946996
18160 1.22813e+07 630504
18170 1.25668e+07 576110
18180 1.26389e+07 575030
18190 1.28068e+07 760979
18200 1.22793e+07 822973
18210 9.63939e+06 409114
18220 1.21855e+07 590120
18230 1.24823e+07 1.12586e+06
18240 1.35281e+07 381252
18250 1.34179e+07 676331
18260 1.28924e+07 642774
18270 1.23452e+07 877648
18280 1.20124e+07 578119
18290 1.24153e+07 690136
18300 1.32324e+07 929377
18310 1.24750e+07 743462
18320 1.25152e+07 601772
18330 1.2609e+07 694983
18340 1.16394e+07 756431
18350 1.20217e+07 726308
18360 1.25874e+07 640054
18370 1.23617e+07 573784
18380 1.3253e+07 554721
18390 1.28831e+07 715646
18400 1.27934e+07 464259
18410 1.24246e+07 794119
18420 1.22525e+07 1.16723e+06
18430 1.21175e+07 556022
18440 1.25224e+07 544448
18450 1.27223e+07 712223
18460 1.16672e+07 595559
18470 1.19094e+07 470913
18480 1.22741e+07 617444
18490 1.25637e+07 479804
18500 1.31541e+07 748798
18510 1.26111e+07 682662
18520 1.22113e+07 488427
18530 1.12241e+07 434100
18540 1.12344e+07 771760
18550 1.27038e+07 690166
18560 1.39238e+07 646895
18570 1.33581e+07 884752
18580 1.18444e+07 533585
18590 1.02051e+07 495231
18600 1.1354e+07 653493
18610 1.06389e+07 744502
18620 1.29707e+07 969598
18630 1.20103e+07 613810
18640 1.06615e+07 633779
18650 8.10306e+06 651559
18660 1.10923e+07 907451
18670 1.21031e+07 662309
18680 1.32901e+07 606667
18690 1.39341e+07 617801
18700 1.29501e+07 555385
18710 1.35776e+07 685617
18720 1.29614e+07 644439
18730 1.29799e+07 511546
18740 1.26368e+07 498612
18750 1.30644e+07 686901
18760 1.28099e+07 534375
18770 1.21082e+07 459368
18780 1.28099e+07 584870
18790 1.26945e+07 584226
18800 1.1458e+07 813907
18810 1.24122e+07 387617
18820 1.20268e+07 592930
18830 1.31757e+07 856421
18840 1.22875e+07 715683
18850 1.22401e+07 372192
18860 1.27234e+07 477445
18870 1.23473e+07 823956
18880 1.18867e+07 689103
18890 1.15559e+07 343052
18900 1.24369e+07 579097
18910 1.23936e+07 565001
18920 1.25266e+07 653801
18930 1.18857e+07 547968
18940 1.19784e+07 788414
18950 1.22525e+07 629894
18960 1.23596e+07 585592
18970 1.14457e+07 498481
18980 1.10098e+07 351099
18990 1.19939e+07 811535
19000 1.14787e+07 857184
19010 1.22535e+07 429910
19020 1.1456e+07 703720
19030 1.21494e+07 737302
19040 1.35436e+07 686854
19050 1.27945e+07 586576
19060 1.1831e+07 472866
19070 1.2777e+07 548405
19080 1.29212e+07 761525
19090 1.37517e+07 627330
19100 1.32963e+07 607027
19110 1.28254e+07 705356
19120 1.28893e+07 595419
19130 1.24338e+07 522773
19140 1.28213e+07 743753
19150 1.31592e+07 589994
19160 1.33993e+07 728425
19170 1.21628e+07 562189
19180 1.2338e+07 387854
19190 1.17867e+07 362227
19200 1.27368e+07 605245
19210 1.23669e+07 573691
19220 1.24009e+07 754422
19230 1.14817e+07 690324
19240 1.33725e+07 1.4611e+06
19250 1.30871e+07 553162
19260 1.26368e+07 558007
19270 1.21412e+07 333670
19280 1.33756e+07 449235
19290 1.31458e+07 235246
19300 1.17301e+07 893869
19310 1.13406e+07 959834
19320 1.15714e+07 623534
19330 1.23164e+07 601002
19340 1.14385e+07 437088
19350 1.28182e+07 755285
19360 1.33426e+07 623388
19370 1.26667e+07 589369
19380 1.31294e+07 609318
19390 1.29995e+07 554967
19400 1.31675e+07 941715
19410 1.40155e+07 542509
19420 1.34508e+07 534731
19430 1.44936e+07 542587
19440 1.37785e+07 566890
19450 1.36641e+07 830258
19460 1.29769e+07 670896
19470 1.30047e+07 533737
19480 1.28748e+07 582247
19490 1.30686e+07 355967
19500 1.35013e+07 1.16936e+06
19510 1.38826e+07 647946
19520 1.2575e+07 732609
19530 1.21773e+07 377033
19540 1.22432e+07 507908
19550 1.36909e+07 676822
19560 1.32715e+07 852920
19570 1.26214e+07 332863
19580 1.29109e+07 396911
19590 1.33942e+07 840374
19600 1.34951e+07 499793
19610 1.36044e+07 687126
19620 1.30552e+07 593971
19630 1.36662e+07 893090
19640 1.33787e+07 433548
19650 1.18177e+07 366269
19660 1.27357e+07 898900
19670 1.33828e+07 368102
19680 1.261e+07 579108
19690 1.12355e+07 884860
19700 1.18537e+07 784621
19710 1.30253e+07 1.04244e+06
19720 1.36095e+07 301448
19730 1.39362e+07 469351
19740 1.41144e+07 834606
19750 1.36095e+07 710245
19760 1.37321e+07 385891
19770 1.42123e+07 668674
19780 1.43555e+07 836209
19790 1.33076e+07 620555
19800 1.16559e+07 557861
19810 1.18681e+07 493508
19820 1.25637e+07 738078
19830 1.17517e+07 399061
19840 1.24544e+07 350916
19850 1.33107e+07 677689
19860 1.27326e+07 385359
19870 1.38465e+07 534303
19880 1.339e+07 508460
19890 1.31623e+07 515329
19900 1.37703e+07 1.05074e+06
19910 1.35003e+07 482110
19920 1.24349e+07 711184
19930 1.1863e+07 690922
19940 1.09851e+07 505053
19950 1.1591e+07 422292
19960 1.28254e+07 888169
19970 1.38857e+07 498967
19980 1.37033e+07 598881
19990 1.27594e+07 805166
20000 1.16579e+07 584513
20010 1.12314e+07 692166
20020 1.17435e+07 931771
20030 1.13529e+07 896928
20040 1.2508e+07 762608
20050 1.35879e+07 417658
20060 1.30356e+07 727659
20070 1.22875e+07 521798
20080 1.2136e+07 977700
20090 1.26667e+07 902617
20100 1.31819e+07 569077
20110 1.35395e+07 716705
20120 1.32097e+07 823620
20130 1.24349e+07 194366
20140 1.37517e+07 770247
20150 1.33571e+07 747565
20160 1.36332e+07 523584
20170 1.40711e+07 585235
20180 1.39114e+07 445374
20190 1.29222e+07 506271
20200 1.22061e+07 558974
20210 1.23895e+07 560209
20220 1.32221e+07 705194
20230 1.20979e+07 1.02466e+06
20240 1.05327e+07 638407
20250 1.27151e+07 764410
20260 1.3898e+07 737840
20270 1.2845e+07 576810
20280 1.22885e+07 526340
20290 1.17095e+07 329680
20300 1.34622e+07 790894
20310 1.24998e+07 593255
20320 1.40042e+07 975534
20330 1.4067e+07 721649
20340 1.36487e+07 623428
20350 1.43895e+07 578864
20360 1.44441e+07 706524
20370 1.37497e+07 617833
20380 1.38156e+07 728852
20390 1.39207e+07 555429
20400 1.383e+07 1.07449e+06
20410 1.26863e+07 557648
20420 1.22473e+07 536227
20430 1.27904e+07 519643
20440 1.27193e+07 735536
20450 1.32056e+07 383212
20460 1.32757e+07 660940
20470 1.28171e+07 453138
20480 1.36033e+07 719514
20490 1.31737e+07 679791
20500 1.26605e+07 405359
20510 1.32025e+07 842135
20520 1.20093e+07 827760
20530 1.23596e+07 706120
20540 1.24833e+07 751865
20550 1.28037e+07 580295
20560 1.27914e+07 344301
20570 1.27347e+07 503300
20580 1.32468e+07 518184
20590 1.2643e+07 523678
20600 1.31768e+07 826094
20610 1.33622e+07 547178
20620 1.27667e+07 454902
20630 1.28759e+07 427711
20640 1.22267e+07 366613
20650 1.2202e+07 648076
20660 1.29058e+07 1.10299e+06
20670 1.3218e+07 646875
20680 1.30933e+07 956403
20690 1.18310e+07 700274
20700 1.18836e+07 549508
20710 1.21319e+07 419680
20720 1.29109e+07 940831
20730 1.29305e+07 552963
20740 1.18681e+07 856465
20750 1.17033e+07 800864
20760 1.1457e+07 597796
20770 1.17929e+07 545055
20780 1.24998e+07 359138
20790 1.19753e+07 881788
20800 1.08522e+07 742584
20810 1.21968e+07 434009
20820 1.2914e+07 780182
20830 1.20701e+07 703980
20840 1.18908e+07 688621
20850 1.27162e+07 605869
20860 1.18651e+07 445049
20870 1.25224e+07 616506
20880 1.18857e+07 310468
20890 1.27316e+07 556994
20900 1.33612e+07 471181
20910 1.33663e+07 650537
20920 1.32808e+07 585237
20930 1.27996e+07 689892
20940 1.23153e+07 512568
20950 1.28955e+07 514105
20960 1.20928e+07 544582
20970 1.36868e+07 830884
20980 1.41371e+07 992058
20990 1.33931e+07 350511
21000 1.39743e+07 732793
21010 1.45503e+07 447563
21020 1.33973e+07 898918
21030 1.42216e+07 1.16201e+06
21040 1.3695e+07 881517
21050 1.33457e+07 434560
21060 1.33705e+07 472067
21070.1 1.37383e+07 813725
21080 1.11355e+07 789528
21090 1.29779e+07 306962
21100 1.36085e+07 718201
21110 1.29655e+07 874915
21120 1.24246e+07 755490
21130 1.28625e+07 963996
21140 1.32252e+07 624791
21150 1.27172e+07 591641
21160 1.27306e+07 662994
21170 1.2508e+07 611665
21180 1.3999e+07 418068
21190 1.33931e+07 722363
21200 1.33189e+07 653543
21210 1.37538e+07 718221
21220 1.33674e+07 742416
21230 1.29418e+07 840983
21240 1.29738e+07 856964
21250 1.39866e+07 853942
21260 1.40856e+07 967588
21270 1.39279e+07 546363
21280 1.44555e+07 499373
21290 1.3049e+07 229560
21300 1.28553e+07 622392
21310 1.35662e+07 708746
21320 1.27017e+07 991940
21330 1.28068e+07 852753
21340 1.28985e+07 515476
21350 1.22226e+07 1.02796e+06
21360 1.25369e+07 546933
21370 1.3354e+07 606339
21380 1.36456e+07 967672
21390 1.3761e+07 575265
21400 1.26646e+07 612642
21410 1.23772e+07 389286
21420 1.17043e+07 603608
21430 1.25451e+07 428447
21440 1.31376e+07 540532
21450 1.33045e+07 971186
21460 1.36837e+07 631897
21470 1.33179e+07 581005
21480 1.23339e+07 361797
21490 1.25142e+07 604773
21500 1.27718e+07 988787
21510 1.21546e+07 697514
21520 1.332e+07 429024
21530 1.35075e+07 741447
21540 1.35116e+07 421605
21550 1.33663e+07 461741
21560 1.33488e+07 435215
21570 1.31386e+07 525871
21580 1.38651e+07 534284
21590 1.36219e+07 593022
