# TimeStamp(s) Sum Stdev
0 5.37353e+06 23785.5
10.25 4.76045e+06 72889.4
22.875 3.84442e+06 61097.2
30.25 2.70068e+06 574781
40.25 6.60177e+06 754801
50.125 6.80476e+06 251117
60.375 5.16848e+06 240077
70.125 4.74911e+06 241609
80 1.26018e+06 218802
91.25 7.27153e+06 315532
100.375 5.1149e+06 648447
110.25 4.92428e+06 515898
122.625 3.29522e+06 468023
130 2.03298e+06 287036
140.5 6.90986e+06 1.00517e+06
151.625 2.68831e+06 227616
160.25 6.39981e+06 1.29513e+06
170.375 3.95646e+06 452602
180.125 4.12572e+06 509614
192.125 1.73519e+06 200888
200.625 6.38951e+06 876909
211.125 3.54694e+06 421300
220.125 6.92501e+06 691556
230.125 5.01804e+06 631140
243 4.169e+06 391887
251.125 3.2911e+06 339388
261 5.3045e+06 807313
270.25 4.83257e+06 745288
281.125 6.62856e+06 863821
291.5 1.92169e+06 403123
300.625 8.14431e+06 1.59782e+06
310.875 4.92531e+06 1.26737e+06
320.75 1.21381e+06 447777
330.875 7.90931e+06 1.78942e+06
340.375 5.03762e+06 1.19355e+06
350.25 4.4235e+06 536552
361.125 1.06543e+06 150739
371 8.26586e+06 993325
381.75 3.29006e+06 316370
390.125 5.43154e+06 792854
400.375 6.6499e+06 569083
410.5 5.0572e+06 373051
420.5 1.69913e+06 359553
430 8.87586e+06 535952
441.5 2.86966e+06 444957
450 7.66411e+06 946765
460.625 5.30862e+06 603244
472.375 3.76302e+06 297995
480.375 4.44205e+06 340333
492 5.95056e+06 1.04582e+06
500 3.41062e+06 783245
510.25 8.06803e+06 1.41222e+06
520.625 4.92428e+06 534532
531.5 2.22875e+06 488111
540.875 7.01702e+06 1.17113e+06
551.875 3.00519e+06 566145
560 8.49407e+06 1.28062e+06
570.875 5.31789e+06 799107
581.625 2.41731e+06 218697
590.875 8.2432e+06 895151
601.375 3.86812e+06 467579
610.125 7.04793e+06 773064
620 5.37147e+06 717196
633.375 4.92531e+06 533664
640.375 2.40083e+06 669820
650.875 8.27514e+06 904153
660.25 2.53478e+06 517242
670.5 8.45443e+06 710594
680.375 5.40135e+06 657165
690 1.32612e+06 203881
700.5 7.95468e+06 836596
712.875 3.78878e+06 338555
720.375 4.9624e+06 839545
730.125 6.30089e+06 755763
740.125 5.18497e+06 645736
750.625 1.56105e+06 226603
760.125 8.25556e+06 951914
772 2.26482e+06 311425
780.25 7.57859e+06 971450
790.25 5.20661e+06 593676
802.5 4.94798e+06 509203
810.5 1.63524e+06 428891
820 8.0536e+06 690351
831.25 1.54354e+06 201747
840 8.22774e+06 745237
850 4.71614e+06 431828
861.5 2.19887e+06 296840
870.25 6.16542e+06 1.05018e+06
880.125 6.50334e+06 1.2877e+06
891.625 1.79677e+06 289347
900.125 7.69011e+06 870610
911 4.19166e+06 473006
920.25 4.43072e+06 543820
931.375 1.46316e+06 177851
940.375 7.11158e+06 1.1409e+06
950.25 4.47836e+06 720685
960.125 483254 96461.4
970.375 7.96087e+06 1.11157e+06
980.25 4.31222e+06 617985
991.125 2.52242e+06 537043
1000.5 4.13087e+06 582469
1010 7.17879e+06 1.03288e+06
1020.5 1.18187e+06 177337
1030.25 8.7584e+06 1.24888e+06
1040.75 4.99332e+06 683561
1051.75 3.52087e+06 436545
1060 4.13396e+06 867332
1070.25 7.90419e+06 933807
1080.75 2.50387e+06 327235
1090.12 8.64093e+06 1.28433e+06
1100.25 4.94695e+06 423268
1111.75 4.05359e+06 818083
1120.12 5.24037e+06 566515
1130.25 7.17182e+06 668322
1140.25 2.31530e+06 366569
1150 8.97375e+06 865213
1160 5.4096e+06 661576
1171.12 1.9186e+06 180886
1180.12 8.46988e+06 742337
1191.88 3.6404e+06 392527
1200.25 7.25813e+06 637120
1213 4.15354e+06 736457
1220 4.42269e+06 903272
1230.25 7.14551e+06 1.15862e+06
1240.25 1.4034e+06 344600
1250.12 9.01059e+06 1.64839e+06
1260.38 5.27358e+06 1.09128e+06
1271.62 2.27615e+06 353790
1280.62 7.8964e+06 926374
1293 3.84465e+06 577995
1300.12 4.72105e+06 837026
1310.12 6.86421e+06 1.05504e+06
1323.5 4.56982e+06 449209
1331.12 1.09737e+06 366192
1340.12 9.0026e+06 1.30783e+06
1352 3.09223e+06 309736
1360.62 5.8063e+06 635492
1370.12 5.66823e+06 1.0701e+06
1382.88 4.93149e+06 487460
1390.12 2.33282e+06 517331
1400.12 8.03815e+06 716959
1411.25 1.49614e+06 208874
1420.5 7.95984e+06 706637
1430.25 4.89955e+06 674806
1440 5.81351e+06 381640
1450.88 1.99485e+06 461592
1460.12 8.73985e+06 1.18057e+06
1470 1.57136e+06 274636
1480.12 9.02836e+06 1.16997e+06
1490.12 5.98353e+06 752064
1502 3.89079e+06 405695
1510.38 6.53582e+06 639162
1522.75 5.07781e+06 527866
1530.5 3.28594e+06 494085
1540.5 7.51883e+06 1.14585e+06
1551.62 4.39671e+06 411262
1560.62 993303 197740
1570.38 8.12367e+06 886527
1580.12 5.20661e+06 640320
1592.38 3.85369e+06 419353
1600.62 2.38616e+06 622787
1610.62 8.00851e+06 991618
1622.25 3.33643e+06 521614
1630.5 2.2607e+06 384025
1641.25 6.88204e+06 763601
1650.5 4.82124e+06 572742
1663.12 3.88873e+06 351234
1670.75 2.72231e+06 520718
1681 7.81249e+06 879144
1691.12 1.86296e+06 403701
1700.25 8.33284e+06 1.1314e+06
1710.38 5.17261e+06 582374
1721.12 2.13396e+06 259221
1730.62 8.39466e+06 880633
1742.25 5.44463e+06 407043
1750.62 2.42865e+06 200968
1760.25 8.34315e+06 620757
1770.38 5.33232e+06 315611
1781.25 1.53941e+06 212401
1790 8.7347e+06 479983
1801 3.07162e+06 209417
1810 8.05257e+06 274804
1820.75 5.12933e+06 322602
1833.25 4.71511e+06 461239
1840.88 4.86039e+06 876964
1850.75 3.91091e+06 863963
1860.25 8.77949e+06 723039
1870.88 5.84443e+06 561334
1881.62 2.7048e+06 303534
1890.25 9.13655e+06 876497
1900.88 2.97452e+06 368607
1910.25 9.04097e+06 1.04473e+06
1920 5.98971e+06 725370
1930.5 1.99382e+06 249724
1940 9.12419e+06 812213
1951.25 2.38537e+06 350247
1960 8.47813e+06 772195
1970.12 5.8877e+06 563567
1981 2.05668e+06 212688
1990.38 9.23856e+06 725105
2000.25 5.39414e+06 470651
2010.12 1.99073e+06 210004
2020.12 9.20559e+06 893855
2032.75 4.43896e+06 420429
2040.12 7.31996e+06 691007
2050.12 5.80012e+06 529221
2062.75 4.32252e+06 313767
2070.38 6.02759e+06 392284
2083.25 5.51906e+06 601921
2090.75 4.34162e+06 647304
2100.12 7.95414e+06 688992
2113.62 5.8197e+06 690103
2120.5 4.80475e+06 430047
2133.5 6.86761e+06 816805
2140.88 3.27515e+06 652736
2150.12 8.37866e+06 850848
2162.5 4.86967e+06 483013
2170.12 3.91861e+06 379881
2180.38 7.90523e+06 964623
2191.25 1.92890e+06 218138
2200.38 8.70172e+06 951817
2210 5.20352e+06 541178
2221.38 3.5013e+06 287505
2230.12 6.55746e+06 762638
2242.38 3.86866e+06 668242
2250.12 7.71406e+06 819647
2260.12 4.9047e+06 496319
2271.88 4.1216e+06 465648
2280.5 5.48869e+06 511851
2290.75 3.22618e+06 506475
2300.5 8.20635e+06 760505
2310.25 5.57343e+06 516350
2323.38 4.21021e+06 307852
2330.12 4.18009e+06 681086
2341.5 5.39232e+06 830737
2350.38 8.26484e+06 666103
2360.12 5.38281e+06 429033
2371.62 3.38383e+06 290160
2380.25 7.60617e+06 562411
2391.62 3.12956e+06 360989
2400 7.95056e+06 726767
2410.62 6.00002e+06 634865
2423.38 4.50182e+06 388597
2430.75 4.53479e+06 631395
2441.25 4.71614e+06 961929
2450.25 8.39879e+06 649062
2460.5 5.67235e+06 309176
2471.62 3.82278e+06 135987
2480.62 7.17673e+06 512599
2491.62 3.85654e+06 450314
2500.38 7.52628e+06 388928
2510.38 5.58477e+06 412235
2522.38 4.2978e+06 323519
2530.75 5.4619e+06 762988
2542.25 6.25992e+06 1.22844e+06
2550.25 7.10976e+06 640755
2560.25 7.1417e+06 730940
2572.12 4.77384e+06 427959
2580.5 8.74294e+06 527041
2590 6.17621e+06 527667
2600.38 3.03556e+06 241491
2610.12 9.68061e+06 1.06433e+06
2620.5 6.16385e+06 775426
2630.62 3.39104e+06 498771
2641.5 8.94902e+06 976701
2650.62 2.57394e+06 360866
2660 8.89029e+06 1.25883e+06
2671.12 5.55179e+06 467718
2680.12 1.73313e+06 491912
2690.5 8.71924e+06 744706
2701.12 1.95467e+06 329607
2711.12 8.99642e+06 694110
2720 5.70017e+06 540142
2730.62 2.18547e+06 227877
2740.12 9.38591e+06 545257
2753 4.96034e+06 301052
2760.25 7.55489e+06 571426
2770.38 5.72181e+06 508152
2782.25 4.11850e+06 183017
2790.88 5.92686e+06 734887
2802.5 6.41424e+06 553931
2810.5 4.0031e+06 945978
2820.12 7.8197e+06 897406
2830.75 5.94128e+06 441614
2840.38 3.07162e+06 606041
2850.25 8.3349e+06 568107
2860.38 2.7491e+06 462903
2870 9.40343e+06 659304
2882.75 5.46009e+06 468106
2890.12 7.13655e+06 483089
2900.75 6.56468e+06 908358
2910.12 2.97991e+06 241382
2920 9.46216e+06 601382
2930.62 5.15715e+06 462024
2940.62 1.68573e+06 361419
2950.5 9.5889e+06 633735
2962 4.18239e+06 504273
2970.12 7.15303e+06 609061
2980.88 5.80527e+06 765173
2993.38 4.63886e+06 315611
3001.12 4.7602e+06 863201
3011.38 4.44078e+06 465728
3020.5 8.19834e+06 641180
3030.12 5.40857e+06 592458
3043.25 4.74602e+06 317443
3050.75 4.68729e+06 968837
3062.38 5.8063e+06 767773
3070 9.2942e+06 1.00187e+06
3080.12 6.15252e+06 365758
3090.75 2.08759e+06 424259
3100.25 9.16334e+06 525652
3110.38 2.13396e+06 315264
3120.12 1.00114e+07 447917
3130.12 5.82176e+06 300792
3140.38 2.59557e+06 348785
3150.12 9.16540e+06 496904
3161.12 3.26946e+06 267066
3170 8.28338e+06 509971
3180.25 5.72078e+06 404658
3191 3.44153e+06 284573
3200 8.61414e+06 538246
3211 2.68728e+06 332256
3220.5 9.30348e+06 597966
3230.75 6.0979e+06 354583
3240.5 2.36167e+06 430739
3250.62 8.9766e+06 736690
3260.25 5.78697e+06 379077
3270.62 2.27821e+06 170281
3280.12 8.82228e+06 734948
3290.25 2.88924e+06 301962
3300.12 7.94026e+06 741607
3310.25 5.12006e+06 528591
3323.75 4.45957e+06 364744
3330.5 4.19991e+06 738021
3341.5 6.53376e+06 860799
3350.12 7.88771e+06 621268
3360.25 5.97941e+06 429020
3373.12 4.67904e+06 285668
3380.38 4.3421e+06 753413
3393.75 7.13346e+06 1.04675e+06
3400.25 6.64711e+06 608379
3410.12 5.98971e+06 652457
3423.25 4.64092e+06 303221
3430.5 5.26019e+06 850502
3442 7.389e+06 685211
3450.25 3.57033e+06 393266
3460.5 8.07936e+06 1.10891e+06
3470 5.67853e+06 528062
3480.38 1.79908e+06 289411
3491.88 8.25762e+06 851980
3500.88 4.33259e+06 669413
3510 6.69887e+06 766531
3520.5 1.55178e+06 442218
3530.25 9.27051e+06 2.1266e+06
3542.25 3.77641e+06 815367
3550.25 7.39e+06 1.88413e+06
3560.38 5.57755e+06 1.20579e+06
3573.38 4.93870e+06 625143
3580.5 3.54663e+06 691341
3590.5 7.70636e+06 711339
3600.12 1.73828e+06 700250
3610.38 9.40446e+06 1.05533e+06
3620.38 5.41784e+06 571867
3630.38 1.77022e+06 285240
3640.38 8.81198e+06 1.0362e+06
3651.12 3.80114e+06 276683
3660.25 7.55283e+06 643633
3670.25 5.68265e+06 556265
3683 4.3421e+06 455257
3690.25 5.87328e+06 364525
3703.12 5.46627e+06 870692
3710.25 7.52089e+06 512062
3720.12 6.35138e+06 748414
3731.38 3.98662e+06 288593
3740.25 7.57707e+06 533425
3751.12 4.23415e+06 463025
3760 8.27538e+06 630294
3770.12 6.3555e+06 415014
3780.25 3.59197e+06 398483
3791.25 6.64196e+06 1.01773e+06
3800.25 8.15149e+06 355162
3810.25 5.45596e+06 231854
3821.12 3.46523e+06 324083
3831.25 8.41527e+06 639586
3841.12 3.79599e+06 633703
3850 7.92171e+06 396138
3860 5.47245e+06 574218
3871 1.72592e+06 218045
3880.12 1.02226e+07 1.09348e+06
3891 3.3828e+06 465934
3900.5 8.01651e+06 1.13435e+06
3910 5.73108e+06 786135
3920.62 1.64555e+06 303162
3930.38 9.77746e+06 1.1593e+06
3941.12 2.19063e+06 378994
3950.25 8.80374e+06 1.21897e+06
3960 5.60434e+06 763768
3970.62 3.17775e+06 598571
3980.12 6.66129e+06 774290
3994 5.46342e+06 890425
4000.38 3.13423e+06 721450
4010.12 8.57729e+06 1.12481e+06
4022.62 4.70171e+06 686964
4030.12 4.23288e+06 429297
4040.25 7.85989e+06 1.08688e+06
4050.5 3.30346e+06 427319
4060.5 9.16231e+06 813573
4070 6.23804e+06 453197
4080.38 2.92118e+06 394913
4090.5 9.27772e+06 1.04463e+06
4100.12 2.95106e+06 310018
4110 9.14789e+06 880897
4120.75 5.67338e+06 640720
4130.12 2.77693e+06 277074
4140.62 9.1211e+06 1.2104e+06
4150.12 1.89284e+06 272673
4160.25 9.32821e+06 1.14247e+06
4170.75 5.53634e+06 699308
4181.38 2.50284e+06 281923
4190.62 9.21692e+06 1.04372e+06
4201.62 3.33746e+06 413023
4210.12 8.24629e+06 1.10713e+06
4220.5 5.82897e+06 762462
4231 3.34364e+06 309970
4240.38 8.09997e+06 890691
4250.25 5.35705e+06 593244
4260.38 1.65791e+06 324566
4270.12 8.86144e+06 1.06525e+06
4280.38 5.24782e+06 740524
4291.88 2.70995e+06 256910
4300.12 6.45236e+06 1.14368e+06
4310.62 3.01755e+06 1.49232e+06
4320.12 7.34311e+06 881118
4330.25 4.67183e+06 674722
4341.5 3.22515e+06 474400
4350.38 4.84494e+06 1.05724e+06
4360.5 4.42556e+06 606783
4370 7.80322e+06 1.33345e+06
4380.25 4.4946e+06 659779
4390.88 833590 212540
4400.25 8.90368e+06 1.32943e+06
4413 3.9454e+06 599230
4420.12 3.8143e+06 506025
4430.25 7.63344e+06 1.30817e+06
4440.62 5.16127e+06 612289
4450.62 2.16693e+06 293913
4460.25 8.53068e+06 1.1983e+06
4471 1.932e+06 224849
4480.25 8.83671e+06 1.10077e+06
4490.5 5.81248e+06 697132
4500.38 2.88202e+06 329019
4510.12 8.20816e+06 812349
4522.5 3.85369e+06 374321
4530.38 4.84906e+06 393423
4540.25 7.01702e+06 819135
4552.38 4.05771e+06 314189
4560.25 7.86298e+06 741133
4573.25 5.2437e+06 264836
4580 7.00981e+06 454041
4590.25 5.64762e+06 419646
4603 4.55334e+06 218620
4610.88 3.70095e+06 594576
4620.12 8.05797e+06 819177
4630.38 2.76535e+06 230661
4640 8.54226e+06 658621
4650.25 5.88358e+06 599443
4660.38 2.01031e+06 446550
4670.25 9.18807e+06 827438
4680.38 1.56002e+06 285782
4690.25 9.05103e+06 755554
4700 5.36838e+06 353272
4711 2.88306e+06 351316
4720 8.23598e+06 574377
4732.5 4.16487e+06 302807
4740 5.02011e+06 846163
4750.25 7.38487e+06 656142
4761.5 3.63731e+06 322645
4770.25 7.61774e+06 667931
4781 5.57961e+06 420495
4790.12 2.79135e+06 376848
4800.12 8.56777e+06 757533
4810 5.47142e+06 480853
4820.25 2.37507e+06 172058
4830.88 9.04691e+06 758341
4840.25 3.0304e+06 307329
4850 8.8398e+06 693458
4860.62 5.88976e+06 454047
4870.38 2.85420e+06 516827
4881 9.07164e+06 1.08314e+06
4890.12 2.74704e+06 320260
4900 8.76252e+06 642170
4910.5 5.69193e+06 496988
4920.12 2.90676e+06 396089
4931 8.62238e+06 815575
4940.12 2.48017e+06 220623
4950.25 8.60075e+06 724741
4961 5.58683e+06 480365
4970.38 1.64554e+06 454256
4980 9.19013e+06 807408
4991.88 2.2576e+06 436312
5000.5 8.48637e+06 872994
5010.25 5.71563e+06 714311
5022.75 2.25142e+06 371683
5031.5 5.57628e+06 632671
5041.25 6.01674e+06 573603
5050.62 1.03555e+06 360749
5061.12 8.61311e+06 794943
5070.38 5.23443e+06 522708
5080.5 2.22978e+06 483926
5090.12 9.37767e+06 598535
5101 2.93355e+06 294448
5110 8.93047e+06 545287
5120.12 6.04329e+06 477922
5131.25 2.42556e+06 274228
5140 7.9959e+06 770173
5152.38 4.4843e+06 380978
5160 6.80064e+06 762776
5170.38 6.00105e+06 583159
5184 5.09636e+06 652302
5190.5 4.28749e+06 523990
5203.38 6.85628e+06 953067
5210.88 2.09892e+06 305304
5220 8.68421e+06 795024
5231.25 5.57549e+06 480527
5240 3.87097e+06 486217
5250.25 8.08888e+06 721313
5261.38 2.37198e+06 192328
5270 8.27617e+06 965968
5280.62 5.74654e+06 597576
5293 4.02062e+06 379486
5301 5.15303e+06 1.04039e+06
5312.38 6.02784e+06 1.06809e+06
5320.62 6.44309e+06 747984
5330 6.12675e+06 644940
5342.12 4.91604e+06 416755
5351.38 5.00338e+06 838770
5360.5 6.8998e+06 535437
5370 1.051e+06 324430
5380.88 8.79961e+06 716311
5390 5.12212e+06 550783
5400.88 1.81865e+06 241483
5410.12 9.25711e+06 753508
5421.12 3.30037e+06 446690
5430 7.92584e+06 677474
5440.5 5.42299e+06 582418
5452.62 4.11542e+06 347814
5460.75 6.45236e+06 674278
5471.5 2.89851e+06 344810
5480.38 8.5822e+06 794893
5491.12 5.36014e+06 445375
5502 3.66307e+06 390941
5510.25 4.70584e+06 999024
5522.5 6.61516e+06 320141
5530.12 3.54251e+06 623808
5540.38 7.84546e+06 665648
5550 5.23134e+06 690443
5560.5 1.51365e+06 266457
5570.12 8.51419e+06 1.1745e+06
5581.62 1.99897e+06 318295
5590.12 8.58426e+06 1.13446e+06
5600.75 5.3014e+06 814477
5613 4.37508e+06 574116
5620.88 4.6708e+06 932528
5632.12 6.85216e+06 1.2941e+06
5640.88 6.42248e+06 784677
5650 5.69193e+06 821806
5661.88 3.68059e+06 534814
5670 4.48739e+06 647348
5680 7.32099e+06 652699
5690.62 1.55796e+06 221687
5700.25 9.06134e+06 1.13098e+06
5710.25 5.4333e+06 607229
5720.88 1.88975e+06 275422
5730.12 9.06443e+06 811083
5741.62 3.288e+06 299718
5750 7.45906e+06 828171
5760.25 5.74036e+06 711240
5771.38 3.51263e+06 293653
5780.25 6.64686e+06 575262
5790.5 5.74678e+06 534195
5800.12 1.77435e+06 346330
5810.5 8.55747e+06 820847
5820.62 5.27977e+06 699609
5831.12 1.9083e+06 278529
5840 8.63784e+06 1.02984e+06
5851.75 2.4946e+06 481555
5860 7.82176e+06 1.12828e+06
5870.25 5.20042e+06 574676
5881.5 3.41577e+06 291899
5890.5 5.53118e+06 506429
5901.38 3.75841e+06 388280
5910.25 8.0984e+06 805144
5920.12 5.11799e+06 380614
5932 3.79908e+06 269471
5940.62 4.5263e+06 793700
5951.88 4.72668e+06 702152
5960.38 7.96087e+06 544156
5970.38 5.36117e+06 348708
5983.62 4.6028e+06 526668
5990.62 3.11078e+06 901994
6001.12 5.39208e+06 874045
6010 7.7857e+06 743153
6020.12 5.18394e+06 634053
6034 4.70996e+06 375314
6040.5 3.02937e+06 629295
6051.75 5.30862e+06 403641
6060.12 7.58065e+06 840096
6070 5.18909e+06 426479
6084.38 4.66565e+06 347442
6090.38 3.32407e+06 263008
6101 5.65277e+06 736344
6110.12 6.56649e+06 433729
6120.38 5.55513e+06 562748
6132.62 4.8336e+06 398345
6140.25 3.17569e+06 253586
6150.75 6.53788e+06 346993
6160.12 5.08296e+06 763377
6170.25 6.99847e+06 604918
6180.5 5.50027e+06 437108
6190.12 2.36270e+06 449847
6201.5 7.90110e+06 517677
6210.38 2.85524e+06 590507
6220.25 8.18756e+06 768114
6230.25 5.09842e+06 502470
6241.12 1.85472e+06 225740
6250.38 8.42661e+06 689256
6261.5 2.56466e+06 425044
6270.12 7.7146e+06 970822
6280 5.09842e+06 511977
6290.62 2.86657e+06 222341
6300.25 7.1971e+06 861582
6311.88 3.57191e+06 433781
6320.12 7.15994e+06 665592
6330.38 5.25195e+06 291017
6340.5 2.64812e+06 261116
6350 7.79679e+06 505961
6362 3.69525e+06 196356
6370.5 5.98947e+06 542291
6380.12 6.18161e+06 631470
6392 5.15509e+06 338191
6400 2.51520e+06 174849
6411.12 6.79754e+06 476836
6420.12 5.97092e+06 812166
6430.12 6.47321e+06 475227
6440.75 5.62495e+06 586838
6450.12 3.05616e+06 357000
6460.62 5.63526e+06 664670
6470.12 7.43433e+06 613358
6480.12 5.12418e+06 517662
6493.88 4.64401e+06 317480
6501.38 2.84802e+06 708590
6510.25 7.91553e+06 713057
6520.38 1.30139e+06 242038
6530.12 8.89853e+06 893735
6540.5 5.30656e+06 542060
6550.5 1.53529e+06 248674
6560.25 9.37045e+06 796129
6571.38 3.31788e+06 376631
6580.25 7.29317e+06 616146
6590.5 5.20042e+06 557368
6602.75 4.37611e+06 431202
6610.12 3.60743e+06 420994
6621.12 6.10924e+06 914130
6630.25 4.57267e+06 767460
6640.38 7.31402e+06 1.06001e+06
6650 5.47348e+06 535096
6660.38 2.65843e+06 381899
6670.25 6.17827e+06 872281
6680.12 7.61878e+06 763742
6690.25 5.44566e+06 466933
6701.5 3.58167e+06 289085
6710.25 7.99693e+06 850321
6721.12 3.37662e+06 178172
6730 7.76176e+06 771774
6740.38 6.23313e+06 463262
6751.12 3.43844e+06 309321
6760.12 8.3246e+06 734406
6773.38 4.73778e+06 501814
6780 5.58064e+06 830329
6790.5 6.92738e+06 836872
6803.38 4.94798e+06 545008
6810 2.46780e+06 221155
6820.12 8.13913e+06 890850
6830.25 2.19887e+06 225936
6840.25 8.98818e+06 943895
6850 5.31068e+06 611127
6861.5 1.75168e+06 265571
6870.12 8.2061e+06 734093
6881.88 3.15508e+06 406734
6890.25 6.96241e+06 795700
6900 5.02526e+06 453657
6912.25 3.75477e+06 377560
6920.5 4.59097e+06 648985
6930.38 7.60896e+06 1.07408e+06
6941.5 3.70840e+06 446341
6950.5 6.42557e+06 925722
6960.25 5.77436e+06 879086
6971.12 2.7151e+06 437725
6980.25 6.43666e+06 753071
6990 5.87043e+06 977128
7002.75 3.74344e+06 377781
7010.5 4.0008e+06 468571
7020 7.29959e+06 832682
7031.12 2.87378e+06 284700
7040 6.9552e+06 899200
7050.25 5.06235e+06 540135
7060.12 4.6605e+06 555579
7070.62 905719 184539
7082 8.33155e+06 710217
7092.75 2.82844e+06 319601
7100.5 6.57601e+06 494669
7110 4.79033e+06 437785
7121.25 2.92324e+06 281323
7130.62 4.9341e+06 699277
7143.25 6.44563e+06 988014
7150.25 6.44103e+06 671489
7160 6.2164e+06 461604
7171.12 5.30347e+06 548066
7180.25 2.55127e+06 476671
7191.75 7.44567e+06 757012
7200 3.09738e+06 554737
7210.25 8.63681e+06 995208
7220.5 5.38899e+06 619932
7230.75 897474 252545
7240.38 8.6873e+06 801690
7251.5 2.45338e+06 332316
7260.75 6.68111e+06 998966
7270 5.66823e+06 230680
7282.12 3.91346e+06 337581
7290.38 4.52964e+06 693085
7300.25 6.73675e+06 801088
7311 1.52705e+06 211259
7320.12 9.03248e+06 833448
7330.38 5.29213e+06 484625
7341 3.15611e+06 314302
7350.62 5.67132e+06 566165
7363 6.1927e+06 519673
7370 2.94179e+06 465879
7380 8.08555e+06 843997
7390.12 5.65174e+06 603768
7400.38 2.21742e+06 368002
7410.25 8.31017e+06 914485
7421.25 2.37919e+06 386138
7430.12 7.87122e+06 830178
7440.62 5.50233e+06 615298
7453.25 4.44205e+06 515942
7460.88 4.46575e+06 1.02595e+06
7473.62 6.77488e+06 1.30912e+06
7480.75 5.6989e+06 903919
7490.12 6.20325e+06 817471
7501.5 3.53015e+06 517726
7510 7.75685e+06 816983
7520.5 5.47348e+06 610783
7530.12 1.94745e+06 300573
7540.25 9.08194e+06 943087
7550.25 5.28698e+06 689697
7561.38 2.4812e+06 262095
7570.5 8.77282e+06 820134
7582 3.92994e+06 345637
7590.25 7.05412e+06 609786
7600.12 5.52397e+06 451664
7613.62 4.93355e+06 419764
7620.25 3.66925e+06 460169
7630.38 7.15819e+06 746627
7640.12 2.06801e+06 428442
7650.25 8.55644e+06 855352
7660 5.07059e+06 606212
7672.5 2.37198e+06 198649
7680.25 7.3416e+06 631563
7692 3.97219e+06 621434
7700.5 5.17521e+06 370700
7710 6.48273e+06 959644
7720.12 4.61516e+06 511394
7730.75 1.75374e+06 420859
7740.62 9.33027e+06 1.07138e+06
7750.5 2.29239e+06 440037
7760.12 7.83849e+06 1.00542e+06
7770.38 5.60022e+06 795808
7781.5 2.60588e+06 473694
7790.5 8.25762e+06 836367
7803 4.66256e+06 778345
7810.62 4.83233e+06 556102
7820.38 7.27074e+06 900750
7830.25 5.21897e+06 350682
7841.25 1.85369e+06 365734
7850.5 8.09276e+06 802370
7861.38 2.0845e+06 307814
7870.12 7.22928e+06 730423
7880.38 5.31171e+06 606836
7892.88 3.90624e+06 346926
7900.12 3.67543e+06 421426
7910.88 7.11903e+06 645015
7922 2.37507e+06 316460
7930 7.5281e+06 787593
7941 5.49512e+06 451513
7953.25 4.27822e+06 607586
7960.62 2.82408e+06 295194
7970.75 7.74164e+06 925805
7980 2.09583e+06 283761
7990.5 9.29214e+06 656936
8000.5 5.24473e+06 437896
8011 1.80732e+06 274120
8020 8.67287e+06 597258
8031.12 2.68316e+06 168614
8040.5 6.44206e+06 738934
8050.25 5.95056e+06 919992
8063 4.37714e+06 370996
8070.38 2.60382e+06 600599
8080.25 8.06288e+06 703659
8091 2.28852e+06 346031
8100.25 6.22773e+06 588514
8110.25 5.27358e+06 934251
8123.25 4.59661e+06 346380
8130.5 2.46574e+06 431194
8140.88 7.29935e+06 516221
8150.25 2.95106e+06 557975
8160.12 7.97838e+06 892411
8171.62 2.65431e+06 280628
8180.38 6.90604e+06 1.57458e+06
8190 4.61207e+06 688978
8201.25 1.84956e+06 604024
8210.12 8.29472e+06 1.50835e+06
8220.62 5.0335e+06 696509
8230.25 1.288e+06 370118
8240.5 9.04691e+06 1.18941e+06
8250.5 4.9892e+06 394423
8262.12 3.01495e+06 338111
8270.5 3.14993e+06 451212
8280.5 7.25401e+06 629117
8291.88 2.06286e+06 350653
8300.12 6.83876e+06 568107
8310.38 5.0809e+06 535092
8323.5 4.37095e+06 196007
8330.62 4.13451e+06 511699
8342.5 7.18752e+06 592620
8350 2.45338e+06 264036
8360.38 7.99178e+06 648912
8370.12 4.76044e+06 474868
8381.5 2.02061e+06 414786
8390.5 8.32872e+06 671098
8402.75 3.14556e+06 554896
8410.25 7.60562e+06 837606
8420.5 5.21588e+06 610539
8432.25 3.5693e+06 326889
8440.12 4.56855e+06 669388
8452 4.85912e+06 915994
8460 8.2849e+06 762819
8470.25 5.15509e+06 364089
8481.5 3.47863e+06 310826
8490.88 5.98329e+06 377771
8502.25 4.38126e+06 640815
8510.5 6.91501e+06 861722
8520.12 5.01314e+06 443047
8533.25 3.97322e+06 350587
8541 3.72465e+06 1.01477e+06
8550.38 5.22952e+06 771479
8560.38 6.69014e+06 935047
8570.12 5.20273e+06 420770
8580.75 5.06029e+06 702478
8590.5 1.73107e+06 313163
8602 7.84752e+06 773028
8610.62 4.89543e+06 965175
8620.12 6.30810e+06 451909
8631.38 2.03607e+06 395738
8640.25 8.41836e+06 1.0228e+06
8653.5 4.84184e+06 737076
8660.25 3.87636e+06 803588
8670.25 8.15664e+06 1.36444e+06
8684 5.05926e+06 628109
8690.88 2.06571e+06 542425
8700.12 8.66075e+06 1.23598e+06
8711 2.57703e+06 348890
8720.12 8.23908e+06 1.03458e+06
8730.5 5.69296e+06 807731
8741.12 3.26533e+06 336016
8750.12 7.63914e+06 660136
8762.75 4.5577e+06 531024
8770.25 4.68577e+06 916525
8780.5 7.44512e+06 796181
8790.5 5.45803e+06 666951
8800.12 1.14271e+06 172738
8810.5 8.62238e+06 990057
8821 1.95467e+06 200621
8830 8.29266e+06 883506
8840.62 4.7285e+06 649562
8851.5 2.6811e+06 191591
8860.5 7.69193e+06 584233
8871.12 4.94489e+06 478894
8880.12 1.34673e+06 368970
8890.5 8.31636e+06 512813
8900.38 5.03762e+06 520409
8911 2.35961e+06 174978
8921 5.1963e+06 715392
8934 6.59146e+06 885052
8940.5 2.60588e+06 296488
8950.5 7.72490e+06 894098
8960.12 4.76457e+06 458818
8971.62 1.55693e+06 118110
8980.5 8.5585e+06 731262
8993.38 4.96446e+06 607829
9000.25 2.8336e+06 252886
9010 7.84958e+06 824670
9020.62 5.09945e+06 445257
9030.88 900567 250596
9040 8.64814e+06 652818
9051.38 2.77383e+06 234365
9060.5 6.86507e+06 615582
9070.38 5.3122e+06 368760
9082.5 3.92582e+06 272060
9090.5 2.95803e+06 385657
9100.25 7.56338e+06 572786
9111 2.0474e+06 404760
9120 8.49771e+06 627337
9130.38 5.40032e+06 486653
9140.62 3.04895e+06 311138
9150.12 7.15073e+06 531321
9163.62 4.75863e+06 464529
9170.38 5.28801e+06 790771
9180 6.32459e+06 801139
9190.25 5.6672e+06 417127
9200.25 1.43534e+06 398937
9210 8.36375e+06 804747
9222 1.96394e+06 395786
9230.25 7.57962e+06 792561
9240.5 5.03041e+06 560480
9250.88 2.82638e+06 293353
9260.25 5.16309e+06 476409
9270.25 6.23004e+06 746455
9280.25 1.22411e+06 243937
9290 8.78313e+06 724217
9300.12 4.29883e+06 364593
9311.75 3.04071e+06 309856
9320.75 3.46317e+06 771900
9331.75 7.56725e+06 1.27949e+06
9340.5 1.94515e+06 300964
9350.62 8.56183e+06 721106
9360.5 4.44799e+06 591982
9371.25 3.2563e+06 652619
9380.25 8.44928e+06 1.08224e+06
9391.38 3.36734e+06 395333
9400.25 7.82486e+06 929151
9410.25 5.72902e+06 662400
9421.12 3.2911e+06 450429
9430 8.22465e+06 834161
9442.75 5.70223e+06 577465
9450.25 2.4915e+06 525760
9460.5 8.32048e+06 829016
9470 5.42608e+06 466849
9480.5 2.35343e+06 344776
9490 8.62754e+06 686751
9500.75 2.68007e+06 188827
9510 8.22671e+06 967894
9520.25 5.26431e+06 369961
9530.25 1.33746e+06 347225
9540.38 8.98405e+06 573316
9552.62 4.4369e+06 300639
9560 2.02679e+06 178502
9570.38 7.69605e+06 428297
9580.25 4.10923e+06 249485
9591.88 1.26945e+06 341634
9600.12 8.02784e+06 418970
9613.12 4.24937e+06 254528
9620.5 3.80217e+06 472927
9630 7.38281e+06 531717
9642.38 5.10872e+06 258902
9650.12 1.81762e+06 278215
9660.25 8.24217e+06 272721
9670.62 2.35343e+06 337487
9680.88 8.81919e+06 658845
9690.12 5.27977e+06 382244
9702.38 3.78054e+06 212907
9710.38 4.36992e+06 482879
9722.12 4.36168e+06 631974
9730 7.06751e+06 602440
9740.25 4.72335e+06 348455
9750 4.70171e+06 293829
9760 953118 119322
9773 8.08760e+06 487568
9780.12 3.94182e+06 260741
9790 7.71406e+06 603984
9800.12 5.48585e+06 342846
9810.25 989182 217456
9822.25 8.53789e+06 500598
9831 2.70376e+06 261912
9840 8.36787e+06 494219
9850.12 5.66514e+06 303056
9860 1.12932e+06 316596
9872.12 8.42867e+06 382035
9881.5 3.18599e+06 154924
9890.12 7.58065e+06 445369
9900.25 4.50903e+06 228219
9912.25 2.23287e+06 265485
9920.25 5.47942e+06 307862
9931.62 2.89875e+06 523676
9940.12 7.13606e+06 286672
9950.25 5.01441e+06 295016
9960.25 4.71717e+06 279342
9970.88 826376 234709
9980.5 7.95674e+06 603140
9991.88 2.18856e+06 550949
10000.4 7.38487e+06 640311
10010.1 4.88615e+06 477367
10023.2 4.18033e+06 456897
10031 2.63473e+06 662155
10040.2 7.65175e+06 939095
10051 1.10974e+06 295191
10060.1 9.14892e+06 1.01733e+06
10072.8 5.08296e+06 570267
10080.5 2.33385e+06 411859
10090.1 8.85834e+06 1.01578e+06
10102.9 5.09739e+06 427855
10110.2 2.82123e+06 314914
10120.4 8.00414e+06 650513
10133.6 4.11954e+06 370365
10140 2.87687e+06 345419
10150.2 7.85989e+06 757342
10160.1 4.82639e+06 436172
10170.2 1.69913e+06 204894
10180.1 8.79446e+06 793900
10192.1 3.92273e+06 343049
10200.4 4.77178e+06 385222
10210 6.70687e+06 812783
10220.2 5.19527e+06 406003
10230.6 1.90624e+06 328540
10241.5 8.16489e+06 657280
10250 3.98764e+06 783656
10260.2 7.22722e+06 703087
10270.1 4.82845e+06 477939
10281.5 1.79702e+06 316318
10292.8 8.56674e+06 801644
10302 2.39258e+06 531266
10310.2 7.92686e+06 906079
10320 5.11799e+06 642285
10330.4 2.74292e+06 355861
10340.2 6.49976e+06 1.06679e+06
10350.8 2.35961e+06 549470
10360.1 8.68215e+06 1.20731e+06
10370.2 5.07987e+06 718705
10382.5 3.69604e+06 427974
10391.1 2.34416e+06 719816
10400.1 8.22877e+06 1.05807e+06
10410.4 970634 283042
10420.1 8.57086e+06 1.01462e+06
10430 5.22412e+06 599745
10440.4 1.06543e+06 333741
10450.1 8.90059e+06 910855
10460.1 5.17982e+06 503478
10470.4 1.59299e+06 276887
10480.1 9.13449e+06 908808
10490.4 4.80681e+06 602580
10500 1.4508e+06 262904
10510.2 8.90677e+06 929755
10523.6 4.39465e+06 452475
10530.2 2.39646e+06 377921
10540.1 8.04251e+06 891217
10550.1 4.5523e+06 399983
10560.6 1.29006e+06 259615
10570.1 8.85628e+06 687516
10580.6 3.09429e+06 191487
10590 7.68987e+06 555636
10600.4 5.10563e+06 454868
10612.2 3.4642e+06 278908
10620.4 7.03842e+06 499506
10633.9 5.20891e+06 494579
10640.1 2.53066e+06 535548
10650.1 7.94026e+06 673337
10660 4.93561e+06 427559
10671.5 1.80732e+06 243413
10680 8.14119e+06 735097
10691.4 4.25967e+06 647603
10700.1 5.76175e+06 650864
10710.4 6.2558e+06 1.04758e+06
10722.5 4.22567e+06 467795
10730.4 3.58579e+06 610426
10740.8 7.90316e+06 1.04597e+06
10750.1 2.92942e+06 367216
10760.1 8.33181e+06 796166
10770.1 5.40857e+06 706907
10780.6 1.53529e+06 396214
10790.1 9.15716e+06 904321
10801.1 3.55076e+06 357253
10810.8 7.85783e+06 944512
10820.1 5.68368e+06 774336
10833.2 5.34159e+06 782553
10840.2 3.78466e+06 742056
10851.6 5.55258e+06 671155
10860.4 8.01469e+06 1.19152e+06
10870.1 5.58476e+06 596026
10882.6 4.09584e+06 414696
10890 4.49436e+06 690959
10902.8 6.839e+06 907752
10910 3.96292e+06 368520
10920.2 7.97942e+06 730287
10932.1 4.12057e+06 373169
10940.2 6.3192e+06 754045
10950.1 6.31041e+06 765622
10961.1 2.00412e+06 373759
10970 8.99127e+06 1.00015e+06
10980 5.56725e+06 509509
10991.8 2.08553e+06 289588
11000 9.00775e+06 698369
11010.5 2.84596e+06 277847
11020.1 8.58426e+06 695767
11030.1 5.80733e+06 480023
11040.9 3.3354e+06 432141
11050 8.42764e+06 685002
11061.2 3.41783e+06 392745
11070.1 8.19374e+06 740509
11080.2 5.69811e+06 439544
11091.2 2.8099e+06 451415
11100.4 7.7754e+06 534883
11113.4 5.6198e+06 764126
11120.2 3.24885e+06 350043
11130.4 8.38539e+06 973703
11140 5.70635e+06 485977
11150.4 2.45029e+06 225226
11160.9 7.31687e+06 946807
11170.1 4.96343e+06 1.15455e+06
11180.4 6.41836e+06 960831
11191.2 1.60124e+06 724327
11200.1 8.13241e+06 1.62368e+06
11214.1 4.91469e+06 891334
11221.1 3.37406e+06 973299
11230 7.10073e+06 1.01026e+06
11243.4 4.14014e+06 877544
11250.1 3.7428e+06 964237
11260.1 6.92118e+06 1.47853e+06
11272 3.7826e+06 262315
11280 4.16384e+06 339146
11290.4 7.39106e+06 1.76104e+06
11301.9 3.559e+06 572329
11310.1 5.76872e+06 1.36458e+06
11320 6.59147e+06 622933
11330.4 1.61876e+06 632856
11340.8 9.2128e+06 1.00165e+06
11350 5.04587e+06 672996
11362.4 3.36631e+06 498532
11371.5 3.62598e+06 687432
11380.5 7.29317e+06 1.09843e+06
11390.1 1.59918e+06 239921
11400.4 8.88823e+06 1.08091e+06
11410 5.49306e+06 568424
11421.2 2.12365e+06 451956
11430.1 8.50595e+06 803565
11442.2 4.11335e+06 354053
11450.1 4.73705e+06 1.00962e+06
11460.6 7.52264e+06 382062
11470.1 5.39311e+06 744886
11481 1.32818e+06 261147
11490.4 8.92017e+06 1.30086e+06
11501.9 2.96755e+06 446813
11510.5 7.00775e+06 642339
11520.1 4.91088e+06 473860
11532.1 3.75374e+06 291714
11540.8 3.58476e+06 841729
11552.8 8.37509e+06 1.30057e+06
11560.9 2.37301e+06 537526
11570.2 8.64814e+06 950096
11580.6 5.1283e+06 438005
11590.4 1.61979e+06 236445
11600.4 8.96448e+06 729340
11611.4 2.89851e+06 323470
11620.6 5.30553e+06 897118
11630.4 6.70893e+06 1.2282e+06
11643.6 4.99332e+06 514593
11650.6 3.61979e+06 333351
11660.2 7.71563e+06 797736
11670.4 1.3117e+06 255038
11680.2 8.6873e+06 1.08076e+06
11690.1 5.43536e+06 681157
11700.9 2.89748e+06 363645
11710.1 7.69375e+06 817675
11724 3.99613e+06 406739
11730.9 4.03401e+06 559904
11740.1 6.96859e+06 948728
11750.5 5.07059e+06 535518
11760.5 1.21072e+06 414683
11770.5 9.36015e+06 973012
11782.1 4.0402e+06 404155
11790 4.12754e+06 603728
11800.1 7.50361e+06 887136
11810.5 5.59301e+06 627188
11820.2 2.00515e+06 376951
11830.5 8.65433e+06 796035
11841 2.21639e+06 410881
11850.1 7.57138e+06 1.02961e+06
11860.4 5.07162e+06 551403
11873.2 4.43587e+06 566483
11880.6 4.21021e+06 695754
11890.4 5.51573e+06 880085
11900.5 7.25298e+06 810275
11910.1 5.44669e+06 692814
11920.1 1.52705e+06 267260
11930.1 8.96036e+06 1.3469e+06
11943.4 4.15148e+06 685464
11950.8 3.70635e+06 721405
11960.1 7.43846e+06 1.1603e+06
11970.5 5.16848e+06 491573
11981.2 1.42298e+06 287598
11990 8.52037e+06 507438
12001.1 2.87893e+06 246357
12010.1 6.48612e+06 537465
12020.6 5.73648e+06 712625
12032.6 4.77178e+06 258905
12040.1 2.25039e+06 184346
12050.6 8.20198e+06 478432
12060.1 1.71664e+06 390519
12070.9 9.05927e+06 540664
12080.6 4.92737e+06 521113
12091.6 2.0845e+06 386861
12100.4 8.46061e+06 596741
12113.6 5.21073e+06 482554
12120.5 3.43535e+06 437181
12130.8 8.24423e+06 626680
12140.1 5.67544e+06 446598
12150.6 1.62391e+06 292282
12160.1 9.33748e+06 725159
12170.4 1.75865e+06 77780.3
12180 9.16256e+06 1.05895e+06
12190.2 5.95674e+06 830873
12201.5 2.13086e+06 185352
12210.5 8.69348e+06 1.01894e+06
12221.6 4.05565e+06 415127
12230 7.33542e+06 808526
12240.6 5.52706e+06 401031
12252.8 3.98455e+06 279202
12260.6 4.7285e+06 434564
12272.4 6.99023e+06 784227
12280.8 2.94258e+06 470136
12290 8.53504e+06 926940
12300.6 5.5724e+06 477466
12310.2 1.8609e+06 339910
12322.1 7.91244e+06 651703
12330 6.73881e+06 609453
12340.1 5.19527e+06 565083
12350.6 5.15303e+06 409712
12360.9 1.14889e+06 302109
12372.8 8.47111e+06 1.00538e+06
12380.4 3.58064e+06 1.01359e+06
12390.6 8.78106e+06 1.09302e+06
12400.6 6.01753e+06 753657
12410 3.24885e+06 643968
12420.9 8.11131e+06 815966
12431.5 5.67132e+06 555266
12440.1 7.12521e+06 936994
12450.5 5.89079e+06 584292
12460.8 2.07522e+06 460633
12470.4 9.39106e+06 964168
12481.4 5.53943e+06 731091
12490.5 2.27203e+06 398838
12500 8.29678e+06 1.22514e+06
12512.6 4.03916e+06 601294
12520.8 4.17288e+06 733778
12530.5 6.9946e+06 1.62419e+06
12543.1 3.95158e+06 482252
12550.5 2.84081e+06 289456
12560.4 7.87947e+06 914438
12572.1 3.41165e+06 607741
12580 4.11002e+06 740156
12590.5 7.58914e+06 999183
12600 5.01289e+06 914627
12610.1 1.33127e+06 84843.9
12621 8.80270e+06 861564
12630.8 2.80038e+06 509284
12640.4 7.9642e+06 749064
12650.5 5.25504e+06 475991
12662.2 3.8166e+06 215079
12670.9 4.59867e+06 742629
12683 6.81094e+06 1.03131e+06
12690.1 3.21278e+06 347389
12700.4 7.57447e+06 476626
12710.1 5.16127e+06 368931
12721 1.54148e+06 175192
12730 8.79446e+06 592186
12741.6 2.43277e+06 302430
12750.2 7.81661e+06 597924
12760.1 5.0232e+06 460732
12771.9 3.5116e+06 255987
12780.2 4.58219e+06 445058
12790.5 7.05514e+06 474667
12800.1 2.03298e+06 334167
12810 8.80270e+06 688525
12823.2 5.26122e+06 310161
12830.2 2.28748e+06 373139
12840.1 8.6296e+06 449820
12852.6 4.37095e+06 544891
12860.4 3.95776e+06 562780
12870 7.69914e+06 953045
12883.1 4.45236e+06 462817
12890.1 2.56466e+06 229724
12900.1 7.88874e+06 735960
12911.1 2.61515e+06 222270
12920.5 8.5822e+06 706774
12930.2 5.41166e+06 439866
12941.1 2.87378e+06 199908
12950.1 7.36711e+06 451258
12963.1 4.77614e+06 466397
12970.1 3.96085e+06 547684
12980.5 8.27205e+06 891492
12992 4.14324e+06 242247
13000.5 6.98817e+06 579366
13010.1 5.15921e+06 326959
13020.5 2.66231e+06 465311
13030.1 8.2558e+06 694531
13040.4 5.22103e+06 395679
13050.4 1.82071e+06 293642
13060.4 9.16540e+06 586084
13070.8 1.85884e+06 285505
13080.2 8.76046e+06 423633
13090.2 5.54458e+06 386137
13101.5 2.67492e+06 334935
13110 8.56777e+06 382892
13122.5 4.51521e+06 280018
13130 7.32511e+06 453655
13140 5.65998e+06 479688
13153.2 5.36529e+06 298597
13160.8 2.03504e+06 662571
13171.5 7.49513e+06 882349
13180.5 5.72775e+06 606821
13190.5 5.84158e+06 934490
13200.6 5.05514e+06 481852
13210.9 1.43534e+06 381848
13220.2 8.69554e+06 916482
13231 2.87996e+06 495119
13240.1 7.85061e+06 1.03192e+06
13250.4 4.73056e+06 812019
13260.2 5.63732e+06 914098
13271.9 1.8032e+06 459609
13280 8.47092e+06 1.33049e+06
13291 3.33643e+06 732695
13300.4 8.07627e+06 1.19411e+06
13310 5.81351e+06 1.0244e+06
13320.6 3.06338e+06 555421
13333.4 8.53995e+06 934643
13340.4 2.90445e+06 473944
13350.2 8.93072e+06 1.3742e+06
13360.4 5.86091e+06 426466
13370.5 1.4611e+06 487571
13380.6 8.46164e+06 574409
13391.8 1.56002e+06 441809
13400.4 8.49770e+06 797113
13411 5.7826e+06 401906
13421.5 2.17723e+06 230766
13430 8.17931e+06 475913
13440.5 4.87585e+06 425826
13450.6 2.03298e+06 300732
13460.5 8.9078e+06 978229
13470.6 6.01856e+06 544314
13480.1 2.37816e+06 181836
13490.6 9.41476e+06 1.07037e+06
13501 2.74498e+06 184612
13510.5 7.84649e+06 856939
13520.5 5.16745e+06 399425
13532.2 3.89079e+06 312698
13540.4 4.91707e+06 635277
13550.1 6.90574e+06 553551
13560.8 2.19887e+06 401906
13570 8.21640e+06 718469
13580.5 5.53324e+06 391104
13590 2.65122e+06 145786
13601.6 7.90832e+06 727579
13610.1 7.50852e+06 372476
13620.4 5.88976e+06 391102
13630.8 2.97373e+06 339187
13640.5 8.05257e+06 597437
13651.1 4.22542e+06 451416
13660.2 7.48816e+06 924888
13670.2 5.83e+06 448594
13680.4 1.91448e+06 313322
13691.8 8.33078e+06 612866
13701 1.63627e+06 376833
13710 8.47607e+06 850583
13720.5 5.23443e+06 641106
13732.1 3.50026e+06 338458
13740.6 8.02681e+06 955398
13751.2 3.98868e+06 462684
13760 7.37663e+06 671448
13770.8 5.06235e+06 385749
13780.9 1.69706e+06 355930
13793 8.6636e+06 473383
13800.4 2.72437e+06 327437
13810.4 7.99796e+06 497878
13820.2 4.92119e+06 437390
13830.6 1.77538e+06 172671
13843.2 8.33902e+06 342772
13850 6.22773e+06 413125
13860.5 5.25916e+06 484845
13871.9 2.45853e+06 365424
13880.5 6.63062e+06 1.17963e+06
13890.2 4.51006e+06 483077
13901.8 3.96085e+06 439173
13910.9 4.83257e+06 832747
13920.2 6.79342e+06 1.04399e+06
13930.8 2.8336e+06 394929
13940.2 7.94232e+06 592733
13950.6 5.42608e+06 581109
13960.6 3.00361e+06 284367
13970.9 7.71769e+06 651160
13980.1 4.96962e+06 512420
13990.4 1.65482e+06 240840
14000.1 8.6162e+06 863343
14010.2 4.87276e+06 503187
14020.9 2.63267e+06 322615
14030.1 6.76354e+06 802262
14042.9 5.74035e+06 628040
14050.2 2.70892e+06 331993
14060.2 7.76818e+06 708042
14070.4 4.68832e+06 368969
14080.6 931478 259228
14090.1 9.29833e+06 614025
14100.9 2.9387e+06 207164
14110.4 8.49667e+06 595485
14120.2 5.38384e+06 435998
14131.6 2.71407e+06 193226
14140.1 7.19013e+06 534775
14153.4 4.81197e+06 488864
14160.6 3.17157e+06 345145
14170.2 7.60744e+06 458780
14183.5 5.16951e+06 331070
14190.6 2.9624e+06 632011
14200.2 8.2432e+06 411569
14211.2 1.76198e+06 334935
14220 8.7347e+06 642755
14230 5.49306e+06 493246
14240.6 3.03864e+06 320197
14250 8.36890e+06 579277
14262.4 3.81969e+06 279483
14270.1 6.56261e+06 780089
14280.4 5.457e+06 790074
14292 5.03144e+06 597424
14300.2 2.3895e+06 383520
14312.4 6.82022e+06 955059
14320.6 2.26172e+06 436296
14330.5 8.33593e+06 880890
14340 4.96343e+06 804654
14351.1 3.11078e+06 477074
14360.6 7.35705e+06 1.22344e+06
14372.6 3.9928e+06 767328
14380.5 6.65226e+06 1.01374e+06
14390.6 5.37662e+06 687065
14401.5 3.84648e+06 459158
14410.5 4.10644e+06 762461
14420.8 7.84619e+06 1.41029e+06
14430.5 2.65637e+06 226874
14440.2 8.47845e+06 1.29327e+06
14450 4.86246e+06 510753
14461.5 1.49717e+06 253683
14470.2 7.9328e+06 1.33284e+06
14482.6 3.80139e+06 318970
14490.4 6.74269e+06 927739
14500.9 5.47269e+06 668683
14513.5 4.85112e+06 680593
14520.1 3.14787e+06 508978
14531 7.93098e+06 881903
14540 2.17002e+06 454767
14551.1 8.3689e+06 975863
14560.2 4.9861e+06 833158
14571.4 1.37867e+06 321239
14580.5 7.76818e+06 941524
14593.1 4.70892e+06 469487
14600.4 2.98998e+06 502079
14610.2 8.00851e+06 909045
14620.1 5.13551e+06 410590
14630.4 1.05513e+06 207666
14640 8.73573e+06 722324
14652.5 3.46317e+06 237911
14660.5 5.176e+06 580035
14670.8 7.12697e+06 594234
14683.2 4.57394e+06 404756
14690.9 4.39956e+06 818818
14700.9 7.75606e+06 895451
14710.8 2.9964e+06 734689
14720.2 7.58889e+06 820366
14730.4 5.34571e+06 541900
14740.4 1.82484e+06 508882
14750.4 9.00982e+06 777304
14760.6 3.00361e+06 277795
14770.1 6.96526e+06 432034
14780.8 5.50258e+06 639686
14793.9 4.78311e+06 478578
14800.8 2.95415e+06 702826
14811.1 7.10357e+06 592627
14821.8 2.72644e+06 343832
14830.4 7.75891e+06 675103
14840 4.95313e+06 315772
14853.6 4.58218e+06 384425
14860.4 3.37662e+06 314553
14870 7.89389e+06 652997
14880.5 1.75889e+06 330300
14890 8.26174e+06 528258
14900.8 4.76869e+06 252836
14911.2 1.21587e+06 347384
14920.4 8.135e+06 537018
14932 3.77641e+06 575935
14940.8 2.32149e+06 430063
14950.2 7.74139e+06 721766
14960.2 5.15509e+06 470802
14970.8 1.51365e+06 238897
14980 8.59559e+06 587796
14991.4 2.49538e+06 386840
15000.2 7.6386e+06 513092
15010.5 5.18909e+06 378764
15022.5 4.87482e+06 517189
15030.4 3.28697e+06 684323
15041.4 5.68162e+06 914564
15050 5.89055e+06 834409
15060.4 6.19294e+06 689153
15070.1 4.9284e+06 517250
15080.8 1.73931e+06 277279
15091.9 7.49925e+06 685184
15100.9 1.7795e+06 470286
15110.5 8.49152e+06 536049
15120.2 4.79136e+06 504904
15132.8 2.17929e+06 271240
15140.2 7.50955e+06 417693
15152.4 3.12471e+06 411991
15160.1 7.43276e+06 350215
15170.2 5.58064e+06 313268
15182.6 5.47142e+06 396113
15190.5 1.67543e+06 446162
15200.1 8.40394e+06 780496
15210.9 1.31994e+06 93618.7
15220.2 8.36890e+06 529403
15230.4 4.82639e+06 380666
15242.6 3.46626e+06 255227
15250.1 4.09893e+06 327157
15261.4 4.95186e+06 464197
15270 7.79522e+06 492517
15280.2 5.18291e+06 785322
15290.6 1.31994e+06 200410
15300.4 9.34779e+06 1.6823e+06
15311.1 3.08502e+06 250121
15320.1 7.95468e+06 1.35408e+06
15330.1 5.33644e+06 649119
15341.4 3.14581e+06 453696
15350.2 7.22825e+06 882584
15360.1 5.09842e+06 731348
15370.5 911901 196334
15380.1 8.18858e+06 973701
15390.4 4.92222e+06 611343
15403 3.74653e+06 452786
15410.4 3.31146e+06 427522
15420.2 7.08115e+06 918074
15430.9 1.02112e+06 162087
15440 7.70945e+06 857899
15450.2 4.75632e+06 480209
15463 3.74447e+06 431317
15470.4 2.21742e+06 271427
15482.4 6.76766e+06 825290
15492.2 2.75529e+06 271915
15500.4 6.74191e+06 717337
15510.2 4.94798e+06 502366
15522.2 3.36631e+06 531097
15530.5 4.77384e+06 736608
15541.2 4.46757e+06 663392
15550.2 7.53659e+06 953844
15560.2 5.16951e+06 536017
15572.5 3.91036e+06 293731
15580.5 2.27203e+06 413579
15590.4 8.07318e+06 839181
15600.5 1.4271e+06 321694
15610.1 8.47298e+06 497394
15620.6 4.82433e+06 306384
15631.4 2.26688e+06 202284
15640.1 6.46551e+06 907644
15650.1 5.86837e+06 845396
15661.4 2.46471e+06 216178
15670 8.04948e+06 728829
15680.1 5.32614e+06 492592
15690.9 2.79444e+06 332738
15700.1 7.92892e+06 689933
15711.1 2.63243e+06 259078
15720.1 8.21204e+06 713369
15730.2 5.46524e+06 347136
15741.4 2.59763e+06 223896
15750.8 7.61568e+06 486986
15762.2 3.85399e+06 203911
15770 7.16407e+06 622410
15780.2 5.59095e+06 499527
15790.9 2.22463e+06 199208
15802.6 8.76767e+06 634549
15810.2 3.57524e+06 336689
15820 7.61284e+06 665524
15832.8 4.25143e+06 558115
15840.5 1.70222e+06 394327
15850.2 8.94032e+06 1.65783e+06
15860.2 1.67691e+06 362321
15870.4 9.28493e+06 1.41184e+06
15880 5.20146e+06 594640
15891.8 3.24473e+06 332591
15900.2 6.42557e+06 693734
15912.8 4.81918e+06 792279
15920.4 2.81893e+06 674748
15930.2 7.58502e+06 611961
15940 4.48121e+06 638231
15951.8 1.78259e+06 389504
15960.5 8.07627e+06 669284
15972.4 2.80784e+06 444060
15980.2 7.97014e+06 1.2163e+06
15990.9 5.49718e+06 602070
16000.6 1.77641e+06 332431
16010 8.7924e+06 748790
16023.1 4.50697e+06 534296
16030.4 2.90985e+06 499033
16040.6 7.95571e+06 1.17393e+06
16050 5.491e+06 633745
16061.4 2.48532e+06 373821
16073.1 8.47298e+06 966139
16081.1 2.94076e+06 378323
16090 7.75891e+06 967272
16100.2 5.07266e+06 558012
16112.4 3.53324e+06 268608
16120.1 4.88512e+06 630573
16131.9 4.48612e+06 545352
16140 6.93071e+06 702419
16150.6 4.63062e+06 420819
16163.4 4.36271e+06 378362
16170.5 2.48944e+06 513096
16180.1 7.89801e+06 814006
16190.4 1.18805e+06 392084
16200.2 8.91399e+06 772935
16210.5 5.14581e+06 509628
16220.2 2.7862e+06 530651
16230.4 6.68087e+06 766209
16240.5 5.65508e+06 512773
16250.4 1.45286e+06 208384
16260.2 8.74294e+06 944798
16270.4 5.37766e+06 534425
16282.6 3.67749e+06 326438
16290.2 4.46036e+06 680326
16303 6.05384e+06 813105
16310.5 3.82151e+06 813761
16320.2 7.71587e+06 926673
16330.2 5.22309e+06 462483
16341.4 1.46317e+06 244116
16352.4 9.10976e+06 829086
16361.1 3.33182e+06 268786
16370.1 7.2411e+06 775188
16381.6 3.69295e+06 520345
16390.4 5.09096e+06 777102
16400 7.19552e+06 1.18537e+06
16410.8 2.62443e+06 697067
16420 8.02383e+06 1.41324e+06
16430.1 5.33747e+06 1.12549e+06
16443 3.96807e+06 651863
16450.6 3.69374e+06 705850
16460.2 7.57574e+06 1.58132e+06
16470.1 1.27254e+06 244194
16480.5 8.63372e+06 1.26797e+06
16490.2 5.14994e+06 576980
16500.5 2.68934e+06 531446
16510.2 7.59302e+06 1.05917e+06
16523.6 5.0912e+06 499764
16530.2 3.91194e+06 737190
16540.6 7.36166e+06 859814
16550.1 5.09326e+06 669104
16561 1.4168e+06 262974
16573 8.37097e+06 855781
16580.6 3.85502e+06 559698
16590.4 7.31657e+06 1.48867e+06
16601.6 3.43432e+06 670043
16610.2 3.97401e+06 947031
16620 8.98934e+06 1.88422e+06
16630.2 1.92582e+06 276773
16640.5 8.86214e+06 1.54099e+06
16651.2 5.27668e+06 583209
16661.2 1.68676e+06 967529
16670.1 8.19832e+06 688370
16682.9 4.71764e+06 912137
16690.5 4.09559e+06 1.13317e+06
16701 6.95082e+06 864226
16711.1 5.04484e+06 864942
16720.1 1.61051e+06 267292
16730.8 8.50495e+06 1.62108e+06
16740.8 2.88821e+06 452696
16750.5 7.68658e+06 1.07571e+06
16760.2 5.24576e+06 707150
16771 3.10356e+06 575113
16780.6 6.99847e+06 775328
16793.1 5.25916e+06 513561
16800.6 3.57858e+06 824131
16810.8 7.67528e+06 636723
16823 5.12933e+06 892781
16830.9 2.76044e+06 382556
16840.5 8.20095e+06 1.05466e+06
16851 2.96446e+06 511757
16860.6 6.96962e+06 403765
16870.2 5.71769e+06 652415
16883.5 4.46987e+06 702754
16890.1 3.79908e+06 432519
16900.2 7.5281e+06 1.14223e+06
16910.1 1.57548e+06 270242
16920.8 8.59662e+06 698031
16931 5.18703e+06 289763
16940.6 1.4588e+06 254856
16950.5 8.84828e+06 721654
16960.2 5.04174e+06 371944
16971 1.53529e+06 299660
16980.2 8.73779e+06 927156
16990.2 4.98095e+06 600547
17001.2 1.52499e+06 497608
17010 8.55541e+06 856900
17020.9 5.36838e+06 1.10916e+06
17030.6 1.35394e+06 260884
17040.9 8.99745e+06 1.33172e+06
17050.6 5.07678e+06 548104
17060.6 1.60536e+06 448781
17070.2 8.95211e+06 1.10369e+06
17082.5 4.71305e+06 422086
17090.8 3.24164e+06 927703
17100.5 7.95056e+06 711150
17112.6 3.68368e+06 265177
17120.1 6.37302e+06 650070
17130.4 6.03608e+06 459655
17141.1 2.21227e+06 233221
17150.4 8.32666e+06 429840
17160.4 5.23443e+06 352123
17171.1 3.10562e+06 184685
17180.2 5.45596e+06 289028
17190.1 6.0876e+06 331011
17201.2 2.03892e+06 280686
17210.2 7.62908e+06 732029
17220.5 5.3408e+06 541602
17233.8 4.3555e+06 357734
17240.6 3.29625e+06 563542
17251 5.45493e+06 476829
17260.2 7.51058e+06 599350
17270.2 4.89646e+06 313621
17280.8 4.9181e+06 355770
17290.1 1.56518e+06 741623
17302.9 7.16952e+06 717587
17310.9 3.40753e+06 545834
17320.2 7.28699e+06 818300
17330.5 5.1046e+06 421248
17341.4 1.71664e+06 249101
17354 8.08967e+06 652848
17361.4 3.66901e+06 601949
17370 7.00799e+06 708688
17380.6 5.28698e+06 482839
17390.2 1.69604e+06 275145
17402.5 8.55644e+06 478317
17411.6 3.41062e+06 545675
17420.2 7.3416e+06 585314
17430.4 5.21485e+06 531035
17441.2 1.95982e+06 222770
17450.6 8.17107e+06 868695
17460.9 3.96655e+06 499337
17470.1 6.16124e+06 873187
17480.4 4.98404e+06 479549
17490.5 1.75477e+06 307852
17500.4 8.98612e+06 681654
17511.5 2.34828e+06 442911
17520.4 8.00105e+06 856265
17530.1 5.06441e+06 639160
17541.8 3.24060e+06 382273
17550.6 4.90137e+06 870641
17560 7.12958e+06 934556
17570.5 1.26224e+06 329301
17580.1 8.75943e+06 859102
17590 5.22e+06 436821
17600.5 2.67388e+06 426274
17610.4 7.58247e+06 559862
17621.8 3.09865e+06 452504
17630.1 7.19116e+06 773009
17640.4 5.13654e+06 458739
17653.6 4.87894e+06 645581
17660 3.1386e+06 420892
17670.2 5.27668e+06 889414
17680 6.89313e+06 565146
17690.1 5.50052e+06 812577
17700 5.30037e+06 535229
17710.1 2.05668e+06 494076
17720 7.82176e+06 765508
17731.9 1.58578e+06 414787
17740.4 8.04536e+06 523871
17750.5 5.30038e+06 524632
17761.5 3.23854e+06 264824
17770.8 6.52218e+06 627294
17782.4 4.03632e+06 601544
17790 3.09017e+06 538765
17800.2 7.52604e+06 1.09079e+06
17810.4 4.59661e+06 595318
17820.9 2.46962e+06 147320
17830 7.14091e+06 859502
17841.8 4.43278e+06 855615
17850.1 3.51263e+06 769466
17860 8.70791e+06 1.18546e+06
17871.1 5.40342e+06 781227
17880.1 1.6033e+06 310959
17892.6 8.04742e+06 1.00266e+06
17900 3.37765e+06 582580
17910.1 9.11286e+06 1.28141e+06
17920.4 5.44566e+06 541589
17930.9 1.54250e+06 355401
17941.1 8.98199e+06 1.01288e+06
17951.6 1.69992e+06 423326
17960.1 9.01797e+06 1.00499e+06
17970.2 5.3385e+06 838540
17982.8 4.10511e+06 490563
17990.8 3.96807e+06 738667
18002.9 6.62628e+06 996127
18010.1 4.56752e+06 950281
18020.2 7.12855e+06 751920
18030.9 5.26122e+06 537122
18040.1 2.12777e+06 332062
18051.9 7.65175e+06 778562
18060.2 4.52345e+06 797961
18070.8 7.10460e+06 1.17893e+06
18081.8 3.69295e+06 395808
18091 4.93434e+06 763447
18100.8 7.21613e+06 1.27633e+06
18110.1 1.34158e+06 290075
18120.5 8.72852e+06 1.04706e+06
18130.1 5.30553e+06 285263
18141.4 2.52344e+06 395737
18150 7.40445e+06 1.04607e+06
18161.1 3.70919e+06 596180
18170 8.1507e+06 568716
18180 5.24885e+06 473331
18194.2 4.72129e+06 331391
18201.1 2.31118e+06 661305
18210.2 8.65433e+06 605587
18220.4 1.56002e+06 288459
18230.1 8.82228e+06 838320
18240.4 5.40857e+06 495412
18250.5 1.78362e+06 348601
18260.4 9.26432e+06 714107
18270.9 2.20093e+06 342837
18280.6 9.02218e+06 721351
18290.1 5.53015e+06 356496
18301 1.97733e+06 266519
18310.2 8.4874e+06 629523
18322.9 3.92582e+06 338040
18330.6 3.288e+06 732053
18340 7.79188e+06 647912
18351 5.15715e+06 597584
18360.1 1.58063e+06 411187
18370.9 8.72748e+06 859053
18381.1 1.61978e+06 512628
18390.4 8.63475e+06 803953
18401.1 5.19716e+06 577908
18411 1.69912e+06 386889
18420.4 8.57087e+06 858718
18430.9 5.17054e+06 617431
18440.4 1.72695e+06 350248
18450.8 8.46061e+06 1.01851e+06
18460.1 5.11387e+06 641508
18471.1 1.71355e+06 348335
18480.1 8.59535e+06 907890
18491.9 3.551e+06 393020
18500.4 6.03172e+06 653651
18510.9 6.06208e+06 830758
18520.8 5.22e+06 722956
18530.1 1.93921e+06 291823
18541.5 8.35139e+06 875212
18550.2 1.39207e+06 429781
18560.9 8.70172e+06 869208
18570.5 4.99538e+06 770818
18582.6 3.54354e+06 480338
18590.9 4.74087e+06 875787
18602.8 6.48327e+06 1.14345e+06
18611.1 4.36992e+06 783394
18620.1 7.15818e+06 1.47056e+06
18632.5 4.73984e+06 468740
18640.5 3.23727e+06 641035
18651.8 8.14349e+06 921308
18661.1 2.00103e+06 539632
18671 8.34624e+06 721090
18680.8 4.82948e+06 625551
18692.1 2.68213e+06 283287
18701.2 5.66823e+06 568364
18710.9 6.23804e+06 700319
18720.6 1.16435e+06 335556
18731.4 8.89956e+06 705114
18740.6 4.90779e+06 476778
18751.2 1.54869e+06 299304
18760.8 8.36788e+06 655298
18770.8 4.65019e+06 464512
18780.4 1.64221e+06 343029
18790.9 8.54019e+06 655505
18800.4 5.24061e+06 514806
18811.6 1.78362e+06 244106
18820.1 8.96138e+06 846398
18831.1 2.70789e+06 371428
18840.2 7.85886e+06 501935
18850.2 5.72593e+06 508811
18863.1 4.20609e+06 343971
18871 4.02783e+06 719671
18881.9 5.04665e+06 837006
18890.9 7.39542e+06 547863
18900.1 5.21691e+06 693059
18913.4 4.55746e+06 230282
18920.5 3.03246e+06 871781
18931.5 6.17312e+06 587889
18940.2 7.37354e+06 753664
18951 5.30038e+06 239749
18962.5 3.98971e+06 214497
18970.4 3.74962e+06 584322
18982 7.57962e+06 913036
18990.1 2.26791e+06 239782
19000.4 8.34108e+06 549779
19010.2 5.28286e+06 376947
19020.6 1.60845e+06 286037
19030 9.02321e+06 621014
19041.4 2.55539e+06 339301
19050.1 7.74527e+06 508827
19060.5 5.14812e+06 231020
19073 4.4029e+06 255491
19080.1 3.68986e+06 383339
19091.6 7.11388e+06 753545
19100.1 1.80217e+06 414615
19110.9 8.99333e+06 720996
19120 5.06029e+06 588506
19131.8 3.1726e+06 345033
19141 5.22903e+06 916943
19152 4.39932e+06 1.05921e+06
19160.9 7.38766e+06 798168
19170.1 5.05102e+06 750789
19182.8 4.7182e+06 528023
19190.2 3.03556e+06 524569
19201.9 6.779e+06 897421
19210.9 3.0201e+06 286244
19220.6 8.43691e+06 1.19963e+06
19230.1 5.27771e+06 689506
19242.4 2.69655e+06 511227
19250.5 7.80812e+06 874642
19261.9 2.9861e+06 620358
19270.4 7.80243e+06 1.03982e+06
19280.5 5.40444e+06 994587
19292.6 5.0572e+06 827214
19301.2 2.56982e+06 661013
19310.8 8.29781e+06 1.55689e+06
19320 1.85999e+06 393131
19330.5 8.67906e+06 1.23948e+06
19340 5.33232e+06 852356
19350.6 1.76507e+06 369652
19360.1 8.66978e+06 1.19913e+06
19373.2 5.09739e+06 720178
19380 3.8609e+06 973590
19390.6 7.85474e+06 1.03648e+06
19403.9 4.79857e+06 732285
19410.9 2.96318e+06 451291
19420.2 8.44952e+06 1.40243e+06
19430.8 1.76507e+06 346418
19440.1 8.96242e+06 1.08177e+06
19450.6 5.42402e+06 662325
19461.1 1.95158e+06 312603
19470.5 9.016e+06 868432
19481.5 3.4776e+06 391569
19490.1 8.0536e+06 809477
19500.5 5.46524e+06 479161
19511 2.96034e+06 314775
19520.1 8.46576e+06 632487
19532.2 4.93149e+06 314175
19540.1 6.84288e+06 592700
19550.2 5.69502e+06 472785
19560.4 5.61774e+06 525376
19570.1 2.84184e+06 246344
19580.9 7.86504e+06 931362
19590.4 1.53735e+06 337707
19600.8 9.43331e+06 1.01568e+06
19610.2 5.53118e+06 553623
19620.8 1.4848e+06 132842
19630.1 9.15716e+06 893223
19641.1 3.28182e+06 381805
19650.1 6.71923e+06 630570
19660.1 5.34983e+06 572049
19672.2 3.86503e+06 333527
19680.6 5.26431e+06 331709
19690.8 6.85937e+06 692089
19700.6 2.15868e+06 253719
19710.2 8.80889e+06 748374
19720.4 5.46524e+06 699849
19730.4 1.33849e+06 232879
19740.2 9.21383e+06 829294
19750.4 2.91397e+06 367768
19760.4 8.00414e+06 914086
19770.4 5.38693e+06 698823
19783 3.82072e+06 393032
19790.6 3.27873e+06 608763
19800.9 7.95675e+06 1.31598e+06
19810.4 1.66615e+06 217643
19820.5 8.35448e+06 619679
19830.4 5.51161e+06 477265
19841 1.7558e+06 173438
19850.4 9.58684e+06 729425
19860.4 1.65379e+06 225993
19870.1 9.17056e+06 855175
19880.2 5.65689e+06 242933
19891 2.86966e+06 534589
19900.2 8.56777e+06 527299
19911.1 3.84236e+06 650023
19920 7.74036e+06 683481
19930.4 5.85679e+06 670337
19940.4 2.05049e+06 445559
19950.5 9.09865e+06 1.64989e+06
19962.6 4.56982e+06 796308
19970.4 5.40008e+06 1.4793e+06
19980.6 6.8761e+06 1.12358e+06
19993.8 5.29934e+06 964724
20001.4 2.33076e+06 643939
20010.1 8.86319e+06 1.33182e+06
20020.9 1.43122e+06 265347
20030.1 8.91605e+06 1.41552e+06
20040.1 4.92943e+06 583470
20050.4 1.69398e+06 232410
20060.1 9.38076e+06 1.07229e+06
20071.9 3.82999e+06 488768
20080 7.04151e+06 900267
20090 5.822e+06 855378
20103.5 5.3725e+06 619920
20110.2 4.9047e+06 626409
20122.8 6.474e+06 966867
20130.2 7.09121e+06 877117
20140 5.8403e+06 852725
20152.4 4.87276e+06 670245
20160.5 5.52888e+06 712581
20171 4.36604e+06 964782
20180.4 8.45443e+06 1.0588e+06
20191 5.82588e+06 737345
20200.8 3.18908e+06 435184
20210.5 8.73264e+06 1.07508e+06
20222.9 4.64472e+06 636650
20230 7.30838e+06 949643
20240.4 5.8797e+06 637140
20252.9 5.22928e+06 484424
20260.6 2.79547e+06 324176
20270.5 7.47452e+06 736061
20281.1 2.22875e+06 503030
20290 8.51213e+06 925317
20300 5.47451e+06 607323
20311 2.39258e+06 301662
20320.1 7.82898e+06 771430
20332 3.8032e+06 385243
20340 7.95572e+06 604574
20350 5.8774e+06 622479
20362.2 5.21073e+06 667991
20370.2 7.73727e+06 759986
20382.8 4.32562e+06 480170
20390 6.78082e+06 877396
20400.4 6.18882e+06 702636
20412.6 5.72078e+06 448260
20420.2 2.92118e+06 528128
20431.2 7.762e+06 1.2332e+06
20440.8 6.19864e+06 855033
20450.1 6.45157e+06 621347
20461 5.33335e+06 378007
20470.1 1.79289e+06 448363
20480 8.10924e+06 670750
20490.6 1.55487e+06 463906
20500 9.00363e+06 747076
20511.1 5.05926e+06 497972
20520.2 1.45698e+06 316310
20530.6 9.44155e+06 771177
20542.2 4.78414e+06 436219
20550.1 7.07576e+06 745793
20560.4 6.19373e+06 583405
20572.6 4.2947e+06 492221
20580.4 6.58425e+06 793923
20592.8 5.3148e+06 481822
20600.1 5.27255e+06 993803
20610.8 7.2068e+06 1.62136e+06
20620 5.63216e+06 789796
20630.9 2.18651e+06 339049
20640.1 8.61208e+06 1.15694e+06
20650.6 2.13911e+06 337525
20660.4 1.01268e+07 1.55821e+06
20670.4 6.38436e+06 872446
20680.2 2.71819e+06 299022
20690.8 9.56932e+06 1.08201e+06
20700.4 2.78826e+06 355038
20710.2 8.34521e+06 1.04124e+06
20720.2 5.06544e+06 565531
20730.5 2.22154e+06 300915
20742.8 8.50389e+06 773107
20750.4 2.28985e+06 560837
20760.9 8.91575e+06 886318
20770 5.14684e+06 787842
20781.5 2.71922e+06 506186
20792.6 8.55232e+06 1.19643e+06
20800.2 2.94694e+06 526652
20810.9 8.87586e+06 1.27139e+06
20820.1 5.91243e+06 768961
20830.5 3.06956e+06 577389
20841.1 8.48328e+06 628948
20850.2 2.28336e+06 455780
20860.8 8.56983e+06 789320
20870.1 5.66926e+06 696114
20880.4 2.4812e+06 194371
20890 8.47916e+06 851619
20900.9 5.66823e+06 624794
20910.4 3.16436e+06 431806
20920 8.75427e+06 1.08293e+06
20932.2 4.33901e+06 547116
20940.1 7.82486e+06 850538
20950.2 5.54472e+06 651392
20961 2.25348e+06 311413
20970 9.13552e+06 1.01547e+06
20982.2 5.29625e+06 618733
20990.5 2.3264e+06 341628
21000 9.16874e+06 984627
21011.1 5.9722e+06 523291
21020.4 2.52114e+06 646342
21030 1.05278e+07 1.14064e+06
21040.1 2.42968e+06 309494
21050.8 9.23032e+06 1.12589e+06
21060.4 6.42042e+06 613382
21070.4 3.12417e+06 407419
21080.4 8.97066e+06 986112
21091.2 3.6064e+06 474402
21100 8.49152e+06 993464
21110.4 5.68162e+06 626597
21122.5 3.92994e+06 375336
21130.2 7.04072e+06 780369
21142.6 4.59867e+06 449659
21150 7.08866e+06 734607
21160.4 5.96856e+06 969658
21173.5 5.05514e+06 539270
21180.4 4.99204e+06 662262
21193.1 7.41809e+06 959717
21200.2 3.84854e+06 364573
21210.4 8.09276e+06 1.07774e+06
21220.1 5.84442e+06 628008
21230.6 2.54921e+06 423923
21240.1 8.88308e+06 1.03137e+06
21250.2 2.18135e+06 349705
21260.5 8.89235e+06 885515
21270 5.84752e+06 645603
21280.4 2.22154e+06 294785
21290.1 9.19426e+06 811983
21301 2.50466e+06 241556
21310.2 8.77512e+06 638737
21320.1 5.80527e+06 619604
21331.9 2.69037e+06 230648
21340.2 7.85061e+06 374680
21352 3.39207e+06 485598
21360.2 7.58065e+06 453776
21370 5.42814e+06 335793
21381.1 2.34725e+06 438523
21390.8 8.067e+06 718654
21402.4 4.22457e+06 429590
21410.2 3.53221e+06 589221
21420.4 7.52192e+06 852513
21430 5.31583e+06 259192
21440.9 2.14632e+06 261916
21450.6 6.8264e+06 317552
21460.1 8.16282e+06 370943
21470.4 5.38074e+06 254306
21482 4.14117e+06 105805
21490.4 6.80761e+06 444724
21501.9 4.40187e+06 404758
21510 8.78234e+06 692305
21520 6.5554e+06 574566
21530.6 3.4302e+06 361972
21540 1.0305e+07 774671
21550.4 4.11748e+06 576433
21560.2 9.38797e+06 699969
21571.2 3.96498e+06 294034
21580 9.14583e+06 577287
21592.8 5.37662e+06 441051
