# TimeStamp(s) Sum Stdev
0.875 2.78517e+06 492008
10.125 3.00774e+06 576357
21.375 1.85575e+06 521933
30.875 4.67595e+06 824374
42.625 3.12805e+06 953572
51.75 4.12699e+06 721818
64.25 1.87326e+06 323528
72 3.00258e+06 562354
81 2.63988e+06 918901
91.125 4.09687e+06 1.0267e+06
100.375 6.00311e+06 740759
110 5.61028e+06 938789
120.625 5.53658e+06 1.59467e+06
131.125 4.27979e+06 1.15982e+06
143 4.15093e+06 1.16739e+06
151.25 3.51778e+06 1.18324e+06
160.5 3.49511e+06 1.17017e+06
170.5 3.02525e+06 1.04321e+06
180.625 2.2813e+06 784687
190.625 3.51572e+06 877057
201.625 3.99486e+06 1.35301e+06
210.5 4.70171e+06 1.04365e+06
220.125 3.34468e+06 1.07255e+06
230.25 3.38074e+06 1.01153e+06
240 4.56673e+06 1.43123e+06
250.5 4.39362e+06 1.02367e+06
260.125 4.3895e+06 778205
271.125 2.64606e+06 589104
280.875 5.6435e+06 1.03159e+06
290.5 1.75582e+06 458524
301.625 3.07754e+06 378314
311.125 3.57161e+06 892442
322.75 1.00567e+06 329953
332.75 3.52294e+06 912065
340.875 5.17467e+06 948154
351.875 1.7187e+06 340681
360.625 3.90521e+06 506738
372.75 1.49717e+06 282081
381.75 2.91809e+06 672058
391.5 4.20636e+06 789584
401.5 2.53966e+06 608996
411.875 3.45699e+06 311266
421.5 5.44669e+06 793070
432.5 1.82793e+06 432899
441.625 1.0984e+06 553753
451.5 3.19399e+06 867613
461.625 4.2424e+06 1.31824e+06
471.75 1.89387e+06 276346
484 4.59043e+06 835054
492.875 1.75786e+06 711361
501.5 2.51911e+06 1.40742e+06
511 5.78591e+06 1.01463e+06
522.375 3.53251e+06 623012
531.375 3.7532e+06 824337
541.875 4.91319e+06 765686
551.125 3.51366e+06 803338
561.25 4.94283e+06 821546
572.625 4.00516e+06 571194
581 4.0608e+06 616782
591.125 4.30089e+06 821565
601.875 2.7254e+06 354586
610.875 5.61258e+06 842396
620.875 4.77384e+06 529943
632.5 3.1963e+06 928022
641 3.79472e+06 798623
651.25 2.45647e+06 447205
660.5 4.16281e+06 933372
671.625 3.39574e+06 1.02074e+06
681.875 2.43553e+06 458757
693 4.10305e+06 1.14289e+06
703.25 1.62494e+06 699292
711 7.25401e+06 414600
721.5 2.81814e+06 553092
731.5 2.92736e+06 874646
741.375 2.21742e+06 555889
752.5 4.11851e+06 1.29665e+06
762.625 3.48869e+06 1.07184e+06
773.125 2.31349e+06 1.01291e+06
782.375 3.78882e+06 1.50141e+06
791.375 1.70296e+06 603998
801.625 8.22489e+06 1.57085e+06
811.375 1.4982e+06 524933
820.625 5.85061e+06 1.53122e+06
830.625 3.6538e+06 1.31299e+06
841.5 634723 332699
852.25 3.36607e+06 953079
862.875 3.97655e+06 796723
871.75 2.54818e+06 437631
882.125 2.4181e+06 536524
890.75 4.99974e+06 687752
902.875 3.18036e+06 252218
910.5 3.82739e+06 631216
920.875 4.06286e+06 804250
934.125 3.09841e+06 455972
941.75 2.45441e+06 654004
950.625 3.6538e+06 608523
961.125 2.29985e+06 348699
970.25 5.21279e+06 747129
980.75 3.35474e+06 605745
990 6.67208e+06 958888
1000.38 3.51881e+06 377497
1010.12 4.70583e+06 483295
1020.25 4.82433e+06 451721
1031.62 3.13756e+06 375860
1040.88 3.17054e+06 361895
1051.12 2.21305e+06 536992
1060.5 5.18418e+06 1.27606e+06
1070.12 4.38538e+06 538181
1084.5 2.07316e+06 567030
1092.25 2.60073e+06 484352
1100.88 7.48692e+06 1.3278e+06
1113.62 1.8485e+06 768221
1121.12 4.90834e+06 757756
1132.62 3.10199e+06 877415
1141.5 310147 258336
1150.62 3.92479e+06 882471
1162.25 4.05359e+06 1.50031e+06
1171 4.03789e+06 648955
1180.5 3.68392e+06 1.13461e+06
1191.88 3.14581e+06 504549
1203.25 1.00155e+06 304266
1211.38 4.48636e+06 1.07686e+06
1223.62 1.94206e+06 207029
1233 2.72462e+06 1.26457e+06
1243.75 581144 335951
1251.25 759401 219963
1260.5 6.72851e+06 833521
1270.75 3.46214e+06 429406
1281.88 3.47244e+06 476610
1292.12 2.62648e+06 656946
1300.62 1.20144e+06 517245
1311.75 7.73006e+06 1.07773e+06
1321.12 2.30197e+06 628976
1332.38 1.5954e+06 389010
1342.62 303614 277422
1351.12 4.62336e+06 923969
1360.38 3.81145e+06 1.36899e+06
1370.88 3.91036e+06 795253
1382.75 2.55539e+06 1.09242e+06
1392.12 5.26946e+06 842118
1401.5 3.71229e+06 693966
1410.62 2.90391e+06 386302
1424.25 3.93097e+06 467426
1431.38 970633 397496
1440.62 4.86864e+06 1.19583e+06
1450.5 3.254e+06 534510
1461.88 2.74807e+06 406625
1470.38 1.35394e+06 491549
1480.38 8.62604e+06 1.43921e+06
1490.88 2.65534e+06 456976
1500.5 5.99486e+06 787820
1511.5 3.20145e+06 475753
1521.88 5.44154e+06 904246
1531 2.73571e+06 687255
1540.75 4.22155e+06 766479
1553.38 2.74601e+06 1.00402e+06
1563.38 2.49253e+06 409371
1571.75 5.80557e+06 1.51202e+06
1583.62 3.49718e+06 701093
1593.38 2.79929e+06 535771
1600.62 4.17318e+06 945766
1611.12 1.84847e+06 403731
1621.88 3.84545e+06 680373
1630.88 2.81917e+06 873367
1642.75 2.43689e+06 352963
1651 4.59224e+06 705241
1663.75 4.23003e+06 628110
1671.12 3.81248e+06 447400
1680.75 3.6744e+06 579795
1691.12 4.49151e+06 389547
1703.62 3.31479e+06 427472
1711.75 2.62624e+06 941002
1720.5 3.35728e+06 807811
1732.12 3.288e+06 506924
1741.25 5.36838e+06 682370
1750.5 5.21691e+06 694620
1760.88 6.00723e+06 824366
1771.75 4.52242e+06 1.29284e+06
1780.75 3.24988e+06 696553
1790 3.25091e+06 816830
1801.88 4.28749e+06 1.16823e+06
1810.5 4.14736e+06 733376
1822.25 2.45108e+06 751261
1831.62 4.50466e+06 1.45816e+06
1841.75 3.7272e+06 1.40232e+06
1852.12 4.39387e+06 923173
1861.38 2.12365e+06 1.00219e+06
1872 3.86915e+06 557417
1881.62 3.17981e+06 859126
1891.62 2.37198e+06 367310
1902.75 1.73519e+06 632843
1912.12 3.94516e+06 1.72984e+06
1922.62 3.63446e+06 987761
1932.62 268932 244967
1943.62 4.06056e+06 980459
1951.5 3.97243e+06 1.87437e+06
1962.12 2.77899e+06 646162
1970.62 2.35858e+06 567077
1981.5 3.31376e+06 902553
1990.62 5.68780e+06 1.49939e+06
2001.12 4.63886e+06 1.26153e+06
2013.12 3.3014e+06 752800
2020.88 4.7419e+06 1.87867e+06
2030.62 5.26122e+06 1.98789e+06
2040.75 4.75838e+06 1.17816e+06
2051.38 3.86503e+06 1.0289e+06
2060 3.82999e+06 998470
2071.5 4.36992e+06 876860
2080.12 2.77178e+06 493530
2090.62 3.0541e+06 585186
2100.75 4.34519e+06 650822
2110.75 4.33828e+06 816935
2120 2.9621e+06 352820
2130.5 4.11335e+06 631046
2142 1.90418e+06 544240
2151.38 2.82693e+06 635604
2161.25 4.11899e+06 772892
2170.5 1.68882e+06 403171
2180.62 3.50542e+06 423663
2191.62 1.64039e+06 559810
2200.62 4.81506e+06 667983
2212 2.17414e+06 378054
2221.5 2.11644e+06 430541
2231.5 5.27952e+06 461689
2241.12 2.29082e+06 688437
2250.62 3.19424e+06 296390
2263.38 2.95725e+06 371407
2273.25 21637 14123.5
2280.5 7.25504e+06 660031
2290.62 2.21124e+06 517357
2302.5 1.85987e+06 404641
2313.38 1.74113e+06 416893
2322.75 2.76353e+06 694399
2330.75 4.62443e+06 1.19138e+06
2342 4.45981e+06 898412
2350.5 5.8063e+06 980048
2361.88 3.50336e+06 508249
2370.75 3.76587e+06 540932
2383.12 3.07598e+06 528981
2390.5 4.42350e+06 843768
2401.12 2.48896e+06 575251
2410.5 3.62646e+06 802501
2420.12 3.78569e+06 739669
2430.38 1.7455e+06 618281
2440.62 2.09122e+06 1.13609e+06
2450.75 3.24909e+06 782665
2461.12 4.61128e+06 833403
2470.75 2.46368e+06 377051
2481.12 3.61876e+06 838453
2490.88 4.72438e+06 756286
2501.62 1.79186e+06 202677
2510.75 5.06235e+06 504274
2523.25 4.0451e+06 536880
2530.12 4.54327e+06 378319
2541.12 2.07213e+06 290548
2550.88 3.34777e+06 359990
2562.12 3.09841e+06 399236
2571.75 1.52735e+06 240453
2580.62 6.15015e+06 977978
2592.12 4.19372e+06 324226
2600.62 2.84881e+06 500792
2611.75 5.22128e+06 692993
2620.38 3.82175e+06 648996
2630.38 4.15869e+06 520979
2640.5 2.576e+06 552921
2650.5 3.73314e+06 449676
2662.38 3.0044e+06 296795
2670.5 3.53554e+06 776539
2680.5 2.56775e+06 350078
2690.75 3.46523e+06 306956
2702.5 3.27873e+06 475915
2710.38 255535 87892.6
2724.12 4.49975e+06 417731
2734.12 0 0
2741.12 6.74603e+06 933624
2752 1.73828e+06 300486
2763.38 2.3421e+06 349515
2770.25 3.18084e+06 521259
2781.12 3.5933e+06 449502
2790.75 3.59682e+06 1.1599e+06
2801 3.85321e+06 497527
2810.62 5.95928e+06 1.40755e+06
2820.25 5.66101e+06 683728
2830.5 955177 552239
2841.12 7.40961e+06 779012
2850.25 2.47295e+06 266397
2861.62 3.35189e+06 417323
2873.75 2.43689e+06 1.01591e+06
2882.5 2.52654e+06 628664
2891.25 6.13191e+06 550452
2901 2.89233e+06 252721
2913.38 5.21691e+06 587083
2920.88 1.76198e+06 413394
2930.62 6.82537e+06 757828
2940.5 1.64967e+06 487828
2950.25 5.36323e+06 541151
2961 3.83617e+06 442702
2972.88 4.99744e+06 1.23309e+06
2982.25 859351 535728
2991.5 2.61824e+06 1.19928e+06
3001.62 7.88729e+06 1.73584e+06
3013.12 4.19312e+06 1.3683e+06
3021.5 1.4168e+06 471008
3031.62 6.97721e+06 1.47811e+06
3041.62 2.50143e+06 455310
3052.12 1.19114e+06 368625
3061.5 2.51187e+06 529938
3071 6.96059e+06 1.00106e+06
3081.88 2.18754e+06 736550
3092 2.48635e+06 811126
3101.12 4.69632e+06 963297
3111.5 2.64425e+06 500943
3121.38 2.28955e+06 1.01063e+06
3132.12 5.66204e+06 938843
3140.88 3.00258e+06 656800
3153.62 2.31737e+06 717636
3161 3.80011e+06 1.44899e+06
3172 3.51469e+06 692574
3181 4.3421e+06 737121
3190.75 2.89233e+06 481261
3201.62 5.54561e+06 1.51441e+06
3212.75 3.45184e+06 1.43838e+06
3220.62 5.36426e+06 1.02274e+06
3232.62 3.21072e+06 577443
3242.62 1.50105e+06 662606
3250.62 7.97038e+06 1.30049e+06
3261.5 3.89594e+06 706144
3273.12 3.84133e+06 1.07855e+06
3282 3.28285e+06 640825
3291.5 3.38526e+06 1.05077e+06
3301.38 2.1892e+06 635790
3310.62 4.55127e+06 1.50144e+06
3320.62 4.22773e+06 701183
3332.12 3.8483e+06 1.14699e+06
3340.25 4.28464e+06 1.13284e+06
3350.12 4.96446e+06 1.53045e+06
3361.12 4.82536e+06 1.17021e+06
3370.62 5.74757e+06 1.46133e+06
3380.5 4.67698e+06 1.12454e+06
3390.75 4.29161e+06 769579
3401.62 2.39852e+06 381481
3410.88 4.88434e+06 919845
3420.5 3.35164e+06 720344
3430.38 3.49536e+06 611734
3442.25 3.08428e+06 256471
3450.38 4.9755e+06 1.1465e+06
3460.75 3.27461e+06 497705
3471.38 2.51314e+06 381063
3480.5 4.5554e+06 525544
3492.5 2.65019e+06 331981
3502.12 2.75838e+06 406226
3511.75 2.41526e+06 343431
3520.12 4.08553e+06 754647
3530.12 2.82741e+06 345472
3541 4.61413e+06 926303
3551.12 3.3828e+06 685411
3561.25 3.38359e+06 544518
3570.38 7.7406e+06 1.07633e+06
3580.62 2.41732e+06 422594
3590.38 4.88924e+06 633352
3600.38 2.73468e+06 282933
3610.38 3.864e+06 578251
3621.62 3.79496e+06 719081
3630.62 5.27668e+06 1.27918e+06
3641.25 3.03119e+06 1.13875e+06
3650.75 4.83385e+06 1.30087e+06
3662 2.51314e+06 804527
3670.38 4.45558e+06 1.47527e+06
3680.25 3.22605e+06 902745
3691.62 4.44411e+06 1.32215e+06
3700.62 4.89955e+06 1.13128e+06
3710.5 5.78775e+06 2.04007e+06
3720.38 2.94591e+06 834291
3731.88 2.52139e+06 532567
3740.12 3.62392e+06 885768
3750.12 3.95237e+06 608839
3760.12 2.56878e+06 348513
3771.12 2.62443e+06 270851
3780.12 3.47166e+06 437688
3793.38 5.55488e+06 769801
3800.38 3.52269e+06 583877
3810.12 3.68907e+06 684433
3820.5 4.70686e+06 743935
3832.12 1.87842e+06 647352
3840.88 2.00855e+06 684977
3850.25 5.3077e+06 1.56928e+06
3862.12 1.95734e+06 226774
3870.75 5.52088e+06 856516
3880.12 3.45802e+06 351172
3890.38 3.34983e+06 558665
3903.62 3.16824e+06 503634
3911 2.38871e+06 541337
3923.12 3.61052e+06 1.09082e+06
3930.25 5.19218e+06 1.36446e+06
3941.12 3.20248e+06 799921
3953 1.57445e+06 392123
3960.25 5.9262e+06 1.46643e+06
3972.25 2.84123e+06 525730
3980.88 2.64528e+06 868743
3990.75 3.02319e+06 398566
4001.5 3.86709e+06 627617
4010.62 1.62082e+06 512891
4020.38 5.77127e+06 1.03334e+06
4032.62 4.64401e+06 624280
4041.25 6.16385e+06 476335
4051 2.00412e+06 180049
4060.38 5.21279e+06 371056
4070.5 4.01959e+06 297406
4081.88 2.23906e+06 356041
4090.62 6.15458e+06 431852
4100.25 3.07059e+06 178691
4112.88 3.61361e+06 461238
4122.38 1.93715e+06 307667
4130.62 3.19399e+06 914146
4140.75 5.57058e+06 931608
4150.62 4.76972e+06 808087
4162.75 4.1082e+06 850724
4171.12 1.01803e+06 308549
4180.75 6.89107e+06 1.07692e+06
4191.75 2.88845e+06 544418
4202.38 1.97836e+06 586447
4211.12 1.15404e+06 342666
4221.62 5.20867e+06 936140
4230.88 4.66364e+06 1.23474e+06
4241.38 2.42526e+06 757954
4250.88 5.19861e+06 829372
4260.5 5.63628e+06 1.11511e+06
4271 4.5183e+06 623721
4280.38 2.26791e+06 727838
4291.12 6.17312e+06 967062
4301.25 3.38359e+06 532788
4311.75 3.85703e+06 758507
4321.5 4.79445e+06 580835
4331.75 3.8166e+06 424860
4341.25 592477 294101
4352.88 2.77383e+06 894196
4362.88 3.6641e+06 996930
4371.25 5.13038e+06 1.65712e+06
4381.5 2.10586e+06 533349
4390.88 3.32382e+06 730281
4401.12 5.42966e+06 1.15284e+06
4411.88 2.01237e+06 451175
4421.38 6.28416e+06 1.4143e+06
4433 1.57675e+06 430061
4442.38 4.69347e+06 1.02767e+06
4452 4.39674e+06 1.06603e+06
4462.12 3.00874e+06 645990
4472.12 3.6404e+06 1.38951e+06
4481.25 6.72336e+06 1.65707e+06
4491.88 3.74756e+06 1.57741e+06
4500.88 3.98146e+06 951627
4512.88 3.64555e+06 1.25954e+06
4521.75 3.94825e+06 1.03311e+06
4531.88 5.24226e+06 1.51402e+06
4543 2.3421e+06 991558
4552.25 3.02439e+06 1.29445e+06
4563.75 4.41575e+06 1.39938e+06
4572.25 638846 432981
4582.88 4.23573e+06 1.31672e+06
4592.88 7.38512e+06 2.32744e+06
4601.62 2.49332e+06 813305
4610.75 3.45699e+06 1.06416e+06
4621.25 4.22385e+06 1.08834e+06
4631.12 3.49408e+06 697630
4640.5 3.33334e+06 1.2326e+06
4650.62 3.52396e+06 691202
4661.5 4.8573e+06 1.13665e+06
4671.75 3.87327e+06 1.15309e+06
4681 4.51006e+06 1.29084e+06
4692.62 4.72026e+06 1.27342e+06
4700 2.91269e+06 867397
4710.25 5.15739e+06 1.47424e+06
4721 3.36322e+06 615916
4730 3.91346e+06 708539
4740.62 3.95085e+06 706023
4752.38 5.25037e+06 689139
4760.5 2.8359e+06 435955
4770.38 3.99074e+06 751826
4780.12 4.95725e+06 465836
4791 4.61261e+06 300360
4800.38 5.03399e+06 542967
4811.62 2.6203e+06 448290
4820.38 5.35189e+06 823753
4830.5 3.09326e+06 423094
4840.62 4.23391e+06 807668
4851 1.77434e+06 204288
4861 5.70429e+06 1.07755e+06
4871 4.40186e+06 662163
4881.38 2.07728e+06 436867
4891.88 2.62727e+06 494502
4900.62 3.99722e+06 1.28596e+06
4912.75 5.98759e+06 1.31316e+06
4920.75 2.76432e+06 248809
4930.5 3.54482e+06 607372
4940.62 5.0809e+06 466333
4950.62 3.19272e+06 458653
4962.25 5.43148e+06 781940
4971 3.88048e+06 966232
4980.25 3.04095e+06 563490
4990 2.34519e+06 470118
5000.5 5.68265e+06 1.22258e+06
5010.25 4.01341e+06 809871
5021 2.23493e+06 361835
5030.5 4.915e+06 705702
5040.38 5.28698e+06 741762
5053.25 4.46781e+06 525924
5062.88 1.75889e+06 1.02737e+06
5071.88 7.49101e+06 719694
5081 3.24885e+06 936761
5092 3.30734e+06 980816
5101.88 3.69938e+06 1.27275e+06
5110.88 4.32562e+06 343643
5121 2.12983e+06 459951
5131 2.99179e+06 230237
5140.88 6.45638e+06 1.07133e+06
5153.5 2.8311e+06 389091
5161.62 3.49335e+06 785440
5171.12 2.76529e+06 737347
5181.38 6.79136e+06 1.36661e+06
5192.62 2.15947e+06 672617
5201.25 543261 213555
5212 5.33335e+06 1.19708e+06
5221.12 3.9217e+06 1.083e+06
5232.5 1.85369e+06 376931
5243.25 2.42968e+06 673223
5250.62 1.00052e+07 1.50643e+06
5262.75 2.73468e+06 654392
5270.88 4.42635e+06 1.00587e+06
5281.5 2.58139e+06 743372
5290.75 3.33334e+06 801809
5300.75 3.57009e+06 805257
5312 2.20427e+06 402469
5321.88 4.28804e+06 881049
5331.5 3.66665e+06 1.11399e+06
5341.62 2.10613e+06 542633
5350.38 5.20558e+06 1.20729e+06
5361.12 3.76302e+06 557400
5372 3.55797e+06 751863
5380.88 4.81403e+06 841891
5392.12 3.36301e+06 1.05882e+06
5401.88 3.39641e+06 550248
5411 3.19836e+06 791653
5423 4.03916e+06 841451
5433.12 2.64503e+06 552966
5440.88 5.39826e+06 950709
5454.25 4.11748e+06 1.00655e+06
5460.5 3.56621e+06 626687
5472.25 3.89672e+06 1.42633e+06
5480.75 5.57883e+06 1.4309e+06
5490.75 3.00155e+06 1.31929e+06
5500.75 3.60537e+06 670073
5511.12 4.24112e+06 1.64638e+06
5521.12 4.93252e+06 1.70415e+06
5532 2.36064e+06 654827
5540.12 3.56209e+06 933963
5550.75 4.00001e+06 794672
5560 7.01084e+06 1.54961e+06
5570.5 4.19736e+06 697072
5582.12 4.93816e+06 743397
5590 3.77332e+06 777806
5603.38 5.77642e+06 1.03003e+06
5610.25 1.84471e+06 424982
5624.25 4.15633e+06 542838
5631 2.80784e+06 340793
5640.75 1.65276e+06 266661
5650.62 1.85369e+06 196936
5660.25 4.81093e+06 446992
5671.5 3.88436e+06 190038
5680.12 5.07393e+06 380813
5690.62 2.65225e+06 109424
5700.25 4.60588e+06 437935
5711.88 3.43844e+06 245055
5720.12 5.94747e+06 419161
5730.12 5.06750e+06 315560
5740.5 3.61597e+06 257948
5750 4.31295e+06 425147
5760.5 5.49797e+06 955086
5771.62 4.76172e+06 1.01709e+06
5780.38 4.93046e+06 1.35302e+06
5790.75 3.50851e+06 593752
5800.38 1.76404e+06 512356
5810.38 6.21331e+06 1.27926e+06
5820.88 4.271e+06 549437
5833 5.2808e+06 488953
5840.25 3.35601e+06 335833
5850.62 3.19321e+06 393748
5862 4.99641e+06 756734
5870.38 5.77436e+06 429374
5880.5 2e+06 289232
5893.75 3.86890e+06 464644
5900.5 6.7133e+06 1.29045e+06
5911.12 1.24472e+06 171530
5920.5 5.32098e+06 1.2807e+06
5930.5 3.07162e+06 656268
5940 6.58116e+06 1.0736e+06
5950.5 3.94437e+06 850946
5960.62 4.17621e+06 581994
5972.25 3.1015e+06 882260
5980.5 587082 166737
5990 5.2254e+06 787204
6000.5 2.6677e+06 200014
6013.38 3.03428e+06 540163
6022 2.33488e+06 592397
6031.25 3.42014e+06 503039
6040.38 5.60022e+06 565407
6050.5 2.1422e+06 300165
6061.25 4.61619e+06 578545
6074.12 1.44977e+06 287019
6081.88 7.06108e+06 964213
6093.25 5.02344e+06 931298
6101.62 823286 156718
6111.25 3.31352e+06 454501
6121.5 6.08784e+06 1.20706e+06
6131.75 3.22903e+06 726010
6140.62 5.44384e+06 603980
6150.75 2.35858e+06 570521
6160.25 5.99886e+06 1.29808e+06
6171.62 1.64555e+06 705094
6180.5 6.83364e+06 1.72245e+06
6190.25 1.6486e+06 307549
6200.5 5.22e+06 1.3904e+06
6212 4.44932e+06 1.35881e+06
6220.38 6.49249e+06 1.35751e+06
6230.5 4.97477e+06 874522
6240.62 3.86812e+06 416836
6250.75 2.37919e+06 222604
6260.5 3.83515e+06 265271
6270.62 3.73211e+06 973178
6283 4.43381e+06 732887
6290.38 2.91809e+06 551118
6300 5.40754e+06 1.60983e+06
6310.5 5.9959e+06 1.12785e+06
6322.38 2.6023e+06 463506
6330.38 5.35856e+06 880701
6341.25 4.0268e+06 463836
6350.12 3.11284e+06 1.61253e+06
6360.62 5.45906e+06 509484
6373.62 4.46714e+06 1.43164e+06
6383.25 3.07228e+06 772082
6390.88 6.4369e+06 1.14527e+06
6401.88 3.74938e+06 310829
6411 6.67105e+06 1.87908e+06
6420.25 3.85884e+06 929388
6431 4.55024e+06 641551
6440.88 4.14014e+06 616060
6450.25 4.90318e+06 377592
6460.75 4.09426e+06 589656
6470.88 4.7182e+06 771393
6480.38 4.92222e+06 1.41244e+06
6490.12 4.11542e+06 1.32972e+06
6500.62 4.32871e+06 1.49711e+06
6510.62 4.71614e+06 1.37655e+06
6520.38 4.60485e+06 1.2432e+06
6531.25 4.86967e+06 1.13531e+06
6541.5 3.69501e+06 637467
6552.38 2.64091e+06 912851
6560.88 6.42557e+06 385631
6570.25 4.96137e+06 1.09312e+06
6581.12 4.60898e+06 695532
6591.5 5.39517e+06 747325
6603.62 2.48223e+06 588652
6612.12 1.93818e+06 672793
6620.88 9.676e+06 1.66716e+06
6633.12 2.86885e+06 925013
6641.12 2.99787e+06 595003
6650.88 3.35395e+06 1.16651e+06
6661.62 3.88692e+06 817924
6671.62 4.23366e+06 937078
6681.88 5.01289e+06 798474
6692.75 4.93046e+06 1.39518e+06
6701.25 3.74423e+06 906664
6710.75 5.7509e+06 1.42384e+06
6723.5 4.09068e+06 877938
6730.88 3.68162e+06 842366
6742.5 2.54715e+06 455108
6751.75 2.41089e+06 681750
6761.88 4.64322e+06 1.00979e+06
6771 3.91964e+06 913829
6781.25 3.19914e+06 681601
6790.75 5.68059e+06 916874
6802.75 4.46187e+06 660086
6810.88 4.65638e+06 1.03809e+06
6821.25 4.89131e+06 869501
6831.12 5.20637e+06 1.1175e+06
6841.5 3.23158e+06 535330
6851 6.60874e+06 1.16798e+06
6861.12 4.26743e+06 1.01345e+06
6872.62 6.05948e+06 1.24118e+06
6880.5 5.08708e+06 790866
6890.75 4.63989e+06 819973
6901.5 3.94103e+06 241948
6910 3.9034e+06 1.20681e+06
6921 4.60382e+06 1.02679e+06
6931.5 6.23082e+06 881533
6941 5.76387e+06 1.36834e+06
6950.38 2.49786e+06 838248
6961.75 3.75762e+06 1.28259e+06
6972.12 5.41808e+06 1.3153e+06
6981 4.22979e+06 1.14211e+06
6990.5 4.65947e+06 1.409e+06
7002.25 4.62958e+06 1.09454e+06
7011.5 3.95776e+06 1.48443e+06
7021 3.10229e+06 808252
7030.5 5.17697e+06 1.08856e+06
7041 5.83309e+06 1.54122e+06
7052 1.58372e+06 844500
7061.88 4.91015e+06 955835
7072.12 4.01633e+06 1.13406e+06
7080.5 2.78091e+06 678381
7090.88 5.43742e+06 771535
7102.12 3.6064e+06 759204
7110.88 2.13474e+06 581383
7120.38 5.86012e+06 1.33364e+06
7132.5 2.69243e+06 598371
7140.5 7.19425e+06 1.22232e+06
7150.88 5.26431e+06 921998
7162.62 4.78002e+06 1.22353e+06
7171.5 5.09223e+06 613886
7181.12 2.24421e+06 431743
7190.88 3.96498e+06 851786
7201.12 2.73056e+06 523309
7211.12 5.168e+06 1.06754e+06
7220.88 3.83262e+06 1.07075e+06
7231.25 3.35292e+06 823120
7241 5.48276e+06 1.08255e+06
7251 3.26843e+06 664802
7261.38 2.9727e+06 779516
7270.62 7.34984e+06 1.58731e+06
7281.5 3.29006e+06 750011
7290.5 5.61877e+06 1.4873e+06
7300.75 5.78363e+06 1.33385e+06
7311.62 3.74447e+06 847913
7322 4.10717e+06 956242
7331 5.80321e+06 1.3867e+06
7342.5 3.90315e+06 948791
7350.38 6.73675e+06 1.88942e+06
7362.12 4.97222e+06 893471
7370.62 6.78155e+06 1.47756e+06
7380.62 4.20197e+06 928721
7391.38 2.63758e+06 1.06967e+06
7400.75 4.92325e+06 927777
7410.62 5.68805e+06 1.19844e+06
7420.62 4.13293e+06 1.12118e+06
7430.38 3.55385e+06 842846
7441.38 2.37713e+06 390911
7452.12 3.53427e+06 850703
7460.12 3.62907e+06 712576
7471 3.13502e+06 469576
7481.12 4.73311e+06 797819
7490.75 4.90882e+06 552992
7500.38 4.96549e+06 811531
7514.25 5.09223e+06 1.06578e+06
7522.25 5.12909e+06 1.14426e+06
7530.75 5.3171e+06 2.04756e+06
7540.5 4.7445e+06 1.26839e+06
7550.25 6.75372e+06 1.53191e+06
7560.62 5.95056e+06 1.107e+06
7570.5 3.58785e+06 664447
7580.12 4.09274e+06 864599
7591.25 3.47657e+06 546266
7600.12 7.01908e+06 1.10029e+06
7612 3.81145e+06 632785
7620.38 3.08398e+06 463727
7632 4.94567e+06 406054
7640.62 5.20273e+06 427701
7650.38 4.70068e+06 536103
7661.62 4.57061e+06 294875
7670.25 4.79572e+06 476686
7680.75 4.847e+06 551019
7694 5.34674e+06 338599
7701.75 1.93406e+06 568308
7712.62 4.28009e+06 1.04561e+06
7721.75 7.27893e+06 1.09146e+06
7733.62 2.12468e+06 184346
7740.25 4.88718e+06 832899
7750.12 5.25607e+06 967333
7762 3.42196e+06 489798
7771.12 5.26328e+06 550467
7781.88 4.43999e+06 442139
7790.38 4.05359e+06 650142
7800.25 3.42196e+06 448951
7810.88 3.33158e+06 443943
7820.12 6.95593e+06 1.35201e+06
7830.62 4.96137e+06 941994
7840.25 5.02423e+06 939630
7851 6.4503e+06 1.11174e+06
7860.5 5.58064e+06 543950
7873 3.41759e+06 489957
7880 3.585e+06 518844
7890.12 3.43535e+06 501831
7902.5 4.66438e+06 402407
7910.62 4.87197e+06 937011
7922.38 4.55127e+06 903979
7930.38 4.87997e+06 840453
7941.5 3.73701e+06 642854
7950.25 4.45775e+06 822707
7963 5.62574e+06 846162
7970 6.17646e+06 631063
7980.12 4.48121e+06 344252
7990.38 5.16333e+06 426164
8000.5 4.35756e+06 671424
8011.38 2.97167e+06 440146
8020.12 4.92222e+06 916315
8031 5.01138e+06 992583
8040 3.76453e+06 731563
8053.5 3.7929e+06 538122
8060.25 4.22567e+06 752531
8070.25 5.66514e+06 693528
8080.5 5.55488e+06 373132
8090 4.32768e+06 989262
8101 5.37383e+06 564991
8110.25 4.92398e+06 927191
8120.5 5.45596e+06 633178
8130.12 6.52861e+06 993752
8141.38 1.13834e+06 237136
8150.12 5.35396e+06 648932
8160.38 4.80602e+06 878221
8170.25 3.42844e+06 321214
8181.25 6.04299e+06 616176
8190.12 5.71975e+06 691083
8200 5.16927e+06 770294
8210.75 5.89728e+06 947644
8221.12 5.68878e+06 623860
8230 5.04998e+06 848181
8240.25 4.98071e+06 788771
8250 4.80603e+06 962111
8261 4.169e+06 399215
8271 7.32202e+06 702727
8281.12 6.76512e+06 891132
8291.12 4.85985e+06 549768
8301 4.60692e+06 455622
8311.5 5.0098e+06 563524
8320.38 5.2097e+06 492658
8331.5 5.27358e+06 553795
8340 5.4199e+06 1.09165e+06
8351 4.91398e+06 824853
8360.25 4.92943e+06 329586
8370 6.57807e+06 246224
8383.88 3.50336e+06 321065
8390 6.22361e+06 398105
8400.38 4.41835e+06 430986
8411.75 3.43947e+06 181250
8420.38 6.11027e+06 697818
8430 3.44978e+06 359974
8441 3.57372e+06 786485
8450 5.61434e+06 851914
8460.62 4.3421e+06 306629
8472.38 3.62288e+06 501065
8480.12 7.11769e+06 1.58629e+06
8490.25 5.36354e+06 655621
8501.62 3.91964e+06 769546
8510.5 5.93407e+06 605592
8520.25 3.44772e+06 858065
8530.62 5.85939e+06 951614
8540.12 4.30859e+06 772777
8551.12 4.62443e+06 649034
8562.5 5.68162e+06 649732
8570.25 4.89749e+06 463420
8580.38 5.36735e+06 816066
8591.12 3.48457e+06 381176
8600.25 3.79805e+06 463235
8610 4.50515e+06 769808
8622 5.95571e+06 620610
8630.5 4.67698e+06 732383
8643.38 4.28337e+06 646740
8650.38 5.38899e+06 842771
8660 6.42866e+06 808079
8672 3.65458e+06 585356
8680.38 4.7339e+06 711905
8690 3.86503e+06 639523
8700 6.12882e+06 806804
8714.5 4.76972e+06 703369
8720.5 5.56004e+06 905727
8733.75 3.58991e+06 765149
8740.75 4.5286e+06 828051
8750.25 2.93148e+06 430046
8760.75 2.97167e+06 651809
8770.88 5.25607e+06 858896
8780 4.1216e+06 574566
8792.5 5.45081e+06 797841
8801.12 1.79598e+06 369520
8811 7.10357e+06 941696
8822.25 3.79781e+06 698484
8830.38 5.30268e+06 930433
8840.25 6.37405e+06 1.26267e+06
8853.75 5.43020e+06 907588
8860.5 4.169e+06 932555
8871.75 2.26894e+06 588478
8882.88 5.60949e+06 1.66597e+06
8890.12 5.796e+06 1.32668e+06
8900.25 4.96137e+06 1.03945e+06
8910.12 5.18806e+06 1.20137e+06
8922 4.91088e+06 565759
8930.25 4.57394e+06 457842
8940.25 5.53221e+06 455716
8950.62 3.75271e+06 402666
8960.12 8.09997e+06 812483
8973.88 5.36014e+06 702132
8980.12 5.84649e+06 1.06893e+06
8990.25 6.52861e+06 1.35919e+06
9000.88 2.881e+06 1.01808e+06
9010.75 5.96844e+06 909235
9021.5 2.64091e+06 911507
9031 7.24718e+06 1.62854e+06
9040.62 4.67763e+06 1.0116e+06
9050.12 3.26739e+06 871512
9063.25 3.39310e+06 736273
9071.38 3.82745e+06 897169
9080.12 4.45457e+06 1.31555e+06
9090.12 6.00962e+06 1.02959e+06
9100.38 2.87639e+06 350868
9110.25 5.11539e+06 598847
9120.25 7.16025e+06 983353
9131.62 3.21848e+06 314588
9140.12 7.50076e+06 751032
9153.5 5.30965e+06 452484
9160.5 3.93097e+06 361893
9174.12 5.95056e+06 651823
9180.75 2.46192e+06 395160
9190 4.9992e+06 590924
9200 4.29676e+06 569517
9211 1.52887e+06 317785
9222.38 9.22026e+06 1.4711e+06
9230 4.74705e+06 782213
9240.12 4.65431e+06 649723
9250.62 3.16539e+06 451452
9260.25 5.40444e+06 943387
9270.75 3.47426e+06 499925
9280.12 4.29598e+06 401708
9290.12 4.98816e+06 541113
9300.12 5.96395e+06 509351
9310.38 5.50621e+06 419771
9323.5 5.99305e+06 491309
9330.12 5.56828e+06 432746
9340.62 4.60334e+06 337281
9353.88 5.40881e+06 537700
9361.5 1.635e+06 273191
9370.38 6.96084e+06 1.59204e+06
9380.12 4.70996e+06 810267
9394.25 4.74087e+06 823554
9400 2.30706e+06 260243
9410 5.29419e+06 1.00821e+06
9420.75 3.44056e+06 329406
9430 7.87116e+06 971136
9440.5 4.4235e+06 488514
9450 4.09584e+06 450410
9462 4.02813e+06 278206
9470.75 4.59018e+06 524492
9480.5 4.3498e+06 484912
9490.5 5.83461e+06 1.6449e+06
9500 5.14066e+06 2.02337e+06
9510.12 5.31171e+06 1.30619e+06
9520.25 4.10668e+06 665133
9530.88 4.67129e+06 1.24388e+06
9540.12 5.19734e+06 869673
9550 3.63628e+06 778868
9560.62 7.95675e+06 1.84547e+06
9570.5 4.05256e+06 877288
9580.38 5.61828e+06 1.19619e+06
9591.62 4.14245e+06 1.05379e+06
9600.12 5.84261e+06 1.07137e+06
9610.62 5.23855e+06 1.18039e+06
9620.25 4.20815e+06 870117
9630 4.271e+06 1.09583e+06
9640 5.47348e+06 1.24798e+06
9650.12 4.59352e+06 1.16638e+06
9660.38 4.74602e+06 974898
9670.38 5.32977e+06 679223
9680.38 4.72384e+06 695614
9692.62 5.72362e+06 907390
9700.12 5.22025e+06 866230
9710.12 5.64865e+06 572617
9720.12 4.96034e+06 411133
9730.12 5.27771e+06 550449
9740.25 4.61001e+06 472143
9750.12 5.43717e+06 404351
9762 3.90521e+06 366712
9770 4.54018e+06 444588
9782 5.39929e+06 445936
9790.88 3.07368e+06 203146
9801 7.38978e+06 488239
9810.12 5.02859e+06 363464
9820 4.58425e+06 440267
9830 4.77384e+06 443349
9840 3.85988e+06 392799
9850.38 6.63862e+06 528754
9861.75 5.89104e+06 502531
9870.5 5.31583e+06 460298
9880 4.34107e+06 384371
9892 6.08554e+06 455205
9900.12 4.31531e+06 466898
9910.12 4.89337e+06 653116
9922.12 4.72311e+06 795867
9930 5.07084e+06 750901
9940.25 6.15021e+06 871910
9950 5.26043e+06 507559
9960.75 3.60228e+06 436129
9970.5 4.43896e+06 436539
9981.38 5.27049e+06 592230
9990.38 4.11232e+06 824668
10000.2 4.28131e+06 914839
10010.6 3.7115e+06 563283
10020.4 5.86376e+06 627106
10030 5.51288e+06 566758
10040.1 5.43845e+06 864200
10050 4.87276e+06 642759
10061 4.54818e+06 755437
10070.6 6.14791e+06 1.33456e+06
10081.6 6.98144e+06 2.07546e+06
10090.1 4.79136e+06 815449
10100 5.58349e+06 716162
10110 6.02396e+06 734474
10121.9 6.00002e+06 375943
10131.4 4.44102e+06 249185
10140 5.60537e+06 308883
10150.5 5.78466e+06 259762
10160 4.44617e+06 384558
10170 4.90161e+06 623723
10180.1 5.43948e+06 329659
10190.5 3.38359e+06 511789
10200 6.5134e+06 1.25798e+06
10210.1 6.22774e+06 951163
10220.9 5.81175e+06 646736
10230.5 4.67359e+06 464508
10240 5.02217e+06 426405
10251 5.18218e+06 325555
10260.1 6.37581e+06 720044
10271 6.61516e+06 532957
10280.2 4.72747e+06 368771
10290 5.90007e+06 359279
10301.6 4.55103e+06 701071
10310.6 6.76894e+06 1.69786e+06
10320.6 6.98381e+06 1.12677e+06
10332.1 3.62391e+06 594461
10340.6 5.29753e+06 681527
10350.4 5.66204e+06 647601
10363.1 4.66231e+06 586804
10370.4 6.42684e+06 1.07283e+06
10383.2 2.83978e+06 393038
10390.9 4.9047e+06 659514
10400.6 6.71614e+06 1.14102e+06
10412.1 3.32176e+06 370067
10421.5 8.34273e+06 1.47652e+06
10431 2.08308e+06 810552
10441.2 6.12659e+06 1.12288e+06
10452 7.97238e+06 1.37821e+06
10460.5 5.17673e+06 1.24636e+06
10471.6 4.62134e+06 799995
10481.4 3.32588e+06 609600
10490.4 8.40212e+06 2.63565e+06
10500.5 2.95312e+06 781022
10510.1 6.83876e+06 1.74938e+06
10520.9 6.72851e+06 1.46843e+06
10530.8 4.24009e+06 1.07752e+06
10541.4 3.95261e+06 875920
10550.5 4.58734e+06 722320
10560.4 4.2607e+06 932865
10573.4 5.05205e+06 1.43768e+06
10581.1 4.09002e+06 1.38626e+06
10590.4 2.02e+06 617844
10600.1 4.48248e+06 1.49567e+06
10611.1 5.00259e+06 941862
10620.2 6.12676e+06 1.29793e+06
10632.9 5.75169e+06 1.33852e+06
10642.2 2.25657e+06 670675
10650.2 7.72012e+06 1.21161e+06
10660.6 5.91516e+06 1.09028e+06
10670.1 6.67699e+06 1.28129e+06
10681 5.81248e+06 1.4015e+06
10690.2 4.7656e+06 879957
10701.5 5.28389e+06 1.21209e+06
10710.8 3.84854e+06 553995
10721.9 4.52757e+06 415377
10730.4 6.41527e+06 871716
10740.1 5.12108e+06 1.24095e+06
10751.9 4.95107e+06 940630
10761.5 5.38565e+06 1.00265e+06
10770.5 5.24395e+06 1.05622e+06
10780.1 5.16951e+06 1.23277e+06
10790.4 4.54612e+06 1.33007e+06
