# TimeStamp(s) Sum Stdev
1 183408 21991.6
11.125 121583 20595.2
21.5 164860 32811.9
31 167952 34266
41.625 193712 46744.3
51.125 190622 50970.1
61.125 198863 67543.2
71.75 211228 56228.2
81.625 148375 57351.2
92.125 136010 55392.4
102.75 128797 55276.2
111.75 177226 72962.1
121.75 148376 54484
131.625 162802 65326.7
141.625 166921 63864.6
151.5 164862 82315.3
161.5 174136 66417.7
172 124677 58767.2
181.5 117464 70048.3
191.375 155588 63508.3
201.5 220504 77885.1
211.5 138072 76648.2
221.5 165893 102020
231.375 124675 37163.8
241 143225 62505.8
251.125 206078 92816
261.25 175167 104592
271.125 142194 70651.5
281.5 149407 85024.2
291.75 118495 55678.3
301.5 164862 85205.6
311.375 142194 81859.9
321.625 121586 84903.3
331.5 142194 66709.4
340.875 152498 78675.1
351.5 174137 142146
361.625 156619 69824.4
371.375 152497 68674.4
381.875 167955 78796
391 156620 97490.9
401.25 127768 80634.3
412.125 167954 111359
422.75 188562 136615
431.75 175167 114553
441.625 146316 83668.9
451.125 153528 93827.4
461.875 214321 123227
472 162802 93178.2
481.875 189593 120244
492 176197 107862
502.5 125707 76551.5
512.5 175167 110927
522.75 131891 83303.1
532.75 123647 113466
542.75 115403 78337.3
552 134982 99089.1
561.125 154558 47325.6
571 188561 85311.3
582.125 180318 92338.8
592.125 123647 58233.2
601.75 128800 100282
612 151468 102853
621.75 186501 95876.2
631.875 156619 106475
641.875 128799 119383
651.875 144255 88445.9
662.375 138073 84564.7
672 141164 104669
681.625 131890 99357
692.125 124677 75288.6
701.625 137042 86907.1
711.625 190623 103876
721.75 5150 2027.56
731.375 8242 5828.33
741.625 0 0
751.625 0 0
762 1030 963.477
772.375 0 0
782 0 0
792 1030 963.477
801.875 0 0
811.875 1030 963.477
822.125 0 0
832.25 0 0
842.5 0 0
852.875 0 0
862.25 0 0
872 0 0
882.25 0 0
891.75 0 0
902 0 0
912.375 0 0
922.375 0 0
932.75 0 0
941.75 0 0
952 0 0
961 17516 15313.3
971.625 306027 165855
981.75 263782 163421
991.625 161772 102667
1001.75 258629 174189
1011.88 244204 117835
1021.88 291601 242167
1032.12 286450 194086
1042.25 368880 145434
1051.62 354455 168910
1061.38 222565 141679
1071.5 361669 223681
1081.5 123647 60275.9
1091.88 221534 193240
1102 477075 289821
1112.38 71097 65411
1121.75 254508 236971
1131.88 247295 187900
1142 196806 112133
1152.25 205049 131693
1162.25 130860 98664.9
1172 1.29109e+06 976784
1181.38 380760 136071
1191.38 301363 165308
1201 360638 323193
1211 316332 239372
1221.62 155588 93618
1231.12 318392 143058
1241.62 167953 94087
1252 198865 134730
1261.75 155589 93618.2
1271.88 142193 71695.6
1281.75 140130 41421.6
1291.38 145284 74629.6
1301.88 171046 99600.2
1311.88 186501 114712
1321.75 160741 89863.3
1332.38 154559 140223
1342.12 24728 19926.7
1351.5 121587 113734
1361.75 118495 91721.8
1372.62 36063 32646.7
1382.12 94796 66314.6
1391.88 62854 57701.3
1402.12 121586 65860.5
1412.75 100978 87973.4
1422.88 9273 5725.14
1433 9273 8674.1
1442.88 8243 7710.62
1452.75 0 0
1461.5 0 0
1471.5 0 0
1482.5 7212 6746.21
1491.62 0 0
1501.12 0 0
1511.12 0 0
1521.25 8243 7710.62
1531.62 2060 1926.95
1541.88 0 0
1551.88 0 0
1562.5 14425 13493.4
1571.88 14425 13493.4
1581.75 505926 473250
1591.75 0 0
1601.75 0 0
1612.38 0 0
1622.75 0 0
1632.75 0 0
1642.62 1030 963.477
1653.12 258629 188397
1661.88 299845 145209
1672 298814 221124
1682 298814 213989
1692.38 440927 212777
1701.75 283359 161184
1712.5 262750 179007
1722.5 293663 183630
1731.38 380214 229427
1741.25 460588 207556
1752.25 282329 142163
1761.62 297785 182996
1771.62 415249 231590
1781.62 171046 159999
1792.5 251417 231892
1802.25 190624 178312
1812.12 11334 10602
1821.5 216139 109366
1831.5 518534 391044
1842.12 198866 113759
1852.38 801650 409354
1862.38 177228 164683
1871.62 149407 137561
1881.62 152498 107023
1891.62 517260 405856
1902.12 147346 121170
1911.62 141164 123471
1921.88 142193 65504.7
1932.25 310150 171331
1941.5 172076 159864
1951.75 159710 99644.7
1961.75 136011 81836.9
1971.62 183409 83261.9
1981.5 194744 71372.3
1992.25 186501 98713
2002.25 147346 89584.4
2011.88 152498 62625.6
2022.25 145285 131527
2032.38 153529 81080.4
2042 150437 91522.5
2051.5 205049 96554.8
2061.75 146316 90554.7
2072.12 140133 116311
2081.88 133952 109715
2091.88 160741 100874
2102.5 139104 130120
2112.25 5152 4819.25
2122.88 2060 1926.95
2131.38 3091 2891.37
2141.5 0 0
2151.88 0 0
2162.12 4121 2914.16
2172.62 2060 1926.95
2182.12 0 0
2191.75 0 0
2202.12 0 0
2211.62 0 0
2221.75 0 0
2232.12 0 0
2242.38 0 0
2252.62 0 0
2262.75 0 0
2273.12 0 0
2282.75 0 0
2291.75 0 0
2301.88 0 0
2312 0 0
2321.62 0 0
2331.88 124678 115528
2341 405976 226616
2351.88 390520 228083
2361.5 420402 275026
2371.88 382277 174054
2381.88 355487 253023
2391.38 332818 204850
2401.5 236990 99011.9
2412.5 322514 119761
2422.12 283359 132011
2432 268932 175488
2442.62 269963 215286
2452.5 385368 242075
2461.62 342092 207809
2471.5 453375 225881
2481.75 327665 193302
2491.62 600720 363809
2501.25 303967 221521
2511.25 412159 382246
2521.5 328697 288152
2531.88 131891 66666
2541.88 154559 142380
2551.75 248325 193975
2561.75 177228 121185
2571.5 365790 231420
2582.12 142194 86513.2
2592.38 179289 159081
2601.88 7212 6746.21
2612.25 0 0
2621.5 184440 160630
2631.62 100978 60657.6
2641 49459 46264.7
2651.38 126738 77614.3
2662 95827 58903
2672.38 4121 2914.16
2682.62 19577 18312.6
2693 0 0
2702 0 0
2712.12 0 0
2721.12 0 0
2731.38 139104 130120
2742.25 64915 60722.4
2751.62 0 0
2761.88 0 0
2772.12 0 0
2781.75 0 0
2792 0 0
2802.12 6182 4777.75
2812 258629 234310
2822.12 538898 383820
2832.38 0 0
2842.25 65945 48153.9
2852.62 0 0
2862.12 0 0
2872.38 0 0
2882.12 10303 8589.55
2892.62 280268 172837
2901.75 209171 130897
2911.75 436889 270856
2922 15456 14457.8
2932.12 0 0
2941.75 0 0
2951.38 139103 129021
2961.25 418342 279201
2971.12 331787 267438
2981.62 324575 242031
2991.62 249356 152706
3002 357304 232930
3011.75 1.15532e+06 696261
3022.38 652241 394109
3031.38 209170 128655
3041.62 1.64452e+06 694408
3051.5 142194 53257.9
3061.88 163833 75330.9
3071.38 167953 110247
3081.88 185469 131303
3091.25 211230 76373.8
3101.75 182380 97659
3111.75 170015 95964.6
3120.75 160740 97043.8
3131.5 149408 101204
3141.62 142195 133011
3151.88 186502 174457
3162.62 155590 104070
3172 198865 118307
3182.12 153529 98347.2
3192.38 151468 106205
3201.62 246263 148072
3212.12 177227 95555.3
3222.5 204018 124808
3232.75 184441 133236
3241.88 174137 131854
3252.25 184440 111301
3262 179287 64079.3
3271.88 12364 11565.5
3282.12 0 0
3291.62 19577 17237.9
3302 3091 2891.37
3312.5 54611 51083.9
3322 0 0
3332.38 1030 963.477
3342.75 0 0
3353 0 0
3363.25 0 0
3372.75 0 0
3383.12 0 0
3392.12 0 0
3401.62 0 0
3411.88 0 0
3421.88 0 0
3431.62 0 0
3441.38 0 0
3451.62 0 0
3461 0 0
3471.12 5151 3837.57
3481.62 259660 141341
3491.62 331788 202445
3501.75 351365 233739
3511.88 310149 183324
3522.12 356517 202738
3533.12 322514 172464
3542 209171 195662
3552.38 235961 220721
3562.62 88614 55502.8
3572.12 429676 244799
3582.75 652242 308705
3592 68005 49043.5
3602 313241 192091
3612.38 327666 217166
3622.5 509017 311739
3632.75 119525 107438
3641.88 712792 294498
3651.12 1.01106e+06 773394
3661.38 386399 277510
3671.25 177227 90299
3681.62 166923 75757.2
3691 441009 230155
3701.12 178258 144857
3711.5 254507 136794
3721.25 346213 202865
3730.75 170014 82777.9
3740.75 195775 175487
3750.75 165894 155180
3761.25 148377 110103
3771.38 170014 150367
3781.75 178257 154751
3791.62 159711 109861
3801.25 201956 108314
3811.38 176198 90639.2
3820.88 181350 111140
3831.5 142194 89529
3842.25 61822 34421.5
3852.62 5152 4819.25
3863 79340 46377.8
3873.5 14425 12428.9
3883.12 16486 15421.2
3891.88 0 0
3901.38 0 0
3911.38 0 0
3920.75 0 0
3931 0 0
3941.12 0 0
3951.12 0 0
3961.75 0 0
3971.38 0 0
3981.38 0 0
3991.5 0 0
4002 0 0
4012.38 0 0
4022.38 0 0
4032.5 0 0
4042.75 0 0
4053.38 0 0
4062.88 50489 47228.1
4072.75 86553 53022.7
4082.25 136011 123939
4092.25 256568 170308
4101.75 318392 188740
4112.38 499742 250686
4122.62 334878 193440
4133.12 347243 203760
4142 274086 180198
4151.75 217413 109581
4161.75 282329 264095
4171.88 351365 204616
4182.88 331788 192311
4193 295724 176686
4202.25 231840 145709
4211.88 322513 149386
4221.62 304998 194808
4231.75 177227 144872
4241.38 1.40934e+06 885903
4251.25 409066 167399
4260.75 810135 366497
4271 204018 153600
4281.25 171045 147226
4291.75 174137 109003
4301.75 247295 142694
4311.5 234929 124742
4322 113341 54751.6
4332 41214 24685.7
4341.88 54611 33829
4351.75 91705 62937.2
4362 236990 192172
4372.62 142194 123396
4382 103039 82057.2
4392.12 5152 4819.25
4401.38 59762 54809.4
4411.75 162802 88034.2
4420.75 152498 93839.8
4431.38 175167 102054
4441.25 221535 151222
4451.38 43275 35176.6
4461.75 0 0
4471.88 5152 4819.25
4482.12 0 0
4491.62 0 0
4502 0 0
4512.12 0 0
4522.38 1030 963.477
4532.88 227718 213011
4542.62 0 0
4552.88 124678 116626
4562.88 0 0
4573.25 0 0
4583.12 0 0
4592 0 0
4601.38 0 0
4611.62 0 0
4621.12 0 0
4631 0 0
4641.12 0 0
4651.12 0 0
4661.5 0 0
4672 32972 29756.6
4681.38 386399 190946
4692.12 259657 83277
4701.88 381247 232846
4712.12 416280 255854
4722 308088 165044
4731.88 316331 130710
4742 596357 362583
4752.12 1.4562e+06 911144
4762 240082 118001
4771.25 535806 269417
4781.38 320454 299757
4792.38 276146 163545
4800.75 472952 268481
4811 103040 96385.1
4820.62 129829 115999
4830.88 280268 179319
4841.12 439980 220481
4851.88 262751 200399
4861.75 347244 323717
4871.88 574962 380218
4881.75 190622 69815.5
4891.5 166923 137772
4901.75 60793 27181.3
4911.88 16486 15421.2
4922.12 165894 155180
4931.62 74187 47643.4
4942.25 161771 108206
4952.75 28850 17905.8
4962.88 0 0
4972.88 2060 1926.95
4982.62 0 0
4992.12 0 0
5002.25 0 0
5012.5 0 0
5022.25 0 0
5032.5 0 0
5042.62 0 0
5052.12 0 0
5062 0 0
5071.62 0 0
5081.62 0 0
5091.75 0 0
5101.62 51520 48192.5
5112.12 98918 92529.3
5121.12 0 0
5131.38 0 0
5141.5 0 0
5151.38 76249 70229.8
5161.62 382277 209097
5172 330757 157293
5181.88 74188 69396.5
5192.38 92736 86746.6
5201.75 149408 139758
5211 374034 181963
5221.62 309120 189297
5231.75 255538 174505
5241.62 121586 76828
5252.38 341061 174845
5261.75 245234 131575
5272.62 553079 277176
5281.75 1.64579e+06 870171
5292.12 96857 90601.4
5302.12 132677 97818.9
5311.5 427857 363216
5321.62 1.52911e+06 1.07166e+06
5332.12 311180 173062
5341.62 153529 123862
5351.88 162802 84827.9
5361.38 151465 78092
5371 171045 155639
5381.62 180318 86472.2
5391.5 157650 99873.9
5401.88 179288 83184.8
5412.25 228748 98775.9
5422.25 127768 81498.7
5432.25 157650 103702
5442.5 159711 79480.1
5452.75 159710 90919.5
5462.88 145284 65702
5471.25 146316 134669
5481 197836 101389
5491.62 202988 102812
5501.5 172076 134753
5510.75 150437 63797.4
5521 180317 120477
5531.38 163833 115666
5541.62 234930 118258
5551.38 174137 161792
5561.62 155590 87255.2
5571.88 168984 84818.3
5581.38 150436 74641.4
5591.62 170014 118230
5602.12 161771 91013.1
5612 165893 103558
5622 182380 168403
5632.5 6181 4055.94
5642.88 3091 2891.37
5652.88 0 0
5663 0 0
5672.12 0 0
5681.75 40185 25131.2
5691.88 127769 119517
5702 0 0
5712.62 6182 5782.73
5723.12 0 0
5731.88 0 0
5741.88 0 0
5751.62 0 0
5761.38 0 0
5771 0 0
5781 0 0
5791.12 0 0
5801.5 0 0
5812 0 0
5822 0 0
5832 149407 101288
5842.25 426584 159793
5852.75 435857 264295
5862.25 278207 170391
5873.12 235960 108548
5883.38 3091 2891.37
5891.75 190623 104497
5901.38 230809 214803
5911.75 352396 220451
5921.5 351365 156016
5931.75 220505 190279
5941.75 292632 178482
5952.38 109222 67027.2
5962.88 289541 205653
5973.25 175167 162755
5981.38 195775 180933
5991.25 455435 239973
6000.88 351365 205914
6012.12 827410 318208
6022.62 1030 963.477
6031.75 130860 120212
6041.12 167954 120490
6051.38 142194 120241
6060.75 148376 73019.9
6071.25 202987 124204
6081.5 202988 94762.2
6091.25 283115 115082
6102.38 1.4902e+06 1.05927e+06
6112 214322 128853
6122.12 218443 173162
6132 142194 86267.5
6141.38 93765 46125
6151.5 19577 12273
6161.5 53580 49027.7
6172.12 177228 93964.2
6182 171046 101960
6192.62 177226 107635
6202.25 162801 130244
6211.88 175167 99387.1
6221.25 146315 93109.8
6231.88 78309 59478.1
6242.62 170015 157936
6251.38 38124 34573.8
6261.62 3091 2891.37
6272.25 3091 2891.37
6281.88 0 0
6292.12 0 0
6301.62 0 0
6312.25 2060 1926.95
6322.25 1030 963.477
6331.62 5152 4819.25
6341.88 0 0
6351.88 0 0
6362.75 591449 553250
6371.75 0 0
6381.38 0 0
6391.38 0 0
6401.62 0 0
6412.12 0 0
6422.38 0 0
6432.38 0 0
6442.5 0 0
6452.5 0 0
6461.88 0 0
6471.5 144255 127353
6481.62 450283 272239
6491.62 240082 223477
6501.5 321483 193676
6512.12 339000 181271
6522 341061 216049
6531.88 35033 32770.4
6541.62 216383 144180
6552.38 555384 455079
6562.62 205048 146703
6573.25 148377 125090
6582.12 91705 57838.6
6593 349305 247545
6601.62 294694 147471
6611.75 293661 161775
6621.12 410098 261217
6630.88 496652 311735
6641 715097 326371
6651 1.30139e+06 1.06276e+06
6661.62 295723 184400
6671.38 221534 144148
6682 385369 269625
6691.62 186501 120490
6701.62 172075 83167.8
6711 176198 142947
6721.38 197835 135895
6731.38 162802 89458
6741.38 161772 127885
6751.62 192684 89815.3
6762.38 83461 73763.8
6772.25 35032 30626.6
6781.75 0 0
6792.25 0 0
6802.5 24729 23131.9
6811.62 24729 23131.9
6821.88 0 0
6832 0 0
6842.38 0 0
6852.62 0 0
6862.12 0 0
6872.25 0 0
6882.12 0 0
6892.38 0 0
6901.88 0 0
6912 0 0
6922.38 0 0
6931.38 0 0
6941.5 0 0
6951.75 0 0
6962 356517 182632
6971.88 289540 216130
6981.12 454405 264029
6991.25 185472 173493
7000.75 138073 129155
7011.38 176197 112355
7021 102009 94324.4
7031.88 300876 223988
7041.88 126738 112090
7052.25 311179 205758
7061.75 323545 286483
7072.12 341061 267896
7082.62 345182 183610
7092 319422 181179
7102.75 534776 420263
7111.25 341061 315736
7122.12 669759 371323
7132.38 255538 129838
7142.75 417312 390360
7151.38 447193 230509
7161.25 189591 81303.1
7172.12 515198 355450
7181.5 155589 93526.9
7191.5 296754 151219
7201.25 424524 255481
7211.62 173105 138825
7221.62 191653 90683.7
7232.12 199895 89005.8
7241.88 122617 113601
7252.5 171045 155639
7262.25 164863 76873.2
7271.62 177228 108246
7282.62 294693 152630
7291.88 196804 89915.5
7302.12 120556 85080.4
7311.5 156619 67488.5
7321.62 178258 111521
7331.25 186501 141408
7341.5 192684 97632
7351.62 177228 165782
7361.75 184440 107792
7371.88 141164 108064
7382.62 43276 39391.4
7392.38 1030 963.477
7402.5 0 0
7412.75 0 0
7421.75 0 0
7432.5 4121 3854.84
7442.12 0 0
7452.25 0 0
7462.5 0 0
7472.88 0 0
7481.88 0 0
7491.38 0 0
7501.62 0 0
7511.75 0 0
7522.12 0 0
7532.38 0 0
7542 0 0
7551.5 0 0
7561.75 0 0
7571.88 1030 963.477
7582.12 350334 132293
7592.25 278206 107889
7602.12 364760 178463
7612.12 403915 256323
7621.5 139102 92201.2
7632 320453 259879
7642.88 385369 290027
7651.88 410098 252070
7662.38 341061 219859
7672 301906 141446
7681.38 239052 173573
7691.88 226686 197890
7702 373004 201899
7712.5 217414 203372
7722.12 0 0
7731.5 1030 963.477
7741.38 190624 178312
7751.5 92736 86746.6
7762 972697 909875
7772.62 240082 216940
7781 279238 213302
7790.62 1.29418e+06 1.10143e+06
7801.75 167954 92975.4
7811.25 309119 283673
7822 145285 68688.8
7831 54610 34666.1
7841.25 283358 189772
7851.25 39153 22421
7861.62 14425 13493.4
7871.88 4121 3854.84
7882 0 0
7892.38 0 0
7901.75 1030 963.477
7912.12 125708 116492
7922.12 145286 135903
7932.38 3091 2891.37
7942.38 70067 65541.7
7952.5 0 0
7962.62 7212 6746.21
7971.88 52550 49156
7982.38 112313 105059
7992.25 5152 4819.25
8001.75 5152 4819.25
8011.88 0 0
8021.88 0 0
8031.38 0 0
8041.75 449254 420239
8050.75 44306 40354.6
8061.38 607935 506812
8072.25 379186 234025
8081.62 396459 275283
8091.88 288755 184913
8101.75 492531 460721
8111 16486 15421.2
8120.88 133952 87052
8131.12 53580 37179.9
8141.5 10304 9638.51
8151.88 132921 118924
8162.12 171046 109975
8172.75 39155 36626.1
8182.5 125707 75504.1
8191.38 309118 198885
8202 309118 138664
8211.62 668728 331332
8220.75 520107 382386
8230.62 604055 311264
8241.62 590417 436683
8251.62 247052 153574
8262.12 453618 371259
8271 163832 96345.7
8281.38 175166 122888
8292.25 150437 58555.6
8301.88 137042 127094
8311.88 140132 74231.9
8321.75 153528 76387.6
8331.62 152499 107112
8341.62 142193 77638.9
8351.75 185471 163752
8362 143225 125395
8372.12 158681 137748
8382.5 162803 152288
8392.12 208140 100924
8402.88 175167 86856.1
8411.75 168984 92758.8
8422 159711 84579.7
8432.12 187532 74655.6
8442 159711 147199
8452.25 187532 76496.2
8461.62 174135 74622.7
8472.25 153528 77450.4
8482.62 152499 142650
8492.88 1030 963.477
8502.38 2060 1261.49
8512.75 4121 3854.84
8522.88 0 0
8532.62 1030 963.477
8542.38 0 0
8552.5 0 0
8562.12 0 0
8571.62 0 0
8582.12 0 0
8591.62 0 0
8601.75 0 0
8612 0 0
8621 0 0
8631.38 0 0
8641.5 0 0
8651.62 0 0
8662 0 0
8672.38 0 0
8682.38 0 0
8691.75 164863 147717
8701.88 268934 130075
8711.62 382277 203513
8722 400823 244015
8732.12 278207 213005
8742.5 398763 199690
8752 332819 261604
8761.38 322515 225026
8771.5 298815 188480
8780.88 363729 224435
8791.12 347243 199926
8801.12 133951 76482.2
8811.25 177228 145011
8821.75 333848 218512
8831.88 422463 244692
8842.12 268934 120552
8852.25 234930 150551
8862.25 104857 98084.7
8872.25 1.35625e+06 1.00371e+06
8882.25 336939 191944
8892.5 409067 332788
8901.5 196805 143920
8912.38 187531 67767.3
8921.12 282085 179152
8932 429917 286680
8941.5 40184 21536.7
8951.62 96857 80155.7
8961.88 1030 963.477
8972.12 0 0
8982.5 0 0
8992 126738 92471.1
9002.38 122617 77826.8
9012.62 111283 62558
9022.12 70066 46698.7
9032.62 211230 144945
9041.62 0 0
9051.25 39155 36626.1
9061.62 173107 161927
9071.62 134982 126264
9082 0 0
9092 0 0
9101.12 0 0
9111.38 0 0
9121.75 0 0
9131.75 0 0
9141.88 2060 1926.95
9152 69036 64577.3
9161.88 63884 59758
9171.62 676972 449085
9181.5 143225 101827
9191.88 40185 37589.6
9201.75 14425 13493.4
9212 47398 44336.8
9221.88 26790 25059.8
9232.12 13395 12529.9
9242.12 39155 36626.1
9252 31942 28793.7
9262.38 84492 79035
9272.62 0 0
9282.75 1030 963.477
9292.62 5152 4819.25
9302.88 327666 181799
9311.62 367852 242435
9321.5 141164 86472.6
9331.88 149164 105262
9341.25 1.6901e+06 1.01251e+06
9351.25 1.03143e+06 913519
9360.75 201958 128102
9370.88 206079 126332
9381.88 317362 175228
9392.25 31941 21732.4
9402.12 326636 239584
9412.12 82432 77108.1
9422.62 0 0
9432 612056 323663
9441.75 1.03967e+06 808337
9451.5 138072 106931
9461.5 247295 230224
9471 608966 508764
9481.25 183410 97673.1
9491.62 144254 108676
9501.5 494591 428941
9512.38 162801 58373.9
9521.5 229776 133096
9531.5 200926 140179
9542.38 151467 122915
9552.25 172076 159864
9561.88 96855 51924.6
9572.12 16486 15421.2
9582.25 1030 963.477
9592.62 6182 4777.75
9603 1030 963.477
9612.38 0 0
9622.5 14425 12428.9
9632.62 129830 121445
9642.12 0 0
9652.25 0 0
9662.25 0 0
9672.12 0 0
9681.75 0 0
9692 0 0
9702 0 0
9712.5 0 0
9721.5 0 0
9731.75 0 0
9741.12 0 0
9751.25 0 0
9761.88 0 0
9771.88 159711 146120
9781.88 379186 239509
9791.38 420402 212677
9801.62 310149 154229
9811.75 375064 134094
9822.12 157651 136787
9832 198865 113029
9842.12 328696 165766
9852.38 294694 274562
9861.62 248325 180007
9871.62 299844 134466
9881.25 390521 221691
9892.12 264811 129489
9901.5 321482 173186
9911.12 652242 361544
9921 281298 171446
9931.38 255539 144792
9941.25 436645 310748
9951.75 501016 374677
9962.25 171046 109540
9972.62 383308 200608
9981.75 356516 249555
9991.88 603813 444836
10001.9 334877 199391
10011.5 202988 119000
10021.8 174137 161792
10031.8 200925 88829.2
10042 202986 106604
10052.5 172076 156603
10062.6 159711 106255
10072.1 150437 73566.9
10081.9 174135 95925.6
10092 165893 80324.1
10102.8 193714 140422
10112 155590 144443
10121.9 208139 130838
10132.2 165893 135468
10142 171046 82002.5
10151.9 200927 186851
10162 187531 133226
10172.6 36064 33734.8
10182.8 1030 963.477
10192.1 1030 963.477
10202.6 7212 5725.07
10213 1030 963.477
10222 0 0
10232 0 0
10242.4 0 0
10252.4 0 0
10263 0 0
10271.8 0 0
10281.9 0 0
10291.5 0 0
10301.2 0 0
10311.5 0 0
10321.5 0 0
10331.9 0 0
10342.2 0 0
10352.5 0 0
10362.5 0 0
10372.9 0 0
10381.6 111283 104096
10392.2 354456 188891
10402.1 289541 168838
10412.4 427615 170670
10421.8 361669 185852
10431.6 403915 302727
10441.6 328696 169959
10451.4 265842 224309
10461.4 319423 197556
10471.5 306027 202186
10481 241113 168733
10491.6 371972 332684
10501.4 475014 300778
10510.6 57700 33672.9
10520.8 660484 431139
10531.1 289541 267545
10541.6 79340 67848.8
10551.6 1.56106e+06 1.22393e+06
10561.2 186502 173358
10571.4 381247 351138
10581.5 195775 128554
10591.1 202987 124937
10601.8 167954 87613.7
10611.1 206079 157863
10622.5 268933 170337
10632 62852 39638.1
10641.9 182379 73447.2
10651.9 177228 164683
10662.1 165893 87461.5
10672.9 148376 87589.6
10682.6 74188 43055.1
10692 153528 141415
10701.2 157650 127081
10711.8 133951 66900.6
10721.8 136011 123931
10732.1 178257 99665.5
10742 148376 136596
10752.2 187538 123694
10762.1 192684 179141
10772.2 74188 69396.5
10781.4 2060 1926.95
10791.1 0 0
