# TimeStamp(s) Sum Stdev
0 9.33439e+06 0
10 6.73767e+06 0
20 6.57124e+06 0
30 6.27855e+06 0
40 6.19115e+06 0
50 6.83036e+06 0
60 6.38938e+06 0
70 6.06964e+06 0
80 6.64385e+06 0
90 6.07955e+06 0
100 6.35311e+06 0
110 6.27181e+06 0
120 6.32782e+06 0
130 6.59846e+06 0
140 6.2783e+06 0
150 6.36770e+06 0
160 6.65834e+06 0
170 6.26370e+06 0
180 6.56577e+06 0
190 6.65682e+06 0
200 5.63177e+06 0
210 5.74758e+06 0
220 6.20745e+06 0
230 6.11764e+06 0
240 6.43121e+06 0
250 6.58701e+06 0
260 6.38436e+06 0
270 6.45941e+06 0
280 6.59677e+06 0
290 6.45831e+06 0
300 6.57553e+06 0
310 6.21151e+06 0
320 6.81835e+06 0
330 6.42692e+06 0
340 6.55554e+06 0
350 6.48178e+06 0
360 6.60028e+06 0
370 6.739e+06 0
380 6.66519e+06 0
390 6.55445e+06 0
400 6.56669e+06 0
410 6.3551e+06 0
420 6.32776e+06 0
430 6.07186e+06 0
440 6.25903e+06 0
450 6.17011e+06 0
460 6.40388e+06 0
470 6.61955e+06 0
480 5.90378e+06 0
490 5.70529e+06 0
500 6.67937e+06 0
510 6.73276e+06 0
520 6.76302e+06 0
530 6.00688e+06 0
540 6.02484e+06 0
550 6.3226e+06 0
560 6.1658e+06 0
570 6.02617e+06 0
580 6.4268e+06 0
590 6.89703e+06 0
600 7.08194e+06 0
610 6.8966e+06 0
620 6.53705e+06 0
630 6.40632e+06 0
640 6.65288e+06 0
650 6.70294e+06 0
660 6.97551e+06 0
670 6.11453e+06 0
680 6.17327e+06 0
690 6.40115e+06 0
700 6.48378e+06 0
710 6.5759e+06 0
720 6.14154e+06 0
730 5.98552e+06 0
740 6.64949e+06 0
750 5.98082e+06 0
760 6.31825e+06 0
770 5.81119e+06 0
780 6.33279e+06 0
790 6.47365e+06 0
800 6.31478e+06 0
810 6.30286e+06 0
820 6.10793e+06 0
830 6.24041e+06 0
840 5.83131e+06 0
850 5.32052e+06 0
860 5.52296e+06 0
870 6.41795e+06 0
880 6.10138e+06 0
890 5.80074e+06 0
900 6.04944e+06 0
910 5.95439e+06 0
920 6.55645e+06 0
930 6.39601e+06 0
940 6.13386e+06 0
950 6.10386e+06 0
960 6.25878e+06 0
970 6.4182e+06 0
980 6.26345e+06 0
990 6.08114e+06 0
1000 6.24473e+06 0
1010 5.77244e+06 0
1020 6.31613e+06 0
1030 5.98113e+06 0
1040 5.74109e+06 0
1050 6.42159e+06 0
1060 6.87443e+06 0
1070 6.84865e+06 0
1080 6.55602e+06 0
1090 6.4665e+06 0
1100 5.86809e+06 0
1110 6.10877e+06 0
1120 5.79632e+06 0
1130 6.51723e+06 0
1140 6.35667e+06 0
1150 7.06148e+06 0
1160 6.37957e+06 0
1170 6.1537e+06 0
1180 5.48429e+06 0
1190 6.35970e+06 0
1200 6.42843e+06 0
1210 6.1983e+06 0
1220 6.08397e+06 0
1230 6.214e+06 0
1240 6.2058e+06 0
1250 6.17073e+06 0
1260 6.39377e+06 0
1270 6.37048e+06 0
1280 5.84530e+06 0
1290 6.1366e+06 0
1300 5.97615e+06 0
1310 6.28473e+06 0
1320 6.16513e+06 0
1330 6.28498e+06 0
1340 6.057e+06 0
1350 6.15576e+06 0
1360 6.15992e+06 0
1370 6.47292e+06 0
1380 6.74951e+06 0
1390 6.82858e+06 0
1400 6.62616e+06 0
1410 5.68807e+06 0
1420 6.18083e+06 0
1430 6.62682e+06 0
1440 6.24653e+06 0
1450 5.99228e+06 0
1460 6.07192e+06 0
1470 6.62731e+06 0
1480 5.90918e+06 0
1490 6.55462e+06 0
1500 6.34625e+06 0
1510 5.58091e+06 0
1520 5.80469e+06 0
1530 6.42352e+06 0
1540 6.78684e+06 0
1550 6.36388e+06 0
1560 6.15473e+06 0
1570 5.90556e+06 0
1580 6.24101e+06 0
1590 6.3814e+06 0
1600 6.13605e+06 0
1610 6.65845e+06 0
1620 6.4071e+06 0
1630 5.7228e+06 0
1640 6.17974e+06 0
1650 5.80493e+06 0
1660 6.22472e+06 0
1670 6.62482e+06 0
1680 6.69397e+06 0
1690 6.07071e+06 0
1700 5.57055e+06 0
1710 6.15217e+06 0
1720 5.83912e+06 0
1730 6.15604e+06 0
1740 6.70852e+06 0
1750 6.35686e+06 0
1760 6.11431e+06 0
1770 6.20669e+06 0
1780 6.24115e+06 0
1790 6.17648e+06 0
1800 6.65815e+06 0
1810 6.28662e+06 0
1820 6.52209e+06 0
1830 6.51587e+06 0
1840 6.18442e+06 0
1850 6.22e+06 0
1860 6.37522e+06 0
1870 6.8692e+06 0
1880 5.95567e+06 0
1890 6.06701e+06 0
1900 6.12224e+06 0
1910 6.22059e+06 0
1920 6.38189e+06 0
1930 6.33183e+06 0
1940 6.47311e+06 0
1950 6.53074e+06 0
1960 6.11424e+06 0
1970 6.48396e+06 0
1980 6.20429e+06 0
1990 5.80148e+06 0
2003 5.46363e+06 0
2010 6.29103e+06 0
2020 5.65049e+06 0
2030 6.08041e+06 0
2040 6.29236e+06 0
2050 5.88568e+06 0
2060 6.33599e+06 0
2070 6.3225e+06 0
2080 5.8076e+06 0
2090 6.25697e+06 0
2100 6.16689e+06 0
2110 6.10114e+06 0
2120 5.54618e+06 0
2130 6.1775e+06 0
2140 6.11447e+06 0
2150 5.91888e+06 0
2160 6.18352e+06 0
2170 5.91311e+06 0
2182 4.63682e+06 0
2190 7.58994e+06 0
2200 6.54207e+06 0
2210 6.23036e+06 0
2220 6.56541e+06 0
2230 6.814e+06 0
2240 6.1061e+06 0
2250 6.31309e+06 0
2260 6.27019e+06 0
2270 6.43946e+06 0
2280 6.3104e+06 0
2290 6.26861e+06 0
2300 6.10478e+06 0
2310 5.90932e+06 0
2320 6.519e+06 0
2330 6.19609e+06 0
2340 5.99622e+06 0
2350 6.19649e+06 0
2360 6.0398e+06 0
2370 6.27636e+06 0
2380 6.33655e+06 0
2390 6.24159e+06 0
2400 6.10743e+06 0
2410 6.19133e+06 0
2420 5.90385e+06 0
2430 6.153e+06 0
2440 6.25345e+06 0
2450 6.0169e+06 0
2460 5.82961e+06 0
2470 6.05297e+06 0
2480 6.26445e+06 0
2490 6.02852e+06 0
2500 5.92034e+06 0
2510 6.32546e+06 0
2520 6.45282e+06 0
2530 6.1903e+06 0
2540 6.26852e+06 0
2550 6.14394e+06 0
2560 5.95983e+06 0
2570 5.89816e+06 0
2580 5.95045e+06 0
2590 5.65970e+06 0
2600 5.98149e+06 0
2610 5.48448e+06 0
2620 6.03597e+06 0
2630 5.69514e+06 0
2640 5.64644e+06 0
2650 6.15098e+06 0
2660 6.13981e+06 0
2670 6.49427e+06 0
2680 6.36586e+06 0
2690 6.45351e+06 0
2700 6.7457e+06 0
2710 6.22594e+06 0
2720 6.00349e+06 0
2730 5.20727e+06 0
2740 5.50821e+06 0
2750 6.33559e+06 0
2760 6.72408e+06 0
2770 6.55615e+06 0
2780 6.30056e+06 0
2790 6.44383e+06 0
2800 6.35576e+06 0
2810 6.3588e+06 0
2820 6.25873e+06 0
2830 6.43966e+06 0
2840 6.43145e+06 0
2850 6.69726e+06 0
2860 6.47898e+06 0
2870 6.56342e+06 0
2880 6.48941e+06 0
2890 5.95167e+06 0
2900 6.31492e+06 0
2910 6.37472e+06 0
2920 6.31905e+06 0
2930 6.44498e+06 0
2940 6.54093e+06 0
2950 6.62591e+06 0
2960 7.0779e+06 0
2970 6.78669e+06 0
2980 6.53137e+06 0
2990 6.81266e+06 0
3000 6.22556e+06 0
3010 7.56181e+06 0
3020 8.07385e+06 0
3030 7.41957e+06 0
3040 7.77188e+06 0
3050 7.57338e+06 0
3060 7.12413e+06 0
3070 7.11462e+06 0
3080 8.05839e+06 0
3090 8.066e+06 0
3100 6.49493e+06 0
3110 6.1279e+06 0
3120 6.0504e+06 0
3130 5.95889e+06 0
3140 6.64209e+06 0
3150 6.337e+06 0
3160 5.7919e+06 0
3170 6.34996e+06 0
3180 5.94404e+06 0
3190 5.93604e+06 0
3200 6.12476e+06 0
3210 6.06641e+06 0
3220 5.93217e+06 0
3230 5.50463e+06 0
3240 6.2191e+06 0
3250 5.99e+06 0
3260 5.73137e+06 0
3270 6.3953e+06 0
3280 6.59668e+06 0
3290 5.70444e+06 0
3300 6.07258e+06 0
3310 6.55711e+06 0
3320 6.71834e+06 0
3330 6.99037e+06 0
3340 7.20881e+06 0
3350 6.91302e+06 0
3360 6.7732e+06 0
3370 6.66573e+06 0
3380 6.33509e+06 0
3390 6.21297e+06 0
3400 5.70747e+06 0
3410 5.7494e+06 0
3420 5.97878e+06 0
3430 6.07338e+06 0
3440 6.0354e+06 0
3450 6.52099e+06 0
3460 6.62834e+06 0
3470 6.22114e+06 0
3480 6.02882e+06 0
3490 5.87337e+06 0
3500 5.73983e+06 0
3510 5.96529e+06 0
3520 6.72865e+06 0
3530 5.84317e+06 0
3540 5.97823e+06 0
3550 5.93250e+06 0
3560 6.12975e+06 0
3570 6.36145e+06 0
3580 5.98355e+06 0
3590 6.4455e+06 0
3600 6.18991e+06 0
3610 5.83523e+06 0
3620 6.03428e+06 0
3630 6.45457e+06 0
3640 6.32097e+06 0
3650 5.74898e+06 0
3660 6.53961e+06 0
3670 6.30514e+06 0
3680 6.41153e+06 0
3690 6.59156e+06 0
3700 6.07251e+06 0
3710 6.08006e+06 0
3720 6.41509e+06 0
3730 5.92015e+06 0
3740 5.90009e+06 0
3750 6.36032e+06 0
3760 6.05736e+06 0
3770 5.78603e+06 0
3780 6.22829e+06 0
3790 6.27542e+06 0
3800 6.06886e+06 0
3810 6.25570e+06 0
3820 6.29247e+06 0
3830 5.9381e+06 0
3840 6.26812e+06 0
3850 6.0212e+06 0
3860 5.98402e+06 0
3870 6.50063e+06 0
3880 5.74922e+06 0
3890 6.37935e+06 0
3900 6.2123e+06 0
3910 6.56735e+06 0
3920 6.08957e+06 0
3930 6.21345e+06 0
3940 5.93232e+06 0
3950 6.64113e+06 0
3960 6.15810e+06 0
3970 5.73371e+06 0
3980 5.81614e+06 0
3990 6.28188e+06 0
4000 6.26244e+06 0
4010 6.40751e+06 0
4020 6.32759e+06 0
4030 6.42491e+06 0
4040 6.4607e+06 0
4050 6.07937e+06 0
4060 6.21218e+06 0
4070 6.26552e+06 0
4080 6.60668e+06 0
4090 5.73856e+06 0
4100 6.5105e+06 0
4110 6.20576e+06 0
4120 6.1623e+06 0
4130 5.9461e+06 0
4140 5.19356e+06 0
4150 6.06413e+06 0
4160 6.27377e+06 0
4170 6.0344e+06 0
4180 6.25103e+06 0
4190 6.22455e+06 0
4200 6.34824e+06 0
4210 6.63178e+06 0
4220 6.51651e+06 0
4230 5.63922e+06 0
4240 5.73544e+06 0
4250 5.44853e+06 0
4260 5.49177e+06 0
4270 5.90084e+06 0
4280 5.41227e+06 0
4290 6.11325e+06 0
4300 6.47905e+06 0
4310 6.42172e+06 0
4320 6.69773e+06 0
4330 5.88372e+06 0
4340 5.86833e+06 0
4350 6.33176e+06 0
4360 6.64288e+06 0
4370 6.06053e+06 0
4380 6.32636e+06 0
4390 6.16254e+06 0
4400 6.00386e+06 0
4410 5.9961e+06 0
4420 5.84419e+06 0
4430 6.4308e+06 0
4440 5.58988e+06 0
4450 5.81263e+06 0
4460 5.88596e+06 0
4470 6.04605e+06 0
4480 5.86898e+06 0
4490 6.24055e+06 0
4500 6.23975e+06 0
4510 6.12228e+06 0
4520 6.45433e+06 0
4530 6.53334e+06 0
4540 6.1454e+06 0
4550 6.49002e+06 0
4560 6.28848e+06 0
4570 6.33157e+06 0
4580 6.21523e+06 0
4590 5.98572e+06 0
4600 6.25625e+06 0
4610 6.22319e+06 0
4620 5.75650e+06 0
4630 5.43132e+06 0
4640 6.52245e+06 0
4650 5.5103e+06 0
4660 6.00173e+06 0
4670 5.89057e+06 0
4680 5.8362e+06 0
4690 5.64159e+06 0
4700 5.13996e+06 0
4710 5.51691e+06 0
4720 6.63641e+06 0
4730 6.41005e+06 0
4740 6.45021e+06 0
4750 6.2103e+06 0
4760 6.7207e+06 0
4770 5.40102e+06 0
4780 6.16277e+06 0
4790 6.01094e+06 0
4800 5.90403e+06 0
4810 5.88928e+06 0
4820 5.6044e+06 0
4830 6.0981e+06 0
4840 6.43929e+06 0
4850 6.59026e+06 0
4860 6.25333e+06 0
4870 6.83478e+06 0
4880 6.56536e+06 0
4890 6.23297e+06 0
4900 6.08193e+06 0
4910 6.27825e+06 0
4920 6.41926e+06 0
4930 6.42142e+06 0
4940 6.51319e+06 0
4950 6.34236e+06 0
4960 6.48959e+06 0
4970 5.86886e+06 0
4980 5.70202e+06 0
4990 6.42268e+06 0
5000 5.63334e+06 0
5010 5.95427e+06 0
5020 6.11046e+06 0
5030 5.71139e+06 0
5040 6.1922e+06 0
5050 6.08530e+06 0
5060 6.04646e+06 0
5070 5.58407e+06 0
5080 5.50061e+06 0
5090 6.189e+06 0
5100 5.94792e+06 0
5110 5.18705e+06 0
5120 5.528e+06 0
5130 5.79463e+06 0
5140 5.7785e+06 0
5150 6.07859e+06 0
5160 6.78021e+06 0
5170 6.74005e+06 0
5180 6.98898e+06 0
5190 6.60407e+06 0
5200 6.63034e+06 0
5210 6.00354e+06 0
5220 6.61313e+06 0
5230 6.02494e+06 0
5240 5.96635e+06 0
5250 6.55389e+06 0
5260 5.86597e+06 0
5270 5.45872e+06 0
5280 5.08493e+06 0
5290 5.26961e+06 0
5300 6.2538e+06 0
5310 6.10012e+06 0
5320 5.74643e+06 0
5331 5.0368e+06 0
5340 7.42518e+06 0
5350 6.4322e+06 0
5360 6.43601e+06 0
5370 6.08484e+06 0
5380 6.00634e+06 0
5390 5.7046e+06 0
5400 5.8487e+06 0
5410 6.22296e+06 0
5420 6.36808e+06 0
5430 6.73761e+06 0
5440 6.60136e+06 0
5450 6.61730e+06 0
5460 6.48706e+06 0
5470 6.89198e+06 0
5480 6.34279e+06 0
5490 6.77314e+06 0
5500 5.96585e+06 0
5510 5.9876e+06 0
5520 5.66521e+06 0
5530 5.49759e+06 0
5540 5.51574e+06 0
5550 5.37175e+06 0
5560 4.51348e+06 0
5570 5.53823e+06 0
5580 5.52109e+06 0
5590 5.78614e+06 0
5600 6.09058e+06 0
5610 6.24424e+06 0
5620 6.11828e+06 0
5630 6.30122e+06 0
5640 6.57404e+06 0
5650 6.16351e+06 0
5660 6.78002e+06 0
5670 5.94767e+06 0
5680 6.21484e+06 0
5690 5.93319e+06 0
5700 5.81936e+06 0
5710 5.92632e+06 0
5720 5.97104e+06 0
5730 6.47985e+06 0
5740 5.99006e+06 0
5750 6.46975e+06 0
5760 6.31899e+06 0
5770 6.24708e+06 0
5780 5.7596e+06 0
5790 5.69729e+06 0
5800 6.22769e+06 0
5810 6.1223e+06 0
5820 5.64794e+06 0
5830 5.81627e+06 0
5840 5.96450e+06 0
5850 6.01901e+06 0
5860 5.90457e+06 0
5870 6.24606e+06 0
5880 6.20715e+06 0
5890 6.74796e+06 0
5900 6.35585e+06 0
5910 6.63384e+06 0
5920 6.20963e+06 0
5930 6.32146e+06 0
5940 6.7663e+06 0
5950 6.43451e+06 0
5960 6.20927e+06 0
5970 6.33868e+06 0
5980 5.71641e+06 0
5990 6.71212e+06 0
6000 6.26683e+06 0
6010 6.86709e+06 0
6020 7.00375e+06 0
6030 6.91345e+06 0
6040 6.5087e+06 0
6050 5.58685e+06 0
6060 5.75437e+06 0
6070 6.10465e+06 0
6080 6.45656e+06 0
6090 6.2189e+06 0
6100 6.46195e+06 0
6110 5.85202e+06 0
6120 5.67716e+06 0
6130 6.38685e+06 0
6140 6.07175e+06 0
6150 6.54614e+06 0
6160 5.56073e+06 0
6170 5.94948e+06 0
6180 6.34813e+06 0
6190 6.64638e+06 0
6200 6.05461e+06 0
6210 6.02228e+06 0
6220 6.39583e+06 0
6230 6.6849e+06 0
6240 5.91064e+06 0
6250 6.21005e+06 0
6260 6.36032e+06 0
6270 6.2453e+06 0
6280 6.96449e+06 0
6290 6.5581e+06 0
6300 6.35958e+06 0
6310 5.99762e+06 0
6320 6.22939e+06 0
6330 6.14394e+06 0
6340 5.98729e+06 0
6350 6.02666e+06 0
6360 5.60206e+06 0
6370 5.77892e+06 0
6380 5.30967e+06 0
6390 5.09428e+06 0
6400 5.72375e+06 0
6410 6.25382e+06 0
6420 5.76599e+06 0
6430 5.62263e+06 0
6440 5.56731e+06 0
6450 5.81563e+06 0
6460 6.19133e+06 0
6470 6.06719e+06 0
6480 6.6715e+06 0
6490 6.65735e+06 0
6500 5.61928e+06 0
6510 6.01773e+06 0
6520 5.33362e+06 0
6530 5.30397e+06 0
6540 5.77299e+06 0
6550 5.31083e+06 0
6560 6.24492e+06 0
6570 6.70591e+06 0
6580 6.22834e+06 0
6590 6.61071e+06 0
6600 6.39638e+06 0
6610 5.85033e+06 0
6620 6.70756e+06 0
6630 6.30676e+06 0
6640 6.00195e+06 0
6650 5.74393e+06 0
6660 5.3633e+06 0
6670 6.03295e+06 0
6680 6.13206e+06 0
6690 5.91416e+06 0
6700 5.80370e+06 0
6710 5.45157e+06 0
6720 5.93764e+06 0
6730 6.46548e+06 0
6740 6.24957e+06 0
6750 6.69158e+06 0
6760 6.50018e+06 0
6771 4.61197e+06 0
6780 8.57772e+06 0
6790 6.29618e+06 0
6800 6.37772e+06 0
6810 6.56125e+06 0
6820 6.09547e+06 0
6830 6.29789e+06 0
6840 6.46299e+06 0
6850 6.37785e+06 0
6860 5.80574e+06 0
6870 6.04362e+06 0
6880 5.52527e+06 0
6890 5.73378e+06 0
6900 6.08690e+06 0
6910 5.7029e+06 0
6920 5.56370e+06 0
6930 6.61384e+06 0
6940 5.86815e+06 0
6950 5.55108e+06 0
6960 5.93707e+06 0
6970 6.00306e+06 0
6980 6.32819e+06 0
6990 6.4068e+06 0
7000 5.98251e+06 0
7010 5.80767e+06 0
7020 6.00174e+06 0
7030 6.19307e+06 0
7040 6.11278e+06 0
7050 5.73183e+06 0
7060 5.89275e+06 0
7070 6.79107e+06 0
7080 6.0421e+06 0
7090 6.50772e+06 0
7100 6.24162e+06 0
7110 6.39468e+06 0
7120 6.32686e+06 0
7130 7.26862e+06 0
7140 6.16351e+06 0
7150 6.57293e+06 0
7160 6.46166e+06 0
7170 6.56136e+06 0
7180 5.82729e+06 0
7190 6.61032e+06 0
7200 6.32593e+06 0
7210 6.67212e+06 0
7220 6.74652e+06 0
7230 6.87564e+06 0
7240 6.69463e+06 0
7250 6.58767e+06 0
7260 6.4439e+06 0
7270 6.34068e+06 0
7280 5.92722e+06 0
7290 6.16672e+06 0
7300 5.97137e+06 0
7310 6.36152e+06 0
7320 6.72477e+06 0
7330 6.09943e+06 0
7340 5.77935e+06 0
7350 5.78372e+06 0
7360 6.12641e+06 0
7370 5.9332e+06 0
7380 6.39741e+06 0
7390 6.62079e+06 0
7400 6.5182e+06 0
7410 5.81154e+06 0
7420 6.19235e+06 0
7430 6.17356e+06 0
7440 6.45791e+06 0
7450 6.49012e+06 0
7460 6.68386e+06 0
7470 6.00694e+06 0
7480 6.89667e+06 0
7490 6.73538e+06 0
7500 6.24403e+06 0
7510 6.5183e+06 0
7520 6.42868e+06 0
7530 6.66188e+06 0
7540 6.5493e+06 0
7550 7.02036e+06 0
7560 6.68653e+06 0
7570 6.71791e+06 0
7580 6.64797e+06 0
7590 6.92145e+06 0
7600 6.19606e+06 0
7610 6.53645e+06 0
7620 6.10653e+06 0
7630 6.27066e+06 0
7640 5.66111e+06 0
7650 6.25448e+06 0
7660 6.25388e+06 0
7670 6.15362e+06 0
7680 5.67394e+06 0
7690 5.51903e+06 0
7700 6.10847e+06 0
7710 6.16277e+06 0
7720 5.68065e+06 0
7730 6.23142e+06 0
7740 6.23482e+06 0
7750 6.60223e+06 0
7760 6.5333e+06 0
7770 6.03162e+06 0
7780 6.23271e+06 0
7790 5.7465e+06 0
7800 5.84456e+06 0
7810 6.21552e+06 0
7820 6.41359e+06 0
7830 5.9796e+06 0
7840 5.97203e+06 0
7850 6.00195e+06 0
7860 6.31325e+06 0
7870 6.17362e+06 0
7880 6.1975e+06 0
7890 6.17781e+06 0
7900 6.71011e+06 0
7910 6.69009e+06 0
7920 6.62925e+06 0
7930 6.53582e+06 0
7940 6.252e+06 0
7950 6.09963e+06 0
7960 5.73245e+06 0
7970 6.09239e+06 0
7980 5.70724e+06 0
7990 6.80506e+06 0
8000 7.28366e+06 0
8010 6.43704e+06 0
8020 6.34335e+06 0
8030 6.01748e+06 0
8040 6.16927e+06 0
8050 6.53433e+06 0
8060 6.45512e+06 0
8070 7.02739e+06 0
8080 5.74426e+06 0
8090 5.77976e+06 0
8100 6.13e+06 0
8110 5.83838e+06 0
8120 6.7062e+06 0
8130 6.84292e+06 0
8140 6.18016e+06 0
8150 5.7873e+06 0
8160 6.40728e+06 0
8170 6.92587e+06 0
8180 6.22339e+06 0
8191 5.62367e+06 0
8200 7.12701e+06 0
8210 6.13588e+06 0
8220 6.85301e+06 0
8230 6.8726e+06 0
8240 6.39069e+06 0
8250 6.09585e+06 0
8260 6.22146e+06 0
8270 5.52381e+06 0
8280 6.49874e+06 0
8290 6.32268e+06 0
8300 6.16393e+06 0
8310 5.88359e+06 0
8320 6.06502e+06 0
8330 6.59747e+06 0
8340 6.28115e+06 0
8350 6.09363e+06 0
8360 5.81037e+06 0
8370 6.46087e+06 0
8380 6.33309e+06 0
8390 6.66015e+06 0
8400 6.16278e+06 0
8410 6.35988e+06 0
8420 6.19594e+06 0
8430 6.64736e+06 0
8440 6.12689e+06 0
8450 6.02422e+06 0
8460 5.72814e+06 0
8470 5.96488e+06 0
8480 6.61924e+06 0
8490 6.64744e+06 0
8500 6.35617e+06 0
8510 6.84945e+06 0
8520 6.93219e+06 0
8530 6.75325e+06 0
8540 6.96114e+06 0
8550 6.19890e+06 0
8560 5.42676e+06 0
8570 6.57961e+06 0
8580 6.47003e+06 0
8590 6.6462e+06 0
8600 6.16884e+06 0
8610 6.50576e+06 0
8620 5.74615e+06 0
8630 6.13478e+06 0
8640 6.47142e+06 0
8650 6.80561e+06 0
8660 6.49341e+06 0
8670 5.74559e+06 0
8680 6.10096e+06 0
8690 6.30528e+06 0
8700 6.13058e+06 0
8710 5.91404e+06 0
8720 5.39252e+06 0
8730 5.75323e+06 0
8740 5.80486e+06 0
8750 6.00549e+06 0
8760 5.49229e+06 0
8770 5.25131e+06 0
8780 5.68056e+06 0
8790 6.56567e+06 0
8800 6.48862e+06 0
8810 6.05434e+06 0
8820 6.62015e+06 0
8830 7.09777e+06 0
8840 6.30824e+06 0
8850 6.35826e+06 0
8860 6.17174e+06 0
8870 6.69693e+06 0
8880 6.78539e+06 0
8890 6.41292e+06 0
8900 6.53675e+06 0
8912 5.43805e+06 0
8920 6.82562e+06 0
8930 6.16775e+06 0
8940 5.96252e+06 0
8950 6.69277e+06 0
8960 6.65985e+06 0
8970 6.54989e+06 0
8980 6.58779e+06 0
8990 6.94868e+06 0
9000 6.65914e+06 0
9010 6.65012e+06 0
9020 6.63192e+06 0
9030 6.74775e+06 0
9040 6.0656e+06 0
9050 5.7727e+06 0
9060 5.9604e+06 0
9070 6.64668e+06 0
9080 6.73532e+06 0
9090 6.75671e+06 0
9100 6.03265e+06 0
9110 6.81331e+06 0
9120 6.49493e+06 0
9130 6.29655e+06 0
9140 6.22066e+06 0
9150 6.89819e+06 0
9160 6.50642e+06 0
9170 6.4916e+06 0
9180 6.30734e+06 0
9190 6.97782e+06 0
9200 6.93528e+06 0
9210 6.91674e+06 0
9220 6.17736e+06 0
9230 6.42026e+06 0
9241 4.73165e+06 0
9250 7.74846e+06 0
9260 5.95161e+06 0
9270 6.38637e+06 0
9280 6.65892e+06 0
9290 6.93028e+06 0
9300 6.62438e+06 0
9310 6.53221e+06 0
9320 6.45444e+06 0
9330 6.05871e+06 0
9340 5.85916e+06 0
9350 6.14945e+06 0
9360 6.3411e+06 0
9370 6.5108e+06 0
9380 5.82214e+06 0
9390 6.32128e+06 0
9400 6.03065e+06 0
9410 6.0644e+06 0
9420 6.50944e+06 0
9431 4.2718e+06 0
9440 8.0075e+06 0
9450 6.36769e+06 0
9460 6.21212e+06 0
9470 6.56281e+06 0
9480 6.39458e+06 0
9490 6.74177e+06 0
9500 6.23218e+06 0
9510 6.03871e+06 0
9520 6.32838e+06 0
9530 6.8481e+06 0
9540 6.4607e+06 0
9550 6.20695e+06 0
9560 5.7502e+06 0
9570 6.08301e+06 0
9580 6.38129e+06 0
9590 5.90548e+06 0
9600 6.18156e+06 0
9610 5.72202e+06 0
9620 5.84428e+06 0
9630 5.64873e+06 0
9640 5.4244e+06 0
9650 6.38342e+06 0
9660 6.53602e+06 0
9670 6.44025e+06 0
9680 6.42008e+06 0
9690 6.44533e+06 0
9700 6.68694e+06 0
9710 6.55924e+06 0
9720 5.94421e+06 0
9730 5.44047e+06 0
9740 5.94451e+06 0
9750 6.53608e+06 0
9760 6.15115e+06 0
9770 6.75172e+06 0
9780 7.2238e+06 0
9790 6.88715e+06 0
9800 6.99498e+06 0
9810 6.39478e+06 0
9820 5.71716e+06 0
9830 5.77263e+06 0
9840 5.92918e+06 0
9850 5.70709e+06 0
9860 5.91506e+06 0
9870 6.69192e+06 0
9880 5.77395e+06 0
9890 6.34534e+06 0
9900 6.25234e+06 0
9910 6.1425e+06 0
9920 6.4322e+06 0
9930 6.81119e+06 0
9940 6.14435e+06 0
9950 6.77822e+06 0
9960 6.4116e+06 0
9970 6.2846e+06 0
9980 5.71038e+06 0
9990 6.68518e+06 0
10000 6.57688e+06 0
10010 6.44212e+06 0
10020 6.34644e+06 0
10030 6.11405e+06 0
10040 6.05428e+06 0
10050 5.47005e+06 0
10060 5.6551e+06 0
10070 6.57724e+06 0
10080 6.31231e+06 0
10090 5.9476e+06 0
10100 5.98985e+06 0
10110 6.32104e+06 0
10120 6.55615e+06 0
10130 6.75124e+06 0
10140 6.76574e+06 0
10150 6.68452e+06 0
10162 5.80973e+06 0
10170 8.07481e+06 0
10180 6.42031e+06 0
10190 6.70397e+06 0
10200 6.19357e+06 0
10210 5.98628e+06 0
10220 6.29236e+06 0
10230 6.56706e+06 0
10240 6.40668e+06 0
10250 6.83981e+06 0
10260 6.66845e+06 0
10270 6.50876e+06 0
10283 5.85504e+06 0
10290 6.69665e+06 0
10300 6.28898e+06 0
10310 6.9263e+06 0
10320 6.70805e+06 0
10330 6.97829e+06 0
10340 6.18872e+06 0
10350 5.83014e+06 0
10360 6.47876e+06 0
10370 6.89986e+06 0
10380 6.84216e+06 0
10390 6.33194e+06 0
10400 5.72857e+06 0
10410 5.28925e+06 0
10420 6.03234e+06 0
10430 6.22744e+06 0
10440 6.95812e+06 0
10450 6.80271e+06 0
10460 6.52161e+06 0
10470 6.17581e+06 0
10480 6.79508e+06 0
10490 7.0417e+06 0
10500 6.88093e+06 0
10510 6.51703e+06 0
10520 6.713e+06 0
10530 6.6776e+06 0
10540 6.25903e+06 0
10550 6.38207e+06 0
10560 6.96806e+06 0
10570 6.84133e+06 0
10580 7.26324e+06 0
10593 6.67833e+06 0
10600 6.36081e+06 0
10610 6.14973e+06 0
10620 5.887e+06 0
10630 5.9863e+06 0
10640 5.69194e+06 0
10650 6.10641e+06 0
10660 6.51099e+06 0
10670 6.82296e+06 0
10680 6.74313e+06 0
10690 6.70073e+06 0
10700 6.11809e+06 0
10711 5.13711e+06 0
10720 7.26118e+06 0
10730 6.82538e+06 0
10740 6.01913e+06 0
10750 5.96429e+06 0
10760 7.09282e+06 0
10770 6.83258e+06 0
10780 7.07029e+06 0
10790 5.81718e+06 0
10800 5.94281e+06 0
10810 6.63676e+06 0
10820 5.33295e+06 0
10830 6.82696e+06 0
10840 6.34290e+06 0
10850 6.41226e+06 0
10860 6.37396e+06 0
10870 6.53474e+06 0
10880 5.7788e+06 0
10890 6.58166e+06 0
10900 6.75901e+06 0
10910 5.97761e+06 0
10920 5.62158e+06 0
10930 6.03526e+06 0
10940 6.04845e+06 0
10950 6.9054e+06 0
10960 5.94621e+06 0
10970 6.1153e+06 0
10980 5.7679e+06 0
10990 6.40644e+06 0
11000 6.10896e+06 0
11010 5.49076e+06 0
11020 5.51917e+06 0
11030 6.10943e+06 0
11040 6.82137e+06 0
11050 6.98231e+06 0
11060 6.42007e+06 0
11073 6.00458e+06 0
11082 5.31132e+06 0
11090 6.51250e+06 0
11100 5.62783e+06 0
11110 5.93547e+06 0
11120 6.53596e+06 0
11130 6.52676e+06 0
11140 6.00354e+06 0
11150 6.41198e+06 0
11160 6.75805e+06 0
11170 6.79697e+06 0
11180 6.30783e+06 0
11190 5.86482e+06 0
11200 5.76249e+06 0
11210 5.49338e+06 0
11220 5.97171e+06 0
11230 5.42159e+06 0
11240 5.68541e+06 0
11250 6.11944e+06 0
11260 6.4505e+06 0
11270 5.91585e+06 0
11280 5.88675e+06 0
11290 6.31546e+06 0
11300 6.47809e+06 0
11310 6.56438e+06 0
11320 6.49802e+06 0
11330 6.33413e+06 0
11340 6.55039e+06 0
11350 6.39261e+06 0
11360 5.71778e+06 0
11370 6.41455e+06 0
11380 6.63919e+06 0
11390 5.88317e+06 0
11401 5.15123e+06 0
11410 7.6277e+06 0
11420 6.78017e+06 0
11430 6.51324e+06 0
11440 6.33928e+06 0
11450 6.12967e+06 0
11460 6.23375e+06 0
11470 6.21067e+06 0
11480 5.88748e+06 0
11490 6.18042e+06 0
11500 5.79765e+06 0
11510 5.74912e+06 0
11520 6.19325e+06 0
11530 6.18611e+06 0
11540 6.51651e+06 0
11550 6.00585e+06 0
11560 6.80804e+06 0
11570 6.94048e+06 0
11580 6.35993e+06 0
11590 5.58202e+06 0
11600 5.75633e+06 0
11610 5.72236e+06 0
11620 5.88107e+06 0
11630 5.29567e+06 0
11640 6.59112e+06 0
11650 7.20662e+06 0
11660 6.7181e+06 0
11670 6.29393e+06 0
11680 6.54718e+06 0
11690 6.59488e+06 0
11700 6.55355e+06 0
11710 6.48801e+06 0
11720 6.01888e+06 0
11730 5.91967e+06 0
11740 6.34133e+06 0
11750 6.07344e+06 0
11760 5.95998e+06 0
11770 6.37183e+06 0
11780 6.27696e+06 0
11790 6.10527e+06 0
11800 6.65045e+06 0
11810 6.08877e+06 0
11820 5.68796e+06 0
11830 5.85457e+06 0
11840 5.71057e+06 0
11850 6.41333e+06 0
11860 7.01206e+06 0
11870 5.84978e+06 0
11880 6.08714e+06 0
11890 6.05702e+06 0
11900 6.37564e+06 0
11910 6.38709e+06 0
11920 5.76136e+06 0
11930 5.9593e+06 0
11940 6.53191e+06 0
11950 7.18656e+06 0
11960 6.50299e+06 0
11970 6.40649e+06 0
11980 6.6855e+06 0
11990 7.04976e+06 0
12000 6.69876e+06 0
12010 6.67204e+06 0
12020 6.56226e+06 0
12030 5.78268e+06 0
12040 6.16212e+06 0
12050 6.25977e+06 0
12060 5.89801e+06 0
12070 6.29235e+06 0
12080 6.27444e+06 0
12090 6.43036e+06 0
12100 6.56985e+06 0
12110 6.68930e+06 0
12120 6.72004e+06 0
12130 6.69401e+06 0
12144 6.48882e+06 0
12150 6.95927e+06 0
12160 6.78174e+06 0
12170 6.8057e+06 0
12180 6.39988e+06 0
12190 6.22315e+06 0
12200 6.51814e+06 0
12210 6.29795e+06 0
12220 5.43446e+06 0
12230 5.90402e+06 0
12240 5.78292e+06 0
12250 6.19145e+06 0
12260 6.48259e+06 0
12270 6.67703e+06 0
12280 6.18244e+06 0
12290 5.80521e+06 0
12300 6.37359e+06 0
12310 6.01756e+06 0
12320 6.23853e+06 0
12330 6.64973e+06 0
12340 6.23461e+06 0
12350 6.6162e+06 0
12360 6.96515e+06 0
12370 6.84713e+06 0
12380 6.27752e+06 0
12390 6.33374e+06 0
12400 6.3396e+06 0
12414 6.35444e+06 0
12420 6.76138e+06 0
12430 6.3817e+06 0
12443 6.17556e+06 0
12450 6.18751e+06 0
12460 5.93379e+06 0
12470 6.74858e+06 0
12480 6.69476e+06 0
12490 6.21266e+06 0
12500 6.17642e+06 0
12510 6.31576e+06 0
12520 6.36092e+06 0
12530 6.63021e+06 0
12540 6.36989e+06 0
12550 5.9151e+06 0
12560 6.79665e+06 0
12570 6.71652e+06 0
12580 6.04858e+06 0
12590 6.74811e+06 0
12600 6.77361e+06 0
12610 6.69331e+06 0
12620 6.55087e+06 0
12630 6.62585e+06 0
12640 6.50972e+06 0
12650 5.41732e+06 0
12660 6.62512e+06 0
12670 6.82805e+06 0
12680 6.82065e+06 0
12690 6.75562e+06 0
12700 6.40212e+06 0
12710 6.41578e+06 0
12720 6.46177e+06 0
12730 6.19958e+06 0
12740 6.61864e+06 0
12750 7.03478e+06 0
12760 6.77042e+06 0
12770 6.366e+06 0
12780 6.5119e+06 0
12791 4.59343e+06 0
12800 7.44865e+06 0
12810 5.50248e+06 0
12820 5.7143e+06 0
12830 6.64852e+06 0
12840 6.59736e+06 0
12850 6.36358e+06 0
12860 6.2203e+06 0
12870 6.96897e+06 0
12880 6.91196e+06 0
12890 6.47999e+06 0
12900 6.38406e+06 0
12910 6.53615e+06 0
12920 6.41644e+06 0
12930 6.73066e+06 0
12940 6.80591e+06 0
12950 6.40716e+06 0
12960 5.76589e+06 0
12970 6.23278e+06 0
12980 5.56491e+06 0
12990 6.26727e+06 0
13000 6.48008e+06 0
13010 6.46269e+06 0
13020 6.46638e+06 0
13030 6.21091e+06 0
13040 5.96156e+06 0
13050 5.15674e+06 0
13060 6.41287e+06 0
13070 6.94232e+06 0
13080 6.86728e+06 0
13090 6.88708e+06 0
13100 6.70622e+06 0
13110 5.99779e+06 0
13120 6.19115e+06 0
13130 6.71488e+06 0
13140 7.13389e+06 0
13150 6.73241e+06 0
13160 6.53343e+06 0
13170 6.85586e+06 0
13180 7.07249e+06 0
13190 7.0805e+06 0
13200 7.16074e+06 0
13210 7.1691e+06 0
13220 7.05893e+06 0
13230 6.6071e+06 0
13240 6.42881e+06 0
13250 7.05006e+06 0
13260 6.97679e+06 0
13270 7.14966e+06 0
13280 6.59359e+06 0
13290 6.95685e+06 0
13300 7.04781e+06 0
13310 6.92304e+06 0
13320 6.61724e+06 0
13330 6.62695e+06 0
13340 6.63083e+06 0
13350 5.62934e+06 0
13360 5.47737e+06 0
13370 6.01671e+06 0
13380 6.38916e+06 0
13390 6.85079e+06 0
13400 6.47879e+06 0
13410 6.54602e+06 0
13420 6.82084e+06 0
13430 6.27182e+06 0
13440 6.54796e+06 0
13450 6.66118e+06 0
13460 6.67047e+06 0
13470 6.31716e+06 0
13480 6.45821e+06 0
13490 6.70344e+06 0
13500 6.24396e+06 0
13510 6.39414e+06 0
13520 7.19954e+06 0
13530 6.78179e+06 0
13540 7.10188e+06 0
13550 6.99353e+06 0
13560 6.65137e+06 0
13570 6.79359e+06 0
13580 6.90355e+06 0
13590 7.23437e+06 0
13600 7.18015e+06 0
13610 6.90635e+06 0
13620 6.09410e+06 0
13630 6.06398e+06 0
13640 5.94301e+06 0
13650 5.95918e+06 0
13660 5.96354e+06 0
13670 7.11548e+06 0
13680 7.22633e+06 0
13690 6.91472e+06 0
13700 6.57596e+06 0
13710 6.26654e+06 0
13720 6.4811e+06 0
13730 6.29129e+06 0
13740 6.87599e+06 0
13750 6.966e+06 0
13760 6.35242e+06 0
13770 6.65088e+06 0
13780 6.77617e+06 0
13790 6.72162e+06 0
13800 6.11968e+06 0
13810 6.38667e+06 0
13820 6.36875e+06 0
13830 6.42886e+06 0
13840 6.81489e+06 0
13850 6.70253e+06 0
13860 6.38927e+06 0
13870 6.4696e+06 0
13880 6.58512e+06 0
13890 6.72737e+06 0
13900 6.38292e+06 0
13910 6.0249e+06 0
13920 6.01542e+06 0
13930 6.70336e+06 0
13940 6.62495e+06 0
13950 6.70652e+06 0
13960 6.55834e+06 0
13970 6.93696e+06 0
13980 7.09746e+06 0
13990 6.75126e+06 0
14000 6.34697e+06 0
14010 6.99309e+06 0
14020 7.06928e+06 0
14030 6.83588e+06 0
14040 6.86635e+06 0
14050 6.89090e+06 0
14060 6.36431e+06 0
14070 6.5145e+06 0
14080 7.07507e+06 0
14090 6.79086e+06 0
14103 6.29067e+06 0
14110 6.4996e+06 0
14120 6.66319e+06 0
14130 7.11868e+06 0
14140 6.91757e+06 0
14150 6.40626e+06 0
14160 7.17099e+06 0
14170 6.92370e+06 0
14180 6.67037e+06 0
14190 6.83866e+06 0
14200 6.63355e+06 0
14210 6.9603e+06 0
14220 6.85006e+06 0
14230 6.80106e+06 0
14240 7.18099e+06 0
14250 6.88581e+06 0
14260 6.44244e+06 0
14270 6.55736e+06 0
14280 6.69794e+06 0
14290 6.26597e+06 0
14300 5.97154e+06 0
14310 6.53761e+06 0
14320 6.43025e+06 0
14330 6.43117e+06 0
14340 6.55137e+06 0
14350 6.44296e+06 0
14360 6.74073e+06 0
14370 6.05555e+06 0
14380 6.30468e+06 0
14390 6.49407e+06 0
14400 6.77351e+06 0
14410 6.85371e+06 0
14420 6.97026e+06 0
14430 6.97332e+06 0
14440 6.57307e+06 0
14450 6.68226e+06 0
14460 6.84502e+06 0
14470 6.45686e+06 0
14480 6.89108e+06 0
14490 6.01216e+06 0
14500 6.13303e+06 0
14510 6.67809e+06 0
14520 6.70307e+06 0
14530 6.5879e+06 0
14540 6.23255e+06 0
14550 7.04249e+06 0
14560 7.13656e+06 0
14570 7.04541e+06 0
14580 7.26759e+06 0
14590 7.02081e+06 0
14600 7.15091e+06 0
14610 6.74817e+06 0
14620 7.08994e+06 0
14630 7.09826e+06 0
14640 7.05759e+06 0
14650 6.94353e+06 0
14660 6.84863e+06 0
14670 6.78484e+06 0
14680 6.88370e+06 0
14690 6.63771e+06 0
14700 6.58082e+06 0
14710 6.93528e+06 0
14720 6.83474e+06 0
14730 7.23796e+06 0
14740 7.08607e+06 0
14750 6.46923e+06 0
14760 6.99293e+06 0
14770 6.78072e+06 0
14780 6.76038e+06 0
14790 5.46477e+06 0
14800 7.27664e+06 0
14810 6.71767e+06 0
14820 6.51678e+06 0
14833 6.25476e+06 0
14840 6.06012e+06 0
14850 7.01514e+06 0
14860 7.19098e+06 0
14870 7.16486e+06 0
14880 6.95764e+06 0
14890 6.44378e+06 0
14900 6.40048e+06 0
14910 6.63386e+06 0
14920 6.34152e+06 0
14930 6.50365e+06 0
14940 6.69876e+06 0
14950 6.36177e+06 0
14960 6.08429e+06 0
14970 6.26575e+06 0
14980 6.63737e+06 0
14990 6.13157e+06 0
15000 6.29247e+06 0
15010 6.26455e+06 0
15020 6.89944e+06 0
15030 7.10608e+06 0
15040 6.29036e+06 0
15050 5.981e+06 0
15060 6.77805e+06 0
15070 6.34382e+06 0
15080 6.90861e+06 0
15090 6.79721e+06 0
15100 6.07706e+06 0
15110 6.79914e+06 0
15120 6.98605e+06 0
15130 6.97261e+06 0
15140 6.39322e+06 0
15150 6.73288e+06 0
15160 6.46626e+06 0
15170 6.69513e+06 0
15180 7.11831e+06 0
15190 7.14778e+06 0
15200 6.4927e+06 0
15210 6.84598e+06 0
15220 6.71066e+06 0
15230 7.14363e+06 0
15240 7.21288e+06 0
15250 7.02699e+06 0
15260 6.8047e+06 0
15270 7.01739e+06 0
15280 7.17512e+06 0
15290 6.80876e+06 0
15300 6.37453e+06 0
15310 6.82608e+06 0
15320 7.11165e+06 0
15330 6.79398e+06 0
15340 6.37091e+06 0
15350 6.61397e+06 0
15360 6.81453e+06 0
15370 6.71514e+06 0
15380 7.09809e+06 0
15390 6.49916e+06 0
15400 6.90369e+06 0
15410 6.80314e+06 0
15420 6.57028e+06 0
15430 6.9986e+06 0
15440 6.51942e+06 0
15450 6.6236e+06 0
15460 7.08323e+06 0
15470 6.91478e+06 0
15480 6.87183e+06 0
15490 6.95525e+06 0
15500 6.66428e+06 0
15510 6.18781e+06 0
15520 6.29885e+06 0
15530 6.62124e+06 0
15540 6.41589e+06 0
15550 6.75393e+06 0
15560 6.60407e+06 0
15570 7.08959e+06 0
15580 6.6073e+06 0
15590 6.53864e+06 0
15600 6.382e+06 0
15610 6.76356e+06 0
15620 6.72603e+06 0
15630 6.55778e+06 0
15640 7.13681e+06 0
15650 6.77064e+06 0
15660 6.14581e+06 0
15670 6.98606e+06 0
15680 6.39771e+06 0
15690 6.88198e+06 0
15700 6.7124e+06 0
15710 6.86533e+06 0
15720 6.39535e+06 0
15730 6.56022e+06 0
15740 6.52091e+06 0
15750 7.02606e+06 0
15760 6.84641e+06 0
15770 6.80587e+06 0
15780 7.18075e+06 0
15790 7.02075e+06 0
15800 7.04244e+06 0
15810 6.75437e+06 0
15820 7.03441e+06 0
15830 6.8205e+06 0
15840 6.99895e+06 0
15850 6.77063e+06 0
15860 6.5926e+06 0
15871 4.82364e+06 0
15880 9.01508e+06 0
15890 6.78017e+06 0
15900 6.88595e+06 0
15910 7.02024e+06 0
15920 6.94715e+06 0
15930 6.60603e+06 0
15940 6.44e+06 0
15950 6.5127e+06 0
15960 6.40868e+06 0
15970 5.87336e+06 0
15980 6.81005e+06 0
15990 6.78998e+06 0
16000 6.61809e+06 0
16010 6.48292e+06 0
16020 6.57378e+06 0
16030 5.865e+06 0
16040 6.32189e+06 0
16050 6.53709e+06 0
16060 6.29073e+06 0
16070 6.26722e+06 0
16080 6.26047e+06 0
16090 6.03483e+06 0
16100 6.82927e+06 0
16110 6.76492e+06 0
16120 6.95674e+06 0
16130 6.47009e+06 0
16140 6.35958e+06 0
16150 6.72792e+06 0
16160 6.25412e+06 0
16170 6.43565e+06 0
16180 6.78369e+06 0
16190 6.43534e+06 0
16200 6.81799e+06 0
16210 6.84726e+06 0
16220 6.44268e+06 0
16230 6.37662e+06 0
16240 5.97597e+06 0
16250 6.1078e+06 0
16260 6.52511e+06 0
16270 6.2897e+06 0
16280 5.87088e+06 0
16290 6.67258e+06 0
16300 6.75592e+06 0
16310 6.70363e+06 0
16320 6.66977e+06 0
16330 6.44414e+06 0
16340 6.60331e+06 0
16350 6.55856e+06 0
16360 6.75805e+06 0
16370 7.06333e+06 0
16380 6.86187e+06 0
16390 6.72689e+06 0
16400 6.60597e+06 0
16410 6.5593e+06 0
16420 7.1451e+06 0
16430 7.10015e+06 0
16440 6.50489e+06 0
16450 6.32264e+06 0
16461 5.21416e+06 0
16470 8.0623e+06 0
16480 6.89263e+06 0
16490 6.77046e+06 0
16500 6.74077e+06 0
16510 6.81988e+06 0
16520 6.94322e+06 0
16530 6.85343e+06 0
16540 7.09321e+06 0
16550 6.5087e+06 0
16560 6.46994e+06 0
16570 6.44524e+06 0
16580 6.87545e+06 0
16590 6.60246e+06 0
16600 6.59113e+06 0
16610 6.84899e+06 0
16620 6.55789e+06 0
16630 6.96303e+06 0
16640 6.83678e+06 0
16650 6.95254e+06 0
16660 7.2239e+06 0
16670 7.08777e+06 0
16680 7.15917e+06 0
16690 7.18527e+06 0
16700 6.9576e+06 0
16710 7.39058e+06 0
16720 6.91158e+06 0
16730 7.02699e+06 0
16740 7.01579e+06 0
16750 6.36192e+06 0
16760 6.13775e+06 0
16770 6.99239e+06 0
16780 7.05394e+06 0
16790 6.96255e+06 0
16800 6.11898e+06 0
16810 6.37372e+06 0
16820 6.42284e+06 0
16830 6.8566e+06 0
16840 6.00488e+06 0
16850 6.40202e+06 0
16860 7.2385e+06 0
16870 6.71751e+06 0
16880 6.5594e+06 0
16890 6.91927e+06 0
16900 6.74234e+06 0
16910 6.61972e+06 0
16920 7.11231e+06 0
16930 7.04534e+06 0
16940 7.14754e+06 0
16950 6.80028e+06 0
16960 6.68095e+06 0
16970 6.44406e+06 0
16980 6.32019e+06 0
16990 6.47596e+06 0
17000 7.03916e+06 0
17010 6.92376e+06 0
17020 7.08092e+06 0
17030 6.7426e+06 0
17040 6.53446e+06 0
17050 6.74964e+06 0
17060 6.8874e+06 0
17070 6.78592e+06 0
17080 7.07286e+06 0
17090 7.02703e+06 0
17100 6.96018e+06 0
17110 6.5976e+06 0
17120 6.87861e+06 0
17130 6.68753e+06 0
17140 6.72162e+06 0
17150 6.50207e+06 0
17160 6.48554e+06 0
17170 6.83641e+06 0
17180 6.91582e+06 0
17190 6.76421e+06 0
17200 6.79047e+06 0
17210 7.03904e+06 0
17220 6.79858e+06 0
17230 7.16209e+06 0
17240 7.0631e+06 0
17250 6.74107e+06 0
17260 6.93491e+06 0
17270 6.52377e+06 0
17280 6.02949e+06 0
17290 6.51839e+06 0
17300 6.22176e+06 0
17310 6.48778e+06 0
17320 6.55608e+06 0
17330 6.60059e+06 0
17340 6.83821e+06 0
17350 6.73037e+06 0
17360 6.76304e+06 0
17370 6.89569e+06 0
17380 6.79302e+06 0
17390 6.42929e+06 0
17400 6.89636e+06 0
17410 6.49165e+06 0
17420 6.40756e+06 0
17430 6.28622e+06 0
17440 6.78354e+06 0
17450 7.17517e+06 0
17460 7.06328e+06 0
17470 6.83490e+06 0
17480 6.95333e+06 0
17490 6.44285e+06 0
17500 7.01776e+06 0
17510 7.17784e+06 0
17520 6.661e+06 0
17530 6.66543e+06 0
17540 7.02334e+06 0
17550 6.76301e+06 0
17560 7.17414e+06 0
17570 6.93361e+06 0
17580 7.003e+06 0
17590 6.9594e+06 0
17600 6.99777e+06 0
17610 6.56984e+06 0
17620 6.26922e+06 0
17630 6.66064e+06 0
17640 6.50601e+06 0
17650 6.93358e+06 0
17660 6.89332e+06 0
17670 6.75229e+06 0
17680 6.86168e+06 0
17690 6.65749e+06 0
17700 6.36104e+06 0
17710 6.50711e+06 0
17720 6.64173e+06 0
17730 6.16586e+06 0
17740 6.86831e+06 0
17750 6.59631e+06 0
17760 6.54476e+06 0
17770 6.70845e+06 0
17780 6.86702e+06 0
17790 6.54293e+06 0
17800 6.70756e+06 0
17810 6.17204e+06 0
17820 6.34236e+06 0
17830 6.48318e+06 0
17840 6.63117e+06 0
17850 6.88769e+06 0
17860 6.70337e+06 0
17870 6.79901e+06 0
17880 6.48457e+06 0
17890 6.0898e+06 0
17900 6.77786e+06 0
17910 6.30103e+06 0
17920 6.41456e+06 0
17932 6.27009e+06 0
17940 7.35352e+06 0
17950 6.71308e+06 0
17960 6.57881e+06 0
17970 6.67979e+06 0
17980 7.09862e+06 0
17990 6.84023e+06 0
18000 6.44081e+06 0
18010 5.91706e+06 0
18020 6.64476e+06 0
18030 6.41015e+06 0
18040 6.69838e+06 0
18050 6.69423e+06 0
18060 6.88083e+06 0
18070 6.62761e+06 0
18080 6.53341e+06 0
18090 6.52942e+06 0
18100 6.25337e+06 0
18110 5.95854e+06 0
18120 6.78217e+06 0
18130 6.28496e+06 0
18140 6.15266e+06 0
18150 5.90157e+06 0
18160 6.14652e+06 0
18170 5.87226e+06 0
18180 6.69554e+06 0
18190 6.47372e+06 0
18200 6.19716e+06 0
18210 6.68184e+06 0
18220 6.15053e+06 0
18230 6.95836e+06 0
18240 6.50829e+06 0
18250 6.04159e+06 0
18260 6.25297e+06 0
18270 6.03417e+06 0
18280 6.31733e+06 0
18290 6.64627e+06 0
18300 6.48613e+06 0
18310 6.2466e+06 0
18320 6.41686e+06 0
18330 5.69165e+06 0
18340 6.32152e+06 0
18350 6.18289e+06 0
18360 6.41493e+06 0
18370 6.45037e+06 0
18380 6.77186e+06 0
18390 6.41026e+06 0
18400 6.70928e+06 0
18410 6.61526e+06 0
18420 6.44802e+06 0
18430 6.41273e+06 0
18440 6.74017e+06 0
18450 6.40377e+06 0
18460 6.34425e+06 0
18470 6.4217e+06 0
18480 6.49862e+06 0
18490 6.80405e+06 0
18500 6.49834e+06 0
18510 6.12173e+06 0
18520 6.39995e+06 0
18530 6.09586e+06 0
18540 5.87785e+06 0
18550 6.6855e+06 0
18560 6.21485e+06 0
18570 5.56386e+06 0
18580 6.05162e+06 0
18590 6.59464e+06 0
18600 6.81865e+06 0
18610 7.06074e+06 0
18620 6.6849e+06 0
18630 5.65139e+06 0
18640 6.30909e+06 0
18650 6.22884e+06 0
18660 6.40481e+06 0
18670 6.62233e+06 0
18680 6.36782e+06 0
18690 6.23733e+06 0
18700 6.79713e+06 0
18710 7.08923e+06 0
18720 6.82234e+06 0
18730 6.77035e+06 0
18740 6.66988e+06 0
18750 6.70874e+06 0
18760 6.66877e+06 0
18770 7.00624e+06 0
18780 6.66847e+06 0
18790 6.75756e+06 0
18800 6.82877e+06 0
18810 7.21316e+06 0
18820 7.12153e+06 0
18830 7.07505e+06 0
18840 7.15807e+06 0
18850 6.66676e+06 0
18860 6.40104e+06 0
18870 6.35316e+06 0
18880 6.03798e+06 0
18890 6.07252e+06 0
18900 5.82918e+06 0
18910 6.07428e+06 0
18920 6.32504e+06 0
18930 6.25854e+06 0
18940 6.52341e+06 0
18950 6.31055e+06 0
18960 6.11563e+06 0
18970 7.04545e+06 0
18980 6.89896e+06 0
18990 6.36845e+06 0
19000 6.57493e+06 0
19010 6.51511e+06 0
19020 6.50202e+06 0
19030 6.97473e+06 0
19040 6.76241e+06 0
19050 6.71937e+06 0
19060 6.68561e+06 0
19070 6.26047e+06 0
19080 6.51247e+06 0
19090 6.65578e+06 0
19100 6.87901e+06 0
19110 6.30989e+06 0
19120 6.06556e+06 0
19130 6.27308e+06 0
19140 6.05672e+06 0
19150 6.12167e+06 0
19160 5.96324e+06 0
19170 6.12653e+06 0
19180 6.60185e+06 0
19190 6.41601e+06 0
19200 6.05375e+06 0
19210 5.95542e+06 0
19220 5.52867e+06 0
19230 5.81753e+06 0
19240 5.51812e+06 0
19250 6.3249e+06 0
19260 6.20278e+06 0
19270 6.14721e+06 0
19280 6.27087e+06 0
19290 6.46651e+06 0
19300 6.31075e+06 0
19310 6.17957e+06 0
19320 6.06543e+06 0
19330 6.34959e+06 0
19340 6.91674e+06 0
19350 6.50685e+06 0
19360 6.23255e+06 0
19370 6.07828e+06 0
19380 6.40765e+06 0
19390 6.36033e+06 0
19400 6.16248e+06 0
19410 6.71929e+06 0
19420 6.8141e+06 0
19430 6.65014e+06 0
19440 6.69429e+06 0
19450 6.74981e+06 0
19460 6.58796e+06 0
19470 6.28241e+06 0
19480 6.33729e+06 0
19490 5.98586e+06 0
19500 6.24436e+06 0
19510 6.13355e+06 0
19520 6.59876e+06 0
19530 5.80233e+06 0
19540 5.73037e+06 0
19550 5.80123e+06 0
19560 6.36583e+06 0
19570 6.13871e+06 0
19580 6.89890e+06 0
19590 6.32109e+06 0
19600 5.97415e+06 0
19610 5.99125e+06 0
19620 6.6396e+06 0
19630 6.66682e+06 0
19641 4.87898e+06 0
19650 8.32847e+06 0
19660 7.03218e+06 0
19670 6.87594e+06 0
19680 6.34026e+06 0
19690 6.85756e+06 0
19700 6.49104e+06 0
19710 6.07284e+06 0
19720 5.82991e+06 0
19730 6.32633e+06 0
19740 6.14081e+06 0
19750 5.98488e+06 0
19760 6.07144e+06 0
19770 6.71156e+06 0
19780 6.32454e+06 0
19790 6.10566e+06 0
19800 6.34748e+06 0
19810 6.47215e+06 0
19820 6.06398e+06 0
19830 5.90657e+06 0
19840 6.14259e+06 0
19850 6.49693e+06 0
19860 6.23951e+06 0
19870 6.51105e+06 0
19880 6.94782e+06 0
19890 6.5819e+06 0
19900 6.57573e+06 0
19910 6.64112e+06 0
19920 6.8055e+06 0
19930 6.62178e+06 0
19940 6.46173e+06 0
19950 6.2923e+06 0
19960 6.22909e+06 0
19970 6.13119e+06 0
19980 6.02598e+06 0
19990 5.72074e+06 0
20000 6.11424e+06 0
20010 6.60003e+06 0
20020 6.68476e+06 0
20030 6.41533e+06 0
20040 6.12165e+06 0
20050 6.39434e+06 0
20060 6.74732e+06 0
20070 6.03549e+06 0
20080 5.94052e+06 0
20090 6.88945e+06 0
20100 6.38777e+06 0
20110 6.27813e+06 0
20120 6.36006e+06 0
20130 6.59723e+06 0
20140 6.67234e+06 0
20150 6.78241e+06 0
20160 6.31885e+06 0
20170 6.74815e+06 0
20181 4.92850e+06 0
20190 7.09212e+06 0
20200 5.51011e+06 0
20210 5.83238e+06 0
20220 6.30898e+06 0
20230 5.90075e+06 0
20240 5.92887e+06 0
20250 6.04648e+06 0
20260 6.24962e+06 0
20270 6.4919e+06 0
20280 6.45493e+06 0
20290 6.3183e+06 0
20300 5.93889e+06 0
20310 6.70184e+06 0
20320 5.92343e+06 0
20330 5.56431e+06 0
20340 6.56523e+06 0
20350 6.38202e+06 0
20360 5.94657e+06 0
20370 6.03810e+06 0
20380 6.65295e+06 0
20390 6.20628e+06 0
20400 6.3902e+06 0
20410 6.5913e+06 0
20420 6.56125e+06 0
20430 5.98281e+06 0
20440 6.48111e+06 0
20450 6.45015e+06 0
20460 6.27713e+06 0
20470 6.886e+06 0
20480 5.56636e+06 0
20490 5.7036e+06 0
20500 5.64176e+06 0
20510 6.49729e+06 0
20520 6.3731e+06 0
20530 6.69439e+06 0
20540 6.52627e+06 0
20550 6.38152e+06 0
20560 6.00258e+06 0
20570 6.41941e+06 0
20580 6.8072e+06 0
20590 6.326e+06 0
20600 6.65197e+06 0
20610 6.70658e+06 0
20620 6.46936e+06 0
20630 6.63441e+06 0
20640 5.98242e+06 0
20650 5.71229e+06 0
20660 6.11859e+06 0
20670 5.78081e+06 0
20680 6.03446e+06 0
20690 5.97338e+06 0
20700 6.27102e+06 0
20710 6.21631e+06 0
20720 5.92947e+06 0
20730 5.97707e+06 0
20740 6.09242e+06 0
20750 6.043e+06 0
20760 6.62786e+06 0
20770 6.36539e+06 0
20780 6.34364e+06 0
20790 6.33134e+06 0
20800 6.25098e+06 0
20810 6.3657e+06 0
20820 6.11763e+06 0
20830 6.35926e+06 0
20840 6.4794e+06 0
20850 6.56507e+06 0
20860 6.73052e+06 0
20870 6.55681e+06 0
20880 6.28442e+06 0
20890 6.46565e+06 0
20900 6.32982e+06 0
20910 6.45688e+06 0
20920 6.43989e+06 0
20930 6.16539e+06 0
20940 6.29732e+06 0
20950 6.09242e+06 0
20960 6.55178e+06 0
20970 5.54509e+06 0
20980 6.08610e+06 0
20990 6.40207e+06 0
21000 6.52301e+06 0
21010 6.43733e+06 0
21020 6.37698e+06 0
21030 6.28698e+06 0
21040 6.29382e+06 0
21050 5.65115e+06 0
21060 6.24492e+06 0
21070 5.94828e+06 0
21080 6.30674e+06 0
21090 6.10597e+06 0
21100 6.57809e+06 0
21110 6.60996e+06 0
21123 5.95709e+06 0
21130 6.3686e+06 0
21140 6.41218e+06 0
21150 6.663e+06 0
21160 6.1346e+06 0
21170 6.08283e+06 0
21180 5.73522e+06 0
21190 5.6174e+06 0
21200 5.94888e+06 0
21210 6.7055e+06 0
21220 6.17073e+06 0
21230 6.50618e+06 0
21240 6.53111e+06 0
21250 6.48214e+06 0
21260 6.72914e+06 0
21270 6.09551e+06 0
21280 6.0233e+06 0
21290 6.08525e+06 0
21300 6.51179e+06 0
21310 6.50964e+06 0
21320 6.73567e+06 0
21330 6.78690e+06 0
21340 6.12792e+06 0
21350 6.20041e+06 0
21360 6.77175e+06 0
21370 6.32322e+06 0
21380 6.37025e+06 0
21390 6.33969e+06 0
21400 6.97601e+06 0
21410 6.85885e+06 0
21420 5.6401e+06 0
21430 5.66662e+06 0
21440 6.30406e+06 0
21450 6.17053e+06 0
21460 6.27594e+06 0
21470 6.65356e+06 0
21480 6.61748e+06 0
21490 6.1563e+06 0
21500 6.72833e+06 0
21510 6.69277e+06 0
21520 7.26026e+06 0
21530 6.87284e+06 0
21540 6.86271e+06 0
21550 6.28612e+06 0
21560 6.31794e+06 0
21570 6.25782e+06 0
21580 6.34388e+06 0
21590 6.21e+06 0
