# TimeStamp(s) Sum Stdev
0 6.31326e+06 175388
10 4.20609e+06 160640
20.25 4.237e+06 347552
31.5 1.09840e+06 462769
40 7.14685e+06 425442
51.25 2.02346e+06 797918
60.25 7.2285e+06 423218
70.5 4.37611e+06 304976
80.25 4.27719e+06 224478
92.25 2.04328e+06 687361
100.25 3.72053e+06 994757
110.25 7.22288e+06 865921
122 2.08528e+06 761792
130 4.58964e+06 210997
140 6.18549e+06 772932
151 4.12469e+06 190523
161.75 3.29419e+06 485156
170.5 2.87172e+06 732376
181.5 6.96241e+06 935379
192.75 1.51572e+06 252956
200.5 7.18601e+06 544828
210.5 4.45751e+06 597878
220.5 4.4266e+06 887611
232 2.27512e+06 887869
240.75 4.23494e+06 827643
250.75 5.79291e+06 565248
260.75 627513 329059
270 8.72955e+06 1.27014e+06
280.5 4.3318e+06 647549
290.75 4.40805e+06 191901
301.25 781042 297107
310.25 7.78364e+06 1.01651e+06
322.25 2.92221e+06 416034
330.5 1.57342e+06 580435
340.25 8.40291e+06 1.3376e+06
351.25 4.26792e+06 339033
362.5 3.40856e+06 585129
371 2.64607e+06 894054
381.25 7.15613e+06 960317
391 872747 319312
401 7.80219e+06 694066
411 4.28337e+06 170115
420.75 4.23597e+06 276452
432 823287 605516
440.75 7.14891e+06 620121
450.5 4.65844e+06 1.11951e+06
460.5 2.18342e+06 239986
471 5.56313e+06 1.60707e+06
480.75 5.26946e+06 904873
490.5 4.44308e+06 557396
501.75 1.77332e+06 435685
511.25 5.31583e+06 1.60881e+06
521.75 5.78157e+06 692789
531.25 1.19217e+06 332669
540.25 7.89595e+06 1.26175e+06
550.5 4.35447e+06 684280
563 3.593e+06 460833
570.25 1.94539e+06 612252
581.25 7.43434e+06 1.33974e+06
591.25 3.76611e+06 462216
601 2.85008e+06 842772
610.5 6.56674e+06 504389
621.5 2.5626e+06 861381
630.5 4.44514e+06 1.05853e+06
641 6.11954e+06 869847
651.25 4.34004e+06 260461
661.75 3.38692e+06 372191
670.75 2.44823e+06 835747
681 7.1788e+06 398461
690.75 2.75941e+06 526034
701 3.19527e+06 469248
711.25 6.93974e+06 900969
721 4.30295e+06 607854
732 1.67646e+06 656008
741.75 6.21537e+06 360180
750.5 5.47966e+06 383432
760.5 933541 406136
770.25 7.8434e+06 555819
781.25 4.43587e+06 116234
790.75 4.34107e+06 424648
800.5 651212 391536
812 8.68936e+06 850818
820.5 5.5961e+06 1.43978e+06
830.25 1.78877e+06 592615
840.75 8.70791e+06 1.33802e+06
851.5 4.77384e+06 401796
862 5.27874e+06 1.00423e+06
871 3.7195e+06 1.05482e+06
880.75 7.10485e+06 2.25073e+06
890.75 1.09016e+06 775642
901.5 9.17468e+06 1.74994e+06
910.5 4.99847e+06 1.1216e+06
922 3.23854e+06 931522
930.25 6.82537e+06 1.30934e+06
942 5.2674e+06 412142
950.5 2.34004e+06 1.00005e+06
961.25 6.01856e+06 1.16922e+06
972.5 4.86246e+06 368631
981.25 4.25658e+06 895960
992.25 2.1422e+06 1.02578e+06
1001.5 6.51419e+06 626203
1010.75 4.39362e+06 264702
1022.75 1.9186e+06 801581
1031.25 6.65123e+06 1.35481e+06
1041.25 4.34622e+06 351500
1053 4.1556e+06 587232
1061.5 110251 69662.3
1070.75 8.67803e+06 1.40414e+06
1080.75 4.46532e+06 1.04394e+06
1091.75 3.42196e+06 363672
1100.25 2.71819e+06 924645
1111.5 7.02733e+06 1.88723e+06
1121.75 3.97528e+06 569960
1131.25 325605 270181
1140.5 8.60899e+06 1.02879e+06
1150.75 4.2804e+06 841182
1162.5 4.13808e+06 410955
1171.25 568779 456891
1181 8.36478e+06 711580
1190.5 4.36477e+06 569118
1200.75 738795 456101
1211 7.52192e+06 665892
1221 4.90264e+06 910320
1231.75 3.70944e+06 351386
1242 2.36064e+06 894970
1251.25 4.12572e+06 1.68829e+06
1260.75 5.61671e+06 2.62737e+06
1270 5.95674e+06 689266
1282.75 1.67131e+06 568395
1291.25 6.95005e+06 1.05885e+06
1300.5 4.37817e+06 1.14428e+06
1312 3.64143e+06 623580
1322.75 2.39774e+06 675149
1331.75 7.10976e+06 1.77602e+06
1340.5 4.39053e+06 1.23267e+06
1351.5 1.35394e+06 581048
1361.5 7.49719e+06 1.01959e+06
1371 4.38126e+06 1.21166e+06
1382.5 3.40135e+06 262837
1391 2.6471e+06 1.1866e+06
1401.25 7.00567e+06 1.48063e+06
1411.25 4.42043e+06 616435
1421.75 2.96446e+06 649359
1431.75 3.82484e+06 1.06731e+06
1441.25 6.48121e+06 1.41567e+06
1452 3.34674e+06 597451
1460.5 2.38228e+06 823229
1470.75 7.34314e+06 1.11404e+06
1480.25 4.32356e+06 1.00544e+06
1492 3.08296e+06 628346
1500.5 3.21382e+06 945119
1511.75 6.8604e+06 1.05439e+06
1521.5 2.32664e+06 818162
1530.75 3.4279e+06 1.66287e+06
1540.5 7.48198e+06 1.73455e+06
1552 4.33077e+06 352097
1561.75 2.1319e+06 869060
1572 6.10306e+06 857704
1581 4.93046e+06 766136
1591.5 1.39413e+06 564521
1600.75 7.45185e+06 872516
1612 4.3658e+06 796369
1621.25 4.12548e+06 561755
1631.5 2.39798e+06 1.18443e+06
1641.25 6.278e+06 1.09082e+06
1650.25 4.8367e+06 890700
1661.25 2.05049e+06 625541
1671.25 4.8787e+06 1.31565e+06
1681 6.3269e+06 1.4107e+06
1693.25 3.08914e+06 341597
1700.25 2.72953e+06 682105
1710.75 7.34366e+06 874271
1720 4.41732e+06 363784
1731.75 1.67955e+06 795774
1740.75 6.18755e+06 397367
1752.25 4.99641e+06 671572
1761.25 4.27925e+06 752555
1771.75 2.97373e+06 290604
1780.5 2.55539e+06 1.79803e+06
1792 7.7264e+06 969809
