# TimeStamp(s) Sum Stdev
0.125 2.07213e+06 30215.4
10.5 2.14632e+06 56152.7
20.5 2.08965e+06 70218.2
31 2.18754e+06 182715
40.5 2.14632e+06 256588
51.5 1.5693e+06 299508
61.875 19577 18312.6
70.25 1.78568e+06 474427
81 5.40547e+06 530276
91.375 1.94745e+06 376111
101.5 331787 227103
111.75 2.11644e+06 689413
121 5.51160e+06 667900
130.5 2.33901e+06 189794
140.5 2.82948e+06 318251
152.75 761463 218799
160.875 887171 239576
170.5 4.18651e+06 427534
181.5 3.1252e+06 385489
191.625 77279 64824
201.375 3.30631e+06 392585
210.5 4.61231e+06 453327
220.625 2.41938e+06 196550
230.5 2.1896e+06 193150
242.375 1.91654e+06 187165
252.75 18546 10278.1
261.375 420401 165224
271 4.15148e+06 682151
282.25 4.17827e+06 720227
292 943845 417605
302 514954 297422
312 179531 164638
321.25 4.93664e+06 1.07336e+06
331 4.78724e+06 1.06244e+06
340.75 2.03401e+06 363883
351.125 2.65534e+06 430945
361.875 402883 142243
371 961361 360731
380.875 3.90521e+06 563113
391.375 4.1082e+06 569204
402.375 1.22205e+06 372811
412.5 742918 412933
421.125 1.11489e+06 250299
431.75 4.81584e+06 915049
441 3.4696e+06 883598
450.625 2.40598e+06 319359
461 2.43998e+06 524853
473.5 548170 255135
481.25 7210 963.477
490.75 3.47038e+06 702272
501.125 3.93716e+06 805199
511.625 1.47965e+06 547630
521.5 2.36761e+06 510460
530.875 2.76559e+06 1.13172e+06
541 3.49948e+06 605619
551.25 2.31976e+06 496970
561.25 2.41834e+06 515537
571.5 321482 137148
580.125 479132 141141
590.625 4.52345e+06 901743
601.875 3.48069e+06 765673
612 452345 312656
622.25 1.91448e+06 536095
630.5 5.16642e+06 1.31392e+06
640.875 1.9794e+06 320259
651.625 2.13911e+06 259619
662.5 2.41938e+06 477497
672.875 44306 20655.7
680.875 2.01649e+06 491910
691.25 4.4709e+06 859931
701 1.98764e+06 457213
711 421433 393115
722.125 2.59764e+06 459650
731.25 3.82587e+06 660500
740.5 3.10562e+06 985003
751.375 1.9423e+06 425774
760.625 2.10613e+06 133833
771.25 189592 82868.9
780.625 19575 12864.2
791 3.27461e+06 558567
800.375 4.47914e+06 492292
812.625 1.19732e+06 245087
822.375 752188 278436
832.625 1.09840e+06 544994
841.75 1.30115e+06 400880
851.25 3.34904e+06 802405
861 4.17415e+06 1.0462e+06
871 2.20711e+06 164862
881.125 2.64606e+06 386281
892.625 643999 200420
900.75 800617 212639
911.375 4.34416e+06 786851
922.25 3.70634e+06 840267
932.5 645028 247436
941.875 604842 181981
951.125 918083 365804
960.875 5.9454e+06 706977
970.625 2.07728e+06 366365
981 1.88563e+06 281779
991.5 2.06595e+06 365157
1001.5 34000 11328
1010.62 980937 328773
1021 4.71305e+06 724315
1031.5 2.54096e+06 496830
1041.75 236992 221686
1050.88 2.78414e+06 597472
1061.12 5.44978e+06 903106
1071.12 2.17414e+06 187826
1080.75 2.3421e+06 268690
1092.12 1.0778e+06 194687
1101.62 0 0
1111.62 2.07625e+06 414737
1121.12 4.46448e+06 598176
1131.5 2.23518e+06 251336
1142.38 910872 331145
1152.75 877899 543242
1161.88 3.74089e+06 678518
1170.62 4.28386e+06 719078
1180.5 2.22875e+06 242501
1191.25 2.29367e+06 394966
1202.62 1.9897e+06 406633
1212.88 21638 14784.4
1220.5 1.5219e+06 420461
1230.88 4.24112e+06 739392
1242.38 2.81402e+06 578371
1252.5 740857 494786
1261.5 2.3524e+06 704699
1270.88 492528 256616
1281.38 5.45906e+06 1.24534e+06
1290.5 2.32355e+06 389820
1302.5 1.55178e+06 317486
1312.75 5152 4819.25
1320.12 3.11078e+06 456648
1331.5 4.96549e+06 762149
1341.25 2.20711e+06 415080
1351.5 420402 157162
1360.75 537866 308978
1371.25 5.7723e+06 894932
1380.75 2.93458e+06 834620
1390.62 2.20814e+06 300628
1401.12 2.11953e+06 366427
1412.12 1.66925e+06 407776
1422 43275 20387.2
1430.38 1.85163e+06 434090
1441.38 4.96034e+06 922659
1452.88 2.03916e+06 563368
1462.38 4120 2060
1472 3.4195e+06 823659
1481.12 4.01134e+06 620217
1490.75 2.23906e+06 531654
1501.75 2.25863e+06 321778
1512.88 2.01237e+06 669390
1523 8243 7710.62
1530.62 2.03813e+06 333180
1540.75 5.18069e+06 1.17809e+06
1551.88 2.01158e+06 498152
1561.12 212259 72740.1
1571.75 1.12122e+06 785882
1581.38 5.85885e+06 1.3453e+06
1590.62 2.46972e+06 376337
1600.75 2.18444e+06 466688
1610.62 2.1999e+06 386474
1621.88 1.57445e+06 634112
1632 7212 6746.21
1641.75 2.83051e+06 549382
1651.12 3.7589e+06 862143
1662.62 2.11232e+06 521488
1672.12 140134 131083
1681.88 1.69913e+06 508772
1691.25 5.33747e+06 1.07384e+06
1700.88 2.07934e+06 306231
1710.88 2.253e+06 451448
1722.75 2.15559e+06 505707
1733.38 13395 12529.9
1741.5 1.33334e+06 286169
1751.25 4.11748e+06 695505
1762.5 3.23404e+06 626496
1772.75 231839 134674
1781.5 1.83926e+06 586616
1792 4.32459e+06 946690
1800.38 3.15817e+06 469201
1810.88 2.42659e+06 509758
1821.12 2.31531e+06 464472
1831.38 1.19423e+06 369422
1841.12 1030 963.477
1851.38 3.08398e+06 790863
1862 4.49657e+06 894566
1872 1.5456e+06 434797
1881.88 740854 326200
1892.25 1.54869e+06 604026
1901.25 3.39414e+06 1.0098e+06
1910.5 3.99074e+06 1.35588e+06
1921.88 2.45132e+06 409869
1931.25 2.18238e+06 617392
1941.38 119525 41190.3
1951.12 1.62494e+06 675671
1961.88 4.35240e+06 765282
1972.25 2.90572e+06 596926
1983.38 1.71561e+06 633060
1991.88 1.17466e+06 654890
2002.25 3.7589e+06 1.14795e+06
2011.5 3.44772e+06 1.01509e+06
2021.38 2.75219e+06 638205
2030.88 2.27615e+06 463530
2041.12 1.17568e+06 288677
2051.25 115404 106854
2060.62 2.00516e+06 618279
2071.12 5.22722e+06 1.19881e+06
2080.88 2.81442e+06 593675
2091.62 1.22102e+06 406896
2101.75 8242 5643.37
2110.88 3.48893e+06 848217
2121.5 4.39863e+06 942423
2131.75 2.62133e+06 998640
2141.38 2.22772e+06 417381
2151.62 359606 91721.9
2161.12 605872 400119
2171.12 3.81145e+06 761482
2181.38 3.79496e+06 886100
2190.88 2.26688e+06 531839
2201.38 1.28491e+06 408664
2211.5 19577 13028.3
2221.62 2.73571e+06 603148
2231.38 4.60382e+06 861001
2241.5 3.00258e+06 668526
2252.38 2.01237e+06 520378
2263.12 43275 32182
2271.75 1.57651e+06 625594
2280.5 5.34983e+06 1.12507e+06
2291.25 2.87275e+06 753345
2301.12 2.20457e+06 310095
2311.75 518289 199400
2321.38 571870 321237
2331 2.28955e+06 581611
2341.88 5.24988e+06 673307
2352 2.12056e+06 355868
2362 1.966e+06 299337
2372.62 30910 12256.8
2382.12 2.16281e+06 461702
2390.75 5.59198e+06 1.00956e+06
2400.88 2.43792e+06 405959
2412 1.79186e+06 427597
2422.62 49458 19386.9
2431.38 1.27357e+06 480970
2441.62 5.59198e+06 1.03674e+06
2451.5 2.67904e+06 480875
2462.25 2.29367e+06 270168
2472.75 844925 414712
2481.25 3090 1410.39
2490.75 3.41165e+06 483960
2501.12 4.23906e+06 987539
2511.75 2.5152e+06 682273
2522.12 1.1458e+06 474307
2531.25 7211 3069.18
2541.88 3.52912e+06 676378
2551 4.37198e+06 696273
2561.5 2.46650e+06 799045
2573 2.15044e+06 197925
2582.62 100978 70561.7
2591.25 2.25863e+06 418388
2601.75 5.20558e+06 714174
2611.12 2.38228e+06 492576
2621.88 1.88254e+06 613425
2632.12 26790 16977.9
2640.5 417309 213653
2651 3.44462e+06 551480
2661.25 4.53272e+06 584836
2671.75 2.36682e+06 416018
2681.12 1.5899e+06 250861
2691.75 253477 205382
2702.12 1.26121e+06 294514
2711.12 5.08296e+06 1.00881e+06
2722 2.82329e+06 446333
2731.62 2.29161e+06 483059
2742.62 827409 305534
2752 639876 366620
2761.62 4.57473e+06 927227
2771.88 4.08002e+06 1.52277e+06
2781 2.12262e+06 380534
2791.62 1.04482e+06 280745
2802.12 120555 92298.6
2812.88 3.29522e+06 644555
2821.75 4.39980e+06 585258
2830.38 2.31118e+06 498375
2840.38 2.42968e+06 522007
2852 426583 151323
2861.25 887173 327923
2871.12 4.04226e+06 1.28365e+06
2881.88 4.51624e+06 762865
2893.25 1.81528e+06 356595
2902.88 24729 18258.2
2912.12 2.25348e+06 474740
2920.75 5.21896e+06 877117
2930.62 2.36064e+06 520004
2941.5 2.16693e+06 382642
2952.25 1.24884e+06 348650
2962.62 0 0
2971 2.3658e+06 514602
2980.5 5.00671e+06 1.42322e+06
2992 2.63988e+06 461004
3002.5 1.22457e+06 494625
3011.38 70064 41138.4
3020.75 3.66925e+06 477767
3031.12 4.83361e+06 807914
3041 2.21437e+06 698130
3051.25 2.29367e+06 404934
3062.62 1.39001e+06 354838
3072.88 8243 7710.62
3081.12 2.26585e+06 410851
3091 4.46369e+06 1.27053e+06
3101.88 2.15662e+06 540309
3111.75 669758 256781
3122.12 1.4866e+06 636289
3131.5 2.17541e+06 655242
3141.75 3.70222e+06 890100
3150.38 3.05822e+06 705137
3161.38 2.31634e+06 498592
3172.62 888201 280517
3180.75 527562 243537
3191.88 4.97374e+06 907569
3201.12 3.50027e+06 637404
3212.12 1.31797e+06 301785
3221.88 569810 512228
3230.62 1.50541e+06 282697
3241.12 4.15124e+06 1.04019e+06
3251.62 3.41396e+06 719381
3261 2.2576e+06 368345
3271.88 2.23184e+06 554797
3282 19575 10297.2
3292.38 2.09686e+06 484603
3301.5 2.83644e+06 600593
3310.62 4.34029e+06 1.07941e+06
3322.62 2.01958e+06 768159
3332.62 182378 75105.1
3341 1.17362e+06 392735
3351.62 4.06905e+06 715564
3360.12 3.04689e+06 714734
3371.38 2.79287e+06 1.06466e+06
3381.25 1.26842e+06 401165
3391.5 7212 6746.21
3402 1.44256e+06 267817
3410.62 4.96343e+06 531867
3420.75 3.38692e+06 895215
3433.5 2.50593e+06 407328
3442.12 865533 589782
3451.62 123646 73815.6
3462.25 4.15354e+06 873599
3471.62 3.91655e+06 805127
3481.12 2.55333e+06 548326
3492.75 752189 366607
3502 8242 5643.37
3511 2.55721e+06 813713
3521.25 5.18727e+06 1.37683e+06
3530.25 2.91912e+06 412661
3541.88 2.23596e+06 495974
3552.12 17515 12229.7
3562.5 926327 612530
3570.88 4.71074e+06 1.29355e+06
3580.75 3.65713e+06 985777
3591.25 2.19784e+06 356646
3603 475011 234731
3611.88 2060 1261.49
3621.75 3.15508e+06 541958
3631.12 4.23494e+06 1.03432e+06
3641.5 2.70067e+06 658338
3652.75 1.71458e+06 487428
3662.75 100977 88970.2
3670.38 2.85627e+06 797742
3681.12 5.18497e+06 762165
3691.38 2.51623e+06 410616
3701.88 1.18496e+06 300508
3712.12 4121 3854.84
3721.25 2.30603e+06 412872
3730.62 5.63732e+06 1.09923e+06
3741.25 2.72953e+06 566955
3751.88 2.17826e+06 162821
3762.12 692426 322134
3770.88 896444 412697
3782.12 4.6945e+06 536149
3791 3.12314e+06 771760
3800.62 2.19578e+06 376357
3812 625448 252325
3821 461617 271455
3830.75 4.42144e+06 427284
3840.5 3.99898e+06 726939
3850.75 2.51005e+06 775817
3861.88 350334 187267
3870.75 1.00567e+06 365210
3881.38 3.9534e+06 987964
3891.5 4.32792e+06 832135
3900.88 2.16178e+06 429468
3912.38 800618 221459
3922 665635 203152
3930.75 3.78647e+06 599848
3941.12 4.49072e+06 640177
3951.62 2.26276e+06 351084
3962.88 2.15765e+06 531810
3973.38 299844 178785
3982.5 910871 445871
3991.75 4.5343e+06 1.29355e+06
4001.5 3.74187e+06 937275
4010.62 2.15353e+06 425181
4022.5 1.39413e+06 299991
4032.25 293662 271396
4041.75 869655 455184
4051.75 4.40187e+06 993650
4060.62 4.40186e+06 1.21656e+06
4071.25 1.92478e+06 332387
4081.25 2.13808e+06 472096
4092 1.38691e+06 192598
4102.38 14425 13493.4
4110.5 2.59867e+06 657649
4121.12 4.21021e+06 370746
4132.75 2.49872e+06 604836
4143 706852 256160
4152.75 1.44668e+06 586462
4160.62 4.98713e+06 833703
4171.38 2.86966e+06 617708
4181.38 2.63061e+06 542394
4192.75 1.83102e+06 448411
4202.62 8243 5253.95
4211.25 1.09222e+06 271740
4221.5 4.38386e+06 1.06054e+06
4232.12 3.7295e+06 959932
4241.5 761464 317054
4252 1.42068e+06 568003
4261 1.99691e+06 560089
4271.38 4.84724e+06 1.03014e+06
4280.88 2.0845e+06 303415
4291.38 1.80732e+06 294780
4303.25 975786 211831
4312.5 0 0
4320.75 1.65688e+06 516767
4330.88 3.64016e+06 1.00336e+06
4341.75 3.93843e+06 874073
4352.5 1.8712e+06 566023
4362.12 386397 231999
4371.62 829227 297462
4380.5 3.11205e+06 470686
4390.62 4.44926e+06 791355
4401.75 2.14426e+06 212720
4411.25 2.00103e+06 303983
4422.12 403913 134079
4431 27818 18429
4441.75 4.07317e+06 904017
4450.62 4.29264e+06 851025
4461.38 2.08141e+06 203957
4472 242142 121988
4482 476829 303704
4491 3.22309e+06 632673
4501.12 4.58964e+06 672052
4511 2.37198e+06 259905
4521.38 2.25039e+06 345352
4532.75 713033 220366
4542 17514 11043.2
4550.5 3.7455e+06 611734
4560.62 3.71562e+06 451174
4571.62 1.96909e+06 450386
4581.62 773829 263167
4591.75 864259 598722
4601.75 2.60176e+06 813224
4611.88 4.86167e+06 1.05021e+06
4620.25 2.14014e+06 256169
4631.38 2.06698e+06 241055
4642.5 1.54251e+06 272814
4652.25 192684 163330
4661.25 1.73828e+06 386177
4671.12 5.00362e+06 801996
4682 2.38125e+06 224341
4691.62 1.1932e+06 381492
4702.12 786192 422602
4710.12 856260 386078
4721.38 4.58322e+06 1.05446e+06
4731.25 3.49202e+06 956090
4740.75 2.24421e+06 400397
4751.88 1.9794e+06 435820
4762.88 456465 297672
4771.88 1.64142e+06 428541
4781 3.56312e+06 552031
4791.38 3.11387e+06 462223
4801.75 107160 66250.2
4810.62 4.8233e+06 701416
4821.25 2.46471e+06 389826
4831.12 2.06698e+06 321272
4841.88 614114 266306
4851.12 15454 10141.5
4862.38 4.61619e+06 940520
4872.25 3.88048e+06 1.04729e+06
4881.88 757342 334946
4891.38 1.94848e+06 598638
4901.75 3.6247e+06 1.08889e+06
4911.62 2.91009e+06 883355
4921 1.99176e+06 420072
4932.25 1.0407e+06 272239
4941.62 3090 1410.39
4950.75 3.28697e+06 1.01092e+06
4962 5.00877e+06 1.05394e+06
4971.62 875836 422747
4982.38 1.11901e+06 469076
4992.38 1.58063e+06 743571
5000.75 5.55773e+06 1.29559e+06
5010.38 2.72433e+06 384608
5021.62 2.20917e+06 413677
5032.25 387427 214387
5041.12 46366 38990.3
5050.75 3.73726e+06 666120
5061 4.56673e+06 820124
5071.75 2.41732e+06 459317
5082 767646 390636
5090.75 102007 89933.5
5102.12 4.14324e+06 626664
5111 3.62700e+06 1.19889e+06
5121 2.47192e+06 514892
5131.12 2.25657e+06 639324
5142.25 544050 235166
5151.62 378154 143284
5161.25 3.73417e+06 1.29616e+06
5171.25 4.54860e+06 797397
5181.25 2.30809e+06 547516
5191.88 253475 180138
5200.62 932508 299602
5211.75 4.94282e+06 985780
5221.25 3.5693e+06 891075
5230.38 2.35528e+06 618561
5242.38 1.06749e+06 310829
5251.88 20607 18200
5260.25 2.33385e+06 745606
5271.12 5.56416e+06 1.08082e+06
5281.62 2.49015e+06 488395
5291.88 1.60639e+06 447856
5302.38 9273 5725.14
5310.88 2.04819e+06 548383
5320.62 4.44745e+06 843686
5331.12 3.38721e+06 975692
5340.75 2.24524e+06 547109
5352.75 497680 205759
5360.75 10300 1261.49
5371.5 3.83618e+06 570166
5381.38 4.35859e+06 997762
5391.62 2.15456e+06 504847
5402 1.43431e+06 239346
5412.5 28851 15829.3
5421.75 1.661e+06 547409
5430.88 4.84263e+06 970630
5441.25 3.09247e+06 626525
5451.62 2.31221e+06 341820
5462.25 1.92994e+06 451556
5472.5 138072 126967
5480.25 1.79289e+06 523017
5490.62 4.81918e+06 1.16586e+06
5500.75 3.01082e+06 466223
5513.12 2.10098e+06 515293
5522.62 86552 51540
5531 1.24884e+06 386926
5541 3.80708e+06 930219
5550.12 4.1713e+06 650234
5560.88 2.05977e+06 364719
5572.25 1.66616e+06 397337
5582.38 0 0
5591.88 1.98146e+06 293459
5602 5.00338e+06 1.25651e+06
5610.5 2.65764e+06 757669
5621.38 2.05564e+06 478272
5632.12 215352 127532
5640.88 292631 137689
5650.62 3.76302e+06 442597
5661.25 4.40496e+06 586995
5671.12 2.37095e+06 433787
5682.12 1.73931e+06 293897
5692.12 10303 7676.05
5701.12 1.68058e+06 361327
5711.38 5.01598e+06 678146
5721.38 2.65946e+06 525953
5733 2.22875e+06 335553
5742.88 4121 3854.84
5750.88 1.28078e+06 415792
5760.88 4.25967e+06 845600
5771.25 3.55591e+06 397585
5781.75 2.11232e+06 437981
5792 1.29727e+06 290288
5802 4121 3854.84
5811.12 3.71562e+06 704697
5821 4.53273e+06 794673
5831.12 2.38434e+06 235269
5842.25 1.77022e+06 272302
5852.75 240082 214834
5862.5 1.62082e+06 441790
5871.5 4.47993e+06 806242
5881 3.09144e+06 551900
5891.75 2.37816e+06 215656
5901.75 56670 19245.7
5911.25 2.63679e+06 298419
5920.88 4.71408e+06 761857
5931.25 2.68213e+06 441845
5941.88 2.00412e+06 400870
5952.62 21636 9208.45
5960.75 1.59815e+06 278351
5971.75 5.13321e+06 808907
5981.5 2.86681e+06 410631
5990.88 2.45647e+06 217529
6001.62 304995 134758
6011 1.00852e+06 263015
6021 3.27897e+06 620274
6031 4.45545e+06 654596
6040.88 2.22257e+06 190749
6051.25 1.43844e+06 295597
6062.5 145284 105543
6070.62 2.33567e+06 294358
6081.25 3.99304e+06 823803
6090.75 3.20248e+06 268228
6101.12 2.29985e+06 316163
6111.5 123645 33610.2
6121.25 917053 238015
6131.75 4.43175e+06 797146
6140.5 3.48893e+06 544457
6151.62 2.44926e+06 441580
6161.88 298813 155769
6171 830499 344920
6181.12 3.66616e+06 822205
6191.38 4.71408e+06 756396
6202.62 2.03195e+06 431340
6211.75 1.1355e+06 255455
6221.38 1030 963.477
6231.5 1.94848e+06 271306
6241.12 4.7079e+06 678801
6250.75 2.76147e+06 411113
6261.75 2.39156e+06 292504
6271.38 126737 82482.3
6281.38 1.2509e+06 266245
6291.62 4.00389e+06 625040
6301 3.84054e+06 645206
6311.75 2.30294e+06 333786
6323.12 1.92478e+06 214868
6333.5 4121 3854.84
6341.62 2.59042e+06 643053
6350.62 5.02089e+06 919705
6361.25 2.64639e+06 440814
6372.38 1.29418e+06 247935
6382 129828 110505
6391.25 2.8202e+06 485438
6401.25 5.32098e+06 1.1173e+06
6411.38 2.19952e+06 384835
6421.5 2.17517e+06 364821
6431.25 1.46317e+06 359410
6441.38 34003 16385.4
6451.62 2.8913e+06 428529
6460.88 4.73056e+06 731808
6473.62 2.12262e+06 410081
6482.88 402885 229945
6491.62 1.13653e+06 452197
6501.5 4.97452e+06 853947
6510.75 3.43456e+06 753279
6520.62 2.63061e+06 403426
6531.75 1.98764e+06 529290
6541.75 23697 13857.9
6550.5 3.04689e+06 739965
6560.88 4.86142e+06 903296
6572.38 1.24781e+06 385576
6582.12 196804 100994
6591.88 1.76404e+06 843241
6600.25 4.55952e+06 861175
6610.88 3.50851e+06 491977
6621.12 2.64606e+06 418362
6631.25 1.16023e+06 190731
6641.5 3091 2891.37
6650.88 2.49357e+06 646436
6660.62 5.26225e+06 669243
6671 2.75606e+06 783843
6682.25 706852 319490
6691.62 299843 164998
6701.12 3.28388e+06 753923
6710.62 3.95261e+06 722213
6721.38 2.67286e+06 852779
6731.88 2.31531e+06 288174
6742.75 1.37249e+06 323421
6752.62 18546 16275
6761.38 2.76662e+06 394049
6771 4.01959e+06 1.04752e+06
6781.88 1.89078e+06 578927
6791.5 335909 263294
6801.88 3.0304e+06 995823
6810.5 4.52242e+06 740372
6821 2.33386e+06 341404
6831.38 2.60382e+06 659887
6842.5 675939 275489
6851.62 4120 1456.64
6861.75 3.3488e+06 760286
6871.75 4.43175e+06 485271
6881 1.27357e+06 315029
6891.38 844926 359300
6902 1.46935e+06 689122
6912.12 4.77116e+06 942038
6921.25 2.81093e+06 552218
6931.38 2.11953e+06 430918
6941.38 2.22772e+06 408129
6951.88 702729 217962
6961.5 7210 1746.45
6971.12 3.89903e+06 584981
6981.88 4.17827e+06 792465
6993.25 743945 236380
7001.75 667697 377987
7011.5 3.43305e+06 739885
7020.75 4.42885e+06 1.12259e+06
7031.88 2.24421e+06 261672
7041.75 1.89284e+06 225155
7053.5 876868 316036
7062 4120 2060
7070.75 3.8846e+06 639469
7081.12 3.88048e+06 636729
7092.25 1.8712e+06 301022
7102.5 449252 262980
7111.5 2.08656e+06 621842
7120.5 4.4923e+06 906593
7130.88 2.10123e+06 217960
7140.75 2.15044e+06 291348
7152 927357 197713
7161.12 34000 15451.1
7170.25 3.44153e+06 804604
7180.62 4.76869e+06 707263
7191.5 2.07831e+06 215531
7202.62 562597 253020
7211.62 175165 85327.1
7220.75 3.66101e+06 1.11763e+06
7230.75 4.40599e+06 735417
7241.12 2.9861e+06 301578
7252.12 2.41526e+06 639463
7263.5 323544 133290
7271.5 359607 208150
7282 3.29213e+06 872334
7291.62 5.14994e+06 922364
7300.25 2.2473e+06 740899
7311.5 1.17465e+06 219061
7321.12 104068 61650.3
7331.75 2.89645e+06 826914
7341.12 4.53891e+06 807233
7350.88 2.54091e+06 560856
7360.88 2.51211e+06 462662
7370.88 430705 189677
7380.38 183410 144878
7391 4.33592e+06 960475
7400.25 4.12366e+06 761265
7412.25 2.29985e+06 414618
7423 642967 366625
7431 446160 146993
7441.88 3.93382e+06 932038
7451.38 4.41447e+06 1.34728e+06
7461.38 2.05114e+06 679378
7471.5 2.16074e+06 400115
7481.5 578052 465716
7492.5 880989 309416
7501.5 2.61515e+06 491711
7511.12 4.38847e+06 971205
7521.88 1.76095e+06 450248
7531.75 3.75386e+06 906232
7541.38 38123 13818.9
7551.62 1.68779e+06 486501
7561 4.99847e+06 1.02032e+06
7572.25 2.46471e+06 341854
7581.12 2.16281e+06 535011
7592.75 989181 263262
7601.5 15454 11233.8
7610.75 3.55385e+06 639314
7622.38 4.36786e+06 778499
7632.38 1.51881e+06 527355
7641.25 343908 149919
7651.62 1.47627e+06 618357
7660.75 5.38178e+06 803588
7672 2.05977e+06 323845
7681 2.14426e+06 453483
7692.5 2.31015e+06 504736
7702 51518 23665.2
7711.12 1.31376e+06 411531
7721.75 3.83721e+06 489026
7732.38 3.75272e+06 658576
7742.62 469861 383361
7751.75 1.29624e+06 485016
7761.38 2.17184e+06 1.04723e+06
7771 5.25013e+06 699251
7781.25 2.31118e+06 431200
7791.12 2.85832e+06 459706
7802.38 331786 141782
7810.38 812983 368676
7821.12 4.48121e+06 920595
7830.88 3.28903e+06 543033
7841.5 1.04585e+06 368942
7850.88 2.4472e+06 1.0754e+06
7860.88 4.31325e+06 904426
7870.75 2.48017e+06 283790
7882.25 2.21124e+06 295948
7892.25 51518 16725.7
7901 2.17723e+06 408276
7910.88 4.79032e+06 750221
7921.25 2.51211e+06 502412
7932.12 772797 264516
7941.62 1.05925e+06 526416
7951.38 4.04535e+06 933598
7961.62 3.82381e+06 636625
7971 2.30088e+06 373885
7981.5 2.23803e+06 246553
7991.38 850078 381655
8000.88 153527 132749
8011.25 3.82587e+06 633547
8020.88 4.7285e+06 1.25313e+06
8030.75 2.26688e+06 518272
8042.38 208138 117164
8050.75 351364 163596
8061.75 3.95982e+06 759459
8070.75 4.29883e+06 1.21137e+06
8081.75 2.02763e+06 640897
8092.5 2.03298e+06 357503
8103 17515 10245.6
8111.88 739825 243753
8121.12 4.25452e+06 968018
8131.38 3.96601e+06 806614
8141.12 2.07934e+06 265090
8151.12 112310 41162.5
8160.75 322513 185789
8170.5 4.61182e+06 946871
8180.88 4.36811e+06 810018
8191 2.35034e+06 411945
8202.62 713033 275931
8212.25 4121 2914.16
8222.62 3.16951e+06 722991
8230.88 4.80578e+06 928116
8241.88 2.79959e+06 492785
8252.12 1.31994e+06 489921
8261.88 21638 14784.4
8270.88 1.52087e+06 462310
8280.88 5.12884e+06 998365
8292.38 2.61976e+06 542685
8300.5 2.19269e+06 360004
8312.5 1.06028e+06 250719
8322 7212 5725.07
8331.25 2.74601e+06 750837
8341.38 4.82433e+06 706771
8351.12 2.54199e+06 631777
8361.88 1.19629e+06 354519
8372.25 5152 4819.25
8381.12 1.75992e+06 347100
8391.38 4.08426e+06 448258
8400.62 3.40056e+06 404700
8411.62 2.14529e+06 335726
8422.25 1.24266e+06 528384
8432.25 1030 963.477
8441.75 2.61309e+06 373435
8450.88 4.6234e+06 753545
8461.88 3.2303e+06 587521
8472 1.56826e+06 247115
8482.25 15456 14457.8
8491.75 2.1288e+06 362825
8501 4.75323e+06 314479
8511 2.81711e+06 1.00801e+06
8521.62 2.15044e+06 251774
8531.88 1.16126e+06 166545
8542.38 20608 12619.8
8551.12 2.66152e+06 280687
8561.38 4.80039e+06 766946
8571.38 2.602e+06 361925
8581.25 1.12313e+06 253954
8591.38 74187 33893.4
8601.75 3.13035e+06 300746
8611.25 4.30501e+06 879598
8620.88 2.51108e+06 612945
8630.75 2.31222e+06 409501
8642.5 894385 242400
8650.88 159710 79105
8661 4.09275e+06 615367
8672.12 4.39671e+06 403061
8681.88 978878 260590
8692 945906 532793
8701.12 1.88769e+06 769487
8710.12 5.54561e+06 655169
8720.88 2.09995e+06 298716
8731.5 2.45441e+06 282073
8742.38 1.96909e+06 349260
8752.12 17515 8551.13
8760.62 1.45183e+06 328664
8771.62 4.57885e+06 998639
8781.5 2.54121e+06 561580
8792.25 200927 161229
8801.38 2.12984e+06 773619
8810.88 4.9387e+06 879146
8820.75 2.3864e+06 409506
8832.12 1.99382e+06 283341
8842.62 1.8372e+06 470830
8853 36063 17842.7
8861.12 2.23596e+06 420332
8870.5 4.48636e+06 655993
8882.88 2.68905e+06 658941
8891.38 1.30139e+06 406579
8901.88 459556 326172
8911.38 1.60021e+06 472009
8920.38 5.54767e+06 764690
8931 3.00323e+06 536946
8941.25 2.34725e+06 447954
8951.88 1.7558e+06 282852
8962.38 24729 18258.2
8970.62 1.31891e+06 380621
8981.25 4.61722e+06 926546
8991 3.08057e+06 683077
9002.25 1.28284e+06 357977
9012 13394 7972.81
9021.75 2.68419e+06 541145
9031.5 5.36941e+06 1.01068e+06
9041.5 2.34917e+06 530887
9050.62 2.43071e+06 392209
9062 1.94436e+06 453693
9071.5 2.02679e+06 423201
9081.5 185469 123794
9091.5 114372 100383
9101.75 3.20763e+06 885312
9112.38 4.95622e+06 1.15905e+06
9122 1.66409e+06 552735
9131.25 666666 307683
9140.62 434827 343955
9151 4.03298e+06 1.29894e+06
9161 4.34828e+06 945280
9171 2.36579e+06 553334
9180.88 2.0608e+06 417771
9191 2.27203e+06 656411
9201.5 69035 48262.4
9210.5 1.95158e+06 565070
9221.38 4.89106e+06 1.14509e+06
9232.12 2.38665e+06 640874
9241.25 801649 341331
9251.38 2.1368e+06 1.10507e+06
9262 3.45929e+06 809478
9270.62 3.14375e+06 605588
9281.88 2.45235e+06 514984
9292.12 2.24009e+06 378359
9301.12 104068 42781.3
9312.12 1.01288e+06 515419
9321.38 3.16023e+06 944940
9331.62 4.51845e+06 1.16338e+06
9342.12 2.13808e+06 420666
9352.38 29880 11467.9
9360.62 1.63421e+06 679773
9371 4.82409e+06 1.01018e+06
9381.5 3.25901e+06 1.0147e+06
9391 2.16487e+06 454664
9402.12 1.71664e+06 295521
9412.75 29880 15553.8
9422.62 1.73725e+06 634097
9432 4.07935e+06 1.31425e+06
9441.38 3.31067e+06 691918
9451.38 2.01237e+06 371134
9461.38 40184 24876.1
9470.88 908810 360948
9481 4.08244e+06 1.35429e+06
9490.75 3.95879e+06 1.15758e+06
9501.12 2.23081e+06 443637
9513 2.07522e+06 450663
9522.62 20607 13900.2
9530.5 2.72128e+06 646453
9542 4.36659e+06 939724
9552.62 1.51905e+06 485280
9561.75 860138 469223
9572 1.96624e+06 589039
9580.38 5.16539e+06 1.15076e+06
9591 2.56878e+06 505959
9600.38 2.32664e+06 451454
9611.62 1.54869e+06 265841
9622.12 31941 23151.8
9631.25 1.51366e+06 454687
9641.62 3.71538e+06 1.35927e+06
9652.25 3.60561e+06 1.03404e+06
9662.88 642968 252092
9671.5 1.96105e+06 700879
9680.5 4.81997e+06 822009
9690.25 2.63703e+06 568970
9701 2.32664e+06 535376
9712.88 1.85884e+06 367222
9723.25 8243 7710.62
9732.25 1.322e+06 558695
9741.88 5.46348e+06 575741
9752.12 3.01156e+06 661472
9761.88 1.08501e+06 305054
9771 306027 237629
9780.62 2.95312e+06 571302
9790.5 4.74293e+06 635074
9801.62 2.7728e+06 485685
9811.12 2.07007e+06 313088
9822.12 1.62185e+06 305888
9832.62 1030 963.477
9841.25 2.3658e+06 527105
9851.25 4.28288e+06 569001
9861.5 2.0788e+06 368035
9871.88 341848 158612
9882.5 2.37428e+06 640125
9891.12 4.75117e+06 733694
9900.88 2.18032e+06 126844
9911.5 2.16796e+06 373506
9922.5 1.88872e+06 398770
9933.12 26789 13255
9940.62 830500 401274
9951.88 4.34004e+06 427438
9962.25 3.23339e+06 495668
9971.38 411128 300927
9981.88 2.58994e+06 583054
9990.62 2.26094e+06 993579
10001.1 3.48093e+06 430264
10010.6 1.89696e+06 366674
10021.2 2.24627e+06 184301
10031.2 1.18805e+06 379289
10041.4 1030 963.477
10051.1 2.90984e+06 431047
10061.1 3.99073e+06 689190
10071.6 1.6744e+06 254312
10081 465740 434560
10091.4 3.81042e+06 661306
10101 3.81145e+06 870907
10111.2 2.58733e+06 433083
10122.8 2.19887e+06 497618
10133.1 15455 13389.7
10141 1.07058e+06 252380
10151.1 4.13808e+06 503930
10160.4 3.25606e+06 956404
10171.1 1.62906e+06 205275
10182.5 763280 220961
10191.8 428888 291299
10201.4 4.57394e+06 478526
10210.6 3.86606e+06 932148
10222 2.16074e+06 304948
10231.5 2.08346e+06 325752
10242.4 557445 190487
10251 6180 1261.49
10261.5 5.28801e+06 756572
10272 3.67440e+06 493691
10282.5 572902 251544
10292.2 1.58888e+06 594425
10301.4 5.21897e+06 1.08072e+06
10310.9 2.70583e+06 319673
10321.1 2.25657e+06 311961
10332.2 1.65894e+06 314742
10342.2 43276 30971.3
10350.8 1.77125e+06 510019
10361.4 4.12366e+06 494617
10371.2 2.72540e+06 496264
10382.2 648119 367833
10392.4 974755 378814
10400.9 3.83696e+06 1.21915e+06
10411 4.53812e+06 688877
10421 2.31736e+06 353619
10430.8 2.08656e+06 336230
10442.2 384336 267074
10450.8 6180 1261.49
10461.1 3.50954e+06 694025
10470.8 4.3555e+06 1.00049e+06
10482.2 924265 184999
10493.5 2.40907e+06 433748
10500.6 436886 102813
10510.9 5.65689e+06 466448
10521.5 2.40804e+06 368112
10531.2 2.05564e+06 552077
10541.1 1.18393e+06 255563
10552.1 7212 6746.21
10561 1.94848e+06 498123
10570.2 3.21897e+06 1.02119e+06
10583 4.05359e+06 766554
10593.2 1.13447e+06 446692
10602.5 351122 184818
10611.2 2.44023e+06 493486
10620.9 4.211e+06 894480
10632.2 3.19757e+06 339688
10641.1 2.19681e+06 321402
10651.2 2.15766e+06 702324
10662.8 1.017e+06 275878
10671.2 13392 6340.64
10680.8 3.97734e+06 1.03776e+06
10691.1 4.27719e+06 620538
10700.5 1.42916e+06 171863
10712.1 866563 259629
10720.6 3090 1410.39
10731.1 3.99109e+06 1.70777e+06
10740.8 5.04792e+06 926974
10751.5 1.92994e+06 432428
10761.9 2.4678e+06 465654
10772.9 314270 182700
10782.6 2060 1926.95
10791.1 1.04482e+06 291662
10801.4 5.40032e+06 1.44898e+06
10810.9 3.16642e+06 482851
10820.9 2.16483e+06 805975
10832.9 732612 225163
10841.5 306025 128972
10851 3.24267e+06 733020
10860.6 3.58476e+06 318454
10871.5 2.74411e+06 1.13551e+06
10880.4 2.03298e+06 275870
10892 274083 94704.2
10900.8 196803 125340
10911.8 3.65767e+06 806303
10921 4.7656e+06 1.04676e+06
10930.8 2.58964e+06 337651
10941.8 2.15147e+06 554512
10952.1 50487 24918.9
10961.2 1.46626e+06 493600
10970.8 4.68498e+06 1.0281e+06
10981.6 3.4088e+06 818532
10992.4 2.04946e+06 287199
11001.9 37092 15283
11011.2 1.00258e+06 304764
11020.8 3.54148e+06 836829
11030.9 4.28234e+06 570034
11041.2 2.18341e+06 276230
11051.4 1.20041e+06 209908
11061.6 7212 6746.21
11071.2 2.44823e+06 549192
11081.2 4.56055e+06 940951
11091 2.76971e+06 574321
11102.4 2.14323e+06 200014
11112.2 43275 19152.5
11121 1.00155e+06 357761
11130.8 3.63731e+06 903779
11140.8 4.30192e+06 381514
11151.5 2.31222e+06 384214
11162.9 475012 190174
11171.1 318392 167749
11181.4 3.55178e+06 470976
11190.8 4.41629e+06 542908
11201.2 2.11541e+06 393580
11212.2 1.56724e+06 364402
11222.4 0 0
11230.6 1.84956e+06 474158
11242.1 3.95752e+06 663510
11251 3.13369e+06 685384
11261 1.80629e+06 358557
11272.6 1.12416e+06 195020
11281 27819 22758.9
11291.4 3.88151e+06 661296
11300.9 3.9534e+06 709191
11310.9 2.39798e+06 510011
11322.1 1.47862e+06 302257
11332.5 14425 13493.4
11341.6 1.52602e+06 409463
11350.9 3.3805e+06 681300
11361.2 4.0425e+06 703179
11370.4 2.21226e+06 451818
11382.4 1.72592e+06 414100
11392.5 13394 6506.08
11401.9 2.20196e+06 386539
11411.2 4.37301e+06 688006
11420.6 2.56569e+06 407978
11433.4 1.30654e+06 317115
11442.9 432767 380925
11451.5 1.67337e+06 484938
11461.8 5.42196e+06 673054
11471 2.59145e+06 502417
11481.6 2.25966e+06 354163
11490.9 2.14426e+06 449459
11502 546110 127709
11511.4 238021 205272
11522 3.1592e+06 853133
11530.9 5.02732e+06 1.23669e+06
11542.4 2.63267e+06 443577
11552.6 151979 72314.9
11560.8 535806 219462
11571.6 4.49975e+06 993786
11580.8 4.06699e+06 1.19498e+06
11590.4 2.39568e+06 410500
11601.5 1.57342e+06 270536
11611.8 4120 2060
11621 3.13344e+06 692906
11631.1 4.4946e+06 878350
11641.8 2.42453e+06 753929
11651.9 1.15611e+06 300502
11662.1 4121 3854.84
11671.2 1.46522e+06 309887
11681.8 5.00441e+06 858220
11690.5 2.65661e+06 759359
11700.9 2.38949e+06 535369
11712.1 2.09686e+06 507837
11722.2 72126 38985.4
11731 2.63988e+06 1.15483e+06
11740.6 5.31995e+06 1.01767e+06
11750.5 2.31943e+06 348239
11762 945903 234586
11771.2 160740 101419
11781.6 4.02268e+06 943666
11791 4.15972e+06 556946
11801.2 2.09995e+06 331327
11810.9 2.24112e+06 613199
11822.4 802679 201611
11831.9 13394 7420.93
11841.6 2.59042e+06 586294
11852 5.64762e+06 757732
11861 2.19372e+06 679182
11872.4 684182 160266
11882.9 11334 10602
11891.8 1.90521e+06 516434
11901.9 2.76147e+06 889119
11910.8 4.49151e+06 750221
11920.6 2.18135e+06 254827
11932.4 1.79186e+06 348424
11942 20608 12619.8
11950.8 1.15508e+06 402538
11960.6 4.15663e+06 861751
11970.5 4.05462e+06 837684
11981 1.89078e+06 280318
11990.8 267900 135419
12000.4 2.8542e+06 368186
12011.1 4.52654e+06 938114
12021 2.33385e+06 691310
12030.4 2.12674e+06 316562
12042 1.52396e+06 216568
12052.5 6182 4777.75
12060.6 2.90573e+06 738125
12070.8 4.12057e+06 913441
12083.5 1.59403e+06 317119
12091.6 798315 424316
12100.8 2.35264e+06 739489
12110.6 5.37353e+06 1.13408e+06
12120.8 2.22978e+06 516077
12131.8 2.29779e+06 541135
12142 1.34673e+06 305082
12152.1 0 0
12161.5 3.0098e+06 648565
12170.8 4.09584e+06 1.25415e+06
12182.6 1.58788e+06 212129
12191.9 432765 263444
12201.4 3.00670e+06 702950
12211.8 4.45854e+06 850401
12220.8 2.17723e+06 371869
12230.8 2.19372e+06 364911
12242.1 1.21484e+06 285285
12251.8 0 0
12260.8 3.0201e+06 680912
12271.2 4.50490e+06 793703
12282 1.37352e+06 380177
12291.1 507740 179274
12301.5 2.0157e+06 760154
12311 5.73108e+06 663695
12320.5 2.20711e+06 211027
12331.2 2.40701e+06 344298
12340.9 1.25914e+06 242749
12350.9 8242 6677.01
12361.5 1.87842e+06 587669
12370.9 6.42763e+06 975354
12381.8 1.68676e+06 433236
12392.2 951055 315925
12400.5 636784 449778
12411.6 4.75814e+06 885305
12421 3.58397e+06 703552
12430.8 2.34003e+06 221785
12441.5 2.55024e+06 536819
12452.6 866563 401165
12461.8 13393 8234.72
12471.8 3.72386e+06 882741
12480.8 4.38641e+06 1.10133e+06
12491.9 1.09119e+06 350587
12502.2 725942 300011
12511.5 503319 246865
12521.5 3.16848e+06 1.49692e+06
12531.1 6.14218e+06 1.19441e+06
12540.6 2.04921e+06 526229
12552.5 2.10304e+06 588389
12561.2 1.96909e+06 714700
12571.9 1.56105e+06 691721
12581 5150 1410.39
12591 3.90418e+06 1.17234e+06
12601 4.71728e+06 1.58291e+06
12611.1 2.27924e+06 700978
12621.8 166924 137633
12631.6 841835 367219
12642.2 3.82278e+06 608508
12650.6 3.71665e+06 1.12819e+06
12661.1 2.305e+06 610720
12671.1 2.07522e+06 655401
12682.8 513136 171948
12691.6 99948 65191.5
12700.8 3.92273e+06 850715
12711.1 4.28337e+06 858670
12722.5 1.93406e+06 975615
12732.6 978878 420832
12742.6 2.09789e+06 864588
12751.1 4.56261e+06 1.3099e+06
12760.8 2.37301e+06 655475
12770.9 2.15971e+06 400395
12782.1 490468 150459
12791.1 9273 7632.78
12800.4 2.28646e+06 768698
12811.2 5.36014e+06 1.69368e+06
12822.8 2.40804e+06 745939
12831.8 1.63764e+06 958409
12841.9 55639 36538.8
12851.5 2.78208e+06 1.07721e+06
12860.8 4.5317e+06 1.29839e+06
12871.6 2.1343e+06 581525
12880.2 2.28027e+06 418865
12891.1 172074 43410
12900.6 404943 212674
12911.5 4.37301e+06 1.2729e+06
12920.9 3.61141e+06 609887
12931.1 2.15662e+06 392927
12941.8 1.45389e+06 311525
12952.1 25758 12229.8
12960.8 1.9423e+06 507120
12971.5 5.25607e+06 1.35794e+06
12980.8 2.41628e+06 790627
12991.9 2.02267e+06 740431
13002.2 63882 24589
13011.1 955178 617128
13021.4 3.52578e+06 1.06861e+06
13031 4.21664e+06 856982
13041.4 2.305e+06 568144
13052 1.39619e+06 442458
13061.5 12364 10507.7
13071.2 2.61206e+06 730227
13080.5 4.45648e+06 1.1597e+06
13090.9 3.23751e+06 727836
13102.4 1.12313e+06 289422
13110.9 8241 2523.79
13121.5 3.97116e+06 1.05408e+06
13130.6 4.50182e+06 1.20174e+06
13141 2.18754e+06 503289
13151.8 1.94436e+06 468578
13161.4 1.21999e+06 340194
13171.4 9273 8674.1
13180.6 1.94642e+06 588008
13191.8 4.27282e+06 960664
13202.6 2.78335e+06 590972
13211.2 1.58784e+06 510141
13223 1.14271e+06 343443
13233.2 490470 458793
13240.6 1.69500e+06 699622
13251.4 4.57988e+06 654324
13261.2 2.54945e+06 553563
13271.8 2.62236e+06 464363
13281.8 1.24266e+06 818652
13290.6 0 0
13300.5 2.75632e+06 609897
13311.2 4.203e+06 1.47123e+06
13321.1 2.44823e+06 669801
13332.9 1.70428e+06 789669
13343.5 35033 27676.8
13350.4 1.75271e+06 239532
13361.2 4.42144e+06 1.43556e+06
13371 3.13653e+06 625464
13381.8 2.20505e+06 666413
13392.8 1.75786e+06 484982
13402.9 24728 16160.5
13412.1 581930 166342
13421.4 3.08629e+06 627286
13431.2 5.0912e+06 923044
13441.4 2.07007e+06 399329
13452.2 1.73107e+06 436039
13462.5 23699 22168.4
13470.8 1.75374e+06 415412
13480.6 5.02398e+06 818932
13490.6 2.42889e+06 516799
13502.2 2.13498e+06 621640
13512.9 535807 303676
13521.5 875837 256305
13531.4 3.37456e+06 784626
13541.4 4.12263e+06 1.23603e+06
13551.2 2.19681e+06 439968
13562.1 2.05874e+06 354565
13571.8 1.32406e+06 550386
13581.2 16485 10199.6
13590.8 2.85317e+06 841208
13601 4.11208e+06 1.14893e+06
13612.2 2.56903e+06 437268
13622.2 1.21381e+06 432423
13632.1 322514 183049
13641.5 734671 256606
13651.6 4.34701e+06 1.37117e+06
13661.4 4.51854e+06 1.05272e+06
13671 2.12468e+06 349212
13681.5 2.31943e+06 364213
13692.2 1.44256e+06 463728
13702.6 15456 14457.8
13711.6 2.21227e+06 551891
13721.9 4.15972e+06 514519
13732.4 2.7254e+06 726715
13741.6 163832 137267
13751.2 1.05179e+06 424752
13761.1 3.92916e+06 1.08433e+06
13770.6 3.90909e+06 829898
13781.2 2.34852e+06 511618
13790.5 2.1999e+06 582964
13801.2 2.1082e+06 417534
13811.9 58731 25466.7
13820.5 1.36631e+06 435969
13831 5.74963e+06 1.05011e+06
13841.2 2.00206e+06 391290
13851.8 447192 255163
13861.2 547142 287992
13871.1 3.66670e+06 1.22563e+06
13880.6 4.89900e+06 827343
13891.2 2.44617e+06 440510
13901.5 2.28336e+06 508289
13911.6 764554 244514
13921.2 3090 1410.39
13931.4 3.43535e+06 606444
13941.2 4.02268e+06 650335
13951.5 1.73519e+06 526810
13962.4 302937 152330
13972.2 1.46317e+06 635011
13981.6 5.90625e+06 1.32172e+06
13990.8 2.3998e+06 403631
14001.4 2.30397e+06 311232
14013.2 2.11541e+06 294961
14023.2 27820 17051.8
14030.6 930449 356639
14040.8 4.04741e+06 291303
14051.6 3.28491e+06 695180
14061.6 616178 306709
14072.4 1.82665e+06 363756
14081.5 2.25166e+06 731619
14091.2 4.40496e+06 989442
14101.8 2.22875e+06 401554
14112.2 2.21536e+06 232477
14122.1 52548 14783.8
14130.8 1.53014e+06 423648
14141 4.98277e+06 487938
14151.8 2.66588e+06 290548
14162.2 1.23648e+06 360928
14171.6 1.06955e+06 470776
14180.9 1.8609e+06 434061
14191.2 4.7759e+06 470045
14202.1 2.47914e+06 525827
14211.1 2.04225e+06 394684
14222.8 1.77126e+06 338130
14232.6 26789 15609.3
14241.5 2.24833e+06 515362
14251.8 4.24706e+06 760009
14261.1 2.67413e+06 558892
14271.5 2.32355e+06 492750
14282.4 840804 353437
14292.2 75218 68168.9
14301.2 3.43202e+06 770855
14310.4 4.4866e+06 871468
14320.9 2.37198e+06 540179
14332.6 1.66615e+06 466017
14342.9 0 0
14351.6 2.03813e+06 540564
14361.5 4.25658e+06 985253
14371.6 2.97167e+06 561590
14381.4 2.12777e+06 459681
14391.8 146315 101312
14400.9 421431 185754
14412.8 3.65586e+06 789339
14421 4.5183e+06 1.17092e+06
14430.9 2.40804e+06 446632
14440.8 1.22514e+06 260913
14451.2 3091 2891.37
14462 3.09944e+06 473756
14471.2 4.12366e+06 768704
14480.9 2.27203e+06 348933
14490.9 2.63164e+06 428955
14501.4 152495 97849.8
14510.9 2.11438e+06 577754
14520.5 4.88924e+06 588434
14531.1 2.70068e+06 590089
14542.1 1.77022e+06 340830
14552.8 111282 66840.6
14560.4 686244 267156
14571.5 4.43999e+06 613276
14581 3.8403e+06 846916
14591.5 2.2473e+06 487484
14601.4 2.31634e+06 435912
14611.6 797527 249730
14621.5 4120 2060
14630.6 2.47811e+06 800206
14641.2 3.26279e+06 530668
14652 3.79661e+06 533577
14661.9 1.81968e+06 664766
14671.6 2.18032e+06 651563
14681 1.95364e+06 593140
14692 2.15456e+06 542779
14702.4 1.90212e+06 1.12322e+06
14711.5 1.11283e+06 475004
14721.2 4.37301e+06 951646
14731.4 2.85626e+06 867450
14740.9 1.43613e+06 405019
14751.2 2.95543e+06 610817
14762.1 1.2406e+06 552965
14772.2 22667 17950.4
14780.8 1.1695e+06 365571
14791.6 3.73932e+06 623076
14802.5 3.80217e+06 1.17359e+06
14812.8 768677 475465
14821.1 3.63216e+06 844387
14831.2 2.02989e+06 691987
14841.8 2.72540e+06 799962
14851.6 53579 25197
14861.1 1.14889e+06 806426
14871.4 3.42789e+06 920433
14880.6 4.36585e+06 827617
14891.8 2.30706e+06 614978
14901.6 1.28284e+06 606642
14912 11333 7562.87
14921.5 2.92118e+06 842731
14930.4 4.20894e+06 1.59796e+06
14942.5 2.88490e+06 842744
14951 2.05256e+06 668326
14962 85520 44077.2
14971.4 1.92684e+06 1.1411e+06
14980.8 5.35189e+06 1.69173e+06
14991 2.31222e+06 650066
15001.6 2.41732e+06 532240
15012.1 1.27769e+06 574228
15021.1 4121 2914.16
15030.9 3.45596e+06 763150
15041.2 4.58322e+06 1.32774e+06
15051.5 2.30397e+06 569463
15063 294693 177891
15071.6 539928 330555
15081 3.92891e+06 933623
15090.9 3.8049e+06 1.39633e+06
15100.5 2.71304e+06 855496
15111.4 2.4575e+06 382667
15122.5 1.15198e+06 352754
15131.1 40182 21683.8
15141.8 3.84957e+06 830355
15151.4 3.90315e+06 930894
15162 2.16074e+06 398799
15171.2 1.4848e+06 513558
15182 1.67955e+06 1.06278e+06
15191.1 2.4101e+06 638928
15201.6 3.38025e+06 691939
15210.6 2.8279e+06 647865
15221.9 1.07161e+06 337578
15232.1 18546 16275
15241.2 885112 322316
15250.9 5.07344e+06 1.07766e+06
15262.5 3.34132e+06 611134
15271.6 2.14014e+06 473244
15281.8 1.63936e+06 413704
15292.1 719218 335647
15302.1 1.07161e+06 645555
15311.5 2.06286e+06 493852
15321.5 4.27306e+06 1.21211e+06
15331.5 2.24627e+06 917552
15341.6 806799 276759
15351.9 1.21175e+06 1.12033e+06
15361.2 2.49872e+06 470608
15370.8 4.75402e+06 740315
15382.1 2.32997e+06 299834
15392 2.06182e+06 586384
15402.1 60791 19437.5
15410.5 971665 301429
15420.8 4.23319e+06 1.35207e+06
15431.5 3.82896e+06 639789
15440.9 1.93326e+06 411268
15451.9 386397 129818
15461.2 173104 81277.1
15471.4 5.01289e+06 1.12149e+06
15480.8 3.20969e+06 770675
15491.8 2.2339e+06 308518
15502.4 1.73931e+06 679491
15512.9 18545 7536.09
15520.4 2.61e+06 328537
15532 4.62419e+06 1.31773e+06
15540.9 1.7715e+06 248350
15551.4 868944 343613
15562.5 391548 171826
15570.9 4.97428e+06 881105
15580.8 4.03503e+06 1.31531e+06
15591.1 2.25966e+06 348694
15600.8 2.44617e+06 376821
15611.2 64912 29593.9
15620.6 798557 294916
15631.6 3.66101e+06 1.00487e+06
15641 4.30089e+06 876623
15652.2 2.5049e+06 470897
15662.4 143223 50330.7
15671.8 1.04791e+06 381680
15681.8 4.50491e+06 625136
15691.1 3.51675e+06 965706
15701.6 2.01443e+06 466558
15710.8 2.04843e+06 644213
15722 269962 107624
15731.4 717156 286325
15740.8 4.64195e+06 956570
15751.2 3.42657e+06 714616
15761.2 1.66409e+06 325415
15772 186500 71802.5
15781.9 523197 317552
15791.9 4.44023e+06 1.2016e+06
15801.4 3.44875e+06 388708
15811.8 2.26688e+06 559827
15820.9 2.02061e+06 406075
15833.2 1.84235e+06 419139
15842.4 27819 14197.7
15850.9 695519 425716
15861.2 3.84545e+06 1.00802e+06
15871.6 3.98661e+06 394437
15882.9 1.57445e+06 413921
15891.6 58732 38038.8
15901.5 4.19063e+06 1.11941e+06
15911.1 4.92428e+06 763351
15921 2.23081e+06 622188
15932.6 2.39362e+06 435526
15943.1 28850 11657.3
15950.9 2.4101e+06 695574
15962.1 4.3452e+06 767269
15972.1 2.25863e+06 531409
15983.1 499742 365047
15992.1 1.28594e+06 617026
16001.5 5.3014e+06 734371
16010.6 2.88718e+06 786750
16021.1 2.32664e+06 229614
16032.5 1.85472e+06 330002
16042.6 13395 8488.93
16051.5 1.81041e+06 478247
16061 5.20042e+06 1.09921e+06
16071.2 3.08398e+06 823961
16083.5 1.42195e+06 405227
16091.8 106917 97817.2
16102 4.20633e+06 552785
16111.8 3.4539e+06 846784
16122.2 2.06595e+06 391189
16131 2.11335e+06 291692
16143.2 635755 188922
16152.1 16485 9216.29
16161.8 3.59918e+06 795490
16171.9 4.68832e+06 1.03055e+06
16181.1 2.29882e+06 187280
16191.8 633694 242818
16201.5 339000 248446
16210.4 4.10923e+06 587312
16220.6 4.1319e+06 644746
16231.9 2.37301e+06 273600
16242.1 740856 307282
16251.4 4121 2914.16
16261 3.32613e+06 597466
16271 4.79008e+06 812855
16281 2.58345e+06 710899
16292.5 1.85781e+06 445633
16301.8 441010 284024
16310.9 1.09325e+06 364027
16321 3.92067e+06 944547
16330.9 3.84854e+06 482089
16340.6 2.06801e+06 475635
16353.1 770736 245784
16361.9 168982 74546.3
16371.6 3.99486e+06 870438
16380.5 4.60898e+06 935735
16391.5 2.19681e+06 281950
16400.9 1.54869e+06 437082
16411 73156 54707.2
16421.2 3.91655e+06 858980
16431.4 4.8707e+06 769812
16440.5 2.50181e+06 548492
16451.2 1.20866e+06 408912
16461.1 27820 17175.9
16471.5 1.9186e+06 668091
16481.2 4.59146e+06 1.32092e+06
16490.8 2.73777e+06 751097
16500.4 1.93715e+06 679580
16512.2 808861 255615
16520.9 43276 22889.8
16531.6 3.10253e+06 704032
16541.5 4.31531e+06 952478
16551.1 2.76662e+06 837553
16561 2.09583e+06 545425
16573.1 1.13138e+06 331500
16581.1 16485 12191.8
16592.1 2.65946e+06 546104
16601.2 4.62237e+06 1.20589e+06
16611.8 2.44102e+06 948161
16622.8 1.75786e+06 665132
16633.2 4121 3854.84
16641 1.62597e+06 415019
16651 5.20946e+06 1.42115e+06
16660.2 2.941e+06 494844
16670.4 2.35137e+06 414151
16682.1 456464 148198
16691.5 560534 254215
16701.1 3.70532e+06 831495
16711.5 4.38435e+06 778534
16721.2 1.94848e+06 365195
16731.9 1.87532e+06 331139
16742.1 121586 94603.5
16750.8 1.58475e+06 282944
16760.8 4.20276e+06 861406
16770.8 3.4222e+06 746454
16781.5 2.50181e+06 530677
16792.1 802680 251265
16800.4 230807 100652
16811.5 3.67646e+06 1.11028e+06
16821.9 4.52448e+06 1.32554e+06
16831 2.29573e+06 679756
16842.8 1.3931e+06 380543
16852 27820 17051.8
16861.1 1.30654e+06 552861
16871.6 4.60667e+06 1.04555e+06
16881.6 3.4562e+06 653642
16892.2 2.00206e+06 670273
16902.6 42244 19465
16911.8 561566 329171
16922.1 3.99049e+06 1.04256e+06
16931 4.27125e+06 1.33847e+06
16941.1 2.21948e+06 595963
16951.5 2.09789e+06 441970
16961.5 38122 12186.1
16971 489437 187566
16981.1 3.60743e+06 1.06025e+06
16991.4 4.23082e+06 965935
17000.8 2.28746e+06 753656
17012.5 960330 335053
17020.6 45336 26148.2
17031.5 4.48327e+06 1.37771e+06
17040.8 4.18857e+06 969451
17051.2 2.25261e+06 379151
17061.9 1.67028e+06 470635
17071.5 21637 14197.7
17081.4 1.79083e+06 424617
17090.5 4.71614e+06 1.02072e+06
17101.2 3.20042e+06 697330
17112.8 2.1403e+06 595161
17121.9 36063 17421.5
17131 419370 253006
17141.5 3.87945e+06 901705
17150.5 3.83956e+06 964185
17162.1 2.51211e+06 420655
17172.9 2.29676e+06 354625
17182.9 349305 239877
17191 1.16023e+06 474663
17201 5.64762e+06 954997
17211.2 2.51624e+06 327011
17221.6 2.27306e+06 484833
17232 44305 14784.3
17240.2 800618 195496
17251.4 3.94643e+06 687609
17261.4 4.47708e+06 740008
17272.1 2.43071e+06 412383
17282.4 48427 32760.9
17291.5 1.288e+06 240416
17301.4 5.04587e+06 957034
17311 2.949e+06 428983
17321.5 2.05668e+06 483367
17332.4 1.5322e+06 339374
17343.1 122372 96625.6
17350.9 2.64425e+06 501106
17361.4 4.78621e+06 604668
17371 2.34519e+06 604691
17382.5 2.00516e+06 398563
17392.5 191651 89029.4
17401.9 8241 2913.99
17412.6 3.09223e+06 628144
17421.4 4.47915e+06 1.18567e+06
17431.5 2.49356e+06 678764
17441.2 1.43844e+06 371090
17451.2 4121 3854.84
17461.8 3.29006e+06 577843
17470.6 4.03401e+06 726218
17480.8 2.42968e+06 716711
17491.9 2.30088e+06 506012
17502.8 311176 236618
17511.5 478103 305451
17521 3.73210e+06 583205
17531.6 3.97013e+06 606523
17541.8 2.3998e+06 591933
17552 1.60536e+06 465608
17562.5 650180 416205
17572.2 1.79083e+06 504743
17581.2 4.38229e+06 816795
17591.4 2.96652e+06 662645
17600.8 2.19166e+06 318090
17610.9 1.92582e+06 389025
17621.6 744976 227851
17631.1 22668 19041.6
17641 3.49305e+06 555029
17651 4.35756e+06 1.04237e+06
17661.5 1.51675e+06 347564
17671.8 607933 319230
17682.8 1.29521e+06 536531
17691.6 2.49975e+06 466808
17701.5 5.03453e+06 1.42117e+06
17710.8 2.11026e+06 269677
17721 2.45956e+06 337534
17731.5 2.33488e+06 467152
17742.4 189591 149170
17751.1 1.40752e+06 377882
17761.6 3.88048e+06 871940
17772.4 3.37765e+06 742604
17783.1 737765 366205
17792.4 1.81865e+06 703056
17800.8 1.47116e+06 395307
17811.1 4.81736e+06 686452
17821.2 2.983e+06 570887
17830.9 2.57806e+06 242114
17842 1.10459e+06 346279
17850.6 230808 212602
17860.8 4.38435e+06 569073
17871.5 3.73726e+06 636198
17880.8 1.31582e+06 297962
17891 845711 310604
17901.4 325849 200910
17911.1 5.08399e+06 1.30061e+06
17921.1 3.43432e+06 771573
17930.8 2.26275e+06 271506
17941.4 265841 128794
17951.4 589386 317153
17961.9 4.41811e+06 905648
17971.1 3.55414e+06 1.02024e+06
17981 2.31143e+06 292735
17991.5 1.31376e+06 536961
18001.6 12363 7138
18011.1 1.68161e+06 424477
18020.8 4.85936e+06 1.39588e+06
18032.2 3.08501e+06 544316
18041.6 2.20505e+06 613423
18052.2 40183 16189.1
18061.4 1.37867e+06 382509
18070.9 4.3555e+06 1.30104e+06
18081.4 3.60331e+06 918944
18090.9 2.27718e+06 453123
18102.6 410096 116566
18110.9 486345 244516
18121 3.29831e+06 567860
18132 4.34313e+06 797181
18141.2 1.79702e+06 426228
18151.4 2.28439e+06 636117
18160.4 1.58475e+06 357018
18171 29880 11186.6
18180.6 981967 305793
18191.2 4.00286e+06 1.13568e+06
18201.8 3.8157e+06 1.54623e+06
18211.1 1.35452e+06 469085
18220.9 2.53787e+06 931416
18231.2 727462 475955
18241.5 2.9861e+06 555165
18250.6 652240 356388
18262.1 4.14633e+06 853020
18271.5 3.14684e+06 636277
18280.8 2.73159e+06 1.21269e+06
18291.4 2.15044e+06 497421
18301.8 671819 154347
18311.6 496652 356776
18321 2.7571e+06 946521
18330.8 5.27668e+06 864464
18341.2 2.66486e+06 738482
18352.6 777949 282099
18361.8 6181 2821.59
18371.5 2.74601e+06 617058
18380.9 4.62316e+06 797298
18390.9 2.77723e+06 744401
18401.9 2.08862e+06 263428
18412.2 741884 315767
18421.8 51519 47100.1
18430.9 3.38795e+06 739272
18440.5 4.76869e+06 1.13782e+06
18451.6 2.1659e+06 316236
18461.1 1.16847e+06 389024
18471.5 9273 8674.1
18480.8 2.44410e+06 462600
18491.2 4.96034e+06 1.08787e+06
18501.6 2.0948e+06 326542
18511.4 2.07728e+06 426999
18522.9 1.0067e+06 214598
18531.5 5150 1410.39
18541.4 2.41732e+06 621340
18551.4 5.64247e+06 579351
18561.1 2.15456e+06 388886
18571 2.13189e+06 462607
18581.1 1.31891e+06 303151
18591.5 0 0
18601.2 2.98816e+06 451061
18611 4.22233e+06 793996
18621.6 2.25682e+06 332816
18632.4 501237 143782
18641.4 1.23236e+06 615863
18651.6 3.91242e+06 740180
18660.4 3.58347e+06 916397
18671.8 2.0608e+06 325450
18681.4 2.43689e+06 550507
18692.2 780010 240867
18701.4 2060 1261.49
18711.2 2.34107e+06 466426
18721.2 4.79239e+06 1.30329e+06
18732.8 2.18856e+06 505207
18741.9 1.04474e+06 472814
18752.4 279238 241986
18761.6 3.2169e+06 1.2022e+06
18771.2 5.22825e+06 1.08855e+06
18781.6 2.34107e+06 387715
18791 2.19578e+06 339175
18802.8 795465 161414
18812.1 20607 11838.1
18820.5 3.74938e+06 719371
18831.1 5.23055e+06 1.13571e+06
18841.1 2.41938e+06 287417
18852.1 352394 217309
18861.9 696362 554017
18871.9 2.56157e+06 606243
18881.1 5.07781e+06 1.10298e+06
18890.5 2.08140e+06 151528
18900.9 2.36167e+06 320619
18911.9 1.66409e+06 272195
18922 10304 6309.89
18931 1.87842e+06 615770
18941 4.19991e+06 517263
18951.8 2.915e+06 543217
18962.4 752189 318574
18972.1 1.10434e+06 363325
18981.4 1.19344e+06 398215
18991.5 4.88203e+06 567753
19001.1 2.30706e+06 1.04937e+06
19011.6 2.02988e+06 344461
19021.6 1.93715e+06 647274
19031.6 22668 13881.3
19040.6 1.54457e+06 357173
19051.1 4.75505e+06 754920
19061.2 2.41138e+06 345356
19071.5 606904 367758
19081.6 1.43328e+06 676682
19091.5 5.85576e+06 884971
19101 2.08552e+06 443527
19111 1.97836e+06 155376
19121.9 1.53323e+06 438602
19132.5 12363 6351.21
19141.5 2.83154e+06 348316
19151.5 4.30192e+06 942364
19161.9 1.96394e+06 320634
19171.5 366820 196544
19181.4 1.58578e+06 646745
19190.5 2.90651e+06 891344
19201.8 4.28876e+06 1.15627e+06
19210.6 2.12984e+06 350496
19220.6 2.09068e+06 233667
19233.5 921175 275704
19241.4 7211 2701.49
19251.5 3.56724e+06 550268
19260.6 4.36889e+06 651513
19271.5 1.67955e+06 352326
19282.2 479922 209298
19291.1 1.14811e+06 544262
19302.5 2.14093e+06 444482
19311.8 4.60407e+06 400537
19321.5 2.28852e+06 292125
19331.2 2.05462e+06 326894
19341 1.97115e+06 513068
19352.2 176195 108734
19361.4 11332 6340.72
19371.6 3.44359e+06 659783
19381 4.51394e+06 606182
19392 967785 227675
19401.1 367607 210869
19411.5 1.64579e+06 605625
19420.5 5.33232e+06 798707
19431.5 2.62134e+06 393142
19441.1 2.21536e+06 285634
19450.9 1.97836e+06 372882
19462.1 257596 85501.2
19472.2 6180 2415.56
19480.9 3.16126e+06 771203
19490.6 4.67801e+06 869070
19502.5 1.3797e+06 367943
19511.5 465738 282859
19521 1.82380e+06 603062
19530.8 5.62392e+06 643149
19541.2 2.33488e+06 359100
19551 2.20402e+06 387046
19562.6 1.82380e+06 441160
19573.2 19577 9208.69
19581 749099 369304
19591.1 3.21072e+06 695112
19602.1 4.6605e+06 695952
19611.6 1.91345e+06 369741
19621.1 204016 83427
19631.4 1.16538e+06 543119
19641.5 5.45287e+06 972427
19650.6 3.42195e+06 1.23751e+06
19661.1 2.19166e+06 242901
19671.5 1.76507e+06 346308
19681.9 20608 19277
19691.1 2.39774e+06 459430
19701.2 3.58991e+06 517322
19711.5 2.74395e+06 286112
19722.2 721279 432598
19732.9 1.10768e+06 458814
19741.4 2.78365e+06 891722
19750.6 5.2854e+06 1.22629e+06
19761.1 2.64812e+06 257071
19771.1 2.01649e+06 282145
19782.1 275113 189884
19791.9 799587 308236
19801.4 4.71304e+06 831973
19811.6 3.34262e+06 606430
19821.8 1.20248e+06 442524
19831.1 1.8743e+06 667452
19840.8 1.35473e+06 437741
19851.8 4.84518e+06 1.0669e+06
19861.1 2.11335e+06 408841
19872.9 619267 165092
19881.8 6180 1926.95
19890.9 3.64761e+06 828983
19900.9 4.14591e+06 905032
19910.9 2.64606e+06 407039
19923.1 996394 283232
19932.2 2060 1261.49
19940.5 3.19218e+06 1.16754e+06
19951 3.88873e+06 1.03515e+06
19961 2.75941e+06 397958
19971 2.29676e+06 363741
19981.9 300875 119695
19991.5 49456 25449
20001 3.57342e+06 1.01563e+06
20011 4.86039e+06 752635
20021.2 2.59248e+06 303228
20032.6 455434 148411
20040.9 481194 377256
20052 4.30501e+06 640821
20061.8 3.84751e+06 630603
20071.2 2.11026e+06 354203
20081.4 2.14117e+06 325276
20091.6 28849 11473.4
20101.5 1.60536e+06 296997
20111 4.75323e+06 779522
20121.5 2.66358e+06 372149
20132.1 1.18265e+06 463803
20142.6 2.07753e+06 827703
20151.1 3.99692e+06 521813
20160.8 2.12959e+06 439924
20171 2.66486e+06 386263
20181.6 1.82277e+06 378496
20191.9 65945 48962.6
20200.8 1.49614e+06 367897
20211.2 3.8372e+06 827005
20221 3.98719e+06 482160
20231.1 2.15971e+06 269642
20242.6 855230 258890
20251.9 3090 1410.39
20260.8 1.43431e+06 349434
20271.8 5.80709e+06 1.4349e+06
20280.9 2.59273e+06 500670
20291 2.27552e+06 621234
20301.1 446160 229617
20310.9 1.1221e+06 403823
20320.8 5.19812e+06 955924
20330.6 3.22539e+06 572376
20340.9 2.3184e+06 323955
20353 776919 148719
20362.1 4120 2060
20370.8 3.36632e+06 732671
20381.2 4.3925e+06 838513
20391.1 2.63188e+06 448464
20402.4 1.34467e+06 368844
20412.8 23699 15382.8
20421.4 2.5049e+06 350050
20431 5.22825e+06 961944
20441.2 2.86863e+06 485698
20450.8 2.31118e+06 323010
20461 91703 46274.8
20471.6 750129 241193
20481.2 4.65947e+06 1.02165e+06
20491 3.58373e+06 297633
20500.6 2.45544e+06 312985
20512.4 365789 177031
20522.1 728490 287889
20531.2 4.21639e+06 1.01059e+06
20541 4.05977e+06 624406
20551.4 2.26275e+06 428594
20562.1 851107 268975
20571.5 0 0
20580.9 3.10459e+06 683958
20590.8 5.10666e+06 1.42862e+06
20601.1 2.5472e+06 390202
20611.8 1.95157e+06 195634
20622.1 35032 16078.1
20631.6 959299 272196
20641.1 3.07986e+06 841295
20651.9 4.78414e+06 611160
20661.6 2.25039e+06 366240
20672.2 835650 243366
20682.2 42245 36238.3
20691.6 2.56775e+06 927970
20701 4.04535e+06 1.07011e+06
20710.5 3.00258e+06 522967
20721.1 2.0948e+06 377948
20732.4 556412 276001
20740.6 75218 67086
20751.9 4.25555e+06 712133
20761.2 4.7048e+06 958731
20772.8 2.4101e+06 463072
20782.6 15455 13389.7
20791 1.11695e+06 273302
20801.2 4.50133e+06 394324
20812.1 3.89642e+06 701091
20821.2 2.32355e+06 229432
20831.5 2.25657e+06 338955
20842.4 357547 223741
20851.1 419370 203396
20862.4 4.95725e+06 666174
20871.9 3.01082e+06 589831
20882.6 347244 312876
20891.6 2.29342e+06 379060
20900.8 4.82045e+06 353743
20911 2.29779e+06 250041
20921.5 2.19166e+06 317662
20932.4 2.01855e+06 304665
20941.5 31941 14891.2
20950.8 913963 385205
20961.8 4.12548e+06 991144
20972 3.87042e+06 750775
20982.6 1.41783e+06 450168
20993 1.70737e+06 848880
21001.5 643997 251343
21011.9 3.48638e+06 594930
21020.6 4.36938e+06 1.19659e+06
21031 2.26585e+06 351263
21042.9 1.73416e+06 765766
21053.4 31941 15587.9
21061 1.55178e+06 411218
21070.6 2.8913e+06 568536
21080.8 4.86658e+06 1.39768e+06
21092.5 1.78476e+06 840417
21102.6 5152 4819.25
21110.6 1.24781e+06 397411
21120.6 4.87561e+06 739054
21131 2.83487e+06 512121
21141.5 2.29456e+06 771757
21152.8 1.79598e+06 409188
21162.9 0 0
21170.6 1.65688e+06 518726
21181.1 5.34135e+06 762952
21190.9 2.50617e+06 532197
21201.8 2.29779e+06 558629
21211.9 37092 11474
21221.5 990211 549230
21230.8 4.40393e+06 614237
21241.2 3.74756e+06 511263
21250.9 2.61824e+06 436974
21262.2 332817 181619
21271.1 404945 232447
21282.6 3.58476e+06 1.07423e+06
21290.8 4.237e+06 976896
21301.2 2.37919e+06 813848
21311.9 1.60639e+06 386202
21321.9 319424 266488
21331.1 2.38434e+06 519841
21341.9 4.8573e+06 681747
21350.9 2.17414e+06 411373
21361.2 2.50799e+06 703731
21371.6 444101 190407
21381.1 31941 27703.2
21392 3.91449e+06 849725
21401.1 4.03813e+06 844440
21410.8 2.32767e+06 861142
21423.1 1.00567e+06 309696
21431.8 49458 30531.4
21441.4 5.04174e+06 1.1135e+06
21451.2 4.09378e+06 858190
21461.5 2.10922e+06 393458
21471.9 1.24987e+06 443957
21481.2 22668 19041.6
21490.8 3.03349e+06 893811
21500.9 4.93046e+06 992882
21511.4 2.09995e+06 436790
21522.5 2.01855e+06 543266
21532.5 137042 76067.1
21541.5 1.20041e+06 306910
21550.4 3.36322e+06 748261
21560.8 4.50903e+06 635835
21572.9 2.67518e+06 820354
21582.9 31942 20109.4
21591.9 877899 335312
