# TimeStamp(s) Sum Stdev
0 4.9995e+06 596994
10 4.9995e+06 621099
20 5.28801e+06 985947
30 4.93355e+06 470840
40 5.15097e+06 487595
50 5.43020e+06 588047
60 5.64762e+06 665882
70 4.91192e+06 530812
80 4.63164e+06 634029
90 4.21948e+06 459021
100.125 4.58837e+06 517222
110 4.55024e+06 445111
120.25 4.86142e+06 765335
130.125 5.4539e+06 520355
140.125 4.73778e+06 434345
150.125 5.30552e+06 559048
160 4.70892e+06 800720
170 4.36889e+06 649991
180 5.21176e+06 400977
190.125 4.90161e+06 510224
200 5.1963e+06 602501
210 4.84288e+06 534971
220 4.5286e+06 689336
230.125 5.05205e+06 492170
240.25 4.97889e+06 337342
250 5.11696e+06 431991
260.25 5.7352e+06 769284
270 4.71098e+06 702134
280.125 4.48224e+06 515863
290 5.07575e+06 820616
300.375 5.49409e+06 869441
310 5.0098e+06 261485
320 5.30759e+06 578089
330 4.25452e+06 350392
340 5.45803e+06 344183
350 5.67235e+06 668948
360 4.96859e+06 540396
370 5.67853e+06 607215
380.125 5.28183e+06 896135
390 4.8336e+06 621731
400.5 4.75117e+06 572493
410 4.85112e+06 1.28026e+06
420 4.9181e+06 677022
430.25 5.39517e+06 439787
440 4.78517e+06 386336
450 4.08656e+06 516118
460.125 4.96034e+06 593846
470.125 4.28852e+06 566442
480 4.86864e+06 680154
490.125 5.53737e+06 833898
500 5.22e+06 745995
510 4.47193e+06 387148
520 3.9794e+06 353049
530.125 3.8403e+06 449192
540.125 5.65689e+06 411886
550.25 4.94489e+06 896568
560 4.86142e+06 428502
570.125 4.11851e+06 488164
580 4.72335e+06 570724
590.125 4.78002e+06 776683
600 4.88409e+06 522887
610.125 5.24782e+06 525302
620 4.8099e+06 813216
630 4.43999e+06 463075
640 4.47606e+06 583356
650 4.74293e+06 534341
660 5.09326e+06 463175
670 5.13654e+06 559852
680.5 4.98301e+06 597505
690 5.11902e+06 203101
700 5.12933e+06 443880
710.125 4.14839e+06 233092
720 4.68523e+06 291616
730 5.11799e+06 566093
740.25 4.4709e+06 628631
750 5.09223e+06 672801
760 4.28646e+06 492822
770.125 4.48739e+06 414453
780 3.81042e+06 361545
790 5.1757e+06 533182
800 5.23958e+06 766097
810 5.13448e+06 409790
820 4.89646e+06 648178
830 5.65071e+06 1.00186e+06
840.125 5.03041e+06 576611
850 4.83154e+06 769937
860 4.70686e+06 492182
870 3.86606e+06 364258
880 4.80372e+06 457253
890 4.72335e+06 541250
900.125 4.4369e+06 728349
910 4.67389e+06 797924
920 4.11129e+06 609192
930 4.80269e+06 424570
940 5.1283e+06 630470
950 5.29625e+06 499495
960.25 5.18291e+06 749593
970 5.16642e+06 425858
980 5.01289e+06 797384
990.125 5.51264e+06 666473
1000.5 5.0098e+06 722409
1010.12 4.98301e+06 681526
1020.38 4.94695e+06 800192
1030.75 5.03247e+06 920616
1040 4.44411e+06 642291
1050 5.2097e+06 450614
1060 4.56467e+06 443167
1070 5.27462e+06 305313
1080 4.65844e+06 229931
1090 4.92119e+06 485709
1100 5.06854e+06 1.12981e+06
1110 4.71511e+06 533309
1120 4.84906e+06 1.17482e+06
1130 4.81712e+06 999944
1140 5.56622e+06 696912
1150 4.94592e+06 1.01276e+06
1160.12 5.17879e+06 532031
1170 5.33644e+06 713226
1180.12 5.51573e+06 653238
1190 5.41475e+06 512658
1200 5.44463e+06 771146
1210.5 5.00568e+06 523171
1220 4.56776e+06 622366
1230 4.58219e+06 840061
1240.12 5.35189e+06 993243
1250 4.79136e+06 564136
1260 5.05514e+06 787630
1270.12 5.34365e+06 591302
1280 4.58631e+06 585338
1290 5.08811e+06 614878
1300 4.78002e+06 470536
1310 4.79857e+06 250768
1320.12 4.881e+06 277124
1330 4.92016e+06 669502
1340.12 5.4436e+06 938341
1350 5.13448e+06 482463
1360 4.78414e+06 657627
1370 4.76354e+06 691818
1380.12 5.42505e+06 567301
1390 4.83566e+06 387400
1400.12 4.75632e+06 556900
1410 5.31686e+06 609032
1420.12 5.23546e+06 722714
1430 4.43278e+06 701632
1440 4.93664e+06 516683
1450.25 4.83566e+06 709854
1460 4.45545e+06 282172
1470 5.07884e+06 451522
1480 4.59558e+06 396153
1490.12 4.70171e+06 468221
1500.5 5.20043e+06 572258
1510 4.83051e+06 553038
1520 5.55179e+06 686242
1530.25 5.61258e+06 1.06453e+06
1540.25 5.23134e+06 509522
1550 4.93973e+06 627991
1560 4.91088e+06 553260
1570 5.11387e+06 547987
1580 5.1963e+06 443747
1590.12 4.82948e+06 526076
1600 5.15921e+06 593619
1610.12 5.60125e+06 763136
1620 5.62392e+06 753758
1630.25 4.66256e+06 414233
1640 4.89646e+06 581305
1650 4.84082e+06 960649
1660 5.11902e+06 458999
1670.12 4.15148e+06 584296
1680 4.92634e+06 853758
1690.12 4.86349e+06 510557
1700 4.03813e+06 310527
1710 4.55436e+06 513112
1720 4.7759e+06 513540
1730 4.97168e+06 577661
1740 5.31068e+06 812663
1750.12 5.2334e+06 916686
1760 4.57291e+06 789649
1770.62 4.84906e+06 626672
1780 4.72026e+06 442103
1790 5.55076e+06 639235
1800.25 4.90058e+06 529069
1810 4.62237e+06 383488
1820 4.65637e+06 638210
1830 4.6131e+06 409482
1840 5.30346e+06 649369
1850 4.99847e+06 711585
1860 5.65483e+06 631591
1870 4.91192e+06 531677
1880 5.15612e+06 708523
1890.12 5.33335e+06 607999
1900 5.34984e+06 864516
1910.62 5.0572e+06 591775
1920.25 4.47708e+06 406582
1930 5.57961e+06 450336
1940 5.48585e+06 854028
1950 5.15097e+06 562385
1960 4.55127e+06 580452
1970 4.91500e+06 503963
1980.12 4.13293e+06 429030
1990 4.94489e+06 835917
2000 5.33026e+06 503673
2010 4.36477e+06 503681
2020 4.40471e+06 532367
2030.12 5.14915e+06 969799
2040.25 4.42866e+06 484634
2050 5.03453e+06 590851
2060 5.04587e+06 920425
2070.62 5.26431e+06 413127
2080 4.80269e+06 773332
2090.38 5.37147e+06 839020
2100.25 5.34262e+06 571724
2110.12 5.05823e+06 559675
2120 4.97889e+06 761331
2130 4.35756e+06 614467
2140.12 4.24834e+06 486194
2150 4.47502e+06 530470
2160 5.01804e+06 471177
2170 4.94386e+06 721983
2180 5.28389e+06 678401
2190 5.02217e+06 423691
2200 4.74602e+06 349428
2210 5.41681e+06 605626
2220 4.96652e+06 599112
2230 4.33592e+06 462423
2240 4.14633e+06 870836
2250.25 4.91294e+06 914385
2260.62 4.90058e+06 456040
2270 4.9601e+06 567046
2280.12 5.05332e+06 644379
2290.5 4.74499e+06 542116
2300 4.95416e+06 873855
2310 5.05926e+06 453219
2320 4.77487e+06 283608
2330 5.43639e+06 935407
2340 5.01392e+06 463221
2350 4.93355e+06 575340
2360 5.08914e+06 584432
2370 5.09017e+06 474017
2380 5.0706e+06 624636
2390.12 5.5147e+06 847474
2400 5.56004e+06 782885
2410 5.7589e+06 955621
2420 5.44154e+06 655191
2430 5.17261e+06 447148
2440.12 5.02423e+06 662063
2450 5.37765e+06 414876
2460 4.92119e+06 298325
2470 4.70274e+06 373753
2480.12 3.88666e+06 381588
2490 5.29728e+06 773803
2500 5.39723e+06 529395
2510.12 5.53118e+06 1.06396e+06
2520.25 5.74448e+06 1.25511e+06
2530.12 4.94488e+06 694614
2540.25 5.26431e+06 497643
2550 4.56982e+06 461768
2560 5.19321e+06 980600
2570 4.2844e+06 510198
2580.12 4.79342e+06 628456
2590 4.3215e+06 439832
2600.25 4.41217e+06 524040
2610.25 4.92634e+06 942969
2620 5.18085e+06 676961
2630 5.07781e+06 545427
2640 4.50181e+06 497104
2650 5.33953e+06 677856
2660.12 4.88512e+06 695174
2670 5.49718e+06 442118
2680 5.53634e+06 660620
2690.12 5.24679e+06 681952
2700 5.39517e+06 581264
2710 5.14788e+06 352568
2720 5.42093e+06 768005
2730 5.22000e+06 402660
2740.25 5.00671e+06 375280
2750 5.4539e+06 426563
2760.25 4.64607e+06 827043
2770.12 4.72953e+06 501312
2780.5 5.35705e+06 595836
2790.12 4.88203e+06 445611
2800 4.05668e+06 617662
2810 4.26173e+06 298525
2820.12 4.32046e+06 577313
2830.12 4.57909e+06 520657
2840 4.87585e+06 351637
2850.25 4.82433e+06 764472
2860 5.18806e+06 711917
2870 5.51367e+06 765080
2880 4.68935e+06 436555
2890 4.76766e+06 566216
2900 4.70789e+06 547282
2910.38 5.07472e+06 484778
2920.12 4.98301e+06 543327
2930 4.48018e+06 804342
2940 4.38847e+06 658348
2950.62 4.93664e+06 895201
2960 4.45648e+06 637592
2970 4.36271e+06 419181
2980 4.69759e+06 386814
2990.12 4.542e+06 378159
3000 4.52757e+06 270282
3010 4.35756e+06 850264
3020.38 5.30759e+06 497092
3030.12 5.15509e+06 783631
3040 5.01908e+06 805544
3050 5.33747e+06 747098
3060 5.3519e+06 606520
3070 5.49512e+06 722377
3080 5.41063e+06 586467
3090 4.84288e+06 446169
3100.12 5.16848e+06 603608
3110 5.34365e+06 911373
3120.12 4.40702e+06 523968
3130 4.56776e+06 329291
3140 4.92222e+06 537226
3150 4.90367e+06 478755
3160.38 4.95622e+06 278741
3170.25 3.99692e+06 290476
3180 3.42814e+06 481982
3190 4.20712e+06 394738
3200 5.37353e+06 1.11768e+06
3210.12 5.74654e+06 534892
3220.12 5.30759e+06 1.03956e+06
3230 5.19218e+06 593726
3240 5.05926e+06 667557
3250.38 4.80578e+06 644198
3260 4.94592e+06 615162
3270 4.42556e+06 290113
3280 4.28337e+06 675268
3290.12 4.39362e+06 534010
3300.12 5.14478e+06 642891
3310 4.80269e+06 570432
3320 4.09584e+06 307593
3330.25 4.69862e+06 445710
3340.25 4.16694e+06 543469
3350.62 3.75684e+06 477740
3360 3.58579e+06 446141
3370.12 4.32459e+06 468128
3380.12 3.93097e+06 499599
3390.12 4.8336e+06 736600
3400.12 4.77899e+06 639122
3410.12 4.62546e+06 740901
3420 4.50594e+06 534669
3430 4.32768e+06 635394
3440 5.2231e+06 676588
3450 4.80475e+06 422128
3460 4.46575e+06 448374
3470.25 3.89388e+06 346352
3480 4.14014e+06 591654
3490.25 4.74087e+06 580029
3500 4.34313e+06 739802
3510.12 4.91913e+06 544039
3520 4.47812e+06 711337
3530.12 4.77281e+06 598287
3540 4.63886e+06 544529
3550 3.92994e+06 697241
3560 4.88203e+06 442652
3570 4.24628e+06 394142
3580.25 4.20094e+06 247291
3590 4.51727e+06 717019
3600.38 5.1963e+06 653269
3610 4.30089e+06 394235
3620 3.9217e+06 359134
3630 3.6878e+06 429139
3640.25 4.4132e+06 774395
3650 4.24318e+06 584008
3660.12 4.19991e+06 563679
3670 4.89543e+06 633213
3680 4.85215e+06 334294
3690 4.87276e+06 798984
3700 4.7522e+06 658946
3710 4.29058e+06 523516
3720 5.33026e+06 606502
3730.25 4.90676e+06 420221
3740 4.59146e+06 786340
3750 3.90624e+06 440360
3760 4.65225e+06 381463
3770 5.02217e+06 468300
3780.25 4.80681e+06 575520
3790.25 5.17467e+06 555005
3800.12 4.6708e+06 905082
3810 4.43278e+06 439274
3820 3.54148e+06 464524
3830 5.04999e+06 420153
3840.25 5.00465e+06 402994
3850.12 4.92816e+06 659810
3860 4.76172e+06 763434
3870 5.02938e+06 697490
3880 3.8403e+06 407516
3890 4.42144e+06 556515
3900 4.81712e+06 687676
3910 5.09532e+06 800189
3920 4.89955e+06 393826
3930.25 5.21382e+06 627721
3940 4.99228e+06 746183
3950 4.60794e+06 565747
3960 4.49254e+06 696870
3970 4.33489e+06 615476
3980 4.66359e+06 727817
3990.12 4.57497e+06 514096
4000 4.56982e+06 348391
4010.25 4.37404e+06 511309
4020 4.88203e+06 746911
4030.12 4.29882e+06 261462
4040.38 4.84906e+06 534371
4050.62 3.66204e+06 477690
4060.25 3.42299e+06 329292
4070 3.96188e+06 308900
4080.12 4.32768e+06 1.11298e+06
4090 3.84854e+06 499221
4100.25 4.42144e+06 585635
4110.12 3.87945e+06 480111
4120 3.65277e+06 434270
4130 4.19063e+06 663813
4140 4.78518e+06 519890
4150 4.83463e+06 761133
4160 4.74396e+06 513761
4170.25 4.96652e+06 480719
4180.12 4.96137e+06 590703
4190 4.50491e+06 739012
4200 4.70996e+06 439192
4210 3.81454e+06 781641
4220 4.62855e+06 637090
4230 5.186e+06 589410
4240 4.44514e+06 364476
4250 4.38023e+06 539879
4260 5.27255e+06 244037
4270 4.62546e+06 371763
4280.62 4.43896e+06 500002
4290 5.2777e+06 539766
4301 4.80166e+06 449550
4310 4.86348e+06 543660
4320 5.06235e+06 769878
4330 5.22413e+06 800296
4340 5.18806e+06 750511
4350.38 5.03659e+06 459602
4360.25 4.75014e+06 479030
4370.38 5.2911e+06 482716
4380 5.25607e+06 434596
4390.12 4.84082e+06 367695
4400 4.69862e+06 426503
4410 4.45751e+06 459548
4421 4.24834e+06 643133
4430 4.71305e+06 258660
4440 5.06647e+06 448824
4450 5.05102e+06 772225
4460.25 4.96859e+06 733264
4470.12 5.10254e+06 1.02877e+06
4480.12 5.17982e+06 670679
4490.12 5.28286e+06 750654
4500.12 4.74293e+06 514565
4510 4.09687e+06 298720
4520.12 4.78724e+06 512050
4530 4.9624e+06 458335
4540 5.28801e+06 576144
4550 5.34468e+06 524989
4560 4.6234e+06 401011
4570.12 5.26637e+06 593440
4580 4.38435e+06 608084
4590 4.71717e+06 624368
4600 5.08914e+06 697757
4610 5.04792e+06 783911
4620 4.74499e+06 440968
4630 4.98816e+06 456811
4640 4.44205e+06 557649
4650 3.92067e+06 531201
4660 5.05308e+06 573297
4670.25 4.1659e+06 425152
4680.12 3.15817e+06 187807
4690 3.65998e+06 478370
4700.12 5.07575e+06 686695
4710 4.90264e+06 662504
4720 4.17209e+06 608933
4730 4.24524e+06 547659
4740 4.25555e+06 402383
4750.12 4.90161e+06 400596
4760 5.15406e+06 677086
4770 4.79239e+06 540900
4780 3.96085e+06 232355
4790.12 4.15045e+06 696178
4800.12 5.09738e+06 904343
4810 4.3555e+06 905476
4820 4.9284e+06 733006
4830.62 4.20506e+06 432357
4840.12 4.52964e+06 584336
4850 4.77899e+06 921079
4860 4.62134e+06 606579
4870 4.25761e+06 448394
4880 3.87636e+06 511830
4890 3.69501e+06 551326
4900.25 3.76611e+06 747797
4910.25 4.06286e+06 458447
4920 3.99176e+06 460477
4930 4.44102e+06 783365
4940.12 4.36477e+06 896920
4950.12 3.96807e+06 350503
4960 3.94746e+06 447325
4970 3.52087e+06 465685
4980 3.64761e+06 443693
4990 4.47708e+06 623124
5000.38 4.75736e+06 619468
5010 4.99847e+06 552160
5020.12 4.65431e+06 652499
5030 3.57961e+06 524886
5040 4.35653e+06 289042
5050 4.26688e+06 564976
5060 4.271e+06 322143
5070 3.7455e+06 392895
5080 3.49202e+06 621140
5090.62 3.94643e+06 559897
5100.12 2.67698e+06 266349
5110.25 4.13293e+06 526588
5120 4.3081e+06 611788
5130 4.9284e+06 987228
5140 4.57497e+06 610720
5150 4.54303e+06 840809
5160.62 4.43793e+06 555769
5170 4.02886e+06 301707
5180.38 4.54921e+06 599263
5190.62 4.28234e+06 338526
5200 4.24112e+06 447955
5210.12 5.02938e+06 964504
5220 4.98507e+06 718154
5230 5.0706e+06 675930
5240.12 4.10099e+06 395271
5250.12 4.32149e+06 507053
5260.12 4.45751e+06 324515
5270 4.22979e+06 649733
5280 3.17981e+06 371355
5290.12 4.05771e+06 331795
5300 4.88409e+06 739216
5310.5 4.29573e+06 436149
5320.12 4.38847e+06 504545
5330 4.4946e+06 793502
5340.38 4.27925e+06 380694
5350 3.98455e+06 584172
5360 4.43587e+06 414632
5370 4.70789e+06 439200
5380.12 3.13653e+06 282938
5390 3.98455e+06 291412
5400 4.1896e+06 309445
5410 5.22309e+06 812622
5420.38 3.91346e+06 526694
5430.12 4.53788e+06 290719
5440 3.76714e+06 269145
5450 3.82278e+06 429754
5460 4.82227e+06 646390
5470.25 4.36271e+06 311133
5480 4.61825e+06 435055
5490 3.44668e+06 431145
5500.62 4.42969e+06 719711
5510 3.97013e+06 500718
5520 3.90109e+06 409661
5530 4.06699e+06 643115
5540 4.46678e+06 689248
5550 5.4096e+06 677431
5561 4.17827e+06 581274
5570.12 4.22051e+06 468425
5580 4.57806e+06 786062
5590 4.92119e+06 344742
5600.12 4.41217e+06 311320
5610.12 4.49254e+06 491130
5620 4.38332e+06 837861
5630 4.85833e+06 425526
5640 5.01083e+06 406995
5650.5 4.43587e+06 743832
5660.12 4.55746e+06 630892
5670.12 4.54612e+06 677507
5680.12 4.31634e+06 566077
5690.25 3.95776e+06 914344
5700 4.71098e+06 504865
5710 5.38796e+06 495079
5720.25 4.34519e+06 550717
5730 4.68214e+06 484691
5740 4.271e+06 458335
5750.12 4.48945e+06 884701
5760.12 4.40599e+06 717843
5770 4.17518e+06 493939
5780.25 4.94283e+06 419095
5790 5.00362e+06 674467
5800 3.62288e+06 516517
5810 4.42969e+06 316850
5820 5.75581e+06 657463
5830.12 5.55282e+06 493192
5840 5.25607e+06 826208
5850.12 5.02011e+06 620896
5860.12 3.93509e+06 303935
5870 4.78414e+06 525624
5880.12 4.88925e+06 593535
5890 4.12881e+06 352371
5901 4.0165e+06 302431
5910 4.96343e+06 323888
5920 4.4029e+06 590507
5930 4.80888e+06 724762
5940 4.58219e+06 687757
5950.25 4.31531e+06 469654
5960.12 3.52087e+06 602428
5970 4.18239e+06 482236
5980.12 3.75065e+06 429920
5990 4.2844e+06 589220
6000 4.57704e+06 625100
6010 4.77281e+06 598038
6020 4.87688e+06 782912
6030.88 5.45287e+06 726425
6040.12 5.21897e+06 445856
6050 5.23546e+06 484692
6060 4.14324e+06 423709
6070.12 5.16848e+06 869596
6080.12 4.99022e+06 936606
6090 4.46987e+06 521822
6100 5.18806e+06 518649
6110 4.51727e+06 615697
6120 4.41938e+06 529321
6130 5.04587e+06 673769
6140 4.35447e+06 458478
6150 5.27049e+06 467240
6160 4.84597e+06 697096
6170 5.07369e+06 647142
6180.12 4.44205e+06 671730
6190 4.08141e+06 513533
6200.12 4.68523e+06 754188
6210.12 3.98352e+06 542417
6220 3.84236e+06 268816
6230.12 3.86503e+06 333354
6240 3.01289e+06 411146
6250 3.55076e+06 441374
6260 4.07317e+06 447940
6270 5.11078e+06 917000
6280.38 4.3452e+06 559887
6290.25 5.13036e+06 775603
6300 3.97837e+06 406014
6310.88 4.58734e+06 862494
6320.12 4.3081e+06 439368
6330 5.00259e+06 383573
6340 5.42814e+06 741265
6350 4.72953e+06 681128
6360.75 4.26688e+06 677328
6370 3.21278e+06 346621
6380.25 4.33489e+06 432059
6390.38 4.40908e+06 631393
6400 3.54766e+06 534699
6410 4.53479e+06 498723
6420 3.85678e+06 289586
6430.12 4.12572e+06 294063
6440.75 4.13396e+06 525522
6450 2.90263e+06 422493
6460 3.89285e+06 365947
6470 4.18033e+06 247448
6480.12 3.50645e+06 269890
6490 4.19579e+06 337909
6500.38 4.26791e+06 311552
6510.25 4.08553e+06 695633
6520.38 4.80784e+06 558357
6530 3.69501e+06 423327
6540 4.75632e+06 615186
6550 3.76714e+06 514759
6560 4.66874e+06 464759
6570.12 3.84648e+06 338633
6580 4.38126e+06 665193
6590 4.98919e+06 351582
6600 4.83876e+06 599034
6610.5 5.17364e+06 599423
6620.12 5.45184e+06 666526
6630.12 4.70996e+06 432917
6640 4.96034e+06 590085
6650 4.94283e+06 804644
6660.12 4.67286e+06 383928
6670 4.38435e+06 379239
6680 4.85421e+06 466140
6690.25 5.13242e+06 555262
6700.12 4.4472e+06 596845
6710 3.92582e+06 865672
6720 4.63474e+06 629846
6730 4.59043e+06 495719
6740 4.44926e+06 544858
6750 4.58115e+06 434257
6760.38 5.05514e+06 591011
6770.38 4.76148e+06 626412
6780 4.8573e+06 496822
6790 5.1046e+06 685712
6800.25 4.97168e+06 412531
6810 4.79342e+06 873422
6820 5.49203e+06 764098
6830 4.19372e+06 565556
6840 4.24525e+06 711370
6850.12 4.04947e+06 716755
6860 4.2844e+06 535340
6870 4.05153e+06 653764
6880 3.79084e+06 263241
6890.25 4.64916e+06 487851
6900.12 4.51727e+06 612205
6910.12 5.01392e+06 784511
6920.12 4.67492e+06 519800
6930 4.32356e+06 513035
6940 4.75941e+06 647378
6950.12 4.56158e+06 678430
6960 3.91861e+06 367698
6970 4.56776e+06 312693
6980 4.33592e+06 597689
6990.25 4.09378e+06 514185
7000.12 4.43072e+06 425511
7010.5 4.19373e+06 484088
7020 4.38126e+06 292169
7030.25 4.52345e+06 537359
7040 5.00568e+06 546158
7050 4.86142e+06 517509
7060.12 4.18239e+06 594338
7070.5 4.68110e+06 801692
7080 4.48533e+06 529432
7090.12 4.18342e+06 319670
7100.62 4.12572e+06 392938
7110.12 4.20609e+06 488455
7120 4.13396e+06 540356
7130 4.68832e+06 404429
7140.38 4.72541e+06 314067
7150 4.33592e+06 707428
7160 4.63576e+06 401160
7170 4.74705e+06 802988
7180 4.59043e+06 360040
7190.38 5.56185e+06 651488
7200.25 5.27383e+06 733920
7210 4.19476e+06 464076
7220.62 5.33644e+06 390417
7230.5 5.22516e+06 476964
7240 5.23134e+06 328699
7250 4.47502e+06 494990
7260.62 4.11129e+06 521994
7270 4.56055e+06 471152
7280.25 4.59764e+06 298491
7290 4.15251e+06 344840
7300.38 4.85318e+06 1.11059e+06
7310 4.89955e+06 713280
7320 4.36683e+06 470569
7330 4.91088e+06 587869
7340 4.72438e+06 459642
7350.12 4.81712e+06 923971
7360.25 4.61928e+06 544205
7370.12 4.4369e+06 335758
7380 4.89749e+06 661167
7390 4.92325e+06 505400
7400.12 4.97889e+06 899878
7410.25 4.61207e+06 562857
7420 3.70944e+06 697755
7430 4.30707e+06 429062
7440.12 4.79033e+06 578229
7450 5.02114e+06 815790
7460.12 4.1453e+06 505390
7470 4.16178e+06 681024
7480 5.15612e+06 497499
7490 4.78002e+06 829171
7500 4.90986e+06 400395
7510.88 4.34107e+06 571722
7520 4.40599e+06 627198
7530 4.67492e+06 820155
7540 4.86761e+06 657978
7550.25 4.95416e+06 521474
7560 5.29316e+06 1.08169e+06
7570.12 5.21485e+06 700090
7580 5.06029e+06 590056
7590 4.89955e+06 557480
7600 5.45390e+06 659648
7610.38 5.40341e+06 583627
7620 4.7862e+06 379512
7630.25 5.02114e+06 678124
7640.12 4.96137e+06 820614
7650 5.24989e+06 475888
7660.38 5.23443e+06 553401
7670.12 4.89234e+06 515049
7680.12 5.16127e+06 521018
7690.5 5.33619e+06 426553
7700.62 4.6968e+06 692645
7710.38 5.10357e+06 662323
7720 4.94798e+06 747327
7730 4.08966e+06 376147
7740 4.78724e+06 397088
7750.12 5.20661e+06 462777
7760.12 5.14478e+06 393727
7770 5.2911e+06 476342
7780 5.42093e+06 432375
7790.12 4.27513e+06 449785
7800.38 5.0912e+06 716190
7810.38 5.457e+06 739999
7820.25 5.03041e+06 696150
7830 5.23237e+06 845267
7840 5.0675e+06 769752
7850 4.66256e+06 680375
7860 5.18394e+06 331899
7870 5.27977e+06 674563
7880.12 5.186e+06 801454
7890.38 5.36196e+06 631072
7900 4.95028e+06 616113
7910.12 5.00362e+06 765566
7920 5.07678e+06 689864
7930 4.9861e+06 839993
7940.12 5.19424e+06 678622
7950 5.14169e+06 449322
7960 4.91397e+06 695540
7970 4.61413e+06 362647
7980 4.93252e+06 495497
7990 5.26019e+06 708589
8000 4.63164e+06 609982
8010 5.10048e+06 512787
8020.25 5.25194e+06 584426
8030.12 5.20764e+06 589408
8040 4.59146e+06 558272
8050.38 5.04896e+06 392186
8060 4.40908e+06 373234
8070 4.60382e+06 425594
8080.12 4.98507e+06 628579
8090 5.24782e+06 733170
8100 4.89543e+06 617213
8110 4.78002e+06 360149
8120 4.47399e+06 430060
8130 5.15612e+06 634323
8140.12 4.95004e+06 733180
8150 5.22825e+06 559492
8160.12 4.35447e+06 665153
8170 4.40599e+06 409991
8180 3.95467e+06 491737
8190.12 4.8707e+06 1.14715e+06
8200 4.78208e+06 786457
8210 4.64916e+06 565781
8220.12 5.01186e+06 455220
8230 4.86452e+06 482994
8240 4.01959e+06 412921
8250.38 4.67904e+06 742639
8260 4.52757e+06 405653
8270 4.75529e+06 493729
8280.12 4.49666e+06 503253
8290 4.80578e+06 638383
8300 4.79754e+06 599108
8310 4.80166e+06 486177
8320 4.03504e+06 349839
8330 3.98661e+06 380532
8340 4.17208e+06 518000
8350.12 5.06957e+06 347811
8360 5.27152e+06 799991
8370 5.35808e+06 469659
8380 4.75014e+06 474064
8390 5.24473e+06 393862
8400 5.07987e+06 811670
8410 5.57343e+06 642774
8420 4.81299e+06 418640
8430.38 4.80681e+06 528531
8440 4.91913e+06 835922
8450 4.62855e+06 463183
8460.25 5.03968e+06 489977
8470 5.11387e+06 653839
8481 4.08244e+06 480152
8490 4.14633e+06 415191
8500.12 4.80888e+06 342363
8510 4.20918e+06 563070
8520.25 5.19836e+06 615327
8530.25 5.53737e+06 468336
8540.25 4.88203e+06 480155
8550 5.01598e+06 1.05376e+06
8560 5.14993e+06 648128
8570 4.94489e+06 442248
8580 4.57806e+06 379176
8590.12 4.11335e+06 263758
8600.12 5.38281e+06 662022
8610.75 5.43639e+06 983018
8620 3.80423e+06 328616
8630 4.39156e+06 371144
8640 5.00568e+06 288853
8650 5.34056e+06 782099
8660 4.81815e+06 389862
8670 4.94386e+06 619677
8680.12 5.26328e+06 672459
8690 4.83669e+06 657166
8700 4.82639e+06 460987
8710 5.18188e+06 532110
8720.38 5.53943e+06 535209
8730 5.52397e+06 565100
8740 5.46421e+06 677141
8750.12 5.11593e+06 698305
8760 4.50697e+06 751536
8770 4.70171e+06 308181
8780 5.37868e+06 464543
8790 4.9861e+06 687719
8800 4.79136e+06 502429
8810.25 5.07266e+06 620491
8820.25 4.63268e+06 526586
8830 4.3555e+06 723685
8840 5.46318e+06 767373
8850.5 4.95828e+06 597811
8860 5.71975e+06 610943
8870 5.24061e+06 552269
8880 4.69141e+06 482261
8890 5.1386e+06 293984
8900.12 5.52706e+06 707611
8910.12 4.70377e+06 947469
8920 4.95107e+06 467515
8930.12 5.16436e+06 580821
8940 5.06853e+06 403921
8950 5.34262e+06 659801
8960 5.37765e+06 375704
8970 4.51521e+06 637524
8980.12 4.33283e+06 210009
8990 4.79342e+06 443726
9000.38 4.68316e+06 247992
9010 4.82742e+06 983016
9020.12 5.02423e+06 629924
9030.5 4.77281e+06 592914
9040 4.95107e+06 857232
9050.12 4.73572e+06 369168
9060.25 5.30244e+06 639379
9070 5.31377e+06 698156
9080.25 4.79239e+06 412469
9090 5.04484e+06 1.03196e+06
9100 4.9284e+06 910953
9110.12 5.18188e+06 821384
9120.25 4.78517e+06 380554
9130 5.30347e+06 810992
9140 5.01701e+06 389673
9150.25 4.42556e+06 972809
9160.25 3.89594e+06 774603
9170 4.17518e+06 663113
9180 4.81196e+06 408804
9190 5.37972e+06 980913
9200.38 5.44051e+06 535491
9210 5.01701e+06 398465
9220.12 5.15612e+06 561941
9230 5.10666e+06 526989
9240.12 4.87791e+06 351859
9250 5.84958e+06 848087
9260 4.85936e+06 534951
9270 4.9995e+06 439758
9280.12 4.25452e+06 427658
9290 4.9861e+06 332516
9300.25 5.63422e+06 588832
9310.12 5.07781e+06 906090
9320 5.22928e+06 798594
9330.12 5.55385e+06 466428
9340 4.8336e+06 770185
9350 4.58425e+06 363667
9360 5.36529e+06 593662
9370 5.19424e+06 619611
9380 4.77281e+06 564691
9390 4.75529e+06 474686
9400 5.23855e+06 234425
9410.12 4.90882e+06 294363
9420.25 4.41732e+06 577075
9430.25 4.96446e+06 598011
9440 4.44102e+06 310941
9450.25 4.92531e+06 550991
9460.38 4.3184e+06 380943
9470 4.43587e+06 181458
9480 4.33901e+06 722913
9490.25 4.60898e+06 938352
9500 4.91604e+06 447065
9510 5.33026e+06 472153
9520 4.86246e+06 920276
9530 4.72438e+06 498399
9540 5.56828e+06 440184
9550 5.60537e+06 601261
9560 5.36014e+06 964884
9570 4.86452e+06 418341
9580.25 5.30244e+06 743815
9590 5.18394e+06 565977
9600 5.01392e+06 288625
9610.12 5.61362e+06 465960
9620.12 5.04484e+06 620568
9630.5 4.90573e+06 346290
9640 4.79857e+06 359175
9650 4.24009e+06 618619
9660 4.54303e+06 355434
9670.12 4.57497e+06 511316
9680 4.237e+06 756654
9690.62 3.98249e+06 487255
9700.5 4.86348e+06 420193
9710 4.94076e+06 880899
9720 4.82433e+06 544854
9730 4.1453e+06 680871
9740 4.99744e+06 655401
9750.25 4.90161e+06 734920
9760.12 4.72232e+06 873044
9770 4.33901e+06 506600
9780.25 4.10614e+06 473951
9790 4.22154e+06 785565
9800 4.64298e+06 438671
9810.25 4.98713e+06 398014
9820.5 5.07987e+06 549063
9830 4.78517e+06 1.11003e+06
9840.12 4.69347e+06 280432
9850.12 4.62443e+06 748315
9860 5.14272e+06 818340
9870 5.21382e+06 633303
9880 4.13808e+06 244007
9890.12 5.19836e+06 576371
9900 5.18703e+06 340892
9910.38 5.13242e+06 514470
9920 5.09429e+06 629410
9930 3.6641e+06 523380
9940 4.63474e+06 664100
9950 4.23185e+06 532562
9960 4.32046e+06 440971
9970.12 4.65946e+06 270176
9980 4.39568e+06 549368
9990 4.03607e+06 519297
10000 4.04638e+06 475581
10010 4.53479e+06 526337
10020 4.06802e+06 278673
10030 3.13756e+06 422647
10040 4.62958e+06 795454
10050.1 5.13345e+06 542470
10060 5.05823e+06 384086
10070 5.2437e+06 730520
10080.4 5.54458e+06 626781
10090 5.54355e+06 397265
10100 5.36838e+06 607778
10110 4.89028e+06 516765
10120.5 4.05771e+06 386404
10130.2 4.6842e+06 610619
10140 4.69656e+06 773046
10150.2 5.17158e+06 420221
10160 4.97889e+06 416970
10170.5 4.70171e+06 483744
10180.1 4.35344e+06 512401
10190 4.10511e+06 494315
10200 4.31222e+06 351801
10210 4.86967e+06 916883
10220 4.30398e+06 553776
10230 4.54921e+06 444534
10240.1 4.51933e+06 374175
10250 4.83051e+06 554767
10260 3.95055e+06 328617
10270.4 3.15611e+06 326035
10280 3.47451e+06 489675
10290 4.48636e+06 920162
10300.1 4.53376e+06 371836
10310 4.80887e+06 315710
10320 4.20609e+06 88443.3
10330 3.63628e+06 712704
10340.1 4.26276e+06 624875
10350.5 3.6981e+06 447888
10360 4.52448e+06 257928
10370 4.62855e+06 571609
10380.1 4.25761e+06 377807
10390 4.94282e+06 763957
10400.1 4.87276e+06 460257
10410 2.86348e+06 259444
10420 4.66462e+06 556333
10430.1 4.80166e+06 643632
10440.4 5.17673e+06 1.0874e+06
10450 4.65225e+06 532733
10460 4.26585e+06 587283
10470 4.49048e+06 329089
10480 4.09068e+06 556043
10490.1 4.19888e+06 622958
10500 4.17518e+06 565181
10510 4.47708e+06 540345
10520 4.5997e+06 329634
10530.1 4.74911e+06 592116
10540.1 4.34622e+06 351041
10550 4.21227e+06 421402
10560 3.91449e+06 598637
10570.1 3.73108e+06 512598
10580 4.36786e+06 656832
10590 4.77281e+06 371396
10600.2 4.62443e+06 452358
10610 4.37095e+06 830815
10620 4.07935e+06 387577
10630.2 4.28852e+06 400198
10640.2 3.9454e+06 538532
10650.2 4.10717e+06 626093
10660.4 4.97374e+06 873847
10670.4 4.48121e+06 304911
10680.8 4.62134e+06 359085
10690 4.02783e+06 353395
10700 4.32768e+06 437650
10710.1 5.06235e+06 516717
10720.4 4.98816e+06 624006
10730 5.14169e+06 587349
10740 5.10151e+06 812599
10750.4 4.00722e+06 508733
10760.5 4.09996e+06 529471
10770 5.10975e+06 609072
10780 4.62649e+06 360115
10790.1 5.10048e+06 494252
10800 4.87379e+06 555474
10810 4.00619e+06 325078
10820 4.89852e+06 880251
10830 4.56467e+06 464483
10840.4 3.85266e+06 509430
10850 4.3081e+06 564377
10860 4.54818e+06 521172
10870 4.26997e+06 807238
10880.1 5.12108e+06 686342
10890 4.42969e+06 401597
10900.5 5.23649e+06 336929
10910 4.52036e+06 563061
10920.1 4.95622e+06 535855
10930.1 4.99332e+06 356571
10940 4.94488e+06 733396
10950.6 4.62237e+06 410479
10960 4.67389e+06 627687
10970 4.813e+06 619247
10980 5.00362e+06 485748
10990 4.30192e+06 575126
11000 5.13963e+06 655092
11010.1 5.3622e+06 329841
11020.5 5.15921e+06 419041
11030 4.89646e+06 492583
11040 5.01392e+06 537362
11050.1 4.54921e+06 633037
11060 4.75735e+06 486529
11070 4.52757e+06 350518
11080 4.90882e+06 440230
11090.1 4.49769e+06 638697
11100 4.63783e+06 730192
11110 4.60795e+06 623338
11120 4.25864e+06 703968
11130 4.47193e+06 594899
11140.1 4.10511e+06 538690
11150 5.27461e+06 592820
11160.1 4.44411e+06 324850
11170 4.99125e+06 615426
11180 4.10923e+06 608393
11190.2 5.18679e+06 659319
11200 5.19861e+06 744308
11210 5.10357e+06 546560
11220 5.90316e+06 435645
11230.1 5.09842e+06 712121
11240 5.53634e+06 1.19454e+06
11250.1 5.7352e+06 592248
11260 5.22103e+06 730837
11270.1 4.43896e+06 675793
11280.2 4.6945e+06 455462
11290.1 4.54509e+06 947334
11300 4.35241e+06 519587
11310 4.10408e+06 527082
11320 4.83257e+06 541284
11330.1 4.7893e+06 381259
11340 4.35138e+06 542829
11350 4.47708e+06 805592
11360.1 4.7996e+06 415418
11370.1 4.41217e+06 717435
11380 4.68316e+06 662669
11390.2 5.186e+06 764233
11400 5.25092e+06 507645
11410 5.16127e+06 370289
11420 4.85112e+06 682854
11430.4 4.84185e+06 401890
11440 5.2911e+06 1.13118e+06
11450.1 5.02938e+06 511264
11460.5 4.75323e+06 504965
11470.1 4.70892e+06 789110
11480 4.19888e+06 316157
11490.1 4.34622e+06 409464
11500 3.60743e+06 388085
11510 3.76199e+06 453251
11520 3.36013e+06 403488
11530.4 3.92788e+06 393513
11540 3.94437e+06 610547
11550 4.74087e+06 447275
11560.4 5.44566e+06 875064
11570.1 5.63628e+06 614424
11580 5.01289e+06 404553
11590.4 4.8707e+06 429741
11600.1 4.52345e+06 794416
11610.1 4.35859e+06 414484
11620.1 4.01856e+06 354203
11630 3.81351e+06 292038
11640 4.82742e+06 791078
11650.1 4.83876e+06 768839
11660 4.07317e+06 566441
11670.2 4.51418e+06 535207
11680 4.72438e+06 477547
11690.1 4.847e+06 710367
11700.1 3.60846e+06 306955
11710.4 5.59919e+06 567258
11720 4.59764e+06 523238
11730.1 4.80578e+06 210993
11740 5.19527e+06 835463
11750 4.51109e+06 586391
11760 4.42351e+06 319151
11770.1 4.28028e+06 701768
11780 4.52242e+06 325863
11790 4.86142e+06 533835
11800 4.79239e+06 268675
11810.2 4.82639e+06 586365
11820.2 5.01083e+06 646699
11830 4.69347e+06 477541
11840 4.85112e+06 718516
11850 4.67595e+06 737125
11860 4.04947e+06 730971
11870 4.63783e+06 575402
11880 4.60692e+06 840857
11890 4.91191e+06 462195
11900.1 4.83669e+06 494956
11910.2 3.90933e+06 430973
11920.9 4.2504e+06 501031
11930 4.55436e+06 413697
11940 5.07781e+06 769304
11950.2 4.93561e+06 512248
11960 4.72747e+06 465971
11970.4 4.99641e+06 575748
11980 5.13242e+06 505635
11990.2 4.36992e+06 459469
12000.2 5.12108e+06 469405
12010 4.36683e+06 449875
12020.5 4.82639e+06 864569
12030 4.71098e+06 376476
12040.1 4.34519e+06 327079
12050.2 3.19836e+06 328351
12060 5.51882e+06 374984
12070 4.79651e+06 473640
12080 4.08347e+06 401269
12090 5.56622e+06 731655
12100.1 4.88718e+06 636304
12110 4.97992e+06 420397
12120 5.48379e+06 834300
12130 4.90161e+06 334333
12140 4.73880e+06 834443
12150 4.82536e+06 790597
12160.1 5.02835e+06 575735
12170.1 5.52706e+06 370807
12180 5.94541e+06 954364
12190 5.63628e+06 482600
12200.2 4.75323e+06 454218
12210 5.07987e+06 636965
12220.1 4.75323e+06 893948
12230 4.82124e+06 681378
12240 5.57343e+06 639354
12250 5.04793e+06 881015
12260 5.31171e+06 709838
12270 5.22516e+06 631208
12280.1 5.04999e+06 510979
12290.1 5.26946e+06 924060
12300.2 4.82948e+06 655377
12310.1 4.48739e+06 603248
12320.1 4.92325e+06 643623
12330 3.80114e+06 460511
12340 4.49975e+06 598023
12350.1 5.07369e+06 632199
12360.6 4.96756e+06 773824
12370 3.63422e+06 456693
12380 4.70274e+06 425505
12390.1 4.51418e+06 340450
12400 4.14118e+06 436724
12410.8 3.97528e+06 388748
12421 3.71356e+06 569801
12430.1 4.89646e+06 261364
12440.1 4.72438e+06 517067
12450.1 5.22206e+06 435107
12460 4.32665e+06 391358
12470 4.43175e+06 430896
12480 4.23597e+06 409865
12490 4.83463e+06 208074
12500.1 4.90573e+06 513163
12510.4 5.47039e+06 680698
12520 4.7182e+06 474893
12530 3.32819e+06 288202
12540.1 5.08193e+06 572498
12550 5.6878e+06 922476
12560 4.80063e+06 788978
12570.1 4.60898e+06 388805
12580.1 3.8269e+06 388256
12590.1 4.35447e+06 530368
12600 5.06647e+06 652813
12610 5.15406e+06 926183
12620.1 4.36992e+06 557630
12630 4.56055e+06 385790
12640 4.59764e+06 203367
12650 4.79651e+06 557957
12660 4.89749e+06 615514
12670.1 5.06853e+06 699666
12680 5.25504e+06 504014
12690 4.52861e+06 676375
12700 5.12418e+06 310836
12710 4.79239e+06 435167
12720 4.54818e+06 432198
12730 3.78775e+06 292659
12740.1 5.13551e+06 585131
12750 4.93458e+06 627601
12760.1 5.08399e+06 500697
12770.1 4.32356e+06 406333
12780 5.9454e+06 398683
12790 5.71254e+06 815106
12800 5.76199e+06 850414
12810 5.07574e+06 519209
12820 4.91088e+06 531764
12830 5.09635e+06 555484
12840 5.43227e+06 905138
12850 5.08193e+06 763666
12860.1 5.09842e+06 728297
12870 5.35396e+06 746011
12880.1 5.42814e+06 905981
12890 5.39414e+06 904054
12900.4 5.17054e+06 995770
12910.1 5.457e+06 551236
12920.4 4.48533e+06 394813
12930.1 5.05411e+06 458108
12940 4.30295e+06 822810
12950.2 5.06441e+06 681716
12960 4.33695e+06 466082
12970.1 4.83978e+06 586647
12980.1 5.21279e+06 506806
12990.6 4.49975e+06 1.25315e+06
13000 4.69038e+06 541976
13010 4.99435e+06 575162
13020 4.73056e+06 209647
13030.4 4.62855e+06 481509
13040 5.06544e+06 577092
13050 5.03453e+06 536473
13060.1 5.45803e+06 581119
13070 5.15818e+06 853971
13080 5.72593e+06 750080
13090.1 5.41372e+06 846560
13100 5.0469e+06 724153
13110 4.60073e+06 709720
13120.1 5.53118e+06 730414
13130.1 5.52912e+06 685209
13140 4.85936e+06 522428
13150.1 4.92531e+06 616651
13160.1 4.76148e+06 713443
13170 4.78414e+06 575332
13180 5.2808e+06 735744
13190 5.35292e+06 1.07353e+06
13200 5.65174e+06 531590
13210 5.49821e+06 872521
13220 6.40805e+06 1.30881e+06
13230 5.91243e+06 831694
13240.2 5.38693e+06 691701
13250 4.92634e+06 685667
13260 4.99744e+06 368220
13270.1 4.31428e+06 342241
13280.1 5.22412e+06 731032
13290 4.50388e+06 766313
13300 4.75941e+06 525344
13310 3.63834e+06 343307
13320.1 4.86452e+06 490601
13330 4.96343e+06 378763
13340.6 4.01856e+06 446756
13350.1 5.21279e+06 832543
13360 4.36374e+06 517770
13370 4.82124e+06 399785
13380 5.01289e+06 520140
13390 4.98301e+06 503196
13400 5.00774e+06 781756
13410.4 4.85421e+06 563075
13420.2 5.41372e+06 778898
13430.6 4.99538e+06 858474
13440 4.38126e+06 434083
13450 5.20146e+06 792974
13460 4.67595e+06 588880
13470.1 4.69759e+06 811527
13480.1 4.23597e+06 492993
13490 4.80475e+06 620168
13500.5 5.02011e+06 522247
13510.1 5.11181e+06 503070
13520 4.22051e+06 300078
13530.1 4.79033e+06 385960
13540 5.0469e+06 513800
13550.1 4.84184e+06 720422
13560 4.42041e+06 900892
13570.9 4.67801e+06 559639
13580.1 4.86142e+06 351509
13590.1 5.54561e+06 423382
13600 4.69965e+06 528213
13610.1 5.27358e+06 551691
13620.2 4.97992e+06 751831
13630.2 5.02423e+06 789645
13640 5.03453e+06 643717
13650 4.64916e+06 444701
13660 4.36168e+06 529735
13670 4.78311e+06 531534
13680 5.07369e+06 564211
13690.9 4.54406e+06 654338
13700 5.22722e+06 466634
13710.1 5.50233e+06 596158
13720.2 4.69038e+06 563462
13730 3.66513e+06 458284
13740.2 5.02938e+06 993563
13750 4.72747e+06 453248
13760.6 3.88254e+06 232943
13770 4.30707e+06 414531
13780 4.88203e+06 694331
13790 5.10975e+06 491418
13800.1 4.86967e+06 401911
13810 4.90779e+06 563502
13820 4.25452e+06 607211
13830 5.38281e+06 937734
13840.2 5.77642e+06 508552
13850 5.10254e+06 629420
13860 4.62031e+06 623704
13870.1 5.16333e+06 595787
13880.1 4.11129e+06 458940
13890 4.42144e+06 606549
13900 4.87688e+06 562872
13910 5.5384e+06 554038
13920 4.67492e+06 382750
13930 5.43536e+06 600080
13940.2 4.80784e+06 491497
13950.1 5.19836e+06 455318
13960 5.48276e+06 453997
13970 4.97477e+06 607149
13980 4.61001e+06 517330
13990.1 4.56879e+06 383028
14000 5.81866e+06 552848
14010 4.97271e+06 523187
14020.2 5.06853e+06 658295
14030.1 5.07369e+06 1.05207e+06
14040.1 5.19218e+06 543714
14050.1 5.33438e+06 524560
14060 5.02732e+06 396862
14070 4.82433e+06 581576
14080 5.17466e+06 548128
14090 5.25813e+06 890212
14100.1 4.89852e+06 959837
14110.2 5.74035e+06 648494
14120.4 4.42556e+06 791376
14130 4.9047e+06 446702
14140.2 5.57549e+06 524849
14150 4.66359e+06 747366
14160 4.7522e+06 432341
14170.1 5.26637e+06 669169
14180.1 5.54973e+06 680007
14190.4 5.52397e+06 573792
14200 4.7996e+06 539453
14210 4.91500e+06 416595
14220 5.06750e+06 466412
14230 4.4843e+06 285601
14240.1 4.95107e+06 606964
14250.1 4.17518e+06 779974
14260 4.47296e+06 317450
14270.1 4.9284e+06 528014
14280.2 4.68008e+06 557622
14290.4 4.95313e+06 417264
14300 5.03247e+06 425200
14310.4 4.92325e+06 629485
14320 4.81093e+06 444496
14330 5.1149e+06 836082
14340 5.04278e+06 629364
14350 4.94386e+06 266934
14360 5.30553e+06 376408
14370.2 5.0706e+06 733679
14380 5.74242e+06 1.06029e+06
14390 5.53531e+06 297462
14400.1 5.491e+06 524597
14410 5.32201e+06 963898
14420 5.17363e+06 504231
14430 6.41424e+06 1.03184e+06
14440 4.94489e+06 401689
14450 4.64092e+06 384379
14460 5.15612e+06 534469
14470 5.4436e+06 698732
14480 5.12521e+06 516124
14490 4.53067e+06 558039
14500 4.8336e+06 1.25041e+06
14510 5.76405e+06 695981
14520.1 5.60743e+06 943598
14530 5.83412e+06 545146
14540 5.32098e+06 848818
14550 5.20764e+06 399008
14560.6 4.78620e+06 491221
14570 5.10872e+06 295018
14580.2 6.04742e+06 687303
14590.1 5.28904e+06 600655
14600 5.26946e+06 727341
14610 5.79703e+06 583137
14620 5.62392e+06 496272
14630 4.4266e+06 391191
14640.2 4.81712e+06 319238
14650.1 4.31634e+06 483650
14660.4 4.96756e+06 491955
14670 5.12933e+06 600580
14680.2 6.10409e+06 780785
14690.1 5.13551e+06 431173
14700.1 5.22619e+06 617450
14710.4 5.21358e+06 564183
14720 4.86579e+06 525027
14730.1 5.13963e+06 554717
14740 4.85627e+06 713867
14750.4 4.64607e+06 1.12574e+06
14760 5.17982e+06 749680
14770 5.47966e+06 530708
14780 5.26122e+06 762242
14790 5.94334e+06 1.18433e+06
14800 4.99538e+06 862086
14810 5.44978e+06 493126
14820.9 5.22722e+06 592175
14830.1 4.76251e+06 677922
14840.1 4.9284e+06 746828
14850 4.60692e+06 446239
14860 5.74654e+06 459749
14870 5.14684e+06 364532
14880 5.152e+06 508986
14890.5 5.11078e+06 738826
14900 5.3385e+06 445850
14910 4.79754e+06 553136
14920.5 5.14788e+06 661359
14930 4.12881e+06 537688
14940 4.86864e+06 413954
14950.2 4.80990e+06 317326
14960.1 5.05411e+06 454999
14970.1 5.152e+06 668292
14980 4.82536e+06 393046
14990.2 5.0335e+06 1.12842e+06
15000 5.24473e+06 509867
15010 4.92222e+06 511839
15020 4.39568e+06 701478
15030 4.18857e+06 501841
15040 4.67904e+06 608079
15050 4.86554e+06 446461
15060.4 4.74499e+06 570959
15070 4.91707e+06 589992
15080 5.56931e+06 556364
15090 4.74293e+06 580242
15100 4.58116e+06 352709
15110 4.51418e+06 792928
15120.2 5.56622e+06 456593
15130 5.03041e+06 422282
15140.1 4.56467e+06 415431
15150 4.92531e+06 659769
15160.1 5.23649e+06 542618
15170.4 5.6775e+06 856314
15180 4.96343e+06 722331
15190.1 4.32871e+06 667095
15200 5.44051e+06 902308
15210.6 5.37868e+06 689985
15220 3.89285e+06 588889
15230.5 4.12778e+06 459590
15240 4.18239e+06 408799
15250 4.83669e+06 410310
15260.2 4.26276e+06 505381
15270.4 5.09636e+06 796753
15280 5.32407e+06 723626
15290 5.61774e+06 679753
15300 4.78621e+06 562840
15310 4.30913e+06 592020
15320 5.05514e+06 519337
15330.8 4.67183e+06 680994
15340 4.83566e+06 574420
15350.4 4.75323e+06 652767
15360 5.39826e+06 536148
15370.4 4.4472e+06 459713
15380.1 4.08656e+06 379525
15390 4.85318e+06 860245
15400.1 4.56055e+06 630336
15410 3.60124e+06 371775
15420 4.80475e+06 531607
15430 4.74499e+06 459955
15440 4.1422e+06 595152
15450 4.67904e+06 500021
15460 5.16436e+06 383234
15470 5.3488e+06 850646
15480 4.97889e+06 561166
15490 4.61207e+06 959136
15500 4.40496e+06 520730
15510 4.97374e+06 676250
15520 5.49203e+06 624405
15530 4.33489e+06 398480
15540 4.63886e+06 443031
15550.1 4.19476e+06 310868
15560 5.27358e+06 601375
15570 4.53067e+06 453217
15580.2 5.05823e+06 369757
15590 4.98301e+06 521257
15600 4.75426e+06 418750
15610 4.46472e+06 542523
15620 4.96652e+06 596330
15630 4.72438e+06 507820
15640 4.41732e+06 325200
15650 4.35962e+06 397620
15660 4.87173e+06 376518
15670.1 4.41629e+06 809571
15680.2 3.59094e+06 444970
15690.2 4.53376e+06 734878
15700 3.89697e+06 456084
15710 4.55539e+06 404500
15720.1 4.8573e+06 678213
15730.1 4.94695e+06 965769
15740 4.63989e+06 392733
15750 3.95364e+06 351817
15760 5.00259e+06 496917
15770.4 4.86348e+06 752348
15780.2 4.6314e+06 576873
15790.2 5.69114e+06 844502
15800.1 4.97271e+06 659996
15810.4 4.65225e+06 677071
15820 4.66256e+06 670649
15830 4.67801e+06 553830
15840 4.78311e+06 1.32675e+06
15850 5.26225e+06 446956
15860 4.53273e+06 685010
15870 4.37817e+06 716306
15880.2 4.24524e+06 573598
15890 4.60176e+06 396699
15900 4.26894e+06 492437
15910.4 3.89285e+06 449199
15920 3.90418e+06 507917
15930.1 3.97322e+06 441877
15940.1 4.86761e+06 703468
15950.1 3.34158e+06 551242
15960.1 4.0268e+06 424615
15970 3.49202e+06 529415
15980 4.74293e+06 371611
15990.5 4.90058e+06 541834
16000 3.71665e+06 353862
16010.1 4.18754e+06 600319
16020 4.82227e+06 405514
16030.1 5.34571e+06 922996
16040 5.34365e+06 966297
16050 4.80887e+06 790966
16060.1 4.69759e+06 443445
16070 4.85009e+06 656380
16080.2 4.24009e+06 890442
16090.1 4.67389e+06 301737
16100 4.31943e+06 770132
16110.2 4.34725e+06 204694
16120.2 4.87379e+06 1.13742e+06
16130.1 4.74911e+06 526329
16140.2 4.98816e+06 362925
16150.2 4.16693e+06 573217
16160 4.19166e+06 513243
16170 4.38023e+06 429582
16180 4.01134e+06 550369
16190 3.55385e+06 365263
16200 3.932e+06 462451
16210 4.02577e+06 464083
16220.1 4.93767e+06 559954
16230 4.19476e+06 482157
16240 4.69038e+06 453013
16250.1 3.32716e+06 315302
16260 3.04277e+06 300483
16270.2 3.96782e+06 265340
16280 3.6561e+06 652118
16290.1 3.23442e+06 286140
16300 3.76096e+06 424196
16310 4.27616e+06 579781
16320 3.78569e+06 568143
16330 4.38744e+06 440003
16340 4.881e+06 565209
16350 4.2133e+06 507421
16360 4.80269e+06 640155
16370.2 4.95107e+06 576086
16380 4.78724e+06 357399
16390 4.43072e+06 486585
16400 4.89234e+06 499562
16410 4.58013e+06 474969
16420 4.59352e+06 423342
16430.1 4.64195e+06 300889
16440 4.18239e+06 380009
16450 4.35756e+06 592658
16460 4.46678e+06 325089
16470.1 4.92119e+06 521497
16480 4.75529e+06 455748
16490 5.0232e+06 674272
16500.4 4.77796e+06 531159
16510 4.81196e+06 487935
16520.1 4.55952e+06 306618
16530.5 4.87997e+06 884302
16540 4.19888e+06 627590
16550 4.97065e+06 757236
16560 4.69038e+06 540466
16570.2 5.21279e+06 614422
16580 5.06235e+06 480097
16590 5.34571e+06 482119
16600.1 5.05926e+06 548887
16610.2 5.53737e+06 685408
16620.4 4.78518e+06 610101
16630.1 4.77693e+06 358576
16640 4.65431e+06 425257
16650 4.85833e+06 660328
16660.2 4.4606e+06 412935
16670.6 4.80372e+06 497411
16680 4.18033e+06 449563
16690 3.90934e+06 446642
16700 4.45339e+06 472381
16710 4.74911e+06 664956
16720.4 4.56879e+06 462595
16730.1 4.71614e+06 745810
16740.1 4.86658e+06 491918
16750 5.08193e+06 373144
16760 4.41938e+06 384560
16770 4.63267e+06 489206
16780.1 4.56364e+06 408041
16790.1 3.6167e+06 382023
16800 4.33901e+06 526296
16810.1 3.84442e+06 648784
16820.4 4.25761e+06 515118
16830 4.31119e+06 855565
16840.1 4.91913e+06 571311
16850 4.92531e+06 792547
16860.1 4.25761e+06 485070
16870 3.98662e+06 776861
16880 4.47399e+06 342422
16890 4.87173e+06 534435
16900.4 4.02268e+06 598630
16910 2.77074e+06 273258
16920 3.21278e+06 387748
16930 3.45184e+06 440953
16940 3.44153e+06 471277
16950.1 4.11026e+06 514521
16960 4.20197e+06 338467
16970 5.01908e+06 366859
16980.1 5.31892e+06 608056
16990 4.95416e+06 652679
17000 4.77796e+06 953905
17010.1 5.21691e+06 738547
17020.1 5.19012e+06 839780
17030 5.27564e+06 1.09984e+06
17040 5.19424e+06 840481
17050 4.70995e+06 679145
17060.1 4.70171e+06 478472
17070 4.37095e+06 280752
17080.1 4.62443e+06 499664
17090.1 5.18497e+06 552246
17100 5.18806e+06 749505
17110.1 4.69553e+06 677970
17120 4.11026e+06 562218
17131 4.50388e+06 427389
17140.2 3.92788e+06 212927
17150 4.0371e+06 508324
17160 3.70326e+06 240243
17170 3.32613e+06 462765
17180 4.43175e+06 643973
17190 3.92891e+06 435840
17200 4.16384e+06 339308
17210 3.7826e+06 316393
17220.1 4.32046e+06 515022
17230 4.93046e+06 577107
17240 5.0335e+06 867958
17250.1 4.62031e+06 311154
17260 4.61001e+06 402649
17270 4.9861e+06 550152
17280 4.79651e+06 637311
17290.1 4.61413e+06 606623
17300 3.89079e+06 285906
17310.1 4.5183e+06 378704
17320 4.65844e+06 535952
17330 5.17776e+06 569684
17340 5.25091e+06 572123
17350.1 4.85318e+06 510586
17360 4.91294e+06 378416
17370.2 4.94695e+06 637385
17380 4.40496e+06 433491
17390.8 4.89028e+06 830784
17400 4.02474e+06 712885
17410 4.3081e+06 401076
17420 4.06080e+06 398465
17430.1 3.95467e+06 451098
17440.1 3.85575e+06 306833
17450 3.67131e+06 283590
17460 4.61825e+06 995486
17470 4.17827e+06 699592
17480.2 4.71614e+06 645263
17490 4.87894e+06 530778
17500 4.58116e+06 575813
17510 5.55385e+06 491024
17520 4.69759e+06 855564
17530.1 4.73056e+06 340470
17540 4.98198e+06 723029
17550.5 4.31507e+06 319570
17560.6 4.84391e+06 687413
17570.1 5.13885e+06 1.23533e+06
17580 5.1386e+06 567768
17590 4.85627e+06 600064
17600 4.55024e+06 497573
17610 4.94282e+06 779490
17620 5.44978e+06 593924
17630 5.38899e+06 459623
17640 5.3725e+06 711565
17650 5.10048e+06 928236
17660 4.30398e+06 354776
17670 4.68626e+06 499934
17680 4.81712e+06 574280
17690 4.61516e+06 619658
17700 5.51264e+06 573221
17710 4.68522e+06 748185
17720.1 4.53788e+06 424528
17730 4.86039e+06 580290
17740.4 4.48018e+06 537176
17750 4.12881e+06 446127
17760.1 5.24164e+06 640916
17770.2 4.89852e+06 748080
17780.1 4.99331e+06 392053
17790.1 4.43587e+06 497865
17800.9 4.01856e+06 339873
17810.1 4.17312e+06 249790
17820 4.38744e+06 475799
17830.1 4.65225e+06 377247
17840 4.95725e+06 463607
17850 5.16642e+06 568067
17860 4.915e+06 483871
17870 4.38847e+06 349804
17880 4.34622e+06 419516
17890 5.28595e+06 639507
17900.1 5.15303e+06 646086
17910.1 4.05462e+06 513010
17920 4.52860e+06 539493
17930 4.6811e+06 539181
17940.6 4.63783e+06 417145
17950 5.15303e+06 720947
17960 5.16127e+06 707217
17970 4.83566e+06 753258
17980 4.36271e+06 554743
17990 4.58528e+06 407311
18000 5.33953e+06 535728
18010 5.25504e+06 601618
18020 5.33541e+06 643047
18030.4 5.01598e+06 782109
18040 5.07265e+06 899425
18050 4.96652e+06 710451
18060 5.18885e+06 796464
18070 5.30062e+06 1.03658e+06
18080 5.11078e+06 579618
18090 5.2911e+06 531432
18100 4.70171e+06 615100
18110 4.58012e+06 323979
18120 5.14890e+06 699788
18130 5.13242e+06 847247
18140.2 5.19115e+06 675443
18150 4.63577e+06 720900
18160.1 5.16436e+06 709789
18170 4.53685e+06 477777
18181 5.27668e+06 603171
18190 5.04381e+06 646627
18200 5.37869e+06 420961
18210 5.78878e+06 644760
18220 4.2741e+06 738654
18230 4.47502e+06 833745
18240 5.04381e+06 605395
18250 5.33541e+06 363148
18260 4.67904e+06 712601
18270 5.62804e+06 640411
18280 4.77384e+06 475637
18290.2 5.62392e+06 806477
18300 4.86761e+06 1.14677e+06
18310 4.7893e+06 632196
18320 4.78208e+06 685835
18330 4.55952e+06 760973
18340 4.37095e+06 568621
18350 4.79857e+06 545442
18360 5.13242e+06 954863
18370 5.16436e+06 816090
18380 4.42866e+06 625548
18390 5.23855e+06 619876
18400 4.37404e+06 598415
18410 4.9624e+06 987319
18420.1 5.1757e+06 893674
18430 4.70686e+06 606043
18440 4.63061e+06 194637
18450.1 4.97271e+06 604520
18460 5.3282e+06 637340
18470 3.76714e+06 784625
18480 4.83566e+06 651240
18490.2 5.09533e+06 644513
18500 5.34674e+06 538682
18510 4.04844e+06 470856
18520 5.33438e+06 429716
18530 5.4096e+06 635677
18540 4.76869e+06 353197
18550.2 4.15869e+06 404718
18560 4.05153e+06 716451
18570.1 5.43742e+06 658684
18580.9 4.69244e+06 521024
18590.4 4.76148e+06 312831
18600.1 5.23958e+06 663208
18610 5.0675e+06 549867
18620 4.86245e+06 598911
18630 5.2808e+06 289482
18640 5.00362e+06 623212
18650.1 4.94179e+06 923541
18660 4.2267e+06 547172
18670 4.48636e+06 170791
18680.2 5.05799e+06 651928
18690.5 5.30268e+06 892408
18700 4.48327e+06 805704
18710 3.93922e+06 486876
18720 5.07781e+06 865769
18730.1 5.10563e+06 407228
18740.1 4.60382e+06 525567
18750 4.71202e+06 660796
18760.5 4.68626e+06 840326
18770 4.76148e+06 462587
18780.2 4.74087e+06 763554
18790 3.83721e+06 382183
18800 4.03298e+06 394824
18810 5.17776e+06 515885
18820.9 5.18806e+06 589770
18830 4.65637e+06 370516
18840.8 5.26843e+06 889302
18851 5.01392e+06 571572
18860 4.42969e+06 218309
18870.1 4.74396e+06 719336
18880 4.82845e+06 497189
18890 4.98507e+06 698913
18900 4.96034e+06 615177
18910 5.18188e+06 534288
18920 5.55488e+06 975664
18930.4 5.69811e+06 558553
18940.4 4.84494e+06 488144
18950 4.98198e+06 710968
18960 4.73984e+06 274016
18970 4.52345e+06 393636
18980.4 4.87482e+06 643063
18990.2 4.06183e+06 634925
19000.1 5.12005e+06 740049
19010.5 5.11902e+06 518558
19020.1 4.70583e+06 610115
19030.1 3.98146e+06 367534
19040 4.70068e+06 698636
19050 3.78363e+06 487674
19060 4.77281e+06 416914
19070.1 4.65019e+06 468714
19080 4.50594e+06 451081
19090 4.99228e+06 653407
19100.5 4.69553e+06 376656
19110 4.86452e+06 557616
19120 4.45957e+06 457546
19130 4.6605e+06 426914
19140 4.30295e+06 449301
19150 3.19836e+06 218984
19160.1 4.71510e+06 558867
19170.1 4.63268e+06 696529
19180.1 4.54097e+06 400078
19190.1 3.81248e+06 613451
19200 4.576e+06 634133
19210 4.24422e+06 858595
19220.4 5.14478e+06 672537
19230 4.77796e+06 370941
19240 4.5554e+06 493429
19250.6 4.80578e+06 432088
19260 5.35602e+06 287660
19270.2 4.82227e+06 733251
19280.1 4.2267e+06 274952
19290 4.5317e+06 410075
19300 4.95107e+06 465326
19310.1 5.17260e+06 329206
19320.1 5.01392e+06 757440
19330 3.82999e+06 344107
19340.2 4.80166e+06 344477
19350.2 4.97374e+06 1.28081e+06
19360 4.95107e+06 525373
19370.5 5.60331e+06 543070
19380 4.66771e+06 606967
19390 4.21639e+06 390722
19400 4.93149e+06 553948
19410 5.32304e+06 362571
19420 5.14066e+06 237225
19430 4.62134e+06 877615
19441 4.64298e+06 469652
19450 4.46987e+06 676162
19460 4.79548e+06 660005
19470 4.99332e+06 780921
19480 5.5147e+06 623900
19490 5.34468e+06 645525
19500.1 4.86452e+06 666353
19510 5.25504e+06 818639
19520.8 4.87791e+06 470514
19530.1 4.55539e+06 499907
19540 4.16384e+06 570573
19550 4.44308e+06 645463
19560.9 4.55436e+06 519252
19570.4 5.11696e+06 851563
19580.1 5.20249e+06 695043
19590 5.13654e+06 696629
19600.1 5.22412e+06 849067
19610 5.11284e+06 677720
19620 4.93046e+06 409707
19630.1 5.09429e+06 564512
19640 5.27874e+06 739995
19650 4.77796e+06 211821
19660.2 5.28595e+06 447907
19670 4.64607e+06 422914
19680.1 4.80784e+06 489618
19690.1 4.60898e+06 513822
19700 5.00877e+06 736184
19710 4.94592e+06 462786
19720 5.94437e+06 829962
19730 5.53015e+06 619738
19740 5.47657e+06 810919
19750 4.93664e+06 527058
19760 5.28183e+06 458476
19770 5.29625e+06 683648
19780 4.86967e+06 509803
19790 5.00465e+06 1.04128e+06
19800 4.69965e+06 668630
19810 4.97889e+06 993037
19820 4.93767e+06 844985
19830 4.65328e+06 706109
19840 5.37868e+06 553606
19850 5.37147e+06 450085
19860 4.44514e+06 596166
19870.8 4.83051e+06 787126
19880 4.91913e+06 752099
19890 5.04071e+06 587839
19900 5.17054e+06 862409
19910.1 5.46524e+06 883682
19920 5.53221e+06 717529
19930.2 5.47348e+06 606704
19940.2 4.93561e+06 645463
19950 5.34468e+06 709296
19960.1 4.94179e+06 624605
19970 4.36889e+06 557347
19980.2 4.92119e+06 468611
19990.1 4.97477e+06 359540
20000.8 4.65431e+06 1.32756e+06
20010.2 4.59249e+06 536213
20020.1 4.84803e+06 534648
20030.2 4.86761e+06 383976
20040 4.32665e+06 369474
20050 4.93974e+06 160443
20060 4.55746e+06 273195
20070 5.29832e+06 833930
20080 4.89337e+06 724196
20090.2 5.38796e+06 439625
20100.6 4.66565e+06 510648
20110 4.97992e+06 556905
20120 4.65122e+06 711367
20130 4.75426e+06 292125
20140 4.80063e+06 641975
20150.2 5.09945e+06 437899
20160 4.78311e+06 335537
20170 5.00362e+06 465526
20180.1 5.51573e+06 783025
20190.1 4.99847e+06 302088
20200 4.82948e+06 398170
20210 5.91861e+06 618395
20220 5.12005e+06 716035
20230.1 5.09326e+06 433615
20240 5.17673e+06 591011
20250 4.51624e+06 190952
20260 5.09223e+06 1.0008e+06
20270.1 5.08708e+06 911987
20280.5 5.4199e+06 949556
20290 4.56261e+06 672787
20300.1 5.35808e+06 724402
20310.2 5.40857e+06 524504
20320 4.0268e+06 778835
20330 4.87894e+06 393371
20340 4.39568e+06 495074
20350.1 4.90367e+06 728093
20360.1 4.49563e+06 854223
20370 4.2947e+06 763470
20380.1 4.90882e+06 496112
20390 4.02165e+06 427300
20400 4.50491e+06 420971
20410 4.91294e+06 482047
20420 4.89955e+06 674334
20430.2 5.07472e+06 696256
20440 4.85524e+06 775196
20450.1 5.38280e+06 1.1688e+06
20460 5.46421e+06 1.08003e+06
20470.1 4.74499e+06 790645
20480 5.28801e+06 592282
20490 5.13448e+06 633726
20500.9 4.31943e+06 663731
20510.2 4.49872e+06 527617
20520.1 5.04071e+06 661152
20530 4.55333e+06 529641
20540 4.79754e+06 727091
20550 4.21846e+06 469816
20560.6 4.92531e+06 632815
20570 4.69553e+06 629028
20580 4.84906e+06 583944
20590 4.76456e+06 639986
20600 4.47193e+06 392827
20610.1 4.17621e+06 659476
20620.2 4.87585e+06 674935
20630 3.92582e+06 473876
20640 4.24628e+06 457050
20650.1 4.1453e+06 264138
20660 4.79754e+06 848612
20670.1 4.87379e+06 487504
20680 5.11078e+06 884298
20690 5.09738e+06 999665
20700 4.92428e+06 802164
20710 4.53582e+06 854264
20720 4.95107e+06 578197
20730 4.89543e+06 361432
20740.1 5.04380e+06 634660
20750 5.09635e+06 829473
20760.2 4.8944e+06 759637
20770.1 4.5791e+06 259992
20780 4.76663e+06 472321
20790 4.45236e+06 532008
20800 4.77384e+06 567327
20810.1 5.10769e+06 549726
20820 4.4709e+06 453355
20830 5.13963e+06 598441
20840 5.46421e+06 882434
20850.1 4.52551e+06 599847
20860 4.41732e+06 404367
20870 4.41423e+06 393869
20880 4.94592e+06 872333
20890 4.95519e+06 437580
20900 4.64092e+06 570692
20910 5.08605e+06 738865
20920 5.11696e+06 401723
20930 4.09996e+06 404124
20940 4.61928e+06 453226
20950 4.94386e+06 880168
20960.5 4.41011e+06 652590
20970 5.37765e+06 590638
20980 5.0675e+06 496903
20990 4.79342e+06 358257
21000.1 5.18497e+06 423338
21010.2 5.74757e+06 1.07455e+06
21020.1 5.21176e+06 613729
21030 5.2571e+06 485271
21040 5.55900e+06 719618
21050 4.73366e+06 847090
21060 4.81093e+06 512016
21070.1 5.03144e+06 949742
21080.1 5.05308e+06 486611
21090 4.97065e+06 722005
21100 4.89543e+06 530340
21110.2 4.94283e+06 955797
21120.2 4.79548e+06 418271
21130 5.40754e+06 635899
21140 5.00568e+06 1.00084e+06
21150.1 4.99847e+06 848969
21160.5 4.6842e+06 461092
21170 4.77281e+06 695266
21180 5.02938e+06 816325
21190 5.22516e+06 644259
21200.2 4.9995e+06 505823
21210 4.70068e+06 357835
21220 5.05308e+06 558870
21230 5.07369e+06 653303
21240 4.8944e+06 1.13879e+06
21250.2 5.37765e+06 891101
21260 4.21227e+06 420678
21270 5.04896e+06 615165
21280 4.16075e+06 576153
21290 5.19527e+06 813619
21300 4.97271e+06 243117
21310 4.68523e+06 590136
21320.1 5.13551e+06 476978
21330.2 4.16281e+06 673112
21340 4.4709e+06 497957
21350.1 4.80269e+06 679106
21360 4.56467e+06 649776
21370 5.35396e+06 627986
21380 4.46884e+06 427524
21390 4.75323e+06 673372
21400 5.10048e+06 441574
21410.9 4.56776e+06 479085
21420 4.24731e+06 591325
21430 3.96085e+06 546516
21440 5.20249e+06 814195
21450.1 5.15715e+06 1.11184e+06
21460 5.27049e+06 722401
21470 4.35962e+06 459670
21480 4.72747e+06 626331
21490 5.47039e+06 487358
21500 4.29367e+06 489208
21510 4.71408e+06 813226
21520 5.15818e+06 1.00869e+06
21530 4.78414e+06 706587
21540 5.33438e+06 486044
21550 5.37044e+06 618130
21560.5 3.93406e+06 613168
21570 4.6131e+06 589513
21580 5.41784e+06 873579
21590 5.12418e+06 916475
