# TimeStamp(s) Sum Stdev
0 1.17888e+07 0
10 1.31131e+07 0
20 1.38555e+07 0
30 1.27533e+07 0
40 1.32811e+07 0
50 1.18545e+07 0
60 1.15866e+07 0
70 1.18115e+07 0
80 1.17185e+07 0
90 1.13948e+07 0
100 1.06683e+07 0
110 1.20604e+07 0
120 1.18499e+07 0
130 1.32613e+07 0
140 1.26117e+07 0
150 1.24214e+07 0
160 1.22009e+07 0
170 1.31498e+07 0
180 1.08237e+07 0
190 1.06938e+07 0
200 1.16308e+07 0
210 1.21193e+07 0
220 1.08829e+07 0
230 1.16862e+07 0
240 1.11462e+07 0
250 1.20043e+07 0
260 1.06393e+07 0
270 1.29327e+07 0
280 1.11832e+07 0
290 1.16411e+07 0
300 1.23372e+07 0
310 1.20525e+07 0
320 1.23193e+07 0
330 1.29451e+07 0
340 1.21519e+07 0
350 1.20103e+07 0
360 1.22466e+07 0
370 9.86874e+06 0
380 1.03569e+07 0
390 1.02005e+07 0
400 1.21542e+07 0
410 1.18278e+07 0
420 1.31505e+07 0
430 1.19808e+07 0
440 1.21503e+07 0
450 1.18018e+07 0
460 1.26281e+07 0
470 1.10609e+07 0
480 1.27526e+07 0
490 1.14228e+07 0
500 1.19421e+07 0
510 1.14051e+07 0
520 1.16761e+07 0
530 1.26229e+07 0
540 1.23435e+07 0
550 1.16998e+07 0
560 1.10945e+07 0
570 1.33019e+07 0
580 1.24772e+07 0
590 1.18672e+07 0
600 1.11423e+07 0
610 1.13054e+07 0
620 1.04553e+07 0
630 1.13031e+07 0
640 1.20701e+07 0
650 1.11155e+07 0
660 1.10428e+07 0
670 1.14135e+07 0
680 1.18414e+07 0
690 1.17169e+07 0
700 1.09483e+07 0
710 1.10785e+07 0
720 1.21722e+07 0
730 1.16065e+07 0
740 1.11193e+07 0
750 1.15125e+07 0
760 1.10084e+07 0
770 1.15135e+07 0
780 1.13196e+07 0
790 1.03718e+07 0
800 1.14859e+07 0
810 1.16906e+07 0
820 1.16893e+07 0
830 1.05859e+07 0
840 1.09023e+07 0
850 1.18575e+07 0
860 1.16008e+07 0
870 1.23727e+07 0
880 1.22599e+07 0
890 1.12945e+07 0
900 1.10041e+07 0
910 1.1986e+07 0
920 1.09469e+07 0
930 1.12547e+07 0
940 1.09878e+07 0
950 1.10582e+07 0
960 1.08341e+07 0
970 1.18261e+07 0
980 1.20494e+07 0
990 1.16929e+07 0
1000 1.15349e+07 0
1010 1.09961e+07 0
1020 1.18262e+07 0
1030 1.18275e+07 0
1040 1.20485e+07 0
1050 1.09602e+07 0
1060 1.14e+07 0
1070 1.19162e+07 0
1080 9.61791e+06 0
1090 1.22165e+07 0
1100 1.29817e+07 0
1110 1.22501e+07 0
1120 1.2416e+07 0
1130 1.30135e+07 0
1140 1.32969e+07 0
1150 1.2015e+07 0
1160 1.13092e+07 0
1170 9.83164e+06 0
1180 1.22482e+07 0
1190 1.29993e+07 0
1200 1.15277e+07 0
1210 1.21428e+07 0
1220 1.23347e+07 0
1230 1.27752e+07 0
1240 1.21331e+07 0
1250 1.08426e+07 0
1260 1.00567e+07 0
1270 1.00501e+07 0
1280 1.11387e+07 0
1290 1.23202e+07 0
1300 1.21381e+07 0
1310 1.23289e+07 0
1320 1.139e+07 0
1330 1.12735e+07 0
1340 1.23471e+07 0
1350 1.01217e+07 0
1360 1.25649e+07 0
1370 1.10217e+07 0
1380 1.0574e+07 0
1390 1.21231e+07 0
1400 1.31536e+07 0
1410 1.26582e+07 0
1420 1.28035e+07 0
1430 1.2354e+07 0
1440 1.2168e+07 0
1450 1.27432e+07 0
1460 1.1699e+07 0
1470 1.23306e+07 0
1480 1.24081e+07 0
1490 1.31629e+07 0
1500 1.20918e+07 0
1510 1.18628e+07 0
1520 1.12971e+07 0
1530 1.15599e+07 0
1540 1.30475e+07 0
1550 1.25019e+07 0
1560 1.28182e+07 0
1570 1.32453e+07 0
1580 1.35255e+07 0
1590 1.30241e+07 0
1600 1.27677e+07 0
1610 1.27533e+07 0
1620 1.2557e+07 0
1630 1.36539e+07 0
1640 1.20588e+07 0
1650 1.16845e+07 0
1660 1.30078e+07 0
1670 1.38517e+07 0
1680 1.1668e+07 0
1690 1.15331e+07 0
1700 1.19073e+07 0
1710 1.23844e+07 0
1720 1.31766e+07 0
1730 1.2667e+07 0
1740 1.197e+07 0
1750 1.24689e+07 0
1760 1.09589e+07 0
1770 1.22332e+07 0
1780 1.19398e+07 0
1790 1.22502e+07 0
1800 1.10562e+07 0
1810 1.16042e+07 0
1820 1.18628e+07 0
1830 1.30624e+07 0
1840 1.18556e+07 0
1850 1.11003e+07 0
1860 1.2072e+07 0
1870 1.18978e+07 0
1880 1.19073e+07 0
1890 1.22412e+07 0
1900 1.33259e+07 0
1910 1.21851e+07 0
1920 1.21477e+07 0
1930 1.299e+07 0
1940 1.33184e+07 0
1950 1.33724e+07 0
1960 1.20047e+07 0
1970 1.18388e+07 0
1980 1.14112e+07 0
1990 1.2081e+07 0
2000 1.21415e+07 0
2010 1.11093e+07 0
2020 1.19491e+07 0
2030 1.12181e+07 0
2040 1.04799e+07 0
2050 1.22737e+07 0
2060 1.14914e+07 0
2070 1.09063e+07 0
2080 1.0956e+07 0
2090 1.23616e+07 0
2100 1.13553e+07 0
2110 1.14e+07 0
2120 1.09019e+07 0
2130 1.09623e+07 0
2140 1.23088e+07 0
2150 1.27969e+07 0
2160 1.23613e+07 0
2170 1.35864e+07 0
2180 1.30121e+07 0
2190 1.14539e+07 0
2200 1.28648e+07 0
2210 1.25329e+07 0
2220 1.1781e+07 0
2230 1.18262e+07 0
2240 1.14363e+07 0
2250 1.12966e+07 0
2260 1.16073e+07 0
2270 1.23839e+07 0
2280 1.07786e+07 0
2290 1.01508e+07 0
2300 1.05166e+07 0
2310 1.13594e+07 0
2320 1.1604e+07 0
2330 1.23032e+07 0
2340 1.30774e+07 0
2350 1.24219e+07 0
2360 1.32864e+07 0
2370 1.27487e+07 0
2380 1.15392e+07 0
2390 1.2202e+07 0
2400 1.12083e+07 0
2410 1.0989e+07 0
2420 1.10045e+07 0
2430 1.21946e+07 0
2440 1.28056e+07 0
2450 1.187e+07 0
2460 1.31065e+07 0
2470 1.19501e+07 0
2480 1.23481e+07 0
2490 1.24738e+07 0
2500 1.24274e+07 0
2510 1.15648e+07 0
2520 1.12644e+07 0
2530 1.14854e+07 0
2540 1.23831e+07 0
2550 1.19069e+07 0
2560 1.11572e+07 0
2570 1.16348e+07 0
2580 1.18795e+07 0
2590 1.17296e+07 0
2600 1.13661e+07 0
2610 1.25212e+07 0
2620 1.17247e+07 0
2630 1.19019e+07 0
2640 1.22665e+07 0
2650 1.13175e+07 0
2660 1.2224e+07 0
2670 1.23211e+07 0
2680 1.16699e+07 0
2690 1.31186e+07 0
2700 1.23571e+07 0
2710 1.0964e+07 0
2720 1.11132e+07 0
2730 1.19217e+07 0
2740 1.08516e+07 0
2750 1.23701e+07 0
2760 1.30623e+07 0
2770 1.35962e+07 0
2780 1.32252e+07 0
2790 1.36487e+07 0
2800 1.20143e+07 0
2810 1.22401e+07 0
2820 1.13497e+07 0
2830 1.15753e+07 0
2840 1.17979e+07 0
2850 1.06879e+07 0
2860 1.10325e+07 0
2870 1.08826e+07 0
2880 1.08172e+07 0
2890 1.15032e+07 0
2900 1.10413e+07 0
2910 1.10413e+07 0
2920 1.18012e+07 0
2930 1.09055e+07 0
2940 1.16297e+07 0
2950 1.1241e+07 0
2960 1.16286e+07 0
2970 1.31508e+07 0
2980 1.16884e+07 0
2990 1.21727e+07 0
3000 1.16464e+07 0
3010 1.09269e+07 0
3020 1.31497e+07 0
3030 1.30591e+07 0
3040 1.20861e+07 0
3050 1.15689e+07 0
3060 1.04414e+07 0
3070 1.09445e+07 0
3080 1.25037e+07 0
3090 1.10856e+07 0
3100 1.16797e+07 0
3110 1.33025e+07 0
3120 1.25717e+07 0
3130 1.31124e+07 0
3140 1.25797e+07 0
3150 1.26922e+07 0
3160 1.31436e+07 0
3170 1.46353e+07 0
3180 1.30332e+07 0
3190 1.27678e+07 0
3200 1.28607e+07 0
3210 1.19357e+07 0
3220 1.23491e+07 0
3230 1.29137e+07 0
3240 1.21989e+07 0
3250 1.21809e+07 0
3260 1.26755e+07 0
3270 1.18458e+07 0
3280 1.1909e+07 0
3290 1.12402e+07 0
3300 1.23877e+07 0
3310 1.171e+07 0
3320 1.14811e+07 0
3330 1.14481e+07 0
3340 1.12958e+07 0
3350 1.20284e+07 0
3360 1.23448e+07 0
3370 1.1335e+07 0
3380 1.20243e+07 0
3390 1.13381e+07 0
3400 1.14172e+07 0
3410 1.15044e+07 0
3420 1.10607e+07 0
3430 1.15967e+07 0
3440 1.32205e+07 0
3450 1.26219e+07 0
3460 1.1392e+07 0
3470 1.02964e+07 0
3480 1.05433e+07 0
3490 1.03079e+07 0
3500 1.17732e+07 0
3510 1.14851e+07 0
3520 1.08611e+07 0
3530 1.25416e+07 0
3540 1.30777e+07 0
3550 1.3004e+07 0
3560 1.26567e+07 0
3570 1.03407e+07 0
3580 1.14495e+07 0
3590 1.20726e+07 0
3600 1.21818e+07 0
3610 1.14065e+07 0
3620 1.21097e+07 0
3630 1.15158e+07 0
3640 1.2098e+07 0
3650 1.05411e+07 0
3660 1.04457e+07 0
3670 1.15817e+07 0
3680 1.20617e+07 0
3690 1.23459e+07 0
3700 1.21748e+07 0
3710 1.18095e+07 0
3720 1.14693e+07 0
3730 1.25462e+07 0
3740 1.36569e+07 0
3750 1.30779e+07 0
3760 1.15311e+07 0
3770 1.16134e+07 0
3780 1.10573e+07 0
3790 1.15904e+07 0
3800 1.17513e+07 0
3810 1.09734e+07 0
3820 1.17161e+07 0
3830 1.14989e+07 0
3840 1.16349e+07 0
3850 1.21827e+07 0
3860 1.12044e+07 0
3870 1.11676e+07 0
3880 1.00563e+07 0
3890 1.01572e+07 0
3900 1.09811e+07 0
3910 1.12521e+07 0
3920 1.21235e+07 0
3930 1.10058e+07 0
3940 1.1954e+07 0
3950 1.18342e+07 0
3960 1.20444e+07 0
3970 1.20778e+07 0
3980 1.11276e+07 0
3990 1.32039e+07 0
4000 1.20566e+07 0
4010 1.10177e+07 0
4020 1.14324e+07 0
4030 1.11984e+07 0
4040 1.09249e+07 0
4050 9.53533e+06 0
4060 1.11218e+07 0
4070 1.11201e+07 0
4080 1.38385e+07 0
4090 1.27234e+07 0
4100 1.17799e+07 0
4110 1.29426e+07 0
4120 1.22976e+07 0
4130 1.29185e+07 0
4140 1.37729e+07 0
4150 1.22232e+07 0
4160 1.16447e+07 0
4170 1.22549e+07 0
4180 1.26568e+07 0
4190 1.22577e+07 0
4200 1.349e+07 0
4210 1.32069e+07 0
4220 1.09208e+07 0
4230 1.12212e+07 0
4240 1.16833e+07 0
4250 1.21357e+07 0
4260 1.22181e+07 0
4270 1.24219e+07 0
4280 1.29751e+07 0
4290 1.20152e+07 0
4300 1.18317e+07 0
4310 1.225e+07 0
4320 1.15712e+07 0
4330 9.96226e+06 0
4340 9.79533e+06 0
4350 1.04553e+07 0
4360 1.01871e+07 0
4370 1.20153e+07 0
4380 1.22779e+07 0
4390 1.28575e+07 0
4400 1.03896e+07 0
4410 1.02011e+07 0
4420 1.06951e+07 0
4430 1.03175e+07 0
4440 1.0055e+07 0
4450 1.19489e+07 0
4460 1.1977e+07 0
4470 1.32841e+07 0
4480 1.25169e+07 0
4490 1.17721e+07 0
4500 1.10153e+07 0
4510 1.02518e+07 0
4520 1.13312e+07 0
4530 1.26458e+07 0
4540 1.23425e+07 0
4550 1.18945e+07 0
4560 1.22781e+07 0
4570 1.18443e+07 0
4580 1.16576e+07 0
4590 1.27694e+07 0
4600 1.23291e+07 0
4610 1.24213e+07 0
4620 1.26442e+07 0
4630 1.18092e+07 0
4640 1.14767e+07 0
4650 1.19864e+07 0
4660 1.20102e+07 0
4670 1.30648e+07 0
4680 1.18168e+07 0
4690 1.07381e+07 0
4700 1.0435e+07 0
4710 1.1168e+07 0
4720 1.22595e+07 0
4730 1.22145e+07 0
4740 1.08184e+07 0
4750 1.09082e+07 0
4760 1.24183e+07 0
4770 1.14457e+07 0
4780 1.05261e+07 0
4790 1.17047e+07 0
4800 1.39319e+07 0
4810 1.38731e+07 0
4820 1.23464e+07 0
4830 1.24017e+07 0
4840 1.26852e+07 0
4850 1.17613e+07 0
4860 1.18451e+07 0
4870 1.22635e+07 0
4880 1.15285e+07 0
4890 1.09123e+07 0
4900 1.13267e+07 0
4910 1.12475e+07 0
4920 1.15594e+07 0
4930 1.25764e+07 0
4940 1.24576e+07 0
4950 1.35485e+07 0
4960 1.24251e+07 0
4970 1.28618e+07 0
4980 1.22193e+07 0
4990 1.25079e+07 0
5000 1.31967e+07 0
5010 1.33063e+07 0
5020 1.27835e+07 0
5030 1.3485e+07 0
5040 1.26061e+07 0
5050 1.22035e+07 0
5060 1.29169e+07 0
5070 1.41129e+07 0
5080 1.36043e+07 0
5090 1.28417e+07 0
5100 1.28806e+07 0
5110 1.43707e+07 0
5120 1.30915e+07 0
5130 1.16366e+07 0
5140 1.23914e+07 0
5150 1.09183e+07 0
5160 1.16631e+07 0
5170 1.21246e+07 0
5180 1.30229e+07 0
5190 1.24408e+07 0
5200 1.29708e+07 0
5210 1.39736e+07 0
5220 1.25012e+07 0
5230 1.2157e+07 0
5240 1.24946e+07 0
5250 1.2959e+07 0
5260 1.30346e+07 0
5270 1.15724e+07 0
5280 1.22142e+07 0
5290 1.27241e+07 0
5300 1.31171e+07 0
5310 1.20184e+07 0
5320 1.25903e+07 0
5330 1.27577e+07 0
5340 1.20134e+07 0
5350 1.28557e+07 0
5360 1.26418e+07 0
5370 1.09571e+07 0
5380 1.24113e+07 0
5390 1.2766e+07 0
5400 1.27158e+07 0
5410 1.09375e+07 0
5420 1.237e+07 0
5430 1.30185e+07 0
5440 1.2188e+07 0
5450 1.07443e+07 0
5460 1.12603e+07 0
5470 1.09396e+07 0
5480 1.18628e+07 0
5490 1.15972e+07 0
5500 1.11493e+07 0
5510 1.06995e+07 0
5520 1.16475e+07 0
5530 1.14481e+07 0
5540 1.12901e+07 0
5550 1.14574e+07 0
5560 1.26652e+07 0
5570 1.20524e+07 0
5580 1.03044e+07 0
5590 1.02363e+07 0
5600 1.06877e+07 0
5610 1.18095e+07 0
5620 1.1499e+07 0
5630 1.21918e+07 0
5640 1.12055e+07 0
5650 1.10462e+07 0
5660 1.14077e+07 0
5670 1.10702e+07 0
5680 1.16918e+07 0
5690 1.16995e+07 0
5700 1.11123e+07 0
5710 1.25439e+07 0
5720 1.22709e+07 0
5730 1.16788e+07 0
5740 1.24197e+07 0
5750 1.19957e+07 0
5760 1.16959e+07 0
5770 1.15725e+07 0
5780 1.10842e+07 0
5790 1.11287e+07 0
5800 1.07557e+07 0
5810 1.07382e+07 0
5820 1.26809e+07 0
5830 1.21683e+07 0
5840 1.28631e+07 0
5850 1.10277e+07 0
5860 1.0521e+07 0
5870 1.16573e+07 0
5880 1.24563e+07 0
5890 1.27496e+07 0
5900 1.24027e+07 0
5910 1.19905e+07 0
5920 1.12273e+07 0
5930 1.2553e+07 0
5940 1.24975e+07 0
5950 1.12562e+07 0
5960 1.0792e+07 0
5970 1.26871e+07 0
5980 1.2447e+07 0
5990 1.19612e+07 0
6000 1.15668e+07 0
6010 1.1105e+07 0
6020 1.07672e+07 0
6030 1.09234e+07 0
6040 9.64902e+06 0
6050 1.14568e+07 0
6060 1.17077e+07 0
6070 1.02126e+07 0
6080 1.09587e+07 0
6090 1.09097e+07 0
6100 1.07041e+07 0
6110 1.18904e+07 0
6120 1.02631e+07 0
6130 1.24311e+07 0
6140 1.21296e+07 0
6150 1.09531e+07 0
6160 1.22373e+07 0
6170 1.15264e+07 0
6180 1.06361e+07 0
6190 1.07699e+07 0
6200 1.07052e+07 0
6210 9.44955e+06 0
6220 9.82921e+06 0
6230 1.14544e+07 0
6240 1.30522e+07 0
6250 1.23801e+07 0
6260 1.15384e+07 0
6270 1.24406e+07 0
6280 1.35069e+07 0
6290 1.2387e+07 0
6300 1.11526e+07 0
6310 1.1648e+07 0
6320 1.18799e+07 0
6330 1.10733e+07 0
6340 1.18628e+07 0
6350 1.22098e+07 0
6360 1.25325e+07 0
6370 1.26743e+07 0
6380 1.24171e+07 0
6390 1.27557e+07 0
6400 1.31693e+07 0
6410 1.29498e+07 0
6420 1.10186e+07 0
6430 1.18269e+07 0
6440 1.17548e+07 0
6450 1.19858e+07 0
6460 1.23533e+07 0
6470 1.24679e+07 0
6480 1.24496e+07 0
6490 9.67811e+06 0
6500 1.06382e+07 0
6510 1.03666e+07 0
6520 1.16367e+07 0
6530 1.17077e+07 0
6540 1.04336e+07 0
6550 1.10431e+07 0
6560 1.1337e+07 0
6570 1.19172e+07 0
6580 1.1704e+07 0
6590 1.25035e+07 0
6600 1.23839e+07 0
6610 1.23275e+07 0
6620 1.08863e+07 0
6630 1.09629e+07 0
6640 1.11217e+07 0
6650 9.9839e+06 0
6660 1.02003e+07 0
6670 1.18015e+07 0
6680 9.82074e+06 0
6690 1.02271e+07 0
6700 1.06878e+07 0
6710 9.49423e+06 0
6720 1.0663e+07 0
6730 1.01003e+07 0
6740 1.07953e+07 0
6750 1.10284e+07 0
6760 1.23345e+07 0
6770 1.21418e+07 0
6780 1.19236e+07 0
6790 1.12657e+07 0
6800 1.0997e+07 0
6810 1.14356e+07 0
6820 1.14885e+07 0
6830 1.26938e+07 0
6840 1.10177e+07 0
6850 9.92196e+06 0
6860 9.94989e+06 0
6870 1.16142e+07 0
6880 1.16493e+07 0
6890 1.23582e+07 0
6900 1.23757e+07 0
6910 1.13131e+07 0
6920 1.04205e+07 0
6930 1.15331e+07 0
6940 1.15052e+07 0
6950 1.16629e+07 0
6960 1.12247e+07 0
6970 1.20124e+07 0
6980 1.21806e+07 0
6990 9.9671e+06 0
7000 1.05923e+07 0
7010 1.12147e+07 0
7020 1.26768e+07 0
7030 1.31802e+07 0
7040 1.08042e+07 0
7050 1.00885e+07 0
7060 1.11045e+07 0
7070 1.03935e+07 0
7080 1.02271e+07 0
7090 1.06458e+07 0
7100 9.81198e+06 0
7110 1.18125e+07 0
7120 1.13097e+07 0
7130 1.06581e+07 0
7140 1.13435e+07 0
7150 1.20588e+07 0
7160 1.09303e+07 0
7170 1.14117e+07 0
7180 1.14032e+07 0
7190 1.06739e+07 0
7200 1.08465e+07 0
7210 1.08713e+07 0
7220 1.00851e+07 0
7230 9.54145e+06 0
7240 1.2089e+07 0
7250 1.16904e+07 0
7260 1.21197e+07 0
7270 1.25144e+07 0
7280 9.99409e+06 0
7290 1.18845e+07 0
7300 1.18001e+07 0
7310 1.08065e+07 0
7320 1.18628e+07 0
7330 1.33609e+07 0
7340 1.20434e+07 0
7350 1.13064e+07 0
7360 1.27809e+07 0
7370 1.11631e+07 0
7380 1.20287e+07 0
7390 1.06974e+07 0
7400 1.04128e+07 0
7410 1.2007e+07 0
7420 1.20277e+07 0
7430 1.25285e+07 0
7440 1.06988e+07 0
7450 1.01689e+07 0
7460 1.16256e+07 0
7470 1.25554e+07 0
7480 1.06739e+07 0
7490 1.13134e+07 0
7500 1.22666e+07 0
7510 9.62374e+06 0
7520 9.8471e+06 0
7530 8.50426e+06 0
7540 1.17515e+07 0
7550 1.21819e+07 0
7560 1.16075e+07 0
7570 1.0344e+07 0
7580 1.13824e+07 0
7590 1.22154e+07 0
7600 1.22574e+07 0
7610 1.06727e+07 0
7620 1.10547e+07 0
7630 1.19537e+07 0
7640 1.18512e+07 0
7650 1.20061e+07 0
7660 1.17489e+07 0
7670 1.20112e+07 0
7680 1.21225e+07 0
7690 1.13942e+07 0
7700 1.04355e+07 0
7710 1.04462e+07 0
7720 1.08064e+07 0
7730 1.1699e+07 0
7740 1.11508e+07 0
7750 1.23751e+07 0
7760 1.03447e+07 0
7770 1.1696e+07 0
7780 1.19509e+07 0
7790 1.03946e+07 0
7800 1.04334e+07 0
7810 1.08681e+07 0
7820 1.00454e+07 0
7830 9.71817e+06 0
7840 1.07579e+07 0
7850 1.10385e+07 0
7860 1.11666e+07 0
7870 1.30385e+07 0
7880 1.21709e+07 0
7890 1.35083e+07 0
7900 1.29449e+07 0
7910 1.09486e+07 0
7920 1.21031e+07 0
7930 1.24573e+07 0
7940 1.25802e+07 0
7950 1.14393e+07 0
7960 1.23077e+07 0
7970 1.04035e+07 0
7980 9.72678e+06 0
7990 1.10951e+07 0
8000 1.10993e+07 0
8010 1.09985e+07 0
8020 1.09753e+07 0
8030 1.11111e+07 0
8040 1.2061e+07 0
8050 1.15467e+07 0
8060 1.17963e+07 0
8070 1.23991e+07 0
8080 9.8362e+06 0
8090 8.95801e+06 0
8100 1.12211e+07 0
8110 1.1558e+07 0
8120 1.1374e+07 0
8130 1.20814e+07 0
8140 1.23072e+07 0
8150 1.26922e+07 0
8160 1.21975e+07 0
8170 1.23657e+07 0
8180 1.12689e+07 0
8190 1.08645e+07 0
8200 9.69813e+06 0
8210 1.11488e+07 0
8220 9.9936e+06 0
8230 1.15342e+07 0
8240 1.02757e+07 0
8250 9.77905e+06 0
8260 1.07963e+07 0
8270 1.128e+07 0
8280 1.17581e+07 0
8290 1.05707e+07 0
8300 1.17215e+07 0
8310 1.21048e+07 0
8320 1.02753e+07 0
8330 1.19033e+07 0
8340 1.24319e+07 0
8350 1.18127e+07 0
8360 1.20455e+07 0
8370 1.15434e+07 0
8380 1.19336e+07 0
8390 1.20251e+07 0
8400 1.02273e+07 0
8410 8.92258e+06 0
8420 8.30102e+06 0
8430 1.11493e+07 0
8440 1.25068e+07 0
8450 1.08023e+07 0
8460 1.19097e+07 0
8470 1.18862e+07 0
8480 1.10055e+07 0
8490 1.18376e+07 0
8500 1.2226e+07 0
8510 1.22325e+07 0
8520 1.22149e+07 0
8530 1.14792e+07 0
8540 1.22497e+07 0
8550 1.18327e+07 0
8560 1.20189e+07 0
8570 1.26755e+07 0
8580 1.06827e+07 0
8590 1.07855e+07 0
8600 1.15885e+07 0
8610 9.19176e+06 0
8620 8.75234e+06 0
8630 1.05836e+07 0
8640 1.25315e+07 0
8650 1.11792e+07 0
8660 8.59207e+06 0
8670 1.07031e+07 0
8680 1.12227e+07 0
8690 1.22139e+07 0
8700 1.18108e+07 0
8710 1.1973e+07 0
8720 9.26571e+06 0
8730 1.01047e+07 0
8740 9.82625e+06 0
8750 1.04857e+07 0
8760 9.13668e+06 0
8770 9.85716e+06 0
8780 1.0666e+07 0
8790 1.24243e+07 0
8800 1.1301e+07 0
8810 1.1308e+07 0
8820 1.09888e+07 0
8830 1.1396e+07 0
8840 1.08226e+07 0
8850 1.17193e+07 0
8860 1.17168e+07 0
8870 1.18257e+07 0
8880 1.1098e+07 0
8890 1.14918e+07 0
8900 1.18811e+07 0
8910 1.22312e+07 0
8920 9.56168e+06 0
8930 1.02639e+07 0
8940 1.11588e+07 0
8950 1.08057e+07 0
8960 9.99662e+06 0
8970 1.16331e+07 0
8980 1.02862e+07 0
8990 9.6229e+06 0
9000 1.06344e+07 0
9010 1.16892e+07 0
9020 1.27654e+07 0
9030 1.23427e+07 0
9040 1.2365e+07 0
9050 1.22022e+07 0
9060 1.07286e+07 0
9070 1.07331e+07 0
9080 1.20668e+07 0
9090 1.32144e+07 0
9100 1.19536e+07 0
9110 1.08204e+07 0
9120 1.19994e+07 0
9130 1.22899e+07 0
9140 1.23714e+07 0
9150 1.21103e+07 0
9160 1.14567e+07 0
9170 1.14805e+07 0
9180 1.16486e+07 0
9190 1.09182e+07 0
9200 1.09331e+07 0
9210 1.14537e+07 0
9220 1.1599e+07 0
9230 1.08553e+07 0
9240 1.05939e+07 0
9250 1.08409e+07 0
9260 1.07814e+07 0
9270 1.10405e+07 0
9280 1.08343e+07 0
9290 1.23895e+07 0
9300 1.2429e+07 0
9310 1.15961e+07 0
9320 1.15384e+07 0
9330 1.20578e+07 0
9340 1.21688e+07 0
9350 1.14548e+07 0
9360 1.16539e+07 0
9370 1.1767e+07 0
9380 1.39217e+07 0
9390 1.2692e+07 0
9400 1.12167e+07 0
9410 1.19437e+07 0
9420 1.2513e+07 0
9430 1.07855e+07 0
9440 1.18368e+07 0
9450 1.16185e+07 0
9460 9.36646e+06 0
9470 1.10382e+07 0
9480 1.09174e+07 0
9490 1.15225e+07 0
9500 1.28118e+07 0
9510 1.22148e+07 0
9520 1.12708e+07 0
9530 1.20845e+07 0
9540 1.21109e+07 0
9550 1.28669e+07 0
9560 1.3208e+07 0
9570 1.23263e+07 0
9580 1.20106e+07 0
9590 1.25536e+07 0
9600 1.07792e+07 0
9610 1.09472e+07 0
9620 1.03687e+07 0
9630 1.01401e+07 0
9640 1.0986e+07 0
9650 1.01387e+07 0
9660 1.10887e+07 0
9670 1.08009e+07 0
9680 1.18194e+07 0
9690 1.29577e+07 0
9700 1.25512e+07 0
9710 1.17262e+07 0
9720 1.2517e+07 0
9730 1.26342e+07 0
9740 1.27104e+07 0
9750 1.13152e+07 0
9760 1.15759e+07 0
9770 1.17781e+07 0
9780 1.25519e+07 0
9790 1.20833e+07 0
9800 1.28672e+07 0
9810 1.16225e+07 0
9820 1.23829e+07 0
9830 1.17809e+07 0
9840 1.25027e+07 0
9850 1.2866e+07 0
9860 1.27538e+07 0
9870 1.17232e+07 0
9880 1.20674e+07 0
9890 1.19081e+07 0
9900 1.15215e+07 0
9910 1.2657e+07 0
9920 1.13023e+07 0
9930 1.02065e+07 0
9940 9.93135e+06 0
9950 1.06516e+07 0
9960 1.13587e+07 0
9970 1.17737e+07 0
9980 1.23025e+07 0
9990 1.20655e+07 0
10000 1.22665e+07 0
10010 1.26902e+07 0
10020 1.12505e+07 0
10030 1.22734e+07 0
10040 1.12958e+07 0
10050 1.20058e+07 0
10060 1.15761e+07 0
10070 1.08513e+07 0
10080 1.00594e+07 0
10090 1.08556e+07 0
10100 1.24468e+07 0
10110 1.08283e+07 0
10120 1.15128e+07 0
10130 1.27726e+07 0
10140 1.13244e+07 0
10150 1.2115e+07 0
10160 1.04416e+07 0
10170 1.10871e+07 0
10180 1.24993e+07 0
10190 1.17546e+07 0
10200 1.25678e+07 0
10210 1.24668e+07 0
10220 1.22319e+07 0
10230 1.23376e+07 0
10240 1.09645e+07 0
10250 1.09694e+07 0
10260 9.9759e+06 0
10270 1.03541e+07 0
10280 9.5287e+06 0
10290 1.2046e+07 0
10300 1.20037e+07 0
10310 1.22245e+07 0
10320 1.21427e+07 0
10330 1.17976e+07 0
10340 1.17286e+07 0
10350 1.10429e+07 0
10360 1.23388e+07 0
10370 1.23674e+07 0
10380 1.19202e+07 0
10390 1.10341e+07 0
10400 1.10504e+07 0
10410 1.09702e+07 0
10420 1.08216e+07 0
10430 1.0692e+07 0
10440 1.06877e+07 0
10450 9.54907e+06 0
10460 1.0487e+07 0
10470 1.02031e+07 0
10480 1.08662e+07 0
10490 1.13615e+07 0
10500 1.15967e+07 0
10510 1.16913e+07 0
10520 1.1405e+07 0
10530 1.19996e+07 0
10540 1.12286e+07 0
10550 1.04463e+07 0
10560 1.36715e+07 0
10570 1.0565e+07 0
10580 1.13324e+07 0
10590 1.2117e+07 0
10600 1.16476e+07 0
10610 1.16868e+07 0
10620 1.22158e+07 0
10630 1.24885e+07 0
10640 1.12826e+07 0
10650 1.11052e+07 0
10660 1.09146e+07 0
10670 1.07005e+07 0
10680 1.04571e+07 0
10690 1.04015e+07 0
10700 1.15958e+07 0
10710 1.03711e+07 0
10720 1.12797e+07 0
10730 1.14792e+07 0
10740 1.24195e+07 0
10750 1.16985e+07 0
10760 1.10365e+07 0
10770 1.30388e+07 0
10780 1.25209e+07 0
10790 1.24567e+07 0
