# TimeStamp(s) Sum Stdev
0 7.00981e+06 0
10 6.79788e+06 0
20 7.56175e+06 0
30 7.86074e+06 0
40 7.33185e+06 0
50 7.51235e+06 0
60 6.83562e+06 0
70 7.0731e+06 0
80 6.95054e+06 0
90 7.59025e+06 0
100 7.89768e+06 0
110 6.96859e+06 0
120 6.80338e+06 0
130 7.50029e+06 0
140 7.24722e+06 0
150 6.8343e+06 0
160 7.12698e+06 0
170 7.33967e+06 0
180 6.57222e+06 0
190 6.5174e+06 0
200 6.74974e+06 0
210 6.83414e+06 0
220 6.59534e+06 0
230 6.62238e+06 0
242 6.49334e+06 0
250 5.83437e+06 0
260 6.2978e+06 0
272 6.68626e+06 0
280 6.91658e+06 0
290 6.73366e+06 0
300 6.61242e+06 0
310 7.07372e+06 0
320 6.73197e+06 0
330 6.27365e+06 0
340 6.23621e+06 0
350 6.49512e+06 0
360 7.10984e+06 0
370 6.92441e+06 0
380 7.0222e+06 0
390 7.38506e+06 0
400 6.53628e+06 0
410 7.18074e+06 0
420 6.5179e+06 0
430 7.76008e+06 0
440 7.09122e+06 0
450 7.65546e+06 0
462 6.18132e+06 0
470 7.51672e+06 0
480 6.73967e+06 0
490 7.05656e+06 0
500 7.55606e+06 0
510 6.92514e+06 0
520 7.60363e+06 0
530 7.28015e+06 0
540 7.00497e+06 0
550 6.84771e+06 0
560 6.97341e+06 0
570 6.3325e+06 0
580 6.08066e+06 0
590 6.17622e+06 0
600 6.7799e+06 0
610 6.56571e+06 0
620 6.66154e+06 0
630 6.90574e+06 0
640 6.82949e+06 0
650 6.68524e+06 0
660 6.25556e+06 0
670 6.5613e+06 0
680 6.50409e+06 0
690 6.60015e+06 0
700 6.56773e+06 0
710 7.4153e+06 0
720 6.56859e+06 0
730 6.15094e+06 0
740 7.00844e+06 0
750 7.46143e+06 0
760 7.45658e+06 0
770 7.46849e+06 0
780 7.63622e+06 0
790 6.77325e+06 0
802 5.93233e+06 0
810 8.38975e+06 0
820 7.90846e+06 0
830 7.03085e+06 0
840 6.68876e+06 0
850 7.36845e+06 0
860 6.86091e+06 0
872 6.44025e+06 0
880 7.14026e+06 0
890 6.79410e+06 0
900 7.43241e+06 0
910 6.9449e+06 0
920 6.88424e+06 0
930 6.96991e+06 0
942 6.2905e+06 0
950 8.22994e+06 0
960 6.63487e+06 0
970 6.13635e+06 0
980 6.27116e+06 0
990 6.08118e+06 0
1000 6.52391e+06 0
1010 6.40242e+06 0
1020 4.82236e+06 0
1030 7.80099e+06 0
1040 6.22272e+06 0
1050 6.24975e+06 0
1060 6.47365e+06 0
1070 7.26342e+06 0
1080 7.90104e+06 0
1090 6.96551e+06 0
1100 6.83138e+06 0
1110 6.67064e+06 0
1120 6.9674e+06 0
1130 7.281e+06 0
1140 7.78134e+06 0
1150 7.08861e+06 0
1160 6.73888e+06 0
1170 6.77405e+06 0
1180 7.03317e+06 0
1190 7.41929e+06 0
1200 7.40956e+06 0
1210 7.26262e+06 0
1220 6.75815e+06 0
1230 7.09851e+06 0
1242 5.16669e+06 0
1250 8.20923e+06 0
1260 6.91295e+06 0
1270 6.7476e+06 0
1280 6.71731e+06 0
1290 7.00897e+06 0
1300 6.50984e+06 0
1310 7.00073e+06 0
1320 6.64318e+06 0
1330 6.37256e+06 0
1340 6.53741e+06 0
1350 6.73895e+06 0
1360 6.72344e+06 0
1370 6.83272e+06 0
1382 6.30116e+06 0
1390 6.8212e+06 0
1400 6.46782e+06 0
1410 6.93196e+06 0
1420 6.7093e+06 0
1430 6.7018e+06 0
1442 6.23377e+06 0
1450 7.55889e+06 0
1460 7.33657e+06 0
1470 7.05165e+06 0
1480 6.94473e+06 0
1490 7.31372e+06 0
1500 7.48484e+06 0
1510 6.73192e+06 0
1520 6.59970e+06 0
1530 6.28643e+06 0
1540 6.31426e+06 0
1550 6.24198e+06 0
1560 6.35714e+06 0
1570 6.98013e+06 0
1580 6.9192e+06 0
1590 7.07087e+06 0
1600 7.11934e+06 0
1610 6.97774e+06 0
1620 6.56895e+06 0
1630 6.63489e+06 0
1640 6.52031e+06 0
1650 6.70653e+06 0
1662 4.90175e+06 0
1670 7.68637e+06 0
1680 6.82349e+06 0
1690 7.61485e+06 0
1700 7.07674e+06 0
1710 6.68408e+06 0
1720 6.73236e+06 0
1730 6.90175e+06 0
1740 6.83903e+06 0
1750 6.25187e+06 0
1760 6.3588e+06 0
1770 6.99382e+06 0
1780 7.25751e+06 0
1790 7.06512e+06 0
1800 6.75731e+06 0
1810 7.71292e+06 0
1820 7.12424e+06 0
1830 6.17589e+06 0
1842 6.55432e+06 0
1850 6.78949e+06 0
1860 6.88925e+06 0
1870 6.79755e+06 0
1880 6.2164e+06 0
1890 6.31629e+06 0
1900 6.46329e+06 0
1910 6.09386e+06 0
1920 6.03537e+06 0
1930 6.40225e+06 0
1940 6.40934e+06 0
1950 6.83611e+06 0
1960 7.26713e+06 0
1970 7.27117e+06 0
1980 7.46138e+06 0
1990 7.24828e+06 0
2000 6.9161e+06 0
2010 7.72414e+06 0
2020 7.34674e+06 0
2030 7.68152e+06 0
2040 4.85273e+06 0
2050 9.00353e+06 0
2060 7.38142e+06 0
2070 6.77694e+06 0
2080 7.1663e+06 0
2090 7.1891e+06 0
2100 6.90723e+06 0
2112 5.46623e+06 0
2120 8.12614e+06 0
2130 6.71304e+06 0
2140 6.38698e+06 0
2150 6.50996e+06 0
2160 6.91641e+06 0
2170 7.33833e+06 0
2180 6.65198e+06 0
2190 6.64113e+06 0
2200 7.31942e+06 0
2210 7.24317e+06 0
2220 7.28535e+06 0
2230 7.86724e+06 0
2240 6.86301e+06 0
2253 6.91781e+06 0
2260 6.87521e+06 0
2270 7.14019e+06 0
2280 7.06244e+06 0
2290 7.05049e+06 0
2300 6.75986e+06 0
2310 6.8475e+06 0
2322 5.29646e+06 0
2330 7.91833e+06 0
2340 6.59318e+06 0
2350 6.56578e+06 0
2360 6.69786e+06 0
2370 6.3586e+06 0
2380 6.78934e+06 0
2390 6.482e+06 0
2400 7.41381e+06 0
2410 7.7199e+06 0
2421 5.89826e+06 0
2430 7.8707e+06 0
2440 6.50218e+06 0
2450 6.58439e+06 0
2460 6.88666e+06 0
2470 6.84049e+06 0
2480 7.24255e+06 0
2490 7.32622e+06 0
2500 6.88351e+06 0
2510 6.49862e+06 0
2520 6.47378e+06 0
2530 6.28702e+06 0
2540 6.49997e+06 0
2550 6.306e+06 0
2560 6.32534e+06 0
2570 5.79256e+06 0
2580 6.35618e+06 0
2593 6.54864e+06 0
2600 6.43461e+06 0
2610 6.76774e+06 0
2620 6.87071e+06 0
2630 6.41836e+06 0
2640 6.26689e+06 0
2650 6.80888e+06 0
2662 5.88881e+06 0
2670 7.23263e+06 0
2680 6.45922e+06 0
2690 6.23528e+06 0
2700 6.49711e+06 0
2710 6.71713e+06 0
2720 6.98751e+06 0
2730 7.24174e+06 0
2740 6.57434e+06 0
2750 6.29658e+06 0
2760 6.25556e+06 0
2770 6.39354e+06 0
2780 6.3337e+06 0
2790 6.38049e+06 0
2800 4.56514e+06 0
2810 8.00492e+06 0
2820 6.55185e+06 0
2830 6.18006e+06 0
2840 6.21388e+06 0
2850 6.16326e+06 0
2861 5.03661e+06 0
2870 7.40157e+06 0
2880 6.35624e+06 0
2890 6.50777e+06 0
2900 6.4836e+06 0
2912 5.18354e+06 0
2921 5.77165e+06 0
2930 7.51962e+06 0
2940 6.16417e+06 0
2950 6.45062e+06 0
2960 6.39201e+06 0
2970 6.58652e+06 0
2980 6.24588e+06 0
2991 4.69485e+06 0
3000 6.95108e+06 0
3010 6.50801e+06 0
3020 6.12676e+06 0
3030 6.45525e+06 0
3040 6.73743e+06 0
3050 6.49638e+06 0
3060 6.45372e+06 0
3070 6.54684e+06 0
3080 6.92556e+06 0
3090 6.87394e+06 0
3100 6.28174e+06 0
3110 5.71449e+06 0
3120 6.40553e+06 0
3130 6.1335e+06 0
3140 6.24721e+06 0
3150 6.39105e+06 0
3160 6.49499e+06 0
3170 7.01767e+06 0
3180 7.00028e+06 0
3190 6.37946e+06 0
3200 6.78945e+06 0
3210 7.39184e+06 0
3220 7.10929e+06 0
3230 7.51647e+06 0
3240 7.17541e+06 0
3250 6.64191e+06 0
3260 6.95005e+06 0
3270 6.70665e+06 0
3280 6.22139e+06 0
3290 6.48184e+06 0
3300 6.2369e+06 0
3313 6.16964e+06 0
3320 6.50747e+06 0
3330 6.15968e+06 0
3340 6.6921e+06 0
3350 6.75836e+06 0
3360 6.81101e+06 0
3370 7.1853e+06 0
3380 6.61991e+06 0
3390 6.51274e+06 0
3400 6.50141e+06 0
3410 6.7462e+06 0
3420 7.13951e+06 0
3430 6.94276e+06 0
3440 6.48214e+06 0
3450 6.26395e+06 0
3460 5.97172e+06 0
3470 6.11436e+06 0
3480 5.97416e+06 0
3490 6.15374e+06 0
3500 6.5504e+06 0
3510 6.68189e+06 0
3520 7.49817e+06 0
3531 6.48942e+06 0
3540 7.93874e+06 0
3550 6.88667e+06 0
3560 7.16996e+06 0
3570 7.41082e+06 0
3580 6.7775e+06 0
3593 6.02308e+06 0
3600 7.2713e+06 0
3612 6.3083e+06 0
3620 7.32845e+06 0
3630 6.74986e+06 0
3640 6.45474e+06 0
3650 6.90132e+06 0
3660 7.33143e+06 0
3670 6.88235e+06 0
3680 7.05231e+06 0
3690 7.52938e+06 0
3700 7.75225e+06 0
3710 7.35537e+06 0
3720 7.05521e+06 0
3730 7.18723e+06 0
3740 6.70605e+06 0
3753 6.15467e+06 0
3763 6.94604e+06 0
3770 7.61254e+06 0
3780 6.82223e+06 0
3790 7.75026e+06 0
3800 7.41751e+06 0
3810 7.30061e+06 0
3820 7.41944e+06 0
3830 6.97090e+06 0
3840 6.62342e+06 0
3850 6.78065e+06 0
3860 6.99855e+06 0
3871 6.31103e+06 0
3880 7.95487e+06 0
3890 7.30633e+06 0
3900 7.84433e+06 0
3910 7.52205e+06 0
3920 6.7036e+06 0
3930 6.71841e+06 0
3941 5.38447e+06 0
3950 8.19731e+06 0
3960 6.98104e+06 0
3970 6.56584e+06 0
3980 6.75208e+06 0
3990 6.60264e+06 0
4000 6.45578e+06 0
4010 6.36668e+06 0
4020 6.51136e+06 0
4030 6.83036e+06 0
4040 6.62554e+06 0
4051 5.73048e+06 0
4061 6.68646e+06 0
4070 7.66079e+06 0
4080 6.91708e+06 0
4090 7.09476e+06 0
4100 7.22846e+06 0
4110 7.15479e+06 0
4120 6.97305e+06 0
4130 6.8284e+06 0
4140 7.5895e+06 0
4150 7.43562e+06 0
4160 6.9174e+06 0
4170 7.34949e+06 0
4180 6.83514e+06 0
4190 7.21299e+06 0
4200 6.98842e+06 0
4210 6.87654e+06 0
4220 6.79828e+06 0
4230 7.0476e+06 0
4240 6.85841e+06 0
4250 7.10195e+06 0
4260 7.08129e+06 0
4270 6.9441e+06 0
4280 7.34176e+06 0
4290 7.52192e+06 0
4300 7.96499e+06 0
4310 7.19322e+06 0
4320 7.17158e+06 0
4330 6.89544e+06 0
4340 7.40239e+06 0
4350 7.18086e+06 0
4360 6.30708e+06 0
4370 6.24956e+06 0
4382 6.19473e+06 0
4390 7.61047e+06 0
4401 6.83314e+06 0
4410 8.35854e+06 0
4420 7.09261e+06 0
4430 7.27572e+06 0
4440 6.41153e+06 0
4450 6.52178e+06 0
4460 6.3154e+06 0
4470 6.37165e+06 0
4483 5.778e+06 0
4490 6.65637e+06 0
4500 6.60764e+06 0
4510 7.26208e+06 0
4520 7.65412e+06 0
4530 7.97421e+06 0
4540 7.80916e+06 0
4550 6.90988e+06 0
4560 7.0854e+06 0
4570 6.81405e+06 0
4580 6.92117e+06 0
4590 6.60796e+06 0
4601 6.13318e+06 0
4610 7.19823e+06 0
4620 6.87792e+06 0
4630 7.18708e+06 0
4640 7.7668e+06 0
4652 6.66366e+06 0
4660 7.42428e+06 0
4673 6.33322e+06 0
4680 6.87311e+06 0
4690 7.02708e+06 0
4700 7.6298e+06 0
4710 7.44356e+06 0
4720 7.02958e+06 0
4730 6.71847e+06 0
4740 7.22916e+06 0
4750 7.87196e+06 0
4760 7.41876e+06 0
4771 5.26854e+06 0
4781 8.43611e+06 0
4790 8.27745e+06 0
4800 7.25263e+06 0
4810 7.42726e+06 0
4821 5.61388e+06 0
4830 8.04792e+06 0
4840 6.91042e+06 0
4850 6.91105e+06 0
4860 7.09021e+06 0
4870 7.47501e+06 0
4880 6.98285e+06 0
4890 7.43217e+06 0
4900 7.23256e+06 0
4910 7.02644e+06 0
4920 6.88235e+06 0
4930 7.02145e+06 0
4940 7.03947e+06 0
4950 7.60586e+06 0
4960 6.58664e+06 0
4970 6.45954e+06 0
4980 7.45047e+06 0
4990 7.61811e+06 0
5000 7.92930e+06 0
5010 6.93745e+06 0
5020 7.35263e+06 0
5030 6.5964e+06 0
5040 6.98728e+06 0
5051 5.58831e+06 0
5060 8.45673e+06 0
5070 7.07031e+06 0
5080 7.0308e+06 0
5090 7.18656e+06 0
5100 6.9868e+06 0
5110 7.02253e+06 0
5120 6.76904e+06 0
5130 6.47007e+06 0
5140 5.99712e+06 0
5150 6.64608e+06 0
5160 6.81713e+06 0
5170 7.05309e+06 0
5180 7.12627e+06 0
5190 7.29821e+06 0
5200 7.08788e+06 0
5210 6.97656e+06 0
5220 6.92259e+06 0
5230 7.01601e+06 0
5240 7.45804e+06 0
5250 6.87368e+06 0
5260 6.92854e+06 0
5270 7.35841e+06 0
5280 8.04978e+06 0
5290 7.21306e+06 0
5300 6.83605e+06 0
5310 6.94065e+06 0
5320 7.13844e+06 0
5330 6.99583e+06 0
5340 7.21401e+06 0
5350 7.41632e+06 0
5360 7.56788e+06 0
5370 7.18693e+06 0
5380 6.89023e+06 0
5390 7.03419e+06 0
5400 7.77067e+06 0
5410 6.75616e+06 0
5420 6.39493e+06 0
5430 6.59518e+06 0
5440 7.27578e+06 0
5450 7.48054e+06 0
5460 7.85025e+06 0
5470 6.99376e+06 0
5480 7.45253e+06 0
5490 7.64078e+06 0
5500 7.48271e+06 0
5510 7.19681e+06 0
5520 5.4061e+06 0
5530 9.5466e+06 0
5540 7.53386e+06 0
5550 7.26474e+06 0
5560 7.67511e+06 0
5570 7.81837e+06 0
5580 6.88192e+06 0
5592 6.90619e+06 0
5600 6.11428e+06 0
5610 7.85806e+06 0
5620 6.95932e+06 0
5630 7.91759e+06 0
5640 6.59236e+06 0
5650 6.66191e+06 0
5660 7.40469e+06 0
5672 7.75674e+06 0
5680 7.45570e+06 0
5690 7.6229e+06 0
5700 7.18703e+06 0
5710 6.74236e+06 0
5720 7.12892e+06 0
5730 6.61905e+06 0
5740 6.82514e+06 0
5750 7.57126e+06 0
5760 7.39613e+06 0
5770 7.04794e+06 0
5780 7.39518e+06 0
5791 6.25701e+06 0
5800 8.89084e+06 0
5810 6.96223e+06 0
5820 7.10852e+06 0
5830 7.12891e+06 0
5840 7.38694e+06 0
5850 7.67339e+06 0
5860 7.8805e+06 0
5870 7.23318e+06 0
5880 7.10639e+06 0
5890 7.33469e+06 0
5900 7.17753e+06 0
5910 7.45641e+06 0
5920 7.11055e+06 0
5930 7.36991e+06 0
5940 7.17548e+06 0
5950 7.5087e+06 0
5960 6.55591e+06 0
5970 6.88302e+06 0
5980 6.67356e+06 0
5990 7.30074e+06 0
6000 7.03898e+06 0
6010 7.32626e+06 0
6020 7.61933e+06 0
6030 7.32907e+06 0
6040 6.8052e+06 0
6050 7.56048e+06 0
6060 7.0237e+06 0
6070 7.41404e+06 0
6080 7.2682e+06 0
6090 7.33033e+06 0
6100 7.19736e+06 0
6110 6.80726e+06 0
6120 6.47959e+06 0
6130 6.53772e+06 0
6140 7.06334e+06 0
6150 7.51562e+06 0
6160 7.30439e+06 0
6170 7.59754e+06 0
6180 7.23959e+06 0
6190 6.7193e+06 0
6200 7.16202e+06 0
6210 7.91250e+06 0
6220 6.85411e+06 0
6230 7.22895e+06 0
6240 7.6508e+06 0
6250 7.1891e+06 0
6260 7.36942e+06 0
6270 6.85671e+06 0
6280 6.80991e+06 0
6292 6.20884e+06 0
6300 8.22048e+06 0
6310 7.21535e+06 0
6320 6.8575e+06 0
6330 7.06759e+06 0
6340 7.41718e+06 0
6350 6.91378e+06 0
6360 7.0233e+06 0
6370 7.01922e+06 0
6380 6.59948e+06 0
6390 6.97807e+06 0
6400 7.13026e+06 0
6410 6.72518e+06 0
6420 7.33681e+06 0
6430 7.11814e+06 0
6440 7.18292e+06 0
6450 6.85714e+06 0
6460 7.04764e+06 0
6470 7.25937e+06 0
6480 6.83422e+06 0
6490 7.61017e+06 0
6500 6.94128e+06 0
6510 7.07576e+06 0
6520 6.95137e+06 0
6530 6.91261e+06 0
6540 7.42208e+06 0
6551 5.26338e+06 0
6560 9.6713e+06 0
6570 7.99448e+06 0
6580 7.37330e+06 0
6590 6.77436e+06 0
6600 6.93693e+06 0
6610 6.62843e+06 0
6620 6.93109e+06 0
6630 7.41668e+06 0
6640 7.21829e+06 0
6650 6.80023e+06 0
6660 6.90247e+06 0
6670 7.14892e+06 0
6680 6.95715e+06 0
6690 7.46113e+06 0
6700 7.53302e+06 0
6710 7.43616e+06 0
6720 7.91694e+06 0
6730 7.53465e+06 0
6740 7.47308e+06 0
6750 7.67722e+06 0
6760 7.37093e+06 0
6770 7.249e+06 0
6780 7.36367e+06 0
6790 7.00535e+06 0
6800 7.61119e+06 0
6810 6.89703e+06 0
6820 7.6834e+06 0
6830 7.81206e+06 0
6840 7.10804e+06 0
6850 6.75015e+06 0
6860 6.5071e+06 0
6870 6.92447e+06 0
6882 6.40196e+06 0
6890 7.99273e+06 0
6900 7.64614e+06 0
6910 7.68703e+06 0
6920 6.84668e+06 0
6930 7.3609e+06 0
6940 7.45976e+06 0
6950 7.21656e+06 0
6960 6.94273e+06 0
6970 7.3124e+06 0
6980 7.37526e+06 0
6990 6.4376e+06 0
7000 6.83354e+06 0
7010 7.56211e+06 0
7020 7.71442e+06 0
7030 6.94121e+06 0
7040 7.2104e+06 0
7052 6.59839e+06 0
7060 6.97108e+06 0
7070 6.88109e+06 0
7080 7.19650e+06 0
7091 6.49245e+06 0
7100 7.71569e+06 0
7110 6.21272e+06 0
7120 6.39185e+06 0
7130 6.48134e+06 0
7140 6.4993e+06 0
7150 6.72491e+06 0
7160 7.1788e+06 0
7170 7.17570e+06 0
7180 7.13964e+06 0
7190 6.94139e+06 0
7200 7.12303e+06 0
7210 7.17129e+06 0
7220 7.60401e+06 0
7230 7.74589e+06 0
7240 7.87717e+06 0
7250 7.65442e+06 0
7260 7.46491e+06 0
7270 7.0686e+06 0
7280 7.19858e+06 0
7290 6.90453e+06 0
7301 6.28785e+06 0
7310 7.66271e+06 0
7320 6.97297e+06 0
7330 7.24596e+06 0
7340 6.78828e+06 0
7350 6.88532e+06 0
7360 6.98278e+06 0
7370 7.3789e+06 0
7380 7.65126e+06 0
7390 7.77432e+06 0
7400 7.81432e+06 0
7410 7.03007e+06 0
7420 6.88441e+06 0
7430 6.88321e+06 0
7440 6.94189e+06 0
7450 7.19764e+06 0
7460 6.95758e+06 0
7470 6.38285e+06 0
7480 6.69708e+06 0
7490 7.30772e+06 0
7500 7.78378e+06 0
7510 6.95198e+06 0
7520 6.78402e+06 0
7530 6.47854e+06 0
7540 6.31332e+06 0
7550 6.66125e+06 0
7560 7.3236e+06 0
7570 7.60891e+06 0
7580 6.90932e+06 0
7590 7.48543e+06 0
7600 7.53648e+06 0
7610 7.04e+06 0
7620 7.62832e+06 0
7630 7.38177e+06 0
7640 5.75626e+06 0
7650 9.1596e+06 0
7660 6.95441e+06 0
7670 6.91478e+06 0
7680 7.31118e+06 0
7690 7.6114e+06 0
7702 6.54379e+06 0
7710 6.97178e+06 0
7720 6.58588e+06 0
7730 7.34414e+06 0
7740 7.15553e+06 0
7750 6.93745e+06 0
7760 7.42525e+06 0
7770 6.84242e+06 0
7780 7.0754e+06 0
7792 7.08976e+06 0
7800 8.69797e+06 0
7810 8.05912e+06 0
7820 8.00506e+06 0
7831 6.07896e+06 0
7840 8.01784e+06 0
7850 7.42884e+06 0
7860 6.95114e+06 0
7870 6.87107e+06 0
7880 7.09965e+06 0
7890 7.08365e+06 0
7900 6.8999e+06 0
7910 6.78353e+06 0
7923 6.98062e+06 0
7932 6.47019e+06 0
7940 7.62838e+06 0
7950 7.10152e+06 0
7960 7.02527e+06 0
7970 6.69469e+06 0
7980 6.78998e+06 0
7993 6.3612e+06 0
8000 6.67414e+06 0
8010 7.14e+06 0
8020 7.90317e+06 0
8030 5.58369e+06 0
8040 8.44292e+06 0
8050 7.31444e+06 0
8060 7.7622e+06 0
8070 7.4358e+06 0
8080 7.63278e+06 0
8090 7.54525e+06 0
8100 4.83746e+06 0
8110 8.77852e+06 0
8120 7.12432e+06 0
8130 7.24098e+06 0
8140 7.00237e+06 0
8152 6.68222e+06 0
8160 6.74458e+06 0
8170 6.85981e+06 0
8180 6.91977e+06 0
8190 6.74203e+06 0
8200 7.02703e+06 0
8210 6.80017e+06 0
8220 6.87332e+06 0
8230 7.01277e+06 0
8240 6.94336e+06 0
8250 7.20164e+06 0
8260 6.8657e+06 0
8270 7.02557e+06 0
8281 6.40194e+06 0
8290 8.00482e+06 0
8300 7.53962e+06 0
8310 7.40605e+06 0
8320 7.50865e+06 0
8330 7.49493e+06 0
8340 7.81816e+06 0
8350 7.75328e+06 0
8360 7.86863e+06 0
8370 7.70564e+06 0
8380 7.1268e+06 0
8390 7.66274e+06 0
8400 7.74897e+06 0
8410 6.82204e+06 0
8420 7.23147e+06 0
8430 7.14171e+06 0
8440 6.80904e+06 0
8450 6.71232e+06 0
8460 6.79866e+06 0
8470 6.77217e+06 0
8480 6.72762e+06 0
8490 6.92006e+06 0
8500 7.61174e+06 0
8510 7.40213e+06 0
8520 7.16307e+06 0
8530 7.24186e+06 0
8540 6.97205e+06 0
8550 6.67094e+06 0
8560 6.65015e+06 0
8570 6.664e+06 0
8580 7.39092e+06 0
8590 7.61654e+06 0
8600 7.76614e+06 0
8610 7.49682e+06 0
8620 6.9512e+06 0
8630 6.85381e+06 0
8640 7.33633e+06 0
8650 7.15476e+06 0
8660 7.02772e+06 0
8670 6.96816e+06 0
8680 6.69073e+06 0
8690 6.85256e+06 0
8700 7.62854e+06 0
8711 6.47178e+06 0
8720 7.97912e+06 0
8730 6.934e+06 0
8740 7.57496e+06 0
8750 7.76062e+06 0
8761 5.21808e+06 0
8770 9.3975e+06 0
8780 6.56935e+06 0
8790 6.58426e+06 0
8800 6.8398e+06 0
8810 6.98911e+06 0
8820 6.9203e+06 0
8830 6.92169e+06 0
8840 7.28881e+06 0
8850 6.42076e+06 0
8860 6.44722e+06 0
8870 6.61858e+06 0
8880 6.44002e+06 0
8890 6.75330e+06 0
8900 6.71228e+06 0
8910 6.78908e+06 0
8920 5.71323e+06 0
8930 5.81434e+06 0
8940 6.54413e+06 0
8950 7.50398e+06 0
8960 7.70466e+06 0
8970 7.30652e+06 0
8980 6.85477e+06 0
8990 7.31798e+06 0
9000 6.74585e+06 0
9010 6.18993e+06 0
9020 6.78265e+06 0
9030 6.87485e+06 0
9040 6.99732e+06 0
9050 7.04966e+06 0
9060 6.90301e+06 0
9070 6.53650e+06 0
9080 6.47638e+06 0
9090 6.49499e+06 0
9100 6.21606e+06 0
9110 5.74316e+06 0
9120 5.96276e+06 0
9132 6.07138e+06 0
9140 6.53453e+06 0
9150 6.37629e+06 0
9160 6.647e+06 0
9170 6.73659e+06 0
9180 6.89229e+06 0
9190 6.32703e+06 0
9200 6.43046e+06 0
9210 6.92196e+06 0
9220 7.35404e+06 0
9230 7.65018e+06 0
9240 7.07516e+06 0
9250 6.45988e+06 0
9260 6.34864e+06 0
9270 6.72178e+06 0
9280 7.28724e+06 0
9290 7.43828e+06 0
9300 7.5238e+06 0
9310 6.94552e+06 0
9320 7.24239e+06 0
9330 7.44998e+06 0
9340 7.89184e+06 0
9350 7.42369e+06 0
9360 7.26291e+06 0
9370 7.67231e+06 0
9380 7.52849e+06 0
9390 7.58342e+06 0
9400 7.38222e+06 0
9410 7.35384e+06 0
9420 6.77866e+06 0
9430 6.48911e+06 0
9440 6.53201e+06 0
9450 6.7055e+06 0
9460 6.65135e+06 0
9470 6.83775e+06 0
9480 6.94236e+06 0
9490 7.34126e+06 0
9500 7.54802e+06 0
9510 7.22253e+06 0
9520 6.87404e+06 0
9532 5.76657e+06 0
9540 7.93809e+06 0
9550 7.01208e+06 0
9560 7.38154e+06 0
9570 7.52089e+06 0
9580 7.48289e+06 0
9590 7.30822e+06 0
9600 7.19814e+06 0
9610 7.11857e+06 0
9620 6.76518e+06 0
9630 6.33292e+06 0
9640 6.0978e+06 0
9650 6.42196e+06 0
9660 6.21346e+06 0
9670 6.64059e+06 0
9680 6.61572e+06 0
9690 6.3828e+06 0
9700 6.5834e+06 0
9710 6.50425e+06 0
9720 6.44324e+06 0
9733 6.01761e+06 0
9740 6.61579e+06 0
9750 6.33837e+06 0
9760 6.41807e+06 0
9770 6.4199e+06 0
9780 5.93754e+06 0
9790 5.84881e+06 0
9800 4.67804e+06 0
9810 7.95602e+06 0
9820 6.35965e+06 0
9830 6.0892e+06 0
9840 5.78458e+06 0
9850 6.245e+06 0
9860 7.14148e+06 0
9870 6.76518e+06 0
9880 7.42344e+06 0
9890 7.45212e+06 0
9900 7.0631e+06 0
9910 7.71788e+06 0
9920 6.87346e+06 0
9930 6.97471e+06 0
9940 6.99985e+06 0
9950 7.15592e+06 0
9960 7.26148e+06 0
9970 6.96418e+06 0
9980 7.58306e+06 0
9990 6.62223e+06 0
10000 6.82338e+06 0
10010 6.71715e+06 0
10020 6.60879e+06 0
10030 6.69646e+06 0
10040 6.99569e+06 0
10050 6.88667e+06 0
10060 6.95521e+06 0
10070 6.99934e+06 0
10080 6.95448e+06 0
10093 6.93285e+06 0
10100 6.80823e+06 0
10110 6.59348e+06 0
10120 7.00794e+06 0
10130 7.27034e+06 0
10140 7.05533e+06 0
10150 7.8772e+06 0
10160 7.98559e+06 0
10170 7.38869e+06 0
10180 6.98703e+06 0
10190 6.9432e+06 0
10200 7.11596e+06 0
10210 7.41004e+06 0
10220 7.36797e+06 0
10230 6.61184e+06 0
10240 6.33007e+06 0
10250 6.31213e+06 0
10260 6.60882e+06 0
10270 6.73955e+06 0
10280 6.56026e+06 0
10290 6.31982e+06 0
10300 6.48335e+06 0
10310 6.38401e+06 0
10320 7.47174e+06 0
10330 7.13698e+06 0
10340 7.06104e+06 0
10350 7.18372e+06 0
10360 7.38155e+06 0
10370 7.29917e+06 0
10381 6.93837e+06 0
10390 8.09834e+06 0
10400 7.84905e+06 0
10410 7.88061e+06 0
10420 7.49339e+06 0
10430 6.92292e+06 0
10440 7.64137e+06 0
10450 7.04425e+06 0
10460 6.29267e+06 0
10470 6.99539e+06 0
10480 7.05585e+06 0
10490 6.87968e+06 0
10500 6.49953e+06 0
10510 6.78468e+06 0
10520 6.85934e+06 0
10530 6.98572e+06 0
10540 7.02872e+06 0
10550 7.14202e+06 0
10560 6.95842e+06 0
10570 6.98496e+06 0
10580 7.60648e+06 0
10590 7.46847e+06 0
10600 6.82344e+06 0
10610 6.78283e+06 0
10622 5.91524e+06 0
10630 7.62454e+06 0
10640 6.89661e+06 0
10650 6.60662e+06 0
10660 6.55518e+06 0
10670 6.68936e+06 0
10680 6.65937e+06 0
10690 6.48305e+06 0
10700 6.85053e+06 0
10710 7.6774e+06 0
10720 7.6886e+06 0
10730 6.61622e+06 0
10740 6.60623e+06 0
10751 6.09206e+06 0
10760 7.94301e+06 0
10770 7.1296e+06 0
10780 7.06516e+06 0
10790 7.1839e+06 0
10800 6.90024e+06 0
10810 6.91922e+06 0
10820 7.09912e+06 0
10830 7.58978e+06 0
10840 7.26802e+06 0
10850 7.34046e+06 0
10860 7.24632e+06 0
10870 6.91581e+06 0
10880 7.21366e+06 0
10890 7.75239e+06 0
10900 7.57186e+06 0
10910 7.23881e+06 0
10920 6.98799e+06 0
10930 6.84696e+06 0
10940 6.87963e+06 0
10950 6.85248e+06 0
10960 6.89224e+06 0
10972 6.88932e+06 0
10980 6.89029e+06 0
10990 6.46274e+06 0
11000 7.32173e+06 0
11010 7.13202e+06 0
11020 6.9991e+06 0
11030 7.16061e+06 0
11040 7.0177e+06 0
11050 6.75246e+06 0
11060 6.69222e+06 0
11070 6.79017e+06 0
11080 6.57857e+06 0
11090 6.5681e+06 0
11100 6.71857e+06 0
11110 6.28509e+06 0
11120 5.57090e+06 0
11130 5.25094e+06 0
11140 5.8096e+06 0
11150 6.73849e+06 0
11160 7.32455e+06 0
11170 7.44362e+06 0
11180 7.44768e+06 0
11190 6.99042e+06 0
11200 7.44575e+06 0
11210 7.47876e+06 0
11220 7.27463e+06 0
11230 7.44786e+06 0
11240 8.13221e+06 0
11250 7.40768e+06 0
11260 6.613e+06 0
11270 6.91193e+06 0
11280 7.11965e+06 0
11290 6.86865e+06 0
11300 6.615e+06 0
11310 6.64591e+06 0
11320 7.46501e+06 0
11330 7.44532e+06 0
11340 7.02801e+06 0
11350 6.46317e+06 0
11360 6.81416e+06 0
11370 6.88431e+06 0
11380 6.82264e+06 0
11390 7.00638e+06 0
11400 6.59432e+06 0
11410 6.94559e+06 0
11420 6.8047e+06 0
11430 7.14371e+06 0
11440 7.01473e+06 0
11450 7.39730e+06 0
11460 7.41399e+06 0
11470 7.58175e+06 0
11480 7.38822e+06 0
11490 6.72234e+06 0
11502 6.35667e+06 0
11510 6.87301e+06 0
11520 6.24834e+06 0
11530 6.36803e+06 0
11540 6.17e+06 0
11550 6.32552e+06 0
11560 6.7515e+06 0
11570 7.15153e+06 0
11580 7.70937e+06 0
11590 7.43934e+06 0
11600 6.89581e+06 0
11610 6.9174e+06 0
11620 7.08691e+06 0
11630 6.4394e+06 0
11641 4.62501e+06 0
11650 8.32157e+06 0
11663 5.73757e+06 0
11670 6.78849e+06 0
11680 6.58838e+06 0
11690 6.41218e+06 0
11700 5.9726e+06 0
11710 6.46857e+06 0
11720 6.20296e+06 0
11730 6.13546e+06 0
11740 6.47922e+06 0
11750 6.82532e+06 0
11760 6.79647e+06 0
11770 6.76713e+06 0
11780 6.57836e+06 0
11790 6.33647e+06 0
11800 6.71330e+06 0
11810 7.02564e+06 0
11820 6.61869e+06 0
11830 6.37692e+06 0
11840 6.77356e+06 0
11850 6.60305e+06 0
11860 6.22509e+06 0
11870 6.51657e+06 0
11880 6.23471e+06 0
11890 7.19238e+06 0
11900 6.88097e+06 0
11910 6.99927e+06 0
11920 7.03897e+06 0
11930 7.25641e+06 0
11940 6.91495e+06 0
11950 7.36858e+06 0
11960 7.10606e+06 0
11970 6.92631e+06 0
11980 7.01332e+06 0
11990 7.31204e+06 0
12000 7.10177e+06 0
12010 7.12044e+06 0
12020 6.87946e+06 0
12030 7.06672e+06 0
12040 7.016e+06 0
12050 6.65501e+06 0
12060 6.77981e+06 0
12070 6.66329e+06 0
12080 6.56337e+06 0
12090 6.55039e+06 0
12100 6.58852e+06 0
12110 6.41758e+06 0
12120 6.01585e+06 0
12130 6.19739e+06 0
12140 6.03052e+06 0
12150 6.51983e+06 0
12160 6.52462e+06 0
12170 6.41596e+06 0
12180 6.44111e+06 0
12190 5.98719e+06 0
12200 6.63906e+06 0
12210 6.6638e+06 0
12220 6.38401e+06 0
12230 6.76022e+06 0
12240 6.56264e+06 0
12250 6.4719e+06 0
12260 6.0798e+06 0
12270 5.9564e+06 0
12280 5.89972e+06 0
12290 6.44426e+06 0
12300 6.43382e+06 0
12310 6.55149e+06 0
12320 6.52257e+06 0
12332 5.98258e+06 0
12340 7.07247e+06 0
12350 6.8528e+06 0
12360 6.44989e+06 0
12372 5.47254e+06 0
12380 5.77262e+06 0
12390 8.26942e+06 0
12400 6.68317e+06 0
12410 7.33509e+06 0
12420 7.1453e+06 0
12430 7.35834e+06 0
12440 7.07462e+06 0
12450 7.31808e+06 0
12460 6.89308e+06 0
12470 6.81129e+06 0
12480 7.00076e+06 0
12490 7.79032e+06 0
12500 7.24876e+06 0
12510 7.04868e+06 0
12520 7.50088e+06 0
12530 7.14026e+06 0
12540 7.0617e+06 0
12550 6.91419e+06 0
12560 7.2279e+06 0
12570 6.33084e+06 0
12580 6.18024e+06 0
12590 6.61039e+06 0
12600 6.97922e+06 0
12610 7.11292e+06 0
12620 6.60214e+06 0
12630 6.78065e+06 0
12640 6.54033e+06 0
12650 6.5028e+06 0
12661 5.42751e+06 0
12670 8.01004e+06 0
12680 7.45203e+06 0
12690 6.63471e+06 0
12700 6.64408e+06 0
12710 7.14365e+06 0
12720 7.09858e+06 0
12730 7.21970e+06 0
12740 7.04472e+06 0
12750 7.84026e+06 0
12760 7.67767e+06 0
12770 7.30762e+06 0
12780 7.4287e+06 0
12790 6.7189e+06 0
12800 6.5271e+06 0
12810 6.73689e+06 0
12820 6.96054e+06 0
12830 6.83339e+06 0
12840 7.07788e+06 0
12850 6.86404e+06 0
12860 6.32529e+06 0
12870 6.57772e+06 0
12880 5.89705e+06 0
12890 6.37129e+06 0
12900 7.31616e+06 0
12910 7.04581e+06 0
12920 7.18766e+06 0
12930 6.85653e+06 0
12940 7.24312e+06 0
12951 5.34931e+06 0
12960 7.25537e+06 0
12970 6.04628e+06 0
12980 6.35133e+06 0
12990 6.6098e+06 0
13000 6.82353e+06 0
13010 6.71637e+06 0
13020 6.49139e+06 0
13030 5.89810e+06 0
13040 5.13675e+06 0
13050 5.81258e+06 0
13060 6.13645e+06 0
13070 6.05071e+06 0
13080 6.41836e+06 0
13090 6.56337e+06 0
13100 6.55644e+06 0
13110 6.22182e+06 0
13120 6.633e+06 0
13130 6.55208e+06 0
13140 5.96017e+06 0
13150 5.94422e+06 0
13160 5.84189e+06 0
13170 5.82995e+06 0
13180 5.35448e+06 0
13190 5.86081e+06 0
13200 5.76851e+06 0
13210 5.86161e+06 0
13220 5.57016e+06 0
13230 5.53405e+06 0
13240 6.21715e+06 0
13250 6.507e+06 0
13260 6.4479e+06 0
13270 6.48703e+06 0
13280 6.5324e+06 0
13290 6.7995e+06 0
13300 6.58354e+06 0
13310 5.74951e+06 0
13320 5.62839e+06 0
13330 6.22846e+06 0
13340 6.51462e+06 0
13350 6.56707e+06 0
13360 6.44358e+06 0
13370 6.68867e+06 0
13380 6.80912e+06 0
13390 6.7379e+06 0
13400 6.74693e+06 0
13410 7.12827e+06 0
13420 6.33297e+06 0
13430 6.40542e+06 0
13440 6.27497e+06 0
13450 6.50177e+06 0
13460 6.6969e+06 0
13470 6.7673e+06 0
13480 6.8295e+06 0
13490 7.22222e+06 0
13500 7.38135e+06 0
13510 6.98874e+06 0
13520 6.92395e+06 0
13530 6.81125e+06 0
13540 7.66997e+06 0
13550 7.26532e+06 0
13560 7.35775e+06 0
13570 7.70993e+06 0
13580 7.99487e+06 0
13590 7.57322e+06 0
13600 7.03273e+06 0
13610 7.17843e+06 0
13620 7.11808e+06 0
13630 6.92787e+06 0
13640 7.50362e+06 0
13650 7.15068e+06 0
13660 7.44768e+06 0
13670 6.87847e+06 0
13680 7.33628e+06 0
13690 7.20827e+06 0
13700 7.24608e+06 0
13710 7.56321e+06 0
13720 7.09557e+06 0
13730 7.24676e+06 0
13740 7.20122e+06 0
13750 7.43356e+06 0
13762 6.4673e+06 0
13770 7.64351e+06 0
13782 7.35172e+06 0
13790 7.4618e+06 0
13800 6.73804e+06 0
13810 6.6321e+06 0
13820 7.16807e+06 0
13830 6.87433e+06 0
13840 6.69818e+06 0
13850 7.16218e+06 0
13860 6.48212e+06 0
13870 7.43444e+06 0
13880 7.3058e+06 0
13890 6.71676e+06 0
13900 6.82483e+06 0
13910 6.06652e+06 0
13920 6.20079e+06 0
13930 6.46015e+06 0
13940 6.46542e+06 0
13950 6.36649e+06 0
13960 6.38751e+06 0
13970 6.5172e+06 0
13980 6.20415e+06 0
13990 6.53281e+06 0
14000 7.04704e+06 0
14010 7.33511e+06 0
14020 7.75328e+06 0
14030 6.65215e+06 0
14040 6.98703e+06 0
14050 7.73844e+06 0
14060 7.18911e+06 0
14070 7.31384e+06 0
14080 6.52881e+06 0
14090 6.74095e+06 0
14100 6.73974e+06 0
14110 6.74412e+06 0
14120 7.64641e+06 0
14130 7.59521e+06 0
14140 7.03724e+06 0
14150 6.84942e+06 0
14160 6.48365e+06 0
14170 6.38061e+06 0
14180 6.6241e+06 0
14190 6.50370e+06 0
14200 6.21678e+06 0
14210 7.54744e+06 0
14220 7.64031e+06 0
14230 6.55142e+06 0
14240 5.89366e+06 0
14250 6.62246e+06 0
14260 6.66761e+06 0
14270 7.3633e+06 0
14280 6.85114e+06 0
14290 7.79057e+06 0
14300 7.84182e+06 0
14310 7.41501e+06 0
14320 6.86593e+06 0
14330 7.72928e+06 0
14340 7.49338e+06 0
14350 7.25129e+06 0
14360 7.31041e+06 0
14370 6.78555e+06 0
14380 6.67748e+06 0
14390 6.28982e+06 0
14400 6.28297e+06 0
14410 6.94175e+06 0
14420 6.94819e+06 0
14430 7.24852e+06 0
14440 7.07774e+06 0
14450 7.26093e+06 0
14460 7.00388e+06 0
14470 6.88545e+06 0
14480 6.02556e+06 0
14490 6.4294e+06 0
14500 6.80456e+06 0
14510 7.50136e+06 0
14520 6.86865e+06 0
14530 6.97691e+06 0
14540 7.29482e+06 0
14550 7.1608e+06 0
14560 6.50692e+06 0
14570 6.92431e+06 0
14580 7.34785e+06 0
14590 7.04157e+06 0
14600 6.75678e+06 0
14610 7.88463e+06 0
14620 7.46210e+06 0
14630 7.5498e+06 0
14640 7.76739e+06 0
14650 7.48108e+06 0
14660 6.8481e+06 0
14670 7.55885e+06 0
14680 6.89194e+06 0
14690 6.4054e+06 0
14700 6.44783e+06 0
14710 6.46001e+06 0
14720 7.03279e+06 0
14730 6.45081e+06 0
14740 6.48826e+06 0
14750 6.63544e+06 0
14761 5.59261e+06 0
14770 8.59062e+06 0
14780 6.78117e+06 0
14790 6.9577e+06 0
14800 6.26826e+06 0
14810 6.67542e+06 0
14820 6.83186e+06 0
14830 6.77516e+06 0
14840 6.16519e+06 0
14850 6.17028e+06 0
14860 6.84276e+06 0
14870 6.90671e+06 0
14880 6.36543e+06 0
14890 6.91674e+06 0
14900 6.53608e+06 0
14910 6.52572e+06 0
14920 6.58469e+06 0
14930 5.87727e+06 0
14940 6.12306e+06 0
14950 6.80052e+06 0
14960 6.96218e+06 0
14970 7.10639e+06 0
14980 6.39255e+06 0
14990 6.26296e+06 0
15000 6.56458e+06 0
15010 6.61745e+06 0
15020 7.2826e+06 0
15030 6.88774e+06 0
15040 6.86938e+06 0
15050 7.00901e+06 0
15060 6.18687e+06 0
15070 6.45086e+06 0
15080 6.83732e+06 0
15090 6.71877e+06 0
15100 6.28237e+06 0
15110 6.87077e+06 0
15120 7.07748e+06 0
15130 7.45833e+06 0
15140 7.53253e+06 0
15150 7.81862e+06 0
15160 7.26736e+06 0
15170 5.92594e+06 0
15180 6.81812e+06 0
15190 7.37495e+06 0
15200 6.50348e+06 0
15210 6.70125e+06 0
15220 7.20558e+06 0
15230 7.14317e+06 0
15240 7.66207e+06 0
15250 7.13679e+06 0
15260 7.77298e+06 0
15270 7.32064e+06 0
15283 6.15527e+06 0
15290 6.71724e+06 0
15300 6.24108e+06 0
15310 6.39474e+06 0
15320 6.96685e+06 0
15330 7.48307e+06 0
15340 6.63306e+06 0
15350 6.52401e+06 0
15360 6.63894e+06 0
15370 6.75532e+06 0
15380 6.71173e+06 0
15390 6.96546e+06 0
15400 6.90186e+06 0
15410 6.90503e+06 0
15420 7.46162e+06 0
15430 7.40332e+06 0
15440 7.43069e+06 0
15450 6.70447e+06 0
15460 6.81185e+06 0
15470 6.64626e+06 0
15480 7.60093e+06 0
15490 7.7157e+06 0
15500 7.07954e+06 0
15510 7.78333e+06 0
15520 7.50938e+06 0
15530 7.35361e+06 0
15540 7.73867e+06 0
15550 6.3725e+06 0
15560 6.32001e+06 0
15570 6.47970e+06 0
15580 6.7269e+06 0
15590 6.94102e+06 0
15600 6.4582e+06 0
15610 5.41708e+06 0
15620 6.57238e+06 0
15630 6.68241e+06 0
15640 6.66864e+06 0
15650 6.43521e+06 0
15660 6.55471e+06 0
15670 6.34861e+06 0
15680 6.44619e+06 0
15690 6.39069e+06 0
15700 6.38497e+06 0
15710 6.31686e+06 0
15720 6.29266e+06 0
15730 6.39322e+06 0
15740 6.43899e+06 0
15750 6.60543e+06 0
15760 6.23916e+06 0
15770 6.57322e+06 0
15780 6.60713e+06 0
15790 6.71169e+06 0
15800 6.5782e+06 0
15810 6.52578e+06 0
15820 6.33861e+06 0
15830 6.44552e+06 0
15840 6.7989e+06 0
15850 7.31313e+06 0
15860 5.13895e+06 0
15870 6.89137e+06 0
15880 6.40038e+06 0
15890 6.16993e+06 0
15900 6.70203e+06 0
15910 6.2794e+06 0
15920 6.35169e+06 0
15930 6.65235e+06 0
15940 6.77494e+06 0
15950 6.68595e+06 0
15960 7.01317e+06 0
15970 7.10116e+06 0
15980 7.01185e+06 0
15990 6.82014e+06 0
16000 7.11706e+06 0
16010 7.65824e+06 0
16020 7.23092e+06 0
16030 7.2251e+06 0
16040 6.82436e+06 0
16050 6.72259e+06 0
16060 6.98829e+06 0
16070 7.61116e+06 0
16080 7.01043e+06 0
16090 7.47281e+06 0
16100 6.89853e+06 0
16110 6.93263e+06 0
16120 6.71076e+06 0
16130 6.54530e+06 0
16140 6.59844e+06 0
16150 6.43656e+06 0
16160 5.7471e+06 0
16170 6.25007e+06 0
16180 6.64058e+06 0
16190 6.82489e+06 0
16200 6.92969e+06 0
16210 6.54087e+06 0
16220 6.59634e+06 0
16230 6.58876e+06 0
16240 6.5422e+06 0
16250 6.49978e+06 0
16260 6.31055e+06 0
16270 6.27181e+06 0
16280 6.87818e+06 0
16290 6.93037e+06 0
16300 7.20607e+06 0
16310 6.80113e+06 0
16320 6.87243e+06 0
16330 6.72095e+06 0
16340 6.6782e+06 0
16350 5.49959e+06 0
16360 7.7517e+06 0
16370 5.87953e+06 0
16380 6.23848e+06 0
16390 6.07612e+06 0
16400 6.30781e+06 0
16410 6.90326e+06 0
16421 5.59558e+06 0
16430 8.06532e+06 0
16442 6.53801e+06 0
16450 7.17963e+06 0
16460 6.54236e+06 0
16470 6.61118e+06 0
16480 6.62791e+06 0
16493 5.93046e+06 0
16500 7.19911e+06 0
16510 6.3343e+06 0
16520 6.45983e+06 0
16530 5.87623e+06 0
16540 5.05121e+06 0
16550 4.96649e+06 0
16560 5.56164e+06 0
16570 6.06318e+06 0
16580 5.69601e+06 0
16590 5.27439e+06 0
16600 5.4155e+06 0
16610 5.70274e+06 0
16620 5.28623e+06 0
16630 5.45155e+06 0
16640 5.88186e+06 0
16650 6.18763e+06 0
16660 5.68957e+06 0
16670 5.96682e+06 0
16680 6.50585e+06 0
16690 6.49122e+06 0
16700 6.40050e+06 0
16710 6.396e+06 0
16720 5.40471e+06 0
16730 6.09618e+06 0
16743 6.42856e+06 0
16750 6.58502e+06 0
16760 6.34501e+06 0
16770 6.73785e+06 0
16780 6.65526e+06 0
16790 6.38133e+06 0
16800 6.5282e+06 0
16810 6.36165e+06 0
16820 6.09173e+06 0
16830 6.26607e+06 0
16840 6.01282e+06 0
16850 5.64565e+06 0
16860 6.05652e+06 0
16870 6.597e+06 0
16880 6.33194e+06 0
16890 6.54239e+06 0
16900 6.83272e+06 0
16910 6.7801e+06 0
16920 6.59827e+06 0
16930 6.60385e+06 0
16940 6.53202e+06 0
16950 6.52008e+06 0
16960 6.55633e+06 0
16970 6.39948e+06 0
16980 6.17854e+06 0
16990 5.67407e+06 0
17000 5.91278e+06 0
17010 5.51528e+06 0
17020 5.84463e+06 0
17030 5.54181e+06 0
17040 5.35302e+06 0
17050 5.34744e+06 0
17060 5.30154e+06 0
17070 5.40738e+06 0
17080 5.29658e+06 0
17090 5.83578e+06 0
17100 6.21715e+06 0
17110 6.43766e+06 0
17120 5.66522e+06 0
17130 5.57581e+06 0
17140 5.62619e+06 0
17150 5.95729e+06 0
17160 6.23276e+06 0
17172 5.09327e+06 0
17180 7.23281e+06 0
17190 6.5242e+06 0
17200 6.24353e+06 0
17210 6.18471e+06 0
17220 6.04572e+06 0
17230 5.48184e+06 0
17240 5.89046e+06 0
17250 6.16764e+06 0
17260 6.41103e+06 0
17270 6.28327e+06 0
17280 6.53961e+06 0
17290 6.23896e+06 0
17300 6.11554e+06 0
17310 6.139e+06 0
17320 6.38762e+06 0
17330 6.1926e+06 0
17343 6.13903e+06 0
17350 6.52354e+06 0
17360 6.03294e+06 0
17370 6.0966e+06 0
17380 6.2046e+06 0
17390 6.15586e+06 0
17400 6.36735e+06 0
17410 6.01519e+06 0
17420 6.04692e+06 0
17430 6.10954e+06 0
17440 6.19889e+06 0
17450 6.15986e+06 0
17460 6.43748e+06 0
17470 6.6228e+06 0
17480 6.38162e+06 0
17490 5.86092e+06 0
17500 6.01844e+06 0
17510 6.40892e+06 0
17523 5.96877e+06 0
17530 7.16237e+06 0
17540 6.61058e+06 0
17550 6.38608e+06 0
17560 6.31763e+06 0
17570 6.60536e+06 0
17580 6.5593e+06 0
17590 6.5502e+06 0
17600 6.57343e+06 0
17610 6.18272e+06 0
17620 6.16042e+06 0
17630 6.4777e+06 0
17640 6.49002e+06 0
17650 6.00938e+06 0
17660 6.10591e+06 0
17670 5.31391e+06 0
17680 6.00034e+06 0
17690 6.3035e+06 0
17700 6.25728e+06 0
17710 6.066e+06 0
17720 5.55824e+06 0
17730 5.47695e+06 0
17740 5.70765e+06 0
17750 6.2606e+06 0
17760 5.72402e+06 0
17770 6.21624e+06 0
17780 6.28412e+06 0
17790 6.40911e+06 0
17800 6.42771e+06 0
17810 6.46585e+06 0
17820 6.41642e+06 0
17830 6.10349e+06 0
17840 5.79092e+06 0
17850 6.25343e+06 0
17860 5.67217e+06 0
17870 5.08141e+06 0
17880 5.56763e+06 0
17890 5.00396e+06 0
17900 5.41914e+06 0
17910 5.77328e+06 0
17920 6.03594e+06 0
17930 5.61144e+06 0
17940 5.13469e+06 0
17950 5.64904e+06 0
17960 5.55187e+06 0
17972 5.27882e+06 0
17980 6.7303e+06 0
17992 5.15176e+06 0
18000 6.1507e+06 0
18010 5.32202e+06 0
18020 5.85498e+06 0
18030 6.27789e+06 0
18040 5.9628e+06 0
18050 6.05029e+06 0
18060 5.62529e+06 0
18070 5.42144e+06 0
18080 5.92533e+06 0
18090 6.55126e+06 0
18100 5.68607e+06 0
18110 5.31234e+06 0
18120 5.49164e+06 0
18130 5.55011e+06 0
18140 6.17981e+06 0
18150 5.83898e+06 0
18160 5.67364e+06 0
18170 5.82706e+06 0
18181 4.966e+06 0
18190 6.60276e+06 0
18200 5.7791e+06 0
18210 6.41437e+06 0
18221 5.21069e+06 0
18230 7.54793e+06 0
18240 6.31922e+06 0
18250 6.51286e+06 0
18260 6.56166e+06 0
18270 6.5587e+06 0
18280 6.26653e+06 0
18290 5.70566e+06 0
18300 6.16610e+06 0
18310 5.58042e+06 0
18320 5.40067e+06 0
18330 5.64605e+06 0
18340 4.97589e+06 0
18350 5.04782e+06 0
18360 5.2438e+06 0
18370 5.19288e+06 0
18380 5.48235e+06 0
18390 5.61412e+06 0
18400 5.82202e+06 0
18412 5.30127e+06 0
18420 6.95828e+06 0
18430 6.01549e+06 0
18440 6.02895e+06 0
18450 6.52646e+06 0
18460 6.57904e+06 0
18470 6.37535e+06 0
18480 6.40099e+06 0
18490 6.60089e+06 0
18500 6.58783e+06 0
18510 6.6036e+06 0
18520 6.56792e+06 0
18530 6.18179e+06 0
18540 6.79199e+06 0
18550 6.79873e+06 0
18560 6.63753e+06 0
18570 5.36557e+06 0
18580 7.82236e+06 0
18590 6.62804e+06 0
18600 6.711e+06 0
18610 6.55604e+06 0
18620 6.58610e+06 0
18631 5.32287e+06 0
18640 8.43994e+06 0
18650 6.58257e+06 0
18660 6.84623e+06 0
18670 6.84255e+06 0
18680 6.62821e+06 0
18690 6.93848e+06 0
18700 6.78502e+06 0
18710 7.05364e+06 0
18720 7.17359e+06 0
18730 6.81793e+06 0
18740 6.60451e+06 0
18750 6.78573e+06 0
18760 7.62315e+06 0
18770 7.59544e+06 0
18780 7.44993e+06 0
18790 7.56951e+06 0
18800 7.90396e+06 0
18810 7.33736e+06 0
18820 6.93497e+06 0
18830 7.21929e+06 0
18840 6.8786e+06 0
18850 6.80859e+06 0
18860 7.23094e+06 0
18870 7.23991e+06 0
18880 7.60212e+06 0
18891 5.81885e+06 0
18901 6.60085e+06 0
18910 7.74079e+06 0
18920 6.72027e+06 0
18930 6.26125e+06 0
18940 6.8168e+06 0
18950 7.51804e+06 0
18960 7.06835e+06 0
18970 6.82241e+06 0
18980 6.78381e+06 0
18990 6.85951e+06 0
19000 6.71148e+06 0
19010 7.20499e+06 0
19020 7.11765e+06 0
19030 6.87878e+06 0
19040 7.12964e+06 0
19050 6.96262e+06 0
19060 7.06437e+06 0
19070 6.45718e+06 0
19080 7.17330e+06 0
19092 6.32761e+06 0
19100 8.20986e+06 0
19110 7.63823e+06 0
19120 7.30943e+06 0
19130 7.48931e+06 0
19140 6.84636e+06 0
19150 6.63544e+06 0
19163 6.15386e+06 0
19170 7.2316e+06 0
19180 7.24349e+06 0
19190 7.78449e+06 0
19200 7.49943e+06 0
19210 7.1882e+06 0
19220 7.32277e+06 0
19230 7.7312e+06 0
19240 7.23663e+06 0
19250 7.55085e+06 0
19260 7.27104e+06 0
19270 7.11868e+06 0
19280 6.74877e+06 0
19290 6.67167e+06 0
19300 6.84132e+06 0
19310 7.45162e+06 0
19320 6.70986e+06 0
19330 6.71671e+06 0
19340 6.77393e+06 0
19350 7.16783e+06 0
19360 7.29366e+06 0
19370 7.35022e+06 0
19380 6.69942e+06 0
19390 7.10305e+06 0
19400 7.39779e+06 0
19410 7.03709e+06 0
19420 6.80102e+06 0
19430 6.87999e+06 0
19440 7.23263e+06 0
19450 7.01122e+06 0
19460 6.89890e+06 0
19470 6.48262e+06 0
19480 6.31042e+06 0
19490 6.581e+06 0
19500 6.66616e+06 0
19510 6.93297e+06 0
19520 6.65264e+06 0
19530 6.29142e+06 0
19540 6.94299e+06 0
19550 6.38099e+06 0
19560 6.82194e+06 0
19570 6.83251e+06 0
19580 6.78774e+06 0
19590 6.45924e+06 0
19600 6.38564e+06 0
19610 6.70373e+06 0
19620 6.73192e+06 0
19630 7.026e+06 0
19640 7.03111e+06 0
19650 6.98174e+06 0
19660 6.8079e+06 0
19670 7.58372e+06 0
19680 7.30809e+06 0
19692 5.95321e+06 0
19701 6.15424e+06 0
19710 7.96041e+06 0
19720 6.88436e+06 0
19730 7.25341e+06 0
19740 7.48811e+06 0
19750 7.02716e+06 0
19760 7.13043e+06 0
19770 7.04172e+06 0
19780 6.82428e+06 0
19790 7.45478e+06 0
19800 7.79154e+06 0
19810 7.29899e+06 0
19820 6.56892e+06 0
19830 6.38104e+06 0
19840 6.85692e+06 0
19850 6.94264e+06 0
19860 7.1505e+06 0
19870 6.61457e+06 0
19880 6.42136e+06 0
19890 6.63773e+06 0
19900 6.54852e+06 0
19910 6.50661e+06 0
19920 6.77562e+06 0
19930 6.54887e+06 0
19940 6.47354e+06 0
19950 6.64589e+06 0
19960 6.78607e+06 0
19970 6.94092e+06 0
19980 6.59349e+06 0
19990 7.28302e+06 0
20000 6.87539e+06 0
20010 7.22116e+06 0
20020 7.01277e+06 0
20030 6.8932e+06 0
20040 6.71474e+06 0
20050 6.92096e+06 0
20060 7.24445e+06 0
20070 6.57634e+06 0
20080 6.80112e+06 0
20090 6.88212e+06 0
20100 6.95545e+06 0
20110 7.20409e+06 0
20120 7.06018e+06 0
20130 6.46008e+06 0
20140 6.83532e+06 0
20150 6.33661e+06 0
20160 6.42061e+06 0
20170 6.19514e+06 0
20180 6.34244e+06 0
20190 6.73161e+06 0
20200 6.60445e+06 0
20211 5.50127e+06 0
20220 6.84386e+06 0
20230 5.1245e+06 0
20240 5.45053e+06 0
20250 5.36132e+06 0
20260 5.72625e+06 0
20270 5.99106e+06 0
20280 6.16376e+06 0
20290 6.35013e+06 0
20300 6.45213e+06 0
20310 6.57639e+06 0
20320 6.65852e+06 0
20330 6.53462e+06 0
20340 6.51942e+06 0
20350 6.22751e+06 0
20360 6.11102e+06 0
20370 6.56942e+06 0
20380 6.15174e+06 0
20390 5.52588e+06 0
20400 6.22225e+06 0
20410 6.64287e+06 0
20420 7.02049e+06 0
20430 6.73374e+06 0
20440 6.91017e+06 0
20450 6.45405e+06 0
20460 6.32973e+06 0
20470 6.36909e+06 0
20480 6.8532e+06 0
20490 6.63716e+06 0
20500 6.67594e+06 0
20510 6.49608e+06 0
20520 5.93451e+06 0
20530 6.20334e+06 0
20540 6.42444e+06 0
20550 6.3428e+06 0
20560 5.55581e+06 0
20570 5.03491e+06 0
20580 5.88346e+06 0
20590 6.4444e+06 0
20600 6.03071e+06 0
20610 5.5109e+06 0
20620 6.07612e+06 0
20630 6.59663e+06 0
20640 6.53549e+06 0
20650 6.74993e+06 0
20660 7.13109e+06 0
20670 7.28111e+06 0
20680 7.4275e+06 0
20690 7.55198e+06 0
20700 7.23458e+06 0
20710 6.7747e+06 0
20720 6.57572e+06 0
20730 6.40583e+06 0
20740 6.91249e+06 0
20750 6.25798e+06 0
20760 6.2959e+06 0
20770 6.55741e+06 0
20780 6.37165e+06 0
20790 6.71912e+06 0
20800 6.99891e+06 0
20810 6.7938e+06 0
20820 6.38607e+06 0
20830 6.28461e+06 0
20840 5.72376e+06 0
20850 6.11035e+06 0
20860 6.0929e+06 0
20870 6.37483e+06 0
20880 5.73198e+06 0
20890 5.26191e+06 0
20900 6.14877e+06 0
20910 6.71478e+06 0
20920 6.91192e+06 0
20930 6.48517e+06 0
20940 5.93731e+06 0
20950 6.56959e+06 0
20960 6.57572e+06 0
20970 6.61955e+06 0
20980 6.65773e+06 0
20990 6.41867e+06 0
21000 6.89066e+06 0
21010 6.6087e+06 0
21020 6.26866e+06 0
21031 6.00545e+06 0
21040 7.46343e+06 0
21050 6.62985e+06 0
21060 6.80873e+06 0
21070 6.75354e+06 0
21080 6.93029e+06 0
21090 7.34271e+06 0
21100 7.16638e+06 0
21110 6.5594e+06 0
21120 6.19231e+06 0
21130 6.4822e+06 0
21140 6.55736e+06 0
21150 6.45718e+06 0
21160 6.49676e+06 0
21170 6.56013e+06 0
21180 6.6627e+06 0
21190 6.66712e+06 0
21200 6.42685e+06 0
21210 5.43259e+06 0
21220 6.118e+06 0
21230 6.44062e+06 0
21240 6.70765e+06 0
21250 5.66643e+06 0
21260 6.35365e+06 0
21270 6.57485e+06 0
21280 6.54557e+06 0
21290 6.17774e+06 0
21300 6.70004e+06 0
21310 6.91036e+06 0
21320 7.12399e+06 0
21330 7.38893e+06 0
21340 6.89276e+06 0
21350 6.24709e+06 0
21360 7.99574e+06 0
21370 6.0273e+06 0
21380 8.22532e+06 0
21391 5.46278e+06 0
21400 8.02524e+06 0
21410 6.5822e+06 0
21420 6.01162e+06 0
21430 6.52172e+06 0
21441 5.62061e+06 0
21450 9.01054e+06 0
21460 6.99904e+06 0
21470 6.88344e+06 0
21480 6.80176e+06 0
21492 6.87047e+06 0
21500 7.38172e+06 0
21510 6.97497e+06 0
21520 7.62703e+06 0
21530 7.91481e+06 0
21540 6.91522e+06 0
21550 6.51335e+06 0
21560 6.52347e+06 0
21570 7.18657e+06 0
21580 6.64348e+06 0
21590 6.63028e+06 0
