# TimeStamp(s) Sum Stdev
0 4.2638e+06 0
10 4.46163e+06 0
20 4.30041e+06 0
30 3.95626e+06 0
40 4.14450e+06 0
50 4.2252e+06 0
60 4.70639e+06 0
70 4.73087e+06 0
80 4.60758e+06 0
90 4.43493e+06 0
100 4.44957e+06 0
110 4.83684e+06 0
120 4.84063e+06 0
130 4.47895e+06 0
140 4.3026e+06 0
150 4.68987e+06 0
160 4.88130e+06 0
170 4.47724e+06 0
180 4.53503e+06 0
190 4.66793e+06 0
200 4.50237e+06 0
210 4.7577e+06 0
220 4.91212e+06 0
230 4.74143e+06 0
240 4.37558e+06 0
250 4.35353e+06 0
260 4.27265e+06 0
270 4.29197e+06 0
280 3.91206e+06 0
290 4.3948e+06 0
300 4.41067e+06 0
310 4.58306e+06 0
320 4.49981e+06 0
330 4.81938e+06 0
340 4.90534e+06 0
350 4.9237e+06 0
360 4.62602e+06 0
370 4.74962e+06 0
380 4.93713e+06 0
390 4.84781e+06 0
400 4.97256e+06 0
410 4.77168e+06 0
420 4.90526e+06 0
430 4.91018e+06 0
440 4.7671e+06 0
450 4.33052e+06 0
460 4.39243e+06 0
470 4.04076e+06 0
480 4.18192e+06 0
490 4.45595e+06 0
500 4.7324e+06 0
510 4.75379e+06 0
525 4.77665e+06 0
530 5.08054e+06 0
540 4.86823e+06 0
550 4.40516e+06 0
560 4.68174e+06 0
570 4.58996e+06 0
580 4.78435e+06 0
590 4.88917e+06 0
600 4.69171e+06 0
610 4.61501e+06 0
620 4.4255e+06 0
630 4.93205e+06 0
640 4.40195e+06 0
650 4.3384e+06 0
660 4.11757e+06 0
670 4.42922e+06 0
680 3.90678e+06 0
690 4.23653e+06 0
700 4.10322e+06 0
710 4.083e+06 0
720 4.34908e+06 0
730 4.30763e+06 0
740 4.23344e+06 0
750 4.67692e+06 0
760 4.84424e+06 0
770 4.76938e+06 0
780 4.53179e+06 0
790 4.50584e+06 0
800 4.86764e+06 0
810 4.92404e+06 0
820 4.83681e+06 0
831 3.06984e+06 0
840 6.3502e+06 0
850 4.71391e+06 0
860 4.74063e+06 0
870 4.82185e+06 0
880 4.73047e+06 0
890 4.38019e+06 0
900 4.52997e+06 0
910 4.45451e+06 0
920 4.35668e+06 0
930 4.26534e+06 0
940 3.94052e+06 0
950 4.14552e+06 0
960 4.69014e+06 0
970 4.94886e+06 0
980 4.91148e+06 0
990 4.63553e+06 0
1000 4.7972e+06 0
1010 4.7847e+06 0
1020 4.72743e+06 0
1030 4.47764e+06 0
1040 4.75697e+06 0
1050 4.28577e+06 0
1060 4.06157e+06 0
1070 4.37693e+06 0
1080 4.18604e+06 0
1090 4.49393e+06 0
1100 4.4189e+06 0
1110 4.27137e+06 0
1120 4.38135e+06 0
1130 4.617e+06 0
1140 4.68434e+06 0
1150 4.43626e+06 0
1160 4.0908e+06 0
1170 4.26998e+06 0
1180 4.33572e+06 0
1190 4.4273e+06 0
1200 4.31492e+06 0
1210 4.42793e+06 0
1221 2.81561e+06 0
1230 6.35746e+06 0
1240 4.69656e+06 0
1250 4.67376e+06 0
1260 4.74066e+06 0
1270 4.3217e+06 0
1280 4.54586e+06 0
1290 4.64015e+06 0
1300 4.33123e+06 0
1311 2.86198e+06 0
1320 6.25627e+06 0
1330 4.93339e+06 0
1340 4.71029e+06 0
1350 4.74578e+06 0
1360 4.84651e+06 0
1370 4.8954e+06 0
1380 4.53202e+06 0
1390 4.84835e+06 0
1400 4.68609e+06 0
1410 4.74893e+06 0
1420 4.47818e+06 0
1430 4.28393e+06 0
1440 4.41788e+06 0
1450 4.39293e+06 0
1460 4.6084e+06 0
1470 4.49058e+06 0
1480 4.78986e+06 0
1490 4.3399e+06 0
1500 4.54668e+06 0
1510 4.50522e+06 0
1520 4.52916e+06 0
1530 4.41361e+06 0
1540 4.41381e+06 0
1550 4.37244e+06 0
1560 4.47661e+06 0
1570 4.22484e+06 0
1580 4.37466e+06 0
1590 4.4873e+06 0
1600 4.25939e+06 0
1610 4.43403e+06 0
1620 4.43826e+06 0
1630 4.59301e+06 0
1640 4.42165e+06 0
1650 4.48054e+06 0
1660 4.81063e+06 0
1670 4.70658e+06 0
1680 4.62422e+06 0
1690 4.83175e+06 0
1700 4.89619e+06 0
1710 4.31668e+06 0
1720 4.53941e+06 0
1730 4.54621e+06 0
1740 4.31031e+06 0
1750 3.99851e+06 0
1760 4.43532e+06 0
1770 4.46524e+06 0
1780 4.66183e+06 0
1790 4.84233e+06 0
1800 4.31716e+06 0
1810 4.62867e+06 0
1820 4.33556e+06 0
1830 4.12047e+06 0
1840 4.13018e+06 0
1850 4.53797e+06 0
1860 4.65562e+06 0
1870 4.4586e+06 0
1880 4.02886e+06 0
1890 3.90577e+06 0
1900 4.43471e+06 0
1910 4.78824e+06 0
1920 4.29581e+06 0
1930 4.6492e+06 0
1940 4.62065e+06 0
1950 4.70143e+06 0
1960 4.60088e+06 0
1970 4.75156e+06 0
1980 4.66575e+06 0
1990 4.62949e+06 0
2000 4.43519e+06 0
2010 4.53892e+06 0
2020 4.66434e+06 0
2030 4.38876e+06 0
2040 4.4988e+06 0
2050 4.50468e+06 0
2060 4.33668e+06 0
2070 4.53327e+06 0
2080 4.34399e+06 0
2090 4.4473e+06 0
2100 4.50319e+06 0
2110 4.29402e+06 0
2120 4.48302e+06 0
2130 4.7309e+06 0
2140 4.58513e+06 0
2150 4.41899e+06 0
2160 4.72732e+06 0
2170 4.95928e+06 0
2180 4.97202e+06 0
2190 4.53101e+06 0
2200 4.25498e+06 0
2210 4.39144e+06 0
2220 4.12916e+06 0
2230 4.11634e+06 0
2240 4.55197e+06 0
2250 4.89207e+06 0
2260 4.52639e+06 0
2270 4.64458e+06 0
2280 4.59385e+06 0
2290 4.3656e+06 0
2300 4.42966e+06 0
2310 4.28564e+06 0
2320 3.67475e+06 0
2330 3.45017e+06 0
2340 3.80106e+06 0
2350 4.06679e+06 0
2360 4.18204e+06 0
2370 3.90676e+06 0
2380 3.97683e+06 0
2390 4.3239e+06 0
2400 4.47674e+06 0
2410 4.6098e+06 0
2420 4.37166e+06 0
2430 4.78817e+06 0
2440 4.65864e+06 0
2450 4.58666e+06 0
2460 4.42076e+06 0
2470 4.3238e+06 0
2480 4.68074e+06 0
2490 4.73663e+06 0
2500 4.5379e+06 0
2510 4.61963e+06 0
2520 4.55986e+06 0
2530 4.67096e+06 0
2540 4.55927e+06 0
2550 4.46991e+06 0
2560 4.58766e+06 0
2570 4.83807e+06 0
2580 4.93e+06 0
2590 4.77725e+06 0
2600 4.56688e+06 0
2610 4.3522e+06 0
2620 4.35705e+06 0
2630 4.42463e+06 0
2640 4.36924e+06 0
2650 4.27608e+06 0
2660 4.51352e+06 0
2670 4.65005e+06 0
2680 4.77101e+06 0
2690 4.48554e+06 0
2700 4.68022e+06 0
2710 4.80454e+06 0
2720 4.45064e+06 0
2730 4.58862e+06 0
2740 4.29608e+06 0
2750 4.24442e+06 0
2760 4.71005e+06 0
2770 4.52392e+06 0
2780 4.64572e+06 0
2790 4.6444e+06 0
2800 4.63689e+06 0
2810 4.48052e+06 0
2820 4.34225e+06 0
2830 4.45474e+06 0
2840 4.5521e+06 0
2850 4.51409e+06 0
2860 4.51549e+06 0
2870 4.646e+06 0
2880 4.0797e+06 0
2890 4.01965e+06 0
2900 4.75065e+06 0
2910 4.64077e+06 0
2920 4.5578e+06 0
2930 4.25121e+06 0
2940 4.38779e+06 0
2950 4.03572e+06 0
2960 3.89114e+06 0
2970 3.89937e+06 0
2980 3.95967e+06 0
2990 3.98635e+06 0
3000 4.24043e+06 0
3010 4.67101e+06 0
3020 4.79272e+06 0
3030 4.95448e+06 0
3040 4.76696e+06 0
3050 4.26002e+06 0
3060 4.59384e+06 0
3070 4.72610e+06 0
3080 4.62089e+06 0
3090 4.50361e+06 0
3100 4.73313e+06 0
3110 4.43875e+06 0
3120 4.34770e+06 0
3130 3.98305e+06 0
3140 4.55677e+06 0
3150 4.06218e+06 0
3160 4.66895e+06 0
3170 4.77751e+06 0
3180 4.74696e+06 0
3190 4.0689e+06 0
3200 3.88929e+06 0
3210 4.13831e+06 0
3220 4.37336e+06 0
3230 4.15801e+06 0
3240 4.0136e+06 0
3250 4.25952e+06 0
3260 4.11599e+06 0
3270 4.40808e+06 0
3280 4.74394e+06 0
3290 4.89058e+06 0
3300 4.73606e+06 0
3310 4.52525e+06 0
3320 4.45893e+06 0
3330 4.62264e+06 0
3340 4.58743e+06 0
3350 4.36413e+06 0
3360 4.61816e+06 0
3370 4.4921e+06 0
3380 4.60393e+06 0
3390 4.62352e+06 0
3400 4.61295e+06 0
3410 4.63102e+06 0
3420 4.51068e+06 0
3430 4.17368e+06 0
3440 4.25028e+06 0
3450 4.29201e+06 0
3460 4.42633e+06 0
3470 4.57076e+06 0
3480 4.99424e+06 0
3490 4.98874e+06 0
3500 4.96975e+06 0
3510 4.19702e+06 0
3520 4.51398e+06 0
3530 4.47737e+06 0
3540 4.05414e+06 0
3550 4.32368e+06 0
3560 4.77393e+06 0
3570 4.637e+06 0
3580 4.92012e+06 0
3590 4.92364e+06 0
3600 4.89062e+06 0
3610 4.99128e+06 0
3620 4.88423e+06 0
3630 4.78552e+06 0
3640 4.61887e+06 0
3650 4.33996e+06 0
3660 4.52257e+06 0
3670 4.48622e+06 0
3680 4.29612e+06 0
3690 4.79484e+06 0
3700 4.71926e+06 0
3710 4.98425e+06 0
3720 4.87175e+06 0
3730 4.86849e+06 0
3740 4.64324e+06 0
3750 4.62072e+06 0
3760 4.37528e+06 0
3770 4.56986e+06 0
3780 4.51161e+06 0
3790 4.55457e+06 0
3800 4.55433e+06 0
3810 4.8526e+06 0
3820 4.31008e+06 0
3830 4.259e+06 0
3840 4.33846e+06 0
3850 4.30232e+06 0
3860 4.19987e+06 0
3870 4.17969e+06 0
3880 4.41312e+06 0
3890 4.41965e+06 0
3900 4.51839e+06 0
3910 4.57761e+06 0
3920 4.39832e+06 0
3930 4.46378e+06 0
3940 4.02303e+06 0
3950 4.49804e+06 0
3960 4.26399e+06 0
3970 4.4088e+06 0
3980 4.69273e+06 0
3990 4.44704e+06 0
4000 4.3125e+06 0
4010 4.65858e+06 0
4020 4.50717e+06 0
4030 4.6001e+06 0
4040 4.63713e+06 0
4050 4.59373e+06 0
4060 4.73005e+06 0
4070 4.58166e+06 0
4080 4.86545e+06 0
4090 4.6184e+06 0
4100 4.34451e+06 0
4110 4.22396e+06 0
4120 4.14476e+06 0
4130 4.45912e+06 0
4140 4.63302e+06 0
4150 4.6342e+06 0
4160 4.51064e+06 0
4170 4.38414e+06 0
4180 4.1609e+06 0
4190 4.25826e+06 0
4200 4.41972e+06 0
4210 4.04879e+06 0
4220 4.26862e+06 0
4230 4.54212e+06 0
4240 4.91329e+06 0
4250 4.59682e+06 0
4260 4.3768e+06 0
4270 4.33825e+06 0
4280 4.41327e+06 0
4290 4.45114e+06 0
4300 4.36172e+06 0
4310 4.22316e+06 0
4320 4.42979e+06 0
4330 4.71133e+06 0
4340 4.71501e+06 0
4350 4.60994e+06 0
4360 4.34451e+06 0
4370 4.57737e+06 0
4380 4.66815e+06 0
4390 4.50113e+06 0
4400 4.31631e+06 0
4410 4.52002e+06 0
4420 4.56804e+06 0
4430 4.31679e+06 0
4440 4.52452e+06 0
4450 4.40826e+06 0
4460 4.16879e+06 0
4470 4.45064e+06 0
4480 4.49698e+06 0
4490 4.37373e+06 0
4500 4.51449e+06 0
4510 4.39294e+06 0
4520 4.79156e+06 0
4530 4.57478e+06 0
4540 4.50619e+06 0
4550 3.95446e+06 0
4560 4.54046e+06 0
4570 4.32704e+06 0
4580 4.43414e+06 0
4590 4.43105e+06 0
4600 4.39656e+06 0
4610 4.33928e+06 0
4620 4.30536e+06 0
4630 4.65482e+06 0
4640 4.74993e+06 0
4650 4.80198e+06 0
4660 4.35791e+06 0
4670 4.66404e+06 0
4680 4.6407e+06 0
4690 4.75484e+06 0
4700 4.50178e+06 0
4710 4.4844e+06 0
4720 4.40061e+06 0
4730 4.4321e+06 0
4740 4.00654e+06 0
4754 3.98209e+06 0
4760 4.62743e+06 0
4770 4.56294e+06 0
4780 4.42474e+06 0
4790 4.3225e+06 0
4800 4.505e+06 0
4810 4.59391e+06 0
4820 4.489e+06 0
4830 4.34038e+06 0
4840 4.29933e+06 0
4850 3.90495e+06 0
4860 4.40621e+06 0
4870 4.49487e+06 0
4880 4.46653e+06 0
4890 4.38161e+06 0
4900 4.44127e+06 0
4910 4.75565e+06 0
4920 4.77056e+06 0
4930 4.68538e+06 0
4940 4.50355e+06 0
4950 4.43626e+06 0
4960 4.29711e+06 0
4970 4.38412e+06 0
4982 3.00211e+06 0
4990 5.47525e+06 0
5000 4.58872e+06 0
5010 4.35297e+06 0
5020 4.44914e+06 0
5030 4.50102e+06 0
5040 4.78703e+06 0
5050 4.51172e+06 0
5060 4.52911e+06 0
5070 4.51779e+06 0
5080 4.47834e+06 0
5090 4.46828e+06 0
5100 4.55669e+06 0
5110 4.69485e+06 0
5120 4.45358e+06 0
5130 4.653e+06 0
5140 4.44172e+06 0
5150 4.67387e+06 0
5160 4.4393e+06 0
5170 4.43444e+06 0
5180 4.34039e+06 0
5190 4.26655e+06 0
5200 4.61245e+06 0
5210 4.53330e+06 0
5220 4.9565e+06 0
5230 4.94957e+06 0
5240 4.83818e+06 0
5250 4.50621e+06 0
5260 4.41252e+06 0
5270 4.41252e+06 0
5280 4.42085e+06 0
5290 4.29073e+06 0
5300 4.3685e+06 0
5310 4.46414e+06 0
5320 4.2862e+06 0
5330 4.35735e+06 0
5340 4.70721e+06 0
5350 4.83695e+06 0
5360 4.62192e+06 0
5370 4.80271e+06 0
5380 4.45602e+06 0
5390 4.549e+06 0
5400 4.40316e+06 0
5410 4.33751e+06 0
5420 4.47684e+06 0
5430 4.42244e+06 0
5440 4.33481e+06 0
5450 4.583e+06 0
5460 4.43469e+06 0
5470 4.77715e+06 0
5480 4.63967e+06 0
5490 4.52532e+06 0
5500 4.42177e+06 0
5510 4.81708e+06 0
5520 4.78552e+06 0
5530 4.66961e+06 0
5540 4.37311e+06 0
5550 4.37105e+06 0
5560 4.77775e+06 0
5570 4.20589e+06 0
5580 4.2478e+06 0
5590 4.2434e+06 0
5600 4.37601e+06 0
5610 4.666e+06 0
5620 4.74113e+06 0
5630 4.42074e+06 0
5640 4.7306e+06 0
5650 4.5412e+06 0
5660 4.37852e+06 0
5670 4.75358e+06 0
5680 4.52168e+06 0
5690 4.42076e+06 0
5700 4.67517e+06 0
5710 4.48051e+06 0
5720 4.63453e+06 0
5730 4.48221e+06 0
5740 4.86253e+06 0
5750 4.68269e+06 0
5760 4.58908e+06 0
5770 4.57368e+06 0
5780 4.60319e+06 0
5790 4.3373e+06 0
5800 4.53869e+06 0
5810 4.33279e+06 0
5820 4.55112e+06 0
5830 4.48282e+06 0
5840 4.70205e+06 0
5850 4.61343e+06 0
5860 4.70638e+06 0
5870 4.59194e+06 0
5880 4.77018e+06 0
5890 4.72598e+06 0
5900 4.60804e+06 0
5910 4.64415e+06 0
5920 4.67321e+06 0
5930 4.89787e+06 0
5940 4.46464e+06 0
5950 4.78732e+06 0
5960 4.23479e+06 0
5970 4.75739e+06 0
5980 4.85709e+06 0
5990 4.86926e+06 0
6000 4.57276e+06 0
6010 4.43622e+06 0
6020 4.47323e+06 0
6030 4.40657e+06 0
6040 4.48456e+06 0
6050 4.37233e+06 0
6060 4.57415e+06 0
6070 4.27868e+06 0
6080 4.26885e+06 0
6090 4.65349e+06 0
6100 4.26776e+06 0
6110 4.29505e+06 0
6120 4.58991e+06 0
6130 4.29244e+06 0
6140 4.45856e+06 0
6150 4.32524e+06 0
6160 4.42856e+06 0
6170 4.65846e+06 0
6180 4.59155e+06 0
6190 4.04774e+06 0
6200 4.18068e+06 0
6210 3.84992e+06 0
6220 3.9062e+06 0
6230 4.45731e+06 0
6240 4.38255e+06 0
6250 4.45748e+06 0
6260 4.53299e+06 0
6270 4.19243e+06 0
6280 4.40256e+06 0
6290 4.54883e+06 0
6300 4.35492e+06 0
6310 4.4325e+06 0
6320 4.53943e+06 0
6330 4.35014e+06 0
6340 4.60446e+06 0
6350 4.5233e+06 0
6360 4.19098e+06 0
6370 4.24644e+06 0
6380 4.53965e+06 0
6394 4.00932e+06 0
6400 4.71334e+06 0
6410 4.36774e+06 0
6420 4.48324e+06 0
6430 4.52469e+06 0
6440 4.58591e+06 0
6450 4.46198e+06 0
6460 4.90508e+06 0
6470 4.75672e+06 0
6480 4.56991e+06 0
6490 4.67754e+06 0
6500 4.58708e+06 0
6510 4.41087e+06 0
6520 4.34859e+06 0
6530 4.3847e+06 0
6540 4.27754e+06 0
6550 4.38589e+06 0
6560 4.23468e+06 0
6570 4.36632e+06 0
6580 4.64476e+06 0
6590 4.59016e+06 0
6600 4.57864e+06 0
6610 4.49057e+06 0
6620 4.26842e+06 0
6630 4.33983e+06 0
6640 4.49578e+06 0
6650 4.50876e+06 0
6660 4.46354e+06 0
6670 4.34808e+06 0
6680 3.68454e+06 0
6690 3.9986e+06 0
6700 4.20335e+06 0
6710 4.5559e+06 0
6720 4.54544e+06 0
6730 4.3917e+06 0
6740 4.32698e+06 0
6750 4.44961e+06 0
6760 4.45856e+06 0
6770 4.40299e+06 0
6780 4.6089e+06 0
6790 4.52196e+06 0
6800 4.46245e+06 0
6810 4.42523e+06 0
6820 4.32802e+06 0
6830 4.36849e+06 0
6840 4.57537e+06 0
6850 4.66186e+06 0
6860 4.54779e+06 0
6870 4.43971e+06 0
6880 4.63144e+06 0
6890 4.54029e+06 0
6900 4.60530e+06 0
6910 4.69506e+06 0
6922 3.59335e+06 0
6930 5.49895e+06 0
6940 4.5855e+06 0
6950 4.52002e+06 0
6960 4.21208e+06 0
6970 4.21777e+06 0
6980 4.62245e+06 0
6990 4.4174e+06 0
7000 4.6052e+06 0
7010 4.35061e+06 0
7020 4.52512e+06 0
7030 4.63766e+06 0
7040 4.3519e+06 0
7050 4.54556e+06 0
7060 4.53797e+06 0
7070 4.46354e+06 0
7080 4.55348e+06 0
7090 4.50839e+06 0
7100 4.41965e+06 0
7110 4.49295e+06 0
7120 4.49339e+06 0
7130 4.54418e+06 0
7140 4.70083e+06 0
7150 4.45166e+06 0
7160 4.18636e+06 0
7170 4.81854e+06 0
7180 4.79122e+06 0
7190 4.76943e+06 0
7200 4.45681e+06 0
7210 4.62968e+06 0
7220 4.48203e+06 0
7230 4.32751e+06 0
7240 4.3151e+06 0
7250 4.43366e+06 0
7260 4.58829e+06 0
7270 4.39432e+06 0
7280 4.21305e+06 0
7290 4.65003e+06 0
7300 4.75301e+06 0
7310 4.56543e+06 0
7320 4.48535e+06 0
7330 4.2679e+06 0
7340 4.36306e+06 0
7350 4.67668e+06 0
7360 4.58877e+06 0
7370 4.85665e+06 0
7380 4.75229e+06 0
7390 4.46919e+06 0
7400 4.74779e+06 0
7410 4.43542e+06 0
7420 4.54628e+06 0
7430 4.66762e+06 0
7440 4.62235e+06 0
7450 4.72137e+06 0
7460 4.5687e+06 0
7470 4.38156e+06 0
7480 4.53e+06 0
7490 4.26081e+06 0
7500 4.26351e+06 0
7510 4.25576e+06 0
7520 4.455e+06 0
7530 4.45464e+06 0
7540 4.62246e+06 0
7550 4.46713e+06 0
7560 4.46042e+06 0
7570 4.85716e+06 0
7580 4.62712e+06 0
7590 4.39566e+06 0
7600 4.74737e+06 0
7610 4.71769e+06 0
7620 4.62998e+06 0
7630 4.61883e+06 0
7640 4.67798e+06 0
7650 4.71023e+06 0
7660 4.46015e+06 0
7670 4.3357e+06 0
7680 4.62113e+06 0
7690 4.48518e+06 0
7700 4.60519e+06 0
7710 4.63095e+06 0
7720 4.53621e+06 0
7730 4.83315e+06 0
7740 4.51263e+06 0
7750 4.59603e+06 0
7760 4.27007e+06 0
7770 4.59119e+06 0
7780 4.68586e+06 0
7790 4.61979e+06 0
7800 4.47409e+06 0
7810 4.45518e+06 0
7820 4.61465e+06 0
7830 4.37153e+06 0
7840 4.20757e+06 0
7850 4.16927e+06 0
7860 4.47759e+06 0
7870 4.6456e+06 0
7880 4.44228e+06 0
7890 4.2085e+06 0
7900 4.36219e+06 0
7910 4.57737e+06 0
7920 4.31153e+06 0
7930 4.48106e+06 0
7940 4.28661e+06 0
7950 4.2759e+06 0
7960 4.61396e+06 0
7970 4.38939e+06 0
7980 4.37773e+06 0
7990 4.46693e+06 0
8000 4.395e+06 0
8010 4.28578e+06 0
8020 4.6168e+06 0
8030 4.54544e+06 0
8040 4.7121e+06 0
8050 4.84941e+06 0
8060 4.68639e+06 0
8070 4.60803e+06 0
8080 4.43681e+06 0
8090 4.3205e+06 0
8100 4.40529e+06 0
8110 4.66497e+06 0
8120 4.44624e+06 0
8130 4.34371e+06 0
8140 4.42954e+06 0
8150 4.39294e+06 0
8160 4.67888e+06 0
8170 4.54943e+06 0
8180 4.65506e+06 0
8190 4.65089e+06 0
8200 4.67642e+06 0
8210 4.7558e+06 0
8220 4.68144e+06 0
8230 4.79170e+06 0
8240 4.45225e+06 0
8250 4.45247e+06 0
8260 4.34575e+06 0
8270 4.54015e+06 0
8280 4.70309e+06 0
8290 4.66076e+06 0
8300 4.60051e+06 0
8310 4.42166e+06 0
8320 4.57572e+06 0
8330 4.50834e+06 0
8340 4.50347e+06 0
8350 4.51815e+06 0
8360 4.65962e+06 0
8370 4.41355e+06 0
8380 4.54536e+06 0
8390 4.73684e+06 0
8400 4.61361e+06 0
8410 4.74351e+06 0
8420 4.61136e+06 0
8430 4.60351e+06 0
8440 4.58047e+06 0
8450 4.84482e+06 0
8460 4.88239e+06 0
8470 4.48394e+06 0
8480 4.24579e+06 0
8490 4.34834e+06 0
8500 4.69691e+06 0
8510 4.58858e+06 0
8520 4.53451e+06 0
8530 4.40771e+06 0
8540 4.30845e+06 0
8550 4.37256e+06 0
8560 4.65446e+06 0
8570 4.7644e+06 0
8580 4.67672e+06 0
8590 4.44068e+06 0
8600 4.40432e+06 0
8610 4.59616e+06 0
8620 4.33359e+06 0
8630 4.58015e+06 0
8640 4.55252e+06 0
8650 4.38856e+06 0
8660 4.38287e+06 0
8670 4.34982e+06 0
8680 4.39954e+06 0
8690 4.36383e+06 0
8700 4.79956e+06 0
8710 4.33318e+06 0
8724 4.15938e+06 0
8730 5.14389e+06 0
8740 4.35765e+06 0
8750 4.40554e+06 0
8762 3.49565e+06 0
8770 5.62945e+06 0
8780 4.53349e+06 0
8790 4.58882e+06 0
8800 4.45505e+06 0
8810 4.65774e+06 0
8820 4.54992e+06 0
8830 4.39777e+06 0
8840 4.38154e+06 0
8850 4.4953e+06 0
8860 4.26849e+06 0
8870 4.42566e+06 0
8880 4.60446e+06 0
8890 4.48948e+06 0
8900 4.28933e+06 0
8910 4.54906e+06 0
8920 4.77934e+06 0
8930 4.59482e+06 0
8940 4.33359e+06 0
8950 4.32186e+06 0
8960 4.28216e+06 0
8970 4.43468e+06 0
8980 4.36615e+06 0
8990 4.52174e+06 0
9000 4.20397e+06 0
9010 4.5313e+06 0
9020 4.3459e+06 0
9030 4.44838e+06 0
9040 4.00263e+06 0
9050 4.12316e+06 0
9060 4.32516e+06 0
9070 4.57234e+06 0
9080 4.82102e+06 0
9090 4.55446e+06 0
9100 4.52107e+06 0
9110 4.39397e+06 0
9120 4.69511e+06 0
9130 4.59046e+06 0
9140 4.4793e+06 0
9150 4.79775e+06 0
9160 4.63871e+06 0
9170 4.27359e+06 0
9180 4.41917e+06 0
9190 4.52772e+06 0
9200 4.43057e+06 0
9210 4.60646e+06 0
9220 4.61542e+06 0
9230 4.39566e+06 0
9240 4.60277e+06 0
9250 4.33474e+06 0
9260 4.61373e+06 0
9270 4.59197e+06 0
9280 4.34142e+06 0
9290 4.52904e+06 0
9300 4.71951e+06 0
9310 4.88988e+06 0
9320 4.23164e+06 0
9330 4.08823e+06 0
9340 4.27444e+06 0
9350 4.51487e+06 0
9360 4.41916e+06 0
9370 4.51888e+06 0
9380 4.58198e+06 0
9390 4.35261e+06 0
9400 4.56246e+06 0
9410 4.72738e+06 0
9420 4.4961e+06 0
9430 4.71829e+06 0
9440 4.70823e+06 0
9450 4.57638e+06 0
9460 4.55931e+06 0
9470 4.51577e+06 0
9480 4.75128e+06 0
9490 4.49724e+06 0
9500 4.63506e+06 0
9510 4.50427e+06 0
9520 4.37082e+06 0
9530 4.45633e+06 0
9543 3.69433e+06 0
9550 5.33206e+06 0
9560 4.55781e+06 0
9570 4.6344e+06 0
9580 4.60553e+06 0
9590 4.58745e+06 0
9600 4.61204e+06 0
9610 4.72993e+06 0
9620 4.84424e+06 0
9630 4.68609e+06 0
9640 4.74212e+06 0
9650 4.5949e+06 0
9660 4.64741e+06 0
9670 4.63331e+06 0
9680 4.44652e+06 0
9690 4.68542e+06 0
9700 4.79377e+06 0
9710 4.38367e+06 0
9720 4.4617e+06 0
9730 4.72268e+06 0
9740 4.63231e+06 0
9750 4.75005e+06 0
9760 4.49937e+06 0
9770 4.54657e+06 0
9780 4.51628e+06 0
9790 4.31206e+06 0
9800 4.20268e+06 0
9810 4.75078e+06 0
9820 4.50732e+06 0
9830 4.41204e+06 0
9840 4.44447e+06 0
9850 4.25611e+06 0
9860 4.25439e+06 0
9870 4.80218e+06 0
9880 4.59536e+06 0
9890 4.74836e+06 0
9900 4.52269e+06 0
9910 4.47324e+06 0
9920 4.71132e+06 0
9930 4.66471e+06 0
9940 4.68397e+06 0
9950 4.58604e+06 0
9960 4.84424e+06 0
9970 4.71958e+06 0
9980 4.5859e+06 0
9990 4.72191e+06 0
10000 4.79684e+06 0
10010 4.43202e+06 0
10020 4.72756e+06 0
10030 4.56529e+06 0
10040 4.52895e+06 0
10050 4.73889e+06 0
10060 4.59356e+06 0
10070 4.59215e+06 0
10080 4.80175e+06 0
10090 4.65422e+06 0
10100 4.65410e+06 0
10110 4.52936e+06 0
10120 4.53858e+06 0
10130 4.36801e+06 0
10140 4.47626e+06 0
10150 4.5884e+06 0
10160 4.75687e+06 0
10170 4.54091e+06 0
10180 4.62143e+06 0
10190 4.45766e+06 0
10200 4.47764e+06 0
10210 4.42148e+06 0
10220 4.06733e+06 0
10230 4.24024e+06 0
10240 4.32445e+06 0
10250 4.59593e+06 0
10260 4.62062e+06 0
10270 4.72107e+06 0
10280 4.37002e+06 0
10290 4.59986e+06 0
10300 4.90703e+06 0
10310 4.97904e+06 0
10320 4.83636e+06 0
10330 4.39474e+06 0
10340 4.1026e+06 0
10350 4.41832e+06 0
10360 4.61343e+06 0
10370 4.46507e+06 0
10380 4.31473e+06 0
10390 4.66787e+06 0
10400 4.64354e+06 0
10410 4.38092e+06 0
10420 4.3271e+06 0
10430 4.56191e+06 0
10440 4.33215e+06 0
10450 4.50086e+06 0
10460 4.68578e+06 0
10470 4.64326e+06 0
10480 4.46919e+06 0
10490 4.77296e+06 0
10500 4.36753e+06 0
10510 4.31346e+06 0
10520 4.88042e+06 0
10530 4.91292e+06 0
10540 4.94037e+06 0
10550 4.48674e+06 0
10560 4.26262e+06 0
10570 4.54269e+06 0
10580 4.34086e+06 0
10590 4.40093e+06 0
10600 4.51967e+06 0
10610 4.61758e+06 0
10620 4.73135e+06 0
10630 4.74229e+06 0
10640 4.73297e+06 0
10650 4.55535e+06 0
10660 4.64543e+06 0
10670 4.68344e+06 0
10680 4.83023e+06 0
10690 4.63199e+06 0
10700 4.64197e+06 0
10710 4.58434e+06 0
10720 4.52336e+06 0
10730 4.68313e+06 0
10740 4.51446e+06 0
10750 4.66664e+06 0
10760 4.58834e+06 0
10770 4.48462e+06 0
10780 4.60586e+06 0
10790 4.72749e+06 0
10800 4.65157e+06 0
10810 4.62339e+06 0
10820 4.5277e+06 0
10830 4.67925e+06 0
10840 4.58286e+06 0
10850 4.49186e+06 0
10860 4.76902e+06 0
10870 4.59234e+06 0
10880 4.52792e+06 0
10890 4.45249e+06 0
10900 4.75538e+06 0
10910 4.38317e+06 0
10920 4.58356e+06 0
10930 4.42898e+06 0
10940 4.31067e+06 0
10950 4.30454e+06 0
10960 4.26718e+06 0
10970 4.34311e+06 0
10980 4.60797e+06 0
10990 4.57532e+06 0
11000 4.41384e+06 0
11010 4.31546e+06 0
11020 4.28952e+06 0
11030 4.67338e+06 0
11040 4.547e+06 0
11050 4.5613e+06 0
11060 4.81822e+06 0
11070 4.47617e+06 0
11080 4.38111e+06 0
11090 4.36972e+06 0
11100 4.29711e+06 0
11110 4.60196e+06 0
11120 4.75673e+06 0
11130 4.29158e+06 0
11140 4.10423e+06 0
11150 4.30487e+06 0
11160 4.09807e+06 0
11170 4.64468e+06 0
11180 4.60197e+06 0
11190 4.60541e+06 0
11200 4.26173e+06 0
11210 4.32273e+06 0
11220 4.24455e+06 0
11230 4.20667e+06 0
11240 4.61901e+06 0
11250 4.30165e+06 0
11260 4.4722e+06 0
11270 4.36704e+06 0
11280 4.31517e+06 0
11290 4.43565e+06 0
11300 4.4913e+06 0
11310 4.27419e+06 0
11320 4.7606e+06 0
11330 4.59144e+06 0
11340 4.64373e+06 0
11350 4.58210e+06 0
11360 4.50938e+06 0
11370 4.7296e+06 0
11380 4.78993e+06 0
11390 4.74908e+06 0
11400 4.79933e+06 0
11410 4.57106e+06 0
11420 4.64559e+06 0
11430 4.42945e+06 0
11440 4.69137e+06 0
11450 4.59967e+06 0
11460 4.40324e+06 0
11470 4.36306e+06 0
11480 4.7539e+06 0
11490 4.60058e+06 0
11500 4.72934e+06 0
11510 4.54583e+06 0
11520 4.43519e+06 0
11530 4.03574e+06 0
11540 4.52293e+06 0
11550 4.45893e+06 0
11560 4.33693e+06 0
11570 4.51839e+06 0
11580 4.59288e+06 0
11590 4.73514e+06 0
11600 4.50628e+06 0
11610 4.49893e+06 0
11620 4.62507e+06 0
11630 4.65058e+06 0
11640 4.64258e+06 0
11650 4.88376e+06 0
11660 4.60954e+06 0
11670 4.75563e+06 0
11680 4.51554e+06 0
11690 4.38165e+06 0
11700 4.55955e+06 0
11710 4.82571e+06 0
11720 4.93594e+06 0
11730 4.91302e+06 0
11740 4.75006e+06 0
11750 4.92006e+06 0
11760 4.87544e+06 0
11770 4.49464e+06 0
11780 4.60246e+06 0
11790 4.45394e+06 0
11800 4.41967e+06 0
11810 4.32329e+06 0
11820 4.17862e+06 0
11830 3.88083e+06 0
11840 4.44352e+06 0
11850 4.51444e+06 0
11860 4.63078e+06 0
11870 4.04246e+06 0
11880 4.20746e+06 0
11890 4.47026e+06 0
11900 4.7814e+06 0
11910 4.70477e+06 0
11920 4.70904e+06 0
11930 4.62972e+06 0
11940 4.62335e+06 0
11950 4.83469e+06 0
11960 4.82408e+06 0
11970 4.77199e+06 0
11980 4.45245e+06 0
11990 4.53962e+06 0
12000 4.61658e+06 0
12010 4.60088e+06 0
12020 4.49034e+06 0
12030 4.50008e+06 0
12040 4.68556e+06 0
12050 4.39128e+06 0
12060 4.48184e+06 0
12070 4.65246e+06 0
12080 4.53409e+06 0
12090 4.24408e+06 0
12100 4.35007e+06 0
12110 4.6921e+06 0
12120 4.6035e+06 0
12130 4.44858e+06 0
12140 4.53906e+06 0
12150 4.51968e+06 0
12160 4.11664e+06 0
12170 4.48196e+06 0
12180 4.0898e+06 0
12190 4.32692e+06 0
12200 4.51476e+06 0
12210 4.7639e+06 0
12220 4.53538e+06 0
12230 4.53137e+06 0
12240 4.40432e+06 0
12250 4.59234e+06 0
12260 4.36717e+06 0
12270 4.57524e+06 0
12280 4.5935e+06 0
12290 4.63852e+06 0
12300 4.35645e+06 0
12310 4.15884e+06 0
12320 4.69652e+06 0
12330 4.49803e+06 0
12340 4.2551e+06 0
12350 4.16508e+06 0
12360 4.05345e+06 0
12370 4.8916e+06 0
12380 4.44309e+06 0
12390 4.79436e+06 0
12400 4.48767e+06 0
12410 4.69034e+06 0
12420 4.39626e+06 0
12434 4.06326e+06 0
12440 5.02257e+06 0
12450 4.24484e+06 0
12460 4.74218e+06 0
12470 4.64307e+06 0
12480 4.32141e+06 0
12490 4.3985e+06 0
12500 4.27842e+06 0
12510 4.39905e+06 0
12520 4.71122e+06 0
12530 4.52895e+06 0
12540 4.60242e+06 0
12550 4.43626e+06 0
12560 4.43057e+06 0
12570 4.87388e+06 0
12580 4.72157e+06 0
12590 4.50433e+06 0
12600 4.46039e+06 0
12610 4.55234e+06 0
12620 4.64489e+06 0
12630 4.48372e+06 0
12640 4.55368e+06 0
12650 4.77046e+06 0
12660 4.11061e+06 0
12670 4.04364e+06 0
12680 4.57123e+06 0
12690 4.68301e+06 0
12700 4.36409e+06 0
12710 4.37855e+06 0
12720 4.33601e+06 0
12730 4.34025e+06 0
12740 4.15757e+06 0
12750 4.43021e+06 0
12760 4.66497e+06 0
12770 4.52269e+06 0
12780 4.48465e+06 0
12790 4.74106e+06 0
12800 4.82827e+06 0
12810 4.53527e+06 0
12820 4.24273e+06 0
12830 4.49869e+06 0
12840 4.56935e+06 0
12850 4.73729e+06 0
12860 4.38122e+06 0
12870 4.47397e+06 0
12880 4.2934e+06 0
12890 4.41633e+06 0
12900 4.63713e+06 0
12910 4.4402e+06 0
12920 4.45839e+06 0
12930 4.48572e+06 0
12940 4.69999e+06 0
12950 4.40324e+06 0
12960 4.40691e+06 0
12970 4.51762e+06 0
12980 4.59536e+06 0
12990 4.31381e+06 0
13000 4.59738e+06 0
13010 4.36348e+06 0
13020 4.66047e+06 0
13030 4.513e+06 0
13040 4.77538e+06 0
13050 4.60131e+06 0
13060 4.6052e+06 0
13070 4.76742e+06 0
13080 4.57664e+06 0
13090 4.53514e+06 0
13100 4.38182e+06 0
13110 4.67513e+06 0
13120 4.55417e+06 0
13130 4.42282e+06 0
13140 4.71675e+06 0
13150 4.7458e+06 0
13160 4.57967e+06 0
13170 4.23012e+06 0
13180 4.65775e+06 0
13190 4.70955e+06 0
13200 4.41833e+06 0
13210 4.43656e+06 0
13220 4.44524e+06 0
13230 4.40428e+06 0
13240 4.54625e+06 0
13250 4.65314e+06 0
13260 4.51845e+06 0
13270 4.63563e+06 0
13280 4.28269e+06 0
13290 4.50175e+06 0
13300 4.60749e+06 0
13310 4.72751e+06 0
13320 4.83621e+06 0
13330 4.38588e+06 0
13340 4.56492e+06 0
13350 4.52998e+06 0
13360 4.22127e+06 0
13370 4.39329e+06 0
13380 4.47609e+06 0
13390 4.62258e+06 0
13400 4.65071e+06 0
13410 4.51474e+06 0
13420 4.439e+06 0
13430 4.58562e+06 0
13440 4.58541e+06 0
13450 4.76875e+06 0
13460 4.95554e+06 0
13470 4.79134e+06 0
13480 4.81405e+06 0
13490 4.51659e+06 0
13500 4.78041e+06 0
13510 4.16290e+06 0
13520 4.31492e+06 0
13530 4.85569e+06 0
13540 4.387e+06 0
13550 4.61076e+06 0
13560 4.55688e+06 0
13570 4.70126e+06 0
13580 4.35997e+06 0
13590 4.24199e+06 0
13600 4.6484e+06 0
13610 4.14874e+06 0
13620 4.01252e+06 0
13630 4.60207e+06 0
13640 4.66806e+06 0
13650 4.66145e+06 0
13660 4.57033e+06 0
13670 4.66943e+06 0
13680 4.4185e+06 0
13690 4.59799e+06 0
13700 4.62076e+06 0
13710 4.61325e+06 0
13720 4.54906e+06 0
13730 4.74628e+06 0
13740 4.66737e+06 0
13750 4.5441e+06 0
13760 4.76782e+06 0
13770 4.93757e+06 0
13780 4.82322e+06 0
13790 4.84247e+06 0
13800 4.40765e+06 0
13810 4.6815e+06 0
13820 4.5135e+06 0
13830 4.43343e+06 0
13840 4.70850e+06 0
13850 4.67035e+06 0
13860 4.52197e+06 0
13870 4.22109e+06 0
13880 4.48287e+06 0
13890 4.77187e+06 0
13900 4.64258e+06 0
13910 4.48584e+06 0
13920 4.40118e+06 0
13930 4.57627e+06 0
13940 4.75071e+06 0
13950 4.44549e+06 0
13960 4.08774e+06 0
13970 4.26746e+06 0
13980 4.4019e+06 0
13990 4.51297e+06 0
14000 4.50751e+06 0
14010 4.3114e+06 0
14020 4.2651e+06 0
14030 4.48438e+06 0
14040 4.51659e+06 0
14050 4.88532e+06 0
14060 4.69242e+06 0
14070 4.72852e+06 0
14080 4.65410e+06 0
14090 4.68665e+06 0
14100 4.69515e+06 0
14110 4.22396e+06 0
14120 4.65e+06 0
14130 4.5846e+06 0
14140 4.88959e+06 0
14150 4.60785e+06 0
14160 4.59284e+06 0
14170 4.6322e+06 0
14180 4.54578e+06 0
14190 4.57532e+06 0
14200 4.44086e+06 0
14210 4.62787e+06 0
14220 4.57954e+06 0
14230 4.56193e+06 0
14240 4.49825e+06 0
14250 4.44881e+06 0
14260 4.47043e+06 0
14270 4.49392e+06 0
14280 4.45015e+06 0
14290 4.84254e+06 0
14300 4.57295e+06 0
14310 4.80893e+06 0
14320 4.76904e+06 0
14330 4.66644e+06 0
14340 4.85827e+06 0
14350 4.57916e+06 0
14360 4.45889e+06 0
14370 4.6177e+06 0
14380 4.49537e+06 0
14390 4.52582e+06 0
14400 4.58325e+06 0
14410 4.59593e+06 0
14420 4.69725e+06 0
14430 4.80579e+06 0
14440 4.68241e+06 0
14450 4.43821e+06 0
14460 4.69676e+06 0
14470 4.82351e+06 0
14480 4.63199e+06 0
14490 4.72128e+06 0
14500 4.87281e+06 0
14510 4.63974e+06 0
14520 4.65242e+06 0
14530 4.55965e+06 0
14540 4.62732e+06 0
14550 4.7972e+06 0
14560 4.69471e+06 0
14570 4.84322e+06 0
14580 4.6954e+06 0
14590 4.57532e+06 0
14600 4.45738e+06 0
14610 4.11974e+06 0
14620 4.41046e+06 0
14630 4.46068e+06 0
14640 4.52582e+06 0
14650 4.65658e+06 0
14660 4.63656e+06 0
14670 4.73126e+06 0
14680 4.56015e+06 0
14690 4.72061e+06 0
14700 4.829e+06 0
14710 4.69828e+06 0
14720 4.62210e+06 0
14730 4.35688e+06 0
14740 4.52676e+06 0
14750 4.77569e+06 0
14760 4.70721e+06 0
14770 4.44628e+06 0
14780 4.56193e+06 0
14790 4.8829e+06 0
14800 4.58669e+06 0
14810 4.4567e+06 0
14820 4.47347e+06 0
14830 4.57962e+06 0
14840 4.80035e+06 0
14850 4.86383e+06 0
14860 4.6744e+06 0
14870 4.69441e+06 0
14880 4.51378e+06 0
14890 4.6287e+06 0
14900 4.59421e+06 0
14910 4.61057e+06 0
14920 4.5046e+06 0
14930 4.21436e+06 0
14940 4.46839e+06 0
14950 4.49027e+06 0
14960 4.52851e+06 0
14970 4.29837e+06 0
14980 4.55542e+06 0
14990 4.2899e+06 0
15000 4.23014e+06 0
15010 4.43194e+06 0
15020 4.70235e+06 0
15030 4.71338e+06 0
15040 4.46173e+06 0
15050 4.80907e+06 0
15060 4.47688e+06 0
15070 4.54348e+06 0
15084 3.84168e+06 0
15091 3.53339e+06 0
15100 5.49306e+06 0
15110 4.28053e+06 0
15120 4.51686e+06 0
15130 3.85712e+06 0
15140 4.24333e+06 0
15150 4.92334e+06 0
15160 4.65585e+06 0
15170 4.84801e+06 0
15180 4.70210e+06 0
15190 4.42322e+06 0
15200 4.42378e+06 0
15210 4.67926e+06 0
15220 4.51151e+06 0
15230 4.46507e+06 0
15240 3.94369e+06 0
15250 4.31656e+06 0
15260 4.10958e+06 0
15270 4.2229e+06 0
15280 4.34257e+06 0
15290 4.65574e+06 0
15300 4.58561e+06 0
15310 4.3825e+06 0
15320 4.33135e+06 0
15330 4.57222e+06 0
15340 4.1414e+06 0
15350 4.50493e+06 0
15360 4.44499e+06 0
15370 4.62083e+06 0
15380 4.51894e+06 0
15390 4.3996e+06 0
15400 4.1997e+06 0
15410 4.54930e+06 0
15420 4.67999e+06 0
15430 4.55329e+06 0
15440 4.62417e+06 0
15450 4.61259e+06 0
15460 4.99412e+06 0
15470 4.92376e+06 0
15480 4.57209e+06 0
15490 4.82776e+06 0
15500 4.83364e+06 0
15510 4.57415e+06 0
15520 4.69834e+06 0
15530 4.5884e+06 0
15540 4.77852e+06 0
15550 4.62891e+06 0
15560 4.53069e+06 0
15570 3.97666e+06 0
15580 4.09696e+06 0
15590 4.92145e+06 0
15600 4.57724e+06 0
15610 4.40881e+06 0
15620 4.65429e+06 0
15630 4.39274e+06 0
15640 4.13297e+06 0
15650 4.44961e+06 0
15660 4.44044e+06 0
15670 4.35378e+06 0
15680 4.60964e+06 0
15690 4.71642e+06 0
15700 4.26928e+06 0
15710 4.58198e+06 0
15720 4.75029e+06 0
15730 4.81423e+06 0
15740 4.50221e+06 0
15750 4.79892e+06 0
15760 4.55311e+06 0
15770 4.41929e+06 0
15780 4.69665e+06 0
15790 4.89127e+06 0
15800 4.87272e+06 0
15810 4.84527e+06 0
15820 4.10434e+06 0
15830 4.63302e+06 0
15840 4.99266e+06 0
15850 4.60047e+06 0
15860 4.49893e+06 0
15870 3.67565e+06 0
15880 4.06236e+06 0
15890 4.74938e+06 0
15900 4.65422e+06 0
15910 4.81619e+06 0
15920 4.7438e+06 0
15930 4.85455e+06 0
15940 4.83126e+06 0
15950 4.73036e+06 0
15960 4.96686e+06 0
15970 4.82975e+06 0
15980 4.73798e+06 0
15990 4.30838e+06 0
16000 3.98028e+06 0
16010 4.05085e+06 0
16020 4.07352e+06 0
16030 3.6696e+06 0
16040 4.77256e+06 0
16050 4.84177e+06 0
16060 4.89678e+06 0
16070 4.88492e+06 0
16080 4.89683e+06 0
16090 4.91686e+06 0
16100 4.49505e+06 0
16110 4.31814e+06 0
16120 4.48924e+06 0
16130 4.72108e+06 0
16141 2.67962e+06 0
16150 6.31285e+06 0
16160 4.35044e+06 0
16170 4.6502e+06 0
16180 4.62808e+06 0
16190 4.08073e+06 0
16200 4.27650e+06 0
16210 4.24398e+06 0
16220 4.41654e+06 0
16230 3.95115e+06 0
16240 4.34966e+06 0
16250 4.27897e+06 0
16260 4.62852e+06 0
16270 4.30433e+06 0
16280 4.20969e+06 0
16290 4.08139e+06 0
16300 4.1894e+06 0
16310 4.64931e+06 0
16320 4.81242e+06 0
16330 4.68465e+06 0
16340 4.68588e+06 0
16350 4.39814e+06 0
16360 4.8843e+06 0
16370 4.77556e+06 0
16380 4.60725e+06 0
16390 4.62773e+06 0
16400 4.66617e+06 0
16410 4.70139e+06 0
16420 4.86692e+06 0
16430 4.27089e+06 0
16440 4.34729e+06 0
16450 4.75786e+06 0
16460 4.72125e+06 0
16470 4.61628e+06 0
16480 4.20758e+06 0
16490 3.90247e+06 0
16500 4.3446e+06 0
16510 4.89898e+06 0
16520 4.73744e+06 0
16530 4.43141e+06 0
16540 4.33213e+06 0
16550 4.10915e+06 0
16560 4.1523e+06 0
16570 4.52148e+06 0
16580 4.67082e+06 0
16590 4.71932e+06 0
16600 4.6238e+06 0
16610 4.00986e+06 0
16620 4.94214e+06 0
16630 4.88723e+06 0
16640 4.64807e+06 0
16650 4.71489e+06 0
16660 4.55736e+06 0
16670 4.62478e+06 0
16680 4.6738e+06 0
16690 4.55845e+06 0
16700 4.36868e+06 0
16710 4.71052e+06 0
16720 4.66023e+06 0
16730 4.64294e+06 0
16740 4.43729e+06 0
16750 4.95245e+06 0
16760 4.17981e+06 0
16770 4.07163e+06 0
16780 4.83926e+06 0
16790 4.7212e+06 0
16800 4.2559e+06 0
16810 4.34049e+06 0
16820 4.76719e+06 0
16830 4.87176e+06 0
16840 4.59839e+06 0
16850 4.79789e+06 0
16860 4.50487e+06 0
16870 4.10855e+06 0
16880 4.83992e+06 0
16890 4.67871e+06 0
16900 4.54402e+06 0
16910 4.52772e+06 0
16920 4.39521e+06 0
16930 4.59878e+06 0
16940 4.52645e+06 0
16950 4.56695e+06 0
16960 4.71211e+06 0
16970 4.66095e+06 0
16980 4.79478e+06 0
16990 4.59489e+06 0
17000 4.46948e+06 0
17010 4.45457e+06 0
17020 4.47791e+06 0
17030 4.83902e+06 0
17040 4.79829e+06 0
17050 4.76927e+06 0
17060 4.35650e+06 0
17070 4.77963e+06 0
17080 4.65634e+06 0
17090 4.50422e+06 0
17100 4.54019e+06 0
17110 4.35482e+06 0
17120 4.44343e+06 0
17130 4.69136e+06 0
17140 4.93758e+06 0
17150 4.23916e+06 0
17160 4.60227e+06 0
17170 4.59428e+06 0
17180 4.86562e+06 0
17190 4.93493e+06 0
17200 4.70288e+06 0
17210 4.5618e+06 0
17220 4.77247e+06 0
17230 4.58331e+06 0
17240 4.45492e+06 0
17250 4.61036e+06 0
17260 4.61791e+06 0
17270 4.64148e+06 0
17280 4.62173e+06 0
17290 4.71878e+06 0
17300 4.26311e+06 0
17310 4.30781e+06 0
17320 4.65611e+06 0
17330 4.54402e+06 0
17340 4.28681e+06 0
17350 4.64458e+06 0
17360 4.6124e+06 0
17370 4.57548e+06 0
17380 4.41458e+06 0
17390 4.37856e+06 0
17400 4.58597e+06 0
17410 4.49681e+06 0
17420 4.72696e+06 0
17430 4.68058e+06 0
17440 4.33923e+06 0
17450 4.61748e+06 0
17460 4.51144e+06 0
17470 4.84071e+06 0
17480 4.76508e+06 0
17490 4.73684e+06 0
17500 4.45889e+06 0
17510 4.61694e+06 0
17520 4.94113e+06 0
17530 4.90996e+06 0
17540 4.59968e+06 0
17550 4.58584e+06 0
17560 4.90067e+06 0
17570 4.56761e+06 0
17580 4.50119e+06 0
17590 4.8523e+06 0
17600 4.74696e+06 0
17610 4.75010e+06 0
17620 4.64307e+06 0
17630 4.64333e+06 0
17640 4.48153e+06 0
17650 4.89423e+06 0
17660 4.53101e+06 0
17670 4.28601e+06 0
17680 4.62135e+06 0
17690 4.55798e+06 0
17700 4.3199e+06 0
17710 4.27164e+06 0
17720 3.88289e+06 0
17730 4.29079e+06 0
17740 3.98817e+06 0
17750 4.38443e+06 0
17762 3.4048e+06 0
17770 5.50373e+06 0
17780 4.80484e+06 0
17790 4.85176e+06 0
17800 4.6038e+06 0
17810 4.49245e+06 0
17820 4.661e+06 0
17830 4.68466e+06 0
17840 4.617e+06 0
17850 4.67457e+06 0
17860 4.4369e+06 0
17870 4.58198e+06 0
17880 4.70306e+06 0
17890 4.82333e+06 0
17900 4.70684e+06 0
17910 4.71938e+06 0
17920 4.77083e+06 0
17930 4.77181e+06 0
17940 4.62022e+06 0
17950 4.61336e+06 0
17960 4.7783e+06 0
17970 4.76079e+06 0
17980 4.60005e+06 0
17990 4.26264e+06 0
18000 4.70927e+06 0
18010 4.9469e+06 0
18020 4.68842e+06 0
18030 4.67197e+06 0
18040 4.51742e+06 0
18050 4.42178e+06 0
18060 4.70853e+06 0
18070 4.65756e+06 0
18080 4.76187e+06 0
18090 4.86425e+06 0
18100 4.91407e+06 0
18110 4.71859e+06 0
18120 4.72474e+06 0
18130 4.63508e+06 0
18140 4.86231e+06 0
18150 4.61162e+06 0
18160 4.81781e+06 0
18170 4.58769e+06 0
18180 4.76797e+06 0
18190 4.54833e+06 0
18200 4.43106e+06 0
18210 4.77107e+06 0
18220 4.49767e+06 0
18230 4.70617e+06 0
18240 4.69668e+06 0
18250 4.5306e+06 0
18260 4.8346e+06 0
18270 4.4031e+06 0
18280 4.72696e+06 0
18290 4.65604e+06 0
18300 4.88806e+06 0
18310 4.637e+06 0
18320 4.69551e+06 0
18330 4.31801e+06 0
18340 4.59902e+06 0
18350 4.54311e+06 0
18360 4.3551e+06 0
18370 4.28824e+06 0
18380 4.27377e+06 0
18390 4.41498e+06 0
18400 4.50337e+06 0
18410 4.79890e+06 0
18420 4.81283e+06 0
18430 4.32802e+06 0
18440 4.7978e+06 0
18450 4.64095e+06 0
18460 4.35868e+06 0
18470 4.64476e+06 0
18480 4.81745e+06 0
18490 4.71871e+06 0
18500 4.4039e+06 0
18510 4.66468e+06 0
18520 4.78171e+06 0
18530 4.52446e+06 0
18540 4.44881e+06 0
18550 4.94777e+06 0
18560 4.76659e+06 0
18570 4.65265e+06 0
18580 4.88805e+06 0
18590 4.86346e+06 0
18600 4.66561e+06 0
18610 4.26892e+06 0
18620 4.10029e+06 0
18630 4.19922e+06 0
18640 4.36909e+06 0
18650 4.65841e+06 0
18660 4.08557e+06 0
18670 4.68429e+06 0
18680 4.77883e+06 0
18690 4.80552e+06 0
18700 4.68532e+06 0
18710 4.83836e+06 0
18720 4.66925e+06 0
18730 4.70386e+06 0
18740 4.69725e+06 0
18750 3.90326e+06 0
18760 4.553e+06 0
18770 4.79574e+06 0
18780 4.77199e+06 0
18790 4.40936e+06 0
18800 4.09327e+06 0
18810 4.13521e+06 0
18820 4.3394e+06 0
18830 4.85678e+06 0
18840 4.6424e+06 0
18850 4.58065e+06 0
18860 4.61592e+06 0
18870 4.65057e+06 0
18880 4.53379e+06 0
18890 4.34924e+06 0
18900 4.20914e+06 0
18910 4.43014e+06 0
18920 4.66756e+06 0
18930 4.45293e+06 0
18940 4.57506e+06 0
18950 4.61654e+06 0
18960 4.54086e+06 0
18970 3.82645e+06 0
18980 3.67196e+06 0
18990 4.28801e+06 0
19000 4.44954e+06 0
19010 4.91825e+06 0
19020 4.8566e+06 0
19030 4.84829e+06 0
19040 4.69126e+06 0
19050 4.62004e+06 0
19060 4.65506e+06 0
19070 4.66968e+06 0
19080 4.61525e+06 0
19090 4.54338e+06 0
19100 4.71562e+06 0
19110 4.80702e+06 0
19120 4.76902e+06 0
19130 4.95279e+06 0
19140 4.95322e+06 0
19150 4.88799e+06 0
19160 4.88668e+06 0
19170 4.47366e+06 0
19180 4.55287e+06 0
19190 4.38903e+06 0
19200 4.63644e+06 0
19210 4.82884e+06 0
19220 4.25145e+06 0
19230 4.71895e+06 0
19240 4.69586e+06 0
19250 4.7546e+06 0
19260 4.0449e+06 0
19270 4.37966e+06 0
19280 4.62172e+06 0
19290 4.6258e+06 0
19300 4.52991e+06 0
19310 4.61149e+06 0
19320 4.39087e+06 0
19330 4.57759e+06 0
19340 4.63405e+06 0
19350 4.50774e+06 0
19360 4.41407e+06 0
19370 4.32475e+06 0
19380 3.96591e+06 0
19390 4.24499e+06 0
19400 4.38703e+06 0
19410 4.38079e+06 0
19420 4.6254e+06 0
19430 4.77143e+06 0
19440 4.42385e+06 0
19450 4.79046e+06 0
19460 4.54179e+06 0
19470 3.80973e+06 0
19480 4.09368e+06 0
19490 4.58434e+06 0
19500 4.45992e+06 0
19510 4.30897e+06 0
19520 4.68367e+06 0
19530 4.67155e+06 0
19540 4.8231e+06 0
19550 4.76532e+06 0
19560 4.45056e+06 0
19570 4.60628e+06 0
19580 4.35529e+06 0
19590 4.86522e+06 0
19600 4.6998e+06 0
19610 4.72993e+06 0
19620 4.60473e+06 0
19630 4.50938e+06 0
19640 4.45863e+06 0
19650 4.69823e+06 0
19660 4.7012e+06 0
19670 4.52924e+06 0
19680 4.52209e+06 0
19690 4.85642e+06 0
19700 4.81709e+06 0
19710 4.93478e+06 0
19720 4.76897e+06 0
19730 4.9014e+06 0
19740 4.68538e+06 0
19750 4.71574e+06 0
19760 4.64015e+06 0
19770 4.67932e+06 0
19780 4.83565e+06 0
19790 4.77901e+06 0
19800 4.29132e+06 0
19810 4.48319e+06 0
19820 4.51578e+06 0
19830 4.50616e+06 0
19840 4.75514e+06 0
19850 4.49123e+06 0
19860 4.51988e+06 0
19870 4.67977e+06 0
19880 4.84338e+06 0
19890 4.8337e+06 0
19900 4.60744e+06 0
19910 4.81751e+06 0
19920 4.76538e+06 0
19930 4.60573e+06 0
19940 4.48568e+06 0
19950 4.56554e+06 0
19960 4.66495e+06 0
19970 4.48093e+06 0
19980 4.58557e+06 0
19990 4.59869e+06 0
20000 4.66059e+06 0
20010 4.64452e+06 0
20020 4.87684e+06 0
20030 4.64253e+06 0
20040 4.36413e+06 0
20050 4.32129e+06 0
20060 4.60392e+06 0
20070 4.51058e+06 0
20080 4.37978e+06 0
20090 4.31636e+06 0
20100 4.50221e+06 0
20110 4.8537e+06 0
20120 4.91455e+06 0
20130 4.62694e+06 0
20140 4.66561e+06 0
20150 4.73393e+06 0
20160 4.4082e+06 0
20170 4.22291e+06 0
20180 4.7058e+06 0
20194 3.90598e+06 0
20200 5.12022e+06 0
20210 4.45195e+06 0
20220 4.49701e+06 0
20230 4.38456e+06 0
20240 4.537e+06 0
20250 4.43849e+06 0
20260 4.65679e+06 0
20270 4.42795e+06 0
20280 4.3983e+06 0
20290 4.20106e+06 0
20300 4.39778e+06 0
20310 4.95197e+06 0
20320 4.64933e+06 0
20330 4.6763e+06 0
20340 4.51538e+06 0
20350 4.81007e+06 0
20360 4.5004e+06 0
20370 4.51454e+06 0
20380 4.65189e+06 0
20390 4.90747e+06 0
20400 4.86374e+06 0
20410 4.55665e+06 0
20420 4.56061e+06 0
20430 4.69279e+06 0
20440 4.57411e+06 0
20450 4.45887e+06 0
20460 4.36183e+06 0
20470 4.31485e+06 0
20480 4.33833e+06 0
20490 4.85951e+06 0
20500 4.62478e+06 0
20510 4.15204e+06 0
20520 4.58518e+06 0
20530 4.50628e+06 0
20540 4.30739e+06 0
20553 4.7983e+06 0
20560 4.84878e+06 0
20570 4.43263e+06 0
20580 4.50846e+06 0
20590 4.59354e+06 0
20600 4.79291e+06 0
20610 4.92655e+06 0
20620 4.94147e+06 0
20630 4.8501e+06 0
20640 4.43281e+06 0
20650 4.24146e+06 0
20660 4.29122e+06 0
20670 4.47009e+06 0
20680 4.61058e+06 0
20690 4.60471e+06 0
20700 4.13731e+06 0
20710 4.35650e+06 0
20720 4.27273e+06 0
20730 3.79348e+06 0
20740 4.62598e+06 0
20750 4.828e+06 0
20760 4.51105e+06 0
20770 4.60397e+06 0
20780 4.5213e+06 0
20790 4.74290e+06 0
20800 4.91776e+06 0
20810 4.80407e+06 0
20820 4.33775e+06 0
20830 4.69533e+06 0
20840 3.95361e+06 0
20850 4.36068e+06 0
20860 4.47165e+06 0
20870 4.5001e+06 0
20880 4.72852e+06 0
20890 4.35585e+06 0
20900 4.79810e+06 0
20910 4.61269e+06 0
20920 4.51658e+06 0
20930 4.42536e+06 0
20940 4.28268e+06 0
20950 4.43493e+06 0
20960 4.53312e+06 0
20970 4.50337e+06 0
20980 4.53844e+06 0
20990 4.57545e+06 0
21000 4.53086e+06 0
21010 4.45682e+06 0
21020 4.44123e+06 0
21030 4.47857e+06 0
21040 4.71464e+06 0
21050 4.72817e+06 0
21060 4.92669e+06 0
21070 4.80721e+06 0
21080 4.68961e+06 0
21090 4.4014e+06 0
21100 4.40367e+06 0
21110 4.83195e+06 0
21123 3.89281e+06 0
21131 4.1191e+06 0
21140 6.37848e+06 0
21150 4.76819e+06 0
21160 4.85186e+06 0
21170 4.63659e+06 0
21180 4.81954e+06 0
21190 4.74984e+06 0
21200 4.63252e+06 0
21210 4.43081e+06 0
21220 4.65313e+06 0
21230 4.67961e+06 0
21240 4.68011e+06 0
21250 4.72052e+06 0
21260 4.78776e+06 0
21270 4.92812e+06 0
21280 4.78169e+06 0
21290 4.56676e+06 0
21300 4.94642e+06 0
21310 4.81794e+06 0
21320 4.63676e+06 0
21330 4.68749e+06 0
21340 4.66593e+06 0
21350 4.57495e+06 0
21360 4.62846e+06 0
21370 4.666e+06 0
21380 4.54776e+06 0
21390 4.44984e+06 0
21400 4.589e+06 0
21410 4.59387e+06 0
21420 4.63191e+06 0
21430 4.56911e+06 0
21440 4.5938e+06 0
21450 4.30002e+06 0
21460 4.33009e+06 0
21470 4.82365e+06 0
21480 4.71894e+06 0
21490 4.70034e+06 0
21500 4.55884e+06 0
21510 4.58406e+06 0
21520 4.40366e+06 0
21530 4.20026e+06 0
21540 4.04865e+06 0
21550 4.02610e+06 0
21560 4.47724e+06 0
21570 4.52263e+06 0
21580 4.55574e+06 0
21590 4.3614e+06 0
