# TimeStamp(s) Sum Stdev
0 9.61569e+06 0
10 9.50956e+06 0
20 9.75274e+06 0
30 9.37046e+06 0
40 8.8295e+06 0
50 8.3246e+06 0
60 8.92532e+06 0
70 9.80529e+06 0
80 9.5075e+06 0
90 8.83156e+06 0
100 9.78674e+06 0
110 9.05928e+06 0
120 9.83002e+06 0
130 9.85474e+06 0
140 9.32924e+06 0
150 9.45495e+06 0
160 9.32306e+06 0
170 9.85372e+06 0
180 9.50441e+06 0
190 8.88411e+06 0
200 9.60539e+06 0
210 9.24578e+06 0
220 9.17262e+06 0
230 9.90936e+06 0
240 8.93357e+06 0
250 9.29009e+06 0
260 9.38282e+06 0
270 9.63321e+06 0
280 9.48895e+06 0
290 8.99848e+06 0
300 8.85835e+06 0
310 9.55696e+06 0
320 9.06958e+06 0
330 9.21796e+06 0
340 9.45083e+06 0
350 8.8769e+06 0
360 9.31997e+06 0
370 1.04184e+07 0
380 9.79498e+06 0
390 8.80786e+06 0
400 9.00364e+06 0
410 9.73934e+06 0
420 1.00072e+07 0
430 9.43743e+06 0
440 9.13862e+06 0
450 8.87277e+06 0
460 8.63681e+06 0
470 8.91502e+06 0
480 9.35191e+06 0
490 9.24784e+06 0
500 8.55335e+06 0
510 9.71564e+06 0
520 8.72646e+06 0
530 8.89956e+06 0
540 8.43692e+06 0
550 9.77334e+06 0
560 8.89235e+06 0
570 9.78262e+06 0
580 9.23857e+06 0
590 9.84753e+06 0
600 9.31276e+06 0
610 9.95469e+06 0
620 9.72594e+06 0
630 9.2839e+06 0
640 9.67236e+06 0
650 1.02896e+07 0
660 9.59096e+06 0
670 9.71873e+06 0
680 9.33954e+06 0
690 9.75892e+06 0
700 1.03092e+07 0
710 9.38385e+06 0
720 9.22002e+06 0
730 9.47865e+06 0
740 1.00103e+07 0
750 9.70018e+06 0
760 9.51162e+06 0
770 9.25917e+06 0
780 9.14171e+06 0
790 9.85681e+06 0
800 9.2262e+06 0
810 8.7924e+06 0
820 9.83414e+06 0
830 1.02216e+07 0
840 9.12316e+06 0
850 8.49462e+06 0
860 8.98715e+06 0
870 9.12316e+06 0
880 8.88411e+06 0
890 9.05103e+06 0
900 9.3313e+06 0
910 8.62342e+06 0
920 1.00011e+07 0
930 8.86968e+06 0
940 9.48071e+06 0
950 9.38076e+06 0
960 8.49153e+06 0
970 8.86453e+06 0
980 9.00157e+06 0
990 9.00776e+06 0
1000 8.44516e+06 0
1010 8.23186e+06 0
1020 8.9449e+06 0
1030 8.59766e+06 0
1040 9.10461e+06 0
1050 9.18189e+06 0
1060 9.28596e+06 0
1070 9.08194e+06 0
1080 9.2262e+06 0
1090 1.01082e+07 0
1100 9.86917e+06 0
1110 9.10461e+06 0
1120 8.83877e+06 0
1130 8.2195e+06 0
1140 9.36118e+06 0
1150 9.61466e+06 0
1160 9.5446e+06 0
1170 8.31224e+06 0
1180 9.14377e+06 0
1190 9.44052e+06 0
1200 8.39364e+06 0
1210 8.73985e+06 0
1220 9.35294e+06 0
1230 9.52399e+06 0
1240 9.33439e+06 0
1250 9.46113e+06 0
1260 1.01886e+07 0
1270 9.12007e+06 0
1280 9.86814e+06 0
1290 8.91399e+06 0
1300 1.00175e+07 0
1310 8.77076e+06 0
1320 8.60796e+06 0
1330 9.85578e+06 0
1340 1.04668e+07 0
1350 9.75068e+06 0
1360 9.34573e+06 0
1370 9.70431e+06 0
1380 8.62651e+06 0
1390 1.01515e+07 0
1400 9.89802e+06 0
1410 1.00289e+07 0
1420 8.81198e+06 0
1430 9.18498e+06 0
1440 9.34367e+06 0
1450 9.19838e+06 0
1460 9.27154e+06 0
1470 8.99436e+06 0
1480 1.02968e+07 0
1490 9.47659e+06 0
1500 9.99694e+06 0
1510 1.00114e+07 0
1520 9.1582e+06 0
1530 1.03308e+07 0
1540 1.02154e+07 0
1550 9.7548e+06 0
1560 8.96448e+06 0
1570 9.48689e+06 0
1580 1.05245e+07 0
1590 9.38179e+06 0
1600 8.82022e+06 0
1610 9.53738e+06 0
1620 9.48689e+06 0
1630 9.56211e+06 0
1640 9.49514e+06 0
1650 9.62188e+06 0
1660 9.48277e+06 0
1670 1.02061e+07 0
1680 1.02442e+07 0
1690 8.30399e+06 0
1700 9.02733e+06 0
1710 9.25917e+06 0
1720 9.29936e+06 0
1730 9.0397e+06 0
1740 9.17159e+06 0
1750 1.0913e+07 0
1760 9.75377e+06 0
1770 8.79137e+06 0
1780 9.06031e+06 0
1790 9.46113e+06 0
1800 9.72079e+06 0
1810 9.17777e+06 0
1820 9.75274e+06 0
1830 1.00042e+07 0
1840 9.60436e+06 0
1850 8.80477e+06 0
1860 8.72028e+06 0
1870 9.1788e+06 0
1880 9.14583e+06 0
1890 8.8532e+06 0
1900 8.78416e+06 0
1910 8.90472e+06 0
1920 9.07267e+06 0
1930 9.50956e+06 0
1940 8.87896e+06 0
1950 8.67288e+06 0
1960 9.5178e+06 0
1970 8.90781e+06 0
1980 9.8702e+06 0
1990 1.01288e+07 0
2000 9.71358e+06 0
2010 1.00959e+07 0
2020 9.95985e+06 0
2030 9.88875e+06 0
2040 9.09122e+06 0
2050 1.01721e+07 0
2060 1.01639e+07 0
2070 8.24114e+06 0
2080 9.17571e+06 0
2090 9.48071e+06 0
2100 9.29524e+06 0
2110 9.88875e+06 0
2120 9.41167e+06 0
2130 9.14583e+06 0
2140 8.81919e+06 0
2150 9.3447e+06 0
2160 9.22311e+06 0
2170 9.56932e+06 0
2180 9.47762e+06 0
2190 8.53996e+06 0
2200 7.84134e+06 0
2210 8.14737e+06 0
2220 7.53738e+06 0
2230 7.80631e+06 0
2240 7.08812e+06 0
2250 7.34881e+06 0
2260 7.1788e+06 0
2270 6.90162e+06 0
2280 8.12161e+06 0
2290 7.83928e+06 0
2300 7.25298e+06 0
2310 8.19477e+06 0
2320 8.03609e+06 0
2330 7.93305e+06 0
2340 7.63114e+06 0
2350 6.8367e+06 0
2360 7.75788e+06 0
2370 7.93717e+06 0
2380 7.05309e+06 0
2390 7.63114e+06 0
2400 7.69194e+06 0
2410 7.42403e+06 0
2420 7.45906e+06 0
2430 7.67133e+06 0
2440 8.72646e+06 0
2450 9.19014e+06 0
2460 8.80477e+06 0
2470 9.76098e+06 0
2480 1.05451e+07 0
2490 9.84032e+06 0
2500 8.71512e+06 0
2510 8.95933e+06 0
2520 9.83414e+06 0
2530 9.41682e+06 0
2540 8.83259e+06 0
2550 9.7414e+06 0
2560 9.09946e+06 0
2570 9.94233e+06 0
2580 9.79292e+06 0
2590 1.00845e+07 0
2600 9.52193e+06 0
2610 9.06546e+06 0
2620 8.96345e+06 0
2630 1.00454e+07 0
2640 9.41167e+06 0
2650 9.18705e+06 0
2660 9.10358e+06 0
2670 9.53326e+06 0
2680 9.19838e+06 0
2690 9.03661e+06 0
2700 9.22002e+06 0
2710 9.41373e+06 0
2720 8.86865e+06 0
2730 9.98458e+06 0
2740 8.69967e+06 0
2750 9.63321e+06 0
2760 8.58014e+06 0
2770 9.81353e+06 0
2780 7.63423e+06 0
2790 9.23650e+06 0
2800 8.50389e+06 0
2810 8.36891e+06 0
2820 1.0236e+07 0
2830 8.54098e+06 0
2840 9.29421e+06 0
2850 9.39828e+06 0
2860 1.07069e+07 0
2870 1.03277e+07 0
2880 9.51677e+06 0
2890 1.03473e+07 0
2900 9.23444e+06 0
2910 9.9176e+06 0
2920 8.56159e+06 0
2930 9.27257e+06 0
2940 7.73315e+06 0
2950 9.20559e+06 0
2960 9.24372e+06 0
2970 9.8125e+06 0
2980 9.32306e+06 0
2990 9.4024e+06 0
3000 9.05516e+06 0
3010 8.9212e+06 0
3020 9.11389e+06 0
3030 8.40394e+06 0
3040 8.32769e+06 0
3050 9.51471e+06 0
3060 8.82332e+06 0
3070 9.74861e+06 0
3080 9.62084e+06 0
3090 1.06049e+07 0
3100 9.3076e+06 0
3110 9.70018e+06 0
3120 9.9279e+06 0
3130 8.85423e+06 0
3140 9.59405e+06 0
3150 9.71152e+06 0
3160 9.03146e+06 0
3170 9.19632e+06 0
3180 8.99333e+06 0
3190 9.89287e+06 0
3200 9.08813e+06 0
3210 9.18808e+06 0
3220 9.08401e+06 0
3230 1.00021e+07 0
3240 9.44052e+06 0
3250 9.40343e+06 0
3260 1.00186e+07 0
3270 9.90111e+06 0
3280 9.6734e+06 0
3290 9.18189e+06 0
3300 8.2432e+06 0
3310 9.32512e+06 0
3320 9.2602e+06 0
3330 1.00856e+07 0
3340 8.62445e+06 0
3350 9.57963e+06 0
3360 8.56056e+06 0
3370 9.23444e+06 0
3380 9.999e+06 0
3390 9.56726e+06 0
3400 1.0135e+07 0
3410 9.67752e+06 0
3420 1.00011e+07 0
3430 1.04637e+07 0
3440 1.0676e+07 0
3450 9.1788e+06 0
3460 8.72130e+06 0
3470 9.02733e+06 0
3480 1.0269e+07 0
3490 9.29421e+06 0
3500 9.20147e+06 0
3510 9.82177e+06 0
3520 9.14789e+06 0
3530 8.76973e+06 0
3540 9.02733e+06 0
3550 8.9109e+06 0
3560 9.13244e+06 0
3570 8.83568e+06 0
3580 9.14171e+06 0
3590 9.15613e+06 0
3600 1.01525e+07 0
3610 9.15407e+06 0
3620 9.54562e+06 0
3630 9.23032e+06 0
3640 9.0263e+06 0
3650 9.42816e+06 0
3660 8.86453e+06 0
3670 8.25453e+06 0
3680 9.42301e+06 0
3690 8.53996e+06 0
3700 8.97788e+06 0
3710 1.03586e+07 0
3720 9.22002e+06 0
3730 8.86762e+06 0
3740 9.8362e+06 0
3750 9.05722e+06 0
3760 9.52502e+06 0
3770 9.76613e+06 0
3780 1.02267e+07 0
3790 9.321e+06 0
3800 8.9346e+06 0
3810 8.7924e+06 0
3820 9.21693e+06 0
3830 8.27514e+06 0
3840 9.44671e+06 0
3850 8.8975e+06 0
3860 9.40034e+06 0
3870 9.38076e+06 0
3880 8.22877e+06 0
3890 8.40703e+06 0
3900 8.94387e+06 0
3910 9.0026e+06 0
3920 8.88926e+06 0
3930 1.04276e+07 0
3940 9.00054e+06 0
3950 8.72130e+06 0
3960 9.59921e+06 0
3970 9.51986e+06 0
3980 8.85732e+06 0
3990 9.48792e+06 0
4000 8.98097e+06 0
4010 1.00011e+07 0
4020 9.33954e+06 0
4030 9.07782e+06 0
4040 9.89081e+06 0
4050 9.33645e+06 0
4060 9.74655e+06 0
4070 9.87535e+06 0
4080 9.57345e+06 0
4090 1.00969e+07 0
4100 9.72285e+06 0
4110 8.65845e+06 0
4120 8.76767e+06 0
4130 9.4498e+06 0
4140 9.76819e+06 0
4150 9.68576e+06 0
4160 9.31791e+06 0
4170 8.84908e+06 0
4180 8.71306e+06 0
4190 8.93254e+06 0
4200 9.32409e+06 0
4210 9.66309e+06 0
4220 8.88514e+06 0
4230 9.48277e+06 0
4240 9.17262e+06 0
4250 9.0871e+06 0
4260 9.42301e+06 0
4270 9.21281e+06 0
4280 1.08099e+07 0
4290 9.05722e+06 0
4300 9.06237e+06 0
4310 1.01597e+07 0
4320 8.87999e+06 0
4330 1.02267e+07 0
4340 9.74037e+06 0
4350 8.88617e+06 0
4360 9.13759e+06 0
4370 9.58478e+06 0
4380 1.02432e+07 0
4390 9.64866e+06 0
4400 9.60024e+06 0
4410 9.25917e+06 0
4420 8.6162e+06 0
4430 9.11389e+06 0
4440 9.73934e+06 0
4450 8.79756e+06 0
4460 8.5111e+06 0
4470 9.36324e+06 0
4480 8.95005e+06 0
4490 9.999e+06 0
4500 9.56417e+06 0
4510 1.00402e+07 0
4520 9.33542e+06 0
4530 1.06265e+07 0
4540 9.24578e+06 0
4550 9.47659e+06 0
4560 9.30348e+06 0
4570 1.04658e+07 0
4580 9.76613e+06 0
4590 9.01497e+06 0
4600 1.01721e+07 0
4610 9.12728e+06 0
4620 9.58169e+06 0
4630 8.01445e+06 0
4640 9.74655e+06 0
4650 9.38797e+06 0
4660 8.81301e+06 0
4670 9.40034e+06 0
4680 9.67546e+06 0
4690 8.63475e+06 0
4700 1.03143e+07 0
4710 9.84135e+06 0
4720 8.58529e+06 0
4730 9.11698e+06 0
4740 8.94181e+06 0
4750 8.63063e+06 0
4760 9.16232e+06 0
4770 8.76458e+06 0
4780 1.00175e+07 0
4790 9.41373e+06 0
4800 9.39622e+06 0
4810 9.88050e+06 0
4820 9.28081e+06 0
4830 1.04957e+07 0
4840 9.61878e+06 0
4850 9.59096e+06 0
4860 9.31378e+06 0
4870 8.56468e+06 0
4880 9.51677e+06 0
4890 8.83053e+06 0
4900 8.76149e+06 0
4910 8.64506e+06 0
4920 9.02012e+06 0
4930 8.96345e+06 0
4940 1.02041e+07 0
4950 9.1685e+06 0
4960 8.85217e+06 0
4970 8.90575e+06 0
4980 9.57345e+06 0
4990 9.90111e+06 0
5000 9.53532e+06 0
5010 9.06855e+06 0
5020 8.84701e+06 0
5030 9.1448e+06 0
5040 8.78622e+06 0
5050 8.25041e+06 0
5060 9.52708e+06 0
5070 9.69606e+06 0
5080 9.47144e+06 0
5090 9.43537e+06 0
5100 9.0294e+06 0
5110 9.45598e+06 0
5120 1.00083e+07 0
5130 8.68112e+06 0
5140 8.88411e+06 0
5150 8.53377e+06 0
5160 9.93409e+06 0
5170 1.02793e+07 0
5180 1.01113e+07 0
5190 9.54666e+06 0
5200 8.63681e+06 0
5210 9.51677e+06 0
5220 8.78313e+06 0
5230 9.53738e+06 0
5240 9.11492e+06 0
5250 8.101e+06 0
5260 9.10668e+06 0
5270 8.06288e+06 0
5280 8.49874e+06 0
5290 8.85938e+06 0
5300 9.66e+06 0
5310 9.19735e+06 0
5320 9.11698e+06 0
5330 8.65021e+06 0
5340 8.61724e+06 0
5350 9.55696e+06 0
5360 8.62754e+06 0
5370 8.68936e+06 0
5380 9.79807e+06 0
5390 9.95985e+06 0
5400 1.07193e+07 0
5410 8.74088e+06 0
5420 9.22517e+06 0
5430 9.96809e+06 0
5440 9.97015e+06 0
5450 9.4158e+06 0
5460 1.01886e+07 0
5470 9.40858e+06 0
5480 9.43537e+06 0
5490 8.63063e+06 0
5500 9.78777e+06 0
5510 9.8022e+06 0
5520 8.85114e+06 0
5530 9.4364e+06 0
5540 8.91502e+06 0
5550 9.52811e+06 0
5560 9.48586e+06 0
5570 8.55747e+06 0
5580 8.94181e+06 0
5590 9.40755e+06 0
5600 8.72749e+06 0
5610 8.67391e+06 0
5620 9.84032e+06 0
5630 9.78365e+06 0
5640 9.69606e+06 0
5650 9.21487e+06 0
5660 9.97324e+06 0
5670 1.00258e+07 0
5680 8.36479e+06 0
5690 8.76046e+06 0
5700 9.0974e+06 0
5710 9.74552e+06 0
5720 9.75686e+06 0
5730 9.86402e+06 0
5740 1.01299e+07 0
5750 9.69916e+06 0
5760 8.59354e+06 0
5770 8.82538e+06 0
5780 9.50235e+06 0
5790 9.51677e+06 0
5800 9.37973e+06 0
5810 9.27463e+06 0
5820 8.97066e+06 0
5830 9.31894e+06 0
5840 9.49823e+06 0
5850 9.72079e+06 0
5860 8.79858e+06 0
5870 8.99333e+06 0
5880 8.6636e+06 0
5890 8.41012e+06 0
5900 8.95624e+06 0
5910 9.09637e+06 0
5920 9.33954e+06 0
5930 8.86144e+06 0
5940 9.37664e+06 0
5950 9.19632e+06 0
5960 9.64764e+06 0
5970 9.93924e+06 0
5980 8.94181e+06 0
5990 8.82228e+06 0
6000 8.22671e+06 0
6010 8.06906e+06 0
6020 9.64248e+06 0
6030 9.32409e+06 0
6040 8.01445e+06 0
6050 9.10358e+06 0
6060 9.58787e+06 0
6070 9.7074e+06 0
6080 9.0634e+06 0
6090 9.55181e+06 0
6100 9.10152e+06 0
6110 8.57705e+06 0
6120 9.45701e+06 0
6130 9.95469e+06 0
6140 9.42713e+06 0
6150 9.23444e+06 0
6160 1.01742e+07 0
6170 9.36324e+06 0
6180 1.12685e+07 0
6190 9.56726e+06 0
6200 1.02278e+07 0
6210 9.98354e+06 0
6220 1.01268e+07 0
6230 8.81919e+06 0
6240 9.07267e+06 0
6250 9.97221e+06 0
6260 9.08607e+06 0
6270 9.12831e+06 0
6280 9.62497e+06 0
6290 8.9686e+06 0
6300 9.18086e+06 0
6310 9.02115e+06 0
6320 9.50338e+06 0
6330 9.69091e+06 0
6340 1.00598e+07 0
6350 9.17468e+06 0
6360 9.28081e+06 0
6370 1.03936e+07 0
6380 9.18292e+06 0
6390 9.44877e+06 0
6400 9.82796e+06 0
6410 1.00825e+07 0
6420 9.87948e+06 0
6430 1.01597e+07 0
6440 9.68782e+06 0
6450 1.0102e+07 0
6460 9.0974e+06 0
6470 9.25505e+06 0
6480 9.09019e+06 0
6490 9.3447e+06 0
6500 9.40858e+06 0
6510 8.89647e+06 0
6520 8.85732e+06 0
6530 9.76819e+06 0
6540 9.31894e+06 0
6550 9.28184e+06 0
6560 8.97375e+06 0
6570 8.49462e+06 0
6580 9.23135e+06 0
6590 8.7718e+06 0
6600 9.89081e+06 0
6610 8.76458e+06 0
6620 9.09328e+06 0
6630 1.00155e+07 0
6640 8.59972e+06 0
6650 9.50338e+06 0
6660 9.355e+06 0
6670 9.88154e+06 0
6680 1.08882e+07 0
6690 9.6734e+06 0
6700 8.37303e+06 0
6710 9.98252e+06 0
6720 1.03802e+07 0
6730 1.05317e+07 0
6740 8.94593e+06 0
6750 8.87586e+06 0
6760 1.07285e+07 0
6770 1.1049e+07 0
6780 9.44774e+06 0
6790 9.71667e+06 0
6800 1.02494e+07 0
6810 9.01909e+06 0
6820 1.07697e+07 0
6830 1.01257e+07 0
6840 9.85165e+06 0
6850 9.61157e+06 0
6860 9.31997e+06 0
6870 8.96139e+06 0
6880 9.38797e+06 0
6890 9.68267e+06 0
6900 9.05206e+06 0
6910 9.12522e+06 0
6920 9.46113e+06 0
6930 9.56829e+06 0
6940 9.0057e+06 0
6950 1.00938e+07 0
6960 9.32512e+06 0
6970 9.72492e+06 0
6980 9.6703e+06 0
6990 9.4601e+06 0
7000 8.64712e+06 0
7010 9.22826e+06 0
7020 9.32512e+06 0
7030 8.77901e+06 0
7040 9.30245e+06 0
7050 9.10977e+06 0
7060 8.82332e+06 0
7070 8.90266e+06 0
7080 8.57499e+06 0
7090 9.16644e+06 0
7100 9.06649e+06 0
7110 8.78107e+06 0
7120 8.82434e+06 0
7130 9.53017e+06 0
7140 9.0294e+06 0
7150 9.46938e+06 0
7160 1.00825e+07 0
7170 9.43949e+06 0
7180 9.06134e+06 0
7190 9.93718e+06 0
7200 9.21074e+06 0
7210 9.82589e+06 0
7220 9.06237e+06 0
7230 9.51677e+06 0
7240 8.91296e+06 0
7250 9.05206e+06 0
7260 9.36015e+06 0
7270 9.81147e+06 0
7280 9.63424e+06 0
7290 9.29112e+06 0
7300 9.76201e+06 0
7310 9.94851e+06 0
7320 9.06958e+06 0
7330 9.03764e+06 0
7340 9.79601e+06 0
7350 9.80632e+06 0
7360 9.91348e+06 0
7370 9.41373e+06 0
7380 9.23857e+06 0
7390 9.1211e+06 0
7400 9.30039e+06 0
7410 9.84341e+06 0
7420 9.89802e+06 0
7430 9.24372e+06 0
7440 1.0338e+07 0
7450 9.15716e+06 0
7460 9.6126e+06 0
7470 1.03184e+07 0
7480 1.08738e+07 0
7490 8.82538e+06 0
7500 1.05966e+07 0
7510 9.46216e+06 0
7520 1.00536e+07 0
7530 9.73522e+06 0
7540 9.24578e+06 0
7550 9.74552e+06 0
7560 9.8939e+06 0
7570 9.01909e+06 0
7580 9.97118e+06 0
7590 8.41218e+06 0
7600 8.83156e+06 0
7610 9.51986e+06 0
7620 1.01072e+07 0
7630 1.10758e+07 0
7640 1.05029e+07 0
7650 9.91039e+06 0
7660 9.45598e+06 0
7670 9.19426e+06 0
7680 9.69606e+06 0
7690 9.48895e+06 0
7700 8.65639e+06 0
7710 8.32975e+06 0
7720 9.61672e+06 0
7730 9.29627e+06 0
7740 9.27566e+06 0
7750 9.2839e+06 0
7760 8.76664e+06 0
7770 9.00982e+06 0
7780 9.78777e+06 0
7790 8.86144e+06 0
7800 9.53532e+06 0
7810 9.40549e+06 0
7820 9.40034e+06 0
7830 8.6162e+06 0
7840 9.80632e+06 0
7850 8.6193e+06 0
7860 9.45701e+06 0
7870 8.27102e+06 0
7880 8.17107e+06 0
7890 8.5245e+06 0
7900 9.15098e+06 0
7910 9.03455e+06 0
7920 9.29936e+06 0
7930 9.23238e+06 0
7940 9.51162e+06 0
7950 1.04246e+07 0
7960 9.78983e+06 0
7970 9.31482e+06 0
7980 9.06855e+06 0
7990 9.67958e+06 0
8000 9.41682e+06 0
8010 1.04287e+07 0
8020 9.2025e+06 0
8030 9.56726e+06 0
8040 9.12419e+06 0
8050 9.24166e+06 0
8060 9.84444e+06 0
8070 8.55335e+06 0
8080 9.99797e+06 0
8090 9.93924e+06 0
8100 9.73213e+06 0
8110 9.47453e+06 0
8120 1.03277e+07 0
8130 8.29781e+06 0
8140 9.24269e+06 0
8150 9.45598e+06 0
8160 9.74964e+06 0
8170 9.43125e+06 0
8180 9.44052e+06 0
8190 9.38694e+06 0
8200 9.8702e+06 0
8210 9.13244e+06 0
8220 1.00083e+07 0
8230 9.2839e+06 0
8240 9.88566e+06 0
8250 9.59199e+06 0
8260 9.89081e+06 0
8270 9.12625e+06 0
8280 9.83929e+06 0
8290 8.78313e+06 0
8300 9.32821e+06 0
8310 1.0136e+07 0
8320 9.56005e+06 0
8330 9.28493e+06 0
8340 9.23032e+06 0
8350 9.39931e+06 0
8360 9.89905e+06 0
8370 9.7888e+06 0
8380 9.46525e+06 0
8390 8.69554e+06 0
8400 1.10758e+07 0
8410 8.80683e+06 0
8420 9.91039e+06 0
8430 1.0745e+07 0
8440 9.28802e+06 0
8450 8.63784e+06 0
8460 9.73625e+06 0
8470 9.34779e+06 0
8480 9.65382e+06 0
8490 9.82383e+06 0
8500 9.23341e+06 0
8510 8.66154e+06 0
8520 9.70225e+06 0
8530 1.01391e+07 0
8540 8.73264e+06 0
8550 9.70431e+06 0
8560 9.3787e+06 0
8570 8.8058e+06 0
8580 8.406e+06 0
8590 8.94902e+06 0
8600 9.39725e+06 0
8610 1.02071e+07 0
8620 9.19323e+06 0
8630 9.12316e+06 0
8640 1.04039e+07 0
8650 9.03042e+06 0
8660 9.60127e+06 0
8670 1.00186e+07 0
8680 9.02321e+06 0
8690 9.87948e+06 0
8700 1.03545e+07 0
8710 9.97015e+06 0
8720 9.44877e+06 0
8730 9.46216e+06 0
8740 8.75634e+06 0
8750 1.02669e+07 0
8760 9.86814e+06 0
8770 1.06008e+07 0
8780 8.66772e+06 0
8790 9.03661e+06 0
8800 9.15407e+06 0
8810 9.2736e+06 0
8820 9.24578e+06 0
8830 8.79446e+06 0
8840 8.62136e+06 0
8850 8.26484e+06 0
8860 9.39004e+06 0
8870 9.74449e+06 0
8880 8.72130e+06 0
8890 8.35036e+06 0
8900 8.79137e+06 0
8910 9.47041e+06 0
8920 9.40652e+06 0
8930 8.89441e+06 0
8940 9.57242e+06 0
8950 9.25402e+06 0
8960 9.09122e+06 0
8970 9.88978e+06 0
8980 8.73058e+06 0
8990 1.02916e+07 0
9000 8.48122e+06 0
9010 9.0634e+06 0
9020 9.64145e+06 0
9030 9.52605e+06 0
9040 1.08367e+07 0
9050 9.29112e+06 0
9060 9.09534e+06 0
9070 1.0068e+07 0
9080 9.90833e+06 0
9090 9.10770e+06 0
9100 9.66412e+06 0
9110 9.29936e+06 0
9120 8.92223e+06 0
9130 8.75634e+06 0
9140 9.23650e+06 0
9150 8.78519e+06 0
9160 8.29678e+06 0
9170 1.06811e+07 0
9180 9.79086e+06 0
9190 9.94748e+06 0
9200 9.43434e+06 0
9210 9.26639e+06 0
9220 9.10770e+06 0
9230 9.8228e+06 0
9240 7.47555e+06 0
9250 9.09431e+06 0
9260 9.78777e+06 0
9270 8.84495e+06 0
9280 8.1958e+06 0
9290 8.76561e+06 0
9300 8.80374e+06 0
9310 8.75016e+06 0
9320 9.42507e+06 0
9330 8.89338e+06 0
9340 8.55026e+06 0
9350 1.02144e+07 0
9360 9.34264e+06 0
9370 9.83208e+06 0
9380 9.38591e+06 0
9390 9.4364e+06 0
9400 8.59044e+06 0
9410 8.50904e+06 0
9420 8.1721e+06 0
9430 7.9619e+06 0
9440 9.27978e+06 0
9450 8.84908e+06 0
9460 9.33852e+06 0
9470 9.64764e+06 0
9480 8.71203e+06 0
9490 9.48071e+06 0
9500 9.04691e+06 0
9510 9.32924e+06 0
9520 9.3787e+06 0
9530 9.06855e+06 0
9540 8.99951e+06 0
9550 9.3684e+06 0
9560 1.02968e+07 0
9570 9.2159e+06 0
9580 9.12522e+06 0
9590 8.59148e+06 0
9600 8.60178e+06 0
9610 9.46628e+06 0
9620 1.03102e+07 0
9630 9.53326e+06 0
9640 9.09225e+06 0
9650 8.6533e+06 0
9660 9.77025e+06 0
9670 1.01402e+07 0
9680 8.96963e+06 0
9690 9.24166e+06 0
9700 9.92378e+06 0
9710 9.999e+06 0
9720 9.75274e+06 0
9730 8.77901e+06 0
9740 1.00763e+07 0
9750 8.89647e+06 0
9760 1.0441e+07 0
9770 9.78777e+06 0
9780 8.982e+06 0
9790 1.05173e+07 0
9800 1.04163e+07 0
9810 1.00536e+07 0
9820 9.64557e+06 0
9830 9.04588e+06 0
9840 9.23032e+06 0
9850 9.87638e+06 0
9860 9.33645e+06 0
9870 9.60951e+06 0
9880 9.19941e+06 0
9890 9.42095e+06 0
9900 9.63939e+06 0
9910 9.84547e+06 0
9920 9.69812e+06 0
9930 9.74861e+06 0
9940 9.79498e+06 0
9950 8.8975e+06 0
9960 9.2396e+06 0
9970 8.31327e+06 0
9980 8.8161e+06 0
9990 9.12831e+06 0
10000 8.65948e+06 0
10010 9.09122e+06 0
10020 9.6734e+06 0
10030 9.79601e+06 0
10040 9.70946e+06 0
10050 8.75222e+06 0
10060 9.41167e+06 0
10070 9.626e+06 0
10080 9.73625e+06 0
10090 1.0033e+07 0
10100 9.65176e+06 0
10110 8.79652e+06 0
10120 8.98921e+06 0
10130 9.55181e+06 0
10140 9.57963e+06 0
10150 1.01453e+07 0
10160 9.85887e+06 0
10170 9.2025e+06 0
10180 9.21178e+06 0
10190 9.03764e+06 0
10200 8.67803e+06 0
10210 9.91039e+06 0
10220 9.01085e+06 0
10230 1.04101e+07 0
10240 8.97066e+06 0
10250 9.75789e+06 0
10260 1.14385e+07 0
10270 9.9073e+06 0
10280 9.05e+06 0
10290 9.04382e+06 0
10300 9.24063e+06 0
10310 1.105e+07 0
10320 9.37355e+06 0
10330 1.08161e+07 0
10340 9.29524e+06 0
10350 9.44568e+06 0
10360 8.97890e+06 0
10370 1.04307e+07 0
10380 1.02092e+07 0
10390 1.04215e+07 0
10400 1.01979e+07 0
10410 1.02329e+07 0
10420 1.02865e+07 0
10430 9.97633e+06 0
10440 8.62651e+06 0
10450 9.26124e+06 0
10460 8.88823e+06 0
10470 8.72028e+06 0
10480 9.31894e+06 0
10490 8.92636e+06 0
10500 9.7074e+06 0
10510 9.67752e+06 0
10520 1.00495e+07 0
10530 8.82332e+06 0
10540 9.0263e+06 0
10550 8.73058e+06 0
10560 9.31688e+06 0
10570 1.07852e+07 0
10580 9.24784e+06 0
10590 9.0634e+06 0
10600 8.59869e+06 0
10610 9.79807e+06 0
10620 1.00114e+07 0
10630 9.59612e+06 0
10640 9.45804e+06 0
10650 9.55078e+06 0
10660 9.9073e+06 0
10670 1.04503e+07 0
10680 8.92532e+06 0
10690 9.59096e+06 0
10700 9.8125e+06 0
10710 8.94181e+06 0
10720 1.06368e+07 0
10730 1.01515e+07 0
10740 1.0033e+07 0
10750 9.83723e+06 0
10760 9.18086e+06 0
10770 8.91708e+06 0
10780 8.83568e+06 0
10790 9.81868e+06 0
10800 9.63115e+06 0
10810 1.02154e+07 0
10820 9.80529e+06 0
10830 9.2839e+06 0
10840 1.09449e+07 0
10850 9.99797e+06 0
10860 1.02494e+07 0
10870 1.0779e+07 0
10880 9.53326e+06 0
10890 9.33954e+06 0
10900 9.4364e+06 0
10910 8.84083e+06 0
10920 1.07357e+07 0
10930 8.92945e+06 0
10940 9.60848e+06 0
10950 1.05812e+07 0
10960 9.68988e+06 0
10970 9.51471e+06 0
10980 8.95212e+06 0
10990 9.78159e+06 0
11000 9.60642e+06 0
11010 9.0634e+06 0
11020 9.55799e+06 0
11030 9.86402e+06 0
11040 8.96036e+06 0
11050 9.79086e+06 0
11060 1.01299e+07 0
11070 9.91657e+06 0
11080 1.04617e+07 0
11090 9.71358e+06 0
11100 9.27772e+06 0
11110 9.76098e+06 0
11120 1.08161e+07 0
11130 1.02906e+07 0
11140 9.10874e+06 0
11150 9.71049e+06 0
11160 8.85938e+06 0
11170 1.0406e+07 0
11180 9.39931e+06 0
11190 8.93048e+06 0
11200 9.21178e+06 0
11210 9.30863e+06 0
11220 9.40858e+06 0
11230 1.02308e+07 0
11240 1.0609e+07 0
11250 1.0235e+07 0
11260 9.50132e+06 0
11270 9.06237e+06 0
11280 9.74861e+06 0
11290 9.35706e+06 0
11300 1.01639e+07 0
11310 9.26845e+06 0
11320 9.56726e+06 0
11330 9.25711e+06 0
11340 9.23032e+06 0
11350 9.85165e+06 0
11360 9.02218e+06 0
11370 9.37767e+06 0
11380 9.61466e+06 0
11390 9.42816e+06 0
11400 1.0303e+07 0
11410 1.00031e+07 0
11420 9.24681e+06 0
11430 9.36634e+06 0
11440 8.94696e+06 0
11450 9.03764e+06 0
11460 9.67546e+06 0
11470 9.13656e+06 0
11480 1.08635e+07 0
11490 9.43331e+06 0
11500 8.94902e+06 0
11510 9.89699e+06 0
11520 7.8434e+06 0
11530 8.65124e+06 0
11540 9.68576e+06 0
11550 1.11221e+07 0
11560 9.52502e+06 0
11570 1.02164e+07 0
11580 9.44052e+06 0
11590 9.52914e+06 0
11600 9.355e+06 0
11610 9.65073e+06 0
11620 1.02164e+07 0
11630 9.23135e+06 0
11640 1.01783e+07 0
11650 9.32615e+06 0
11660 9.38694e+06 0
11670 8.81404e+06 0
11680 1.00402e+07 0
11690 9.64557e+06 0
11700 8.9583e+06 0
11710 9.57654e+06 0
11720 9.38282e+06 0
11730 1.04967e+07 0
11740 8.78622e+06 0
11750 1.02226e+07 0
11760 9.55902e+06 0
11770 9.65279e+06 0
11780 1.01814e+07 0
11790 9.71255e+06 0
11800 9.45598e+06 0
11810 9.10461e+06 0
11820 9.11904e+06 0
11830 9.24681e+06 0
11840 8.77489e+06 0
11850 8.33388e+06 0
11860 1.01752e+07 0
11870 9.97736e+06 0
11880 1.00557e+07 0
11890 8.48946e+06 0
11900 8.44001e+06 0
11910 8.61517e+06 0
11920 9.20147e+06 0
11930 9.09637e+06 0
11940 8.48328e+06 0
11950 1.00536e+07 0
11960 1.03019e+07 0
11970 1.01824e+07 0
11980 9.321e+06 0
11990 9.81147e+06 0
12000 9.95469e+06 0
12010 8.85217e+06 0
12020 8.99333e+06 0
12030 1.03287e+07 0
12040 9.25917e+06 0
12050 8.66772e+06 0
12060 8.67906e+06 0
12070 8.85835e+06 0
12080 9.20147e+06 0
12090 8.78313e+06 0
12100 9.02527e+06 0
12110 9.38694e+06 0
12120 9.97736e+06 0
12130 9.58375e+06 0
12140 1.04658e+07 0
12150 9.36530e+06 0
12160 9.84444e+06 0
12170 9.46422e+06 0
12180 1.04143e+07 0
12190 8.28957e+06 0
12200 8.95418e+06 0
12210 1.06327e+07 0
12220 9.91142e+06 0
12230 9.92996e+06 0
12240 9.39416e+06 0
12250 9.52502e+06 0
12260 8.51832e+06 0
12270 8.81507e+06 0
12280 8.95418e+06 0
12290 9.55181e+06 0
12300 9.56932e+06 0
12310 9.81868e+06 0
12320 1.01494e+07 0
12330 9.63733e+06 0
12340 9.25608e+06 0
12350 9.49823e+06 0
12360 8.15046e+06 0
12370 8.39673e+06 0
12380 9.1345e+06 0
12390 9.57654e+06 0
12400 8.57911e+06 0
12410 1.04967e+07 0
12420 8.96551e+06 0
12430 9.43125e+06 0
12440 8.82641e+06 0
12450 9.61672e+06 0
12460 9.10668e+06 0
12470 9.01291e+06 0
12480 8.36788e+06 0
12490 1.01206e+07 0
12500 9.62394e+06 0
12510 9.44258e+06 0
12520 8.32975e+06 0
12530 9.54356e+06 0
12540 1.04122e+07 0
12550 8.68627e+06 0
12560 1.02401e+07 0
12570 9.37355e+06 0
12580 9.67442e+06 0
12590 9.17777e+06 0
12600 8.83877e+06 0
12610 9.34367e+06 0
12620 8.72234e+06 0
12630 1.05874e+07 0
12640 9.82486e+06 0
12650 9.23650e+06 0
12660 9.69091e+06 0
12670 8.62342e+06 0
12680 8.982e+06 0
12690 9.39313e+06 0
12700 9.6837e+06 0
12710 8.69864e+06 0
12720 1e+07 0
12730 9.06546e+06 0
12740 8.74913e+06 0
12750 8.80271e+06 0
12760 1.02968e+07 0
12770 1.01721e+07 0
12780 8.88617e+06 0
12790 7.93717e+06 0
12800 7.93305e+06 0
12810 9.07061e+06 0
12820 9.77437e+06 0
12830 9.96912e+06 0
12840 9.57448e+06 0
12850 9.22414e+06 0
12860 1.11778e+07 0
12870 9.91966e+06 0
12880 9.10977e+06 0
12890 9.42507e+06 0
12900 9.53841e+06 0
12910 9.12213e+06 0
12920 9.0974e+06 0
12930 1.00516e+07 0
12940 9.64454e+06 0
12950 9.42198e+06 0
12960 1.00206e+07 0
12970 8.44104e+06 0
12980 9.76613e+06 0
12990 8.42867e+06 0
13000 9.49617e+06 0
13010 9.58066e+06 0
13020 8.78725e+06 0
13030 9.54253e+06 0
13040 9.42198e+06 0
13050 9.06855e+06 0
13060 8.28545e+06 0
13070 9.87226e+06 0
13080 8.90678e+06 0
13090 9.83826e+06 0
13100 8.68215e+06 0
13110 8.2195e+06 0
13120 8.53274e+06 0
13130 8.30502e+06 0
13140 9.30039e+06 0
13150 8.70482e+06 0
13160 9.39004e+06 0
13170 9.36118e+06 0
13180 9.2973e+06 0
13190 9.66618e+06 0
13200 9.35088e+06 0
13210 9.7177e+06 0
13220 9.00157e+06 0
13230 9.67442e+06 0
13240 8.72646e+06 0
13250 8.69039e+06 0
13260 7.2365e+06 0
13270 8.14325e+06 0
13280 7.49719e+06 0
13290 8.2535e+06 0
13300 7.92687e+06 0
13310 8.51935e+06 0
13320 8.72646e+06 0
13330 8.22671e+06 0
13340 7.72697e+06 0
13350 8.13707e+06 0
13360 8.08143e+06 0
13370 7.99384e+06 0
13380 7.78467e+06 0
13390 7.15716e+06 0
13400 7.28905e+06 0
13410 7.76612e+06 0
13420 8.08246e+06 0
13430 8.86556e+06 0
13440 8.30399e+06 0
13450 8.0196e+06 0
13460 8.01548e+06 0
13470 8.03815e+06 0
13480 8.02063e+06 0
13490 7.64454e+06 0
13500 8.7244e+06 0
13510 9.54666e+06 0
13520 9.53944e+06 0
13530 9.6703e+06 0
13540 9.46732e+06 0
13550 9.39416e+06 0
13560 8.24423e+06 0
13570 9.96397e+06 0
13580 9.9176e+06 0
13590 6.79652e+06 0
13600 8.99539e+06 0
13610 8.97684e+06 0
13620 9.73213e+06 0
13630 9.46834e+06 0
13640 8.97272e+06 0
13650 9.38076e+06 0
13660 8.57705e+06 0
13670 9.73934e+06 0
13680 9.52811e+06 0
13690 8.87999e+06 0
13700 9.16747e+06 0
13710 9.12007e+06 0
13720 8.21847e+06 0
13730 8.85114e+06 0
13740 8.86453e+06 0
13750 8.29987e+06 0
13760 9.36221e+06 0
13770 9.5446e+06 0
13780 9.0634e+06 0
13790 8.66978e+06 0
13800 8.9346e+06 0
13810 9.52296e+06 0
13820 9.66206e+06 0
13830 8.33388e+06 0
13840 9.31791e+06 0
13850 1.03019e+07 0
13860 9.07473e+06 0
13870 8.22053e+06 0
13880 9.71873e+06 0
13890 8.83568e+06 0
13900 9.35191e+06 0
13910 9.2025e+06 0
13920 9.22414e+06 0
13930 9.44465e+06 0
13940 9.1314e+06 0
13950 9.86917e+06 0
13960 9.72388e+06 0
13970 9.10977e+06 0
13980 9.96294e+06 0
13990 9.14686e+06 0
14000 8.76767e+06 0
14010 9.99488e+06 0
14020 1.01814e+07 0
14030 9.78159e+06 0
14040 9.31791e+06 0
14050 9.02836e+06 0
14060 9.04176e+06 0
14070 9.15098e+06 0
14080 8.49668e+06 0
14090 9.81456e+06 0
14100 9.47865e+06 0
14110 9.83105e+06 0
14120 1.0236e+07 0
14130 8.711e+06 0
14140 9.63321e+06 0
14150 8.56056e+06 0
14160 8.64609e+06 0
14170 9.79601e+06 0
14180 9.33748e+06 0
14190 8.97788e+06 0
14200 9.02218e+06 0
14210 9.07679e+06 0
14220 9.74552e+06 0
14230 8.79137e+06 0
14240 9.55078e+06 0
14250 9.35809e+06 0
14260 8.56674e+06 0
14270 9.84753e+06 0
14280 9.00776e+06 0
14290 9.29215e+06 0
14300 8.86453e+06 0
14310 8.76252e+06 0
14320 8.677e+06 0
14330 9.30245e+06 0
14340 9.07576e+06 0
14350 9.21178e+06 0
14360 9.47968e+06 0
14370 9.02733e+06 0
14380 1.00114e+07 0
14390 9.02424e+06 0
14400 9.64866e+06 0
14410 9.6466e+06 0
14420 1.01773e+07 0
14430 1.00175e+07 0
14440 9.50441e+06 0
14450 8.76252e+06 0
14460 7.97736e+06 0
14470 9.94027e+06 0
14480 9.89493e+06 0
14490 8.71718e+06 0
14500 9.16541e+06 0
14510 8.55026e+06 0
14520 9.43949e+06 0
14530 8.96036e+06 0
14540 9.60745e+06 0
14550 8.49668e+06 0
14560 9.03661e+06 0
14570 8.42249e+06 0
14580 9.88772e+06 0
14590 9.62497e+06 0
14600 8.9006e+06 0
14610 9.54666e+06 0
14620 8.20198e+06 0
14630 9.82074e+06 0
14640 8.79756e+06 0
14650 9.5786e+06 0
14660 9.53326e+06 0
14670 9.21074e+06 0
14680 9.92687e+06 0
14690 8.92532e+06 0
14700 9.58684e+06 0
14710 9.6497e+06 0
14720 9.69091e+06 0
14730 9.48792e+06 0
14740 8.8975e+06 0
14750 8.83877e+06 0
14760 1.02813e+07 0
14770 1.08017e+07 0
14780 8.63887e+06 0
14790 8.51832e+06 0
14800 8.32872e+06 0
14810 8.75634e+06 0
14820 8.36685e+06 0
14830 9.11286e+06 0
14840 9.24269e+06 0
14850 8.63475e+06 0
14860 8.41631e+06 0
14870 9.27978e+06 0
14880 8.54614e+06 0
14890 7.96293e+06 0
14900 9.38591e+06 0
14910 8.79756e+06 0
14920 8.44104e+06 0
14930 8.59354e+06 0
14940 1.02267e+07 0
14950 1.09604e+07 0
14960 1.01299e+07 0
14970 1.05286e+07 0
14980 9.48174e+06 0
14990 1.00516e+07 0
15000 9.33336e+06 0
15010 9.08194e+06 0
15020 9.18808e+06 0
15030 9.05309e+06 0
15040 9.74243e+06 0
15050 9.4024e+06 0
15060 9.60436e+06 0
15070 9.16335e+06 0
15080 9.61878e+06 0
15090 9.4364e+06 0
15100 9.68164e+06 0
15110 9.22311e+06 0
15120 8.61002e+06 0
15130 9.38076e+06 0
15140 9.01497e+06 0
15150 9.67236e+06 0
15160 9.11801e+06 0
15170 9.03455e+06 0
15180 9.36634e+06 0
15190 9.54975e+06 0
15200 8.61105e+06 0
15210 8.90575e+06 0
15220 9.07576e+06 0
15230 9.7074e+06 0
15240 9.99076e+06 0
15250 9.26433e+06 0
15260 9.9176e+06 0
15270 8.26587e+06 0
15280 8.16489e+06 0
15290 7.51677e+06 0
15300 8.39158e+06 0
15310 8.90575e+06 0
15320 9.09328e+06 0
15330 7.96911e+06 0
15340 9.69812e+06 0
15350 8.64196e+06 0
15360 9.18189e+06 0
15370 8.03609e+06 0
15380 8.08658e+06 0
15390 8.7244e+06 0
15400 8.54511e+06 0
15410 8.93254e+06 0
15420 8.5142e+06 0
15430 9.45186e+06 0
15440 9.28287e+06 0
15450 9.39725e+06 0
15460 9.35397e+06 0
15470 1.00309e+07 0
15480 8.98612e+06 0
15490 9.80426e+06 0
15500 9.42507e+06 0
15510 8.84083e+06 0
15520 8.88823e+06 0
15530 8.96448e+06 0
15540 9.16438e+06 0
15550 8.53892e+06 0
15560 9.14686e+06 0
15570 8.12676e+06 0
15580 9.57757e+06 0
15590 9.58581e+06 0
15600 9.05309e+06 0
15610 8.7007e+06 0
15620 9.32203e+06 0
15630 9.91451e+06 0
15640 9.61981e+06 0
15650 9.18498e+06 0
15660 9.14583e+06 0
15670 9.19529e+06 0
15680 1.02308e+07 0
15690 1.01268e+07 0
15700 9.29112e+06 0
15710 8.93872e+06 0
15720 9.20147e+06 0
15730 9.02424e+06 0
15740 9.7991e+06 0
15750 9.37664e+06 0
15760 9.40446e+06 0
15770 9.28802e+06 0
15780 9.99488e+06 0
15790 9.64764e+06 0
15800 9.82486e+06 0
15810 8.94593e+06 0
15820 8.0093e+06 0
15830 9.22311e+06 0
15840 9.32306e+06 0
15850 1.01711e+07 0
15860 8.90678e+06 0
15870 9.07576e+06 0
15880 8.36891e+06 0
15890 8.17313e+06 0
15900 9.27051e+06 0
15910 9.37973e+06 0
15920 9.91451e+06 0
15930 9.63836e+06 0
15940 6.06184e+06 0
15950 5.40033e+06 0
15960 7.15716e+06 0
15970 9.61672e+06 0
15980 9.50338e+06 0
15990 9.01909e+06 0
16000 9.17777e+06 0
16010 8.66978e+06 0
16020 8.78828e+06 0
16030 9.51265e+06 0
16040 9.60745e+06 0
16050 9.96603e+06 0
16060 8.52347e+06 0
16070 8.80786e+06 0
16080 9.30657e+06 0
16090 9.80529e+06 0
16100 9.75583e+06 0
16110 9.13037e+06 0
16120 9.08813e+06 0
16130 8.60178e+06 0
16140 9.54769e+06 0
16150 8.91399e+06 0
16160 8.73676e+06 0
16170 9.86093e+06 0
16180 8.88823e+06 0
16190 1.04792e+07 0
16200 9.98458e+06 0
16210 8.8532e+06 0
16220 9.37355e+06 0
16230 9.41682e+06 0
16240 9.94439e+06 0
16250 9.99797e+06 0
16260 9.47968e+06 0
16270 1.00011e+07 0
16280 1.0441e+07 0
16290 9.3787e+06 0
16300 9.70843e+06 0
16310 9.61981e+06 0
16320 9.56417e+06 0
16330 1.03926e+07 0
16340 9.73728e+06 0
16350 8.91399e+06 0
16360 8.94593e+06 0
16370 1.02298e+07 0
16380 8.78416e+06 0
16390 9.50029e+06 0
16400 1.01917e+07 0
16410 8.99436e+06 0
16420 9.45907e+06 0
16430 8.98818e+06 0
16440 9.62188e+06 0
16450 1.00866e+07 0
16460 9.32203e+06 0
16470 9.27669e+06 0
16480 9.17674e+06 0
16490 7.5889e+06 0
16500 9.49101e+06 0
16510 8.56572e+06 0
16520 1.01567e+07 0
16530 9.64454e+06 0
16540 8.3957e+06 0
16550 9.626e+06 0
16560 9.80426e+06 0
16570 9.33542e+06 0
16580 9.85578e+06 0
16590 1.01958e+07 0
16600 8.5482e+06 0
16610 9.63527e+06 0
16620 9.32512e+06 0
16630 9.68267e+06 0
16640 9.17365e+06 0
16650 8.67597e+06 0
16660 8.56984e+06 0
16670 9.52914e+06 0
16680 8.95418e+06 0
16690 9.21384e+06 0
16700 9.51059e+06 0
16710 9.44568e+06 0
16720 1.01618e+07 0
16730 1.00186e+07 0
16740 8.77282e+06 0
16750 9.16644e+06 0
16760 9.9042e+06 0
16770 9.35088e+06 0
16780 9.32409e+06 0
16790 9.56932e+06 0
16800 9.2839e+06 0
16810 9.42198e+06 0
16820 9.43331e+06 0
16830 9.51677e+06 0
16840 1.02308e+07 0
16850 9.79704e+06 0
16860 9.53738e+06 0
16870 9.27566e+06 0
16880 9.3447e+06 0
16890 9.7651e+06 0
16900 9.33748e+06 0
16910 9.71358e+06 0
16920 9.36428e+06 0
16930 8.66154e+06 0
16940 9.78571e+06 0
16950 8.66978e+06 0
16960 8.61414e+06 0
16970 9.47968e+06 0
16980 8.31327e+06 0
16990 8.7481e+06 0
17000 9.22929e+06 0
17010 9.73213e+06 0
17020 9.8465e+06 0
17030 9.31482e+06 0
17040 9.39313e+06 0
17050 9.22208e+06 0
17060 9.93821e+06 0
17070 1.00619e+07 0
17080 8.61826e+06 0
17090 9.62497e+06 0
17100 8.38642e+06 0
17110 9.44465e+06 0
17120 8.77489e+06 0
17130 8.677e+06 0
17140 9.28287e+06 0
17150 8.88411e+06 0
17160 9.81559e+06 0
17170 1.06543e+07 0
17180 8.51729e+06 0
17190 1.02999e+07 0
17200 9.20868e+06 0
17210 9.65382e+06 0
17220 1.00227e+07 0
17230 9.87844e+06 0
17240 9.83311e+06 0
17250 8.33388e+06 0
17260 8.86659e+06 0
17270 9.22105e+06 0
17280 9.4364e+06 0
17290 9.31688e+06 0
17300 9.98354e+06 0
17310 9.57963e+06 0
17320 9.87948e+06 0
17330 1.04534e+07 0
17340 8.7347e+06 0
17350 8.56778e+06 0
17360 9.62806e+06 0
17370 9.91348e+06 0
17380 8.76458e+06 0
17390 8.96036e+06 0
17400 9.07576e+06 0
17410 9.34058e+06 0
17420 9.39931e+06 0
17430 1.01752e+07 0
17440 8.93769e+06 0
17450 9.35088e+06 0
17460 8.96036e+06 0
17470 8.98818e+06 0
17480 9.67752e+06 0
17490 9.90008e+06 0
17500 9.51368e+06 0
17510 9.53326e+06 0
17520 1.09171e+07 0
17530 9.75068e+06 0
17540 9.56108e+06 0
17550 9.32409e+06 0
17560 9.11698e+06 0
17570 8.99436e+06 0
17580 9.21487e+06 0
17590 9.56829e+06 0
17600 1.07666e+07 0
17610 9.8465e+06 0
17620 9.41373e+06 0
17630 9.41992e+06 0
17640 8.11028e+06 0
17650 8.97890e+06 0
17660 1.0712e+07 0
17670 9.03042e+06 0
17680 1.06729e+07 0
17690 8.97272e+06 0
17700 9.49204e+06 0
17710 9.15201e+06 0
17720 9.36118e+06 0
17730 9.4158e+06 0
17740 9.31172e+06 0
17750 9.2396e+06 0
17760 8.7718e+06 0
17770 8.48844e+06 0
17780 8.5822e+06 0
17790 8.98097e+06 0
17800 8.94799e+06 0
17810 9.50441e+06 0
17820 1.04431e+07 0
17830 8.99951e+06 0
17840 8.23186e+06 0
17850 8.41116e+06 0
17860 8.67391e+06 0
17870 8.12161e+06 0
17880 1.00175e+07 0
17890 9.64042e+06 0
17900 9.41476e+06 0
17910 1.00742e+07 0
17920 9.59405e+06 0
17930 8.91399e+06 0
17940 9.46732e+06 0
17950 9.58787e+06 0
17960 9.42507e+06 0
17970 9.1551e+06 0
17980 9.46628e+06 0
17990 9.65279e+06 0
18000 8.28648e+06 0
18010 8.56984e+06 0
18020 8.59250e+06 0
18030 1.01134e+07 0
18040 8.04948e+06 0
18050 8.87586e+06 0
18060 9.4601e+06 0
18070 8.78004e+06 0
18080 9.19838e+06 0
18090 8.67391e+06 0
18100 8.90575e+06 0
18110 8.96036e+06 0
18120 8.74088e+06 0
18130 9.02424e+06 0
18140 8.92636e+06 0
18150 8.51729e+06 0
18160 8.73264e+06 0
18170 9.44052e+06 0
18180 1.01e+07 0
18190 9.75274e+06 0
18200 9.35294e+06 0
18210 8.84804e+06 0
18220 1.03596e+07 0
18230 9.59199e+06 0
18240 9.86711e+06 0
18250 9.32512e+06 0
18260 8.76149e+06 0
18270 9.33542e+06 0
18280 8.51316e+06 0
18290 8.61826e+06 0
18300 9.39725e+06 0
18310 9.19014e+06 0
18320 9.72388e+06 0
18330 9.17365e+06 0
18340 9.46422e+06 0
18350 1.01773e+07 0
18360 8.49256e+06 0
18370 9.41992e+06 0
18380 9.7888e+06 0
18390 9.65176e+06 0
18400 9.06443e+06 0
18410 9.60745e+06 0
18420 9.91554e+06 0
18430 9.95676e+06 0
18440 9.85578e+06 0
18450 1.00773e+07 0
18460 1.02638e+07 0
18470 9.62909e+06 0
18480 1.00237e+07 0
18490 9.33645e+06 0
18500 8.52553e+06 0
18510 9.52914e+06 0
18520 1.0644e+07 0
18530 9.58169e+06 0
18540 9.53532e+06 0
18550 9.20044e+06 0
18560 9.89493e+06 0
18570 9.93821e+06 0
18580 8.81919e+06 0
18590 9.00673e+06 0
18600 1.0101e+07 0
18610 9.18705e+06 0
18620 1.1119e+07 0
18630 9.91348e+06 0
18640 9.21487e+06 0
18650 9.37458e+06 0
18660 9.00364e+06 0
18670 9.47247e+06 0
18680 9.389e+06 0
18690 8.96551e+06 0
18700 9.2973e+06 0
18710 9.0057e+06 0
18720 1.01505e+07 0
18730 8.74913e+06 0
18740 8.83877e+06 0
18750 8.38024e+06 0
18760 9.40446e+06 0
18770 9.95985e+06 0
18780 9.2736e+06 0
18790 8.82641e+06 0
18800 8.53996e+06 0
18810 8.85526e+06 0
18820 9.2602e+06 0
18830 9.50132e+06 0
18840 1.07244e+07 0
18850 9.38076e+06 0
18860 9.46938e+06 0
18870 9.83723e+06 0
18880 8.40806e+06 0
18890 8.97684e+06 0
18900 8.23599e+06 0
18910 9.88463e+06 0
18920 9.02321e+06 0
18930 9.41682e+06 0
18940 9.15304e+06 0
18950 8.27102e+06 0
18960 9.31172e+06 0
18970 9.44362e+06 0
18980 9.9042e+06 0
18990 8.67597e+06 0
19000 9.23238e+06 0
19010 8.63887e+06 0
19020 9.28906e+06 0
19030 8.81404e+06 0
19040 8.4534e+06 0
19050 9.98354e+06 0
19060 9.23135e+06 0
19070 9.5889e+06 0
19080 8.26896e+06 0
19090 9.66824e+06 0
19100 8.91502e+06 0
19110 9.0871e+06 0
19120 9.05206e+06 0
19130 8.29575e+06 0
19140 1.00114e+07 0
19150 1.08573e+07 0
19160 9.76922e+06 0
19170 1.02144e+07 0
19180 1.0068e+07 0
19190 9.2736e+06 0
19200 9.72594e+06 0
19210 9.32203e+06 0
19220 9.90936e+06 0
19230 9.33336e+06 0
19240 9.86402e+06 0
19250 9.80632e+06 0
19260 9.69091e+06 0
19270 9.58684e+06 0
19280 1.01948e+07 0
19290 1.04792e+07 0
19300 9.0397e+06 0
19310 9.46628e+06 0
19320 7.89905e+06 0
19330 8.62239e+06 0
19340 8.44001e+06 0
19350 9.27772e+06 0
19360 8.99436e+06 0
19370 9.21899e+06 0
19380 9.57551e+06 0
19390 9.13037e+06 0
19400 9.0397e+06 0
19410 8.08349e+06 0
19420 8.33388e+06 0
19430 9.05516e+06 0
19440 9.24681e+06 0
19450 9.11183e+06 0
19460 9.1582e+06 0
19470 8.55129e+06 0
19480 9.44362e+06 0
19490 1.0135e+07 0
19500 9.48071e+06 0
19510 1.09769e+07 0
19520 1.017e+07 0
19530 9.07164e+06 0
19540 8.88205e+06 0
19550 8.69554e+06 0
19560 9.32924e+06 0
19570 8.51935e+06 0
19580 9.23548e+06 0
19590 9.00157e+06 0
19600 1.00577e+07 0
19610 9.16953e+06 0
19620 9.15407e+06 0
19630 9.13553e+06 0
19640 9.88669e+06 0
19650 9.12831e+06 0
19660 8.39879e+06 0
19670 9.86917e+06 0
19680 9.60951e+06 0
19690 8.38333e+06 0
19700 9.76098e+06 0
19710 9.35603e+06 0
19720 9.21796e+06 0
19730 8.74088e+06 0
19740 8.80683e+06 0
19750 8.74706e+06 0
19760 9.35088e+06 0
19770 8.90266e+06 0
19780 9.0057e+06 0
19790 9.39519e+06 0
19800 1.02442e+07 0
19810 9.64145e+06 0
19820 9.26639e+06 0
19830 9.68267e+06 0
19840 9.16747e+06 0
19850 9.85062e+06 0
19860 8.45031e+06 0
19870 9.4127e+06 0
19880 8.54202e+06 0
19890 9.42301e+06 0
19900 8.77695e+06 0
19910 8.3143e+06 0
19920 9.34779e+06 0
19930 9.355e+06 0
19940 7.89596e+06 0
19950 8.63681e+06 0
19960 9.15407e+06 0
19970 8.47401e+06 0
19980 8.19168e+06 0
19990 9.22105e+06 0
20000 9.51265e+06 0
20010 9.26742e+06 0
20020 9.54562e+06 0
20030 9.42713e+06 0
20040 9.1108e+06 0
20050 1.04091e+07 0
20060 9.82383e+06 0
20070 8.49359e+06 0
20080 8.5719e+06 0
20090 9.06546e+06 0
20100 9.06031e+06 0
20110 9.22929e+06 0
20120 1.07821e+07 0
20130 9.08298e+06 0
20140 1.06945e+07 0
20150 1.02463e+07 0
20160 9.15922e+06 0
20170 1.10397e+07 0
20180 9.2262e+06 0
20190 9.05309e+06 0
20200 9.34264e+06 0
20210 1.00959e+07 0
20220 9.61878e+06 0
20230 9.17777e+06 0
20240 9.16644e+06 0
20250 8.9346e+06 0
20260 9.47144e+06 0
20270 9.07782e+06 0
20280 8.56056e+06 0
20290 9.2396e+06 0
20300 1.03823e+07 0
20310 8.67391e+06 0
20320 8.32048e+06 0
20330 9.0397e+06 0
20340 9.89184e+06 0
20350 1.05657e+07 0
20360 9.87638e+06 0
20370 8.95108e+06 0
20380 9.07885e+06 0
20390 1.04771e+07 0
20400 7.88771e+06 0
20410 9.21384e+06 0
20420 1.06512e+07 0
20430 9.68885e+06 0
20440 9.18396e+06 0
20450 8.6399e+06 0
20460 8.30708e+06 0
20470 8.63681e+06 0
20480 9.20044e+06 0
20490 1.0474e+07 0
20500 1.01257e+07 0
20510 8.34521e+06 0
20520 9.46732e+06 0
20530 9.26124e+06 0
20540 9.94027e+06 0
20550 9.28493e+06 0
20560 8.98303e+06 0
20570 9.59199e+06 0
20580 1.03988e+07 0
20590 1.01113e+07 0
20600 1.07636e+07 0
20610 9.15201e+06 0
20620 8.72234e+06 0
20630 9.626e+06 0
20640 9.79395e+06 0
20650 9.63424e+06 0
20660 9.21693e+06 0
20670 9.80941e+06 0
20680 8.86659e+06 0
20690 8.93769e+06 0
20700 7.50852e+06 0
20710 9.82486e+06 0
20720 9.05309e+06 0
20730 8.65021e+06 0
20740 9.03352e+06 0
20750 9.34367e+06 0
20760 1.01742e+07 0
20770 9.72698e+06 0
20780 8.20198e+06 0
20790 8.36891e+06 0
20800 8.62754e+06 0
20810 9.0737e+06 0
20820 9.48174e+06 0
20830 8.52141e+06 0
20840 8.75222e+06 0
20850 8.94078e+06 0
20860 9.65279e+06 0
20870 9.21796e+06 0
20880 9.65176e+06 0
20890 1.04112e+07 0
20900 1.01175e+07 0
20910 8.97994e+06 0
20920 9.3076e+06 0
20930 9.41064e+06 0
20940 1.00598e+07 0
20950 8.53686e+06 0
20960 1.06234e+07 0
20970 9.98664e+06 0
20980 9.17571e+06 0
20990 1.03246e+07 0
21000 9.46113e+06 0
21010 1.06121e+07 0
21020 1.04173e+07 0
21030 1.017e+07 0
21040 9.03146e+06 0
21050 9.85578e+06 0
21060 9.18808e+06 0
21070 1.00309e+07 0
21080 9.42404e+06 0
21090 9.30554e+06 0
21100 8.85526e+06 0
21110 9.30348e+06 0
21120 9.75686e+06 0
21130 9.63424e+06 0
21140 9.25196e+06 0
21150 9.34058e+06 0
21160 9.5652e+06 0
21170 9.6126e+06 0
21180 9.54666e+06 0
21190 8.94078e+06 0
21200 9.09122e+06 0
21210 8.4534e+06 0
21220 9.29936e+06 0
21230 9.67133e+06 0
21240 1.01175e+07 0
21250 9.62290e+06 0
21260 9.17571e+06 0
21270 8.89853e+06 0
21280 9.31688e+06 0
21290 9.30863e+06 0
21300 9.88772e+06 0
21310 9.46628e+06 0
21320 1.02308e+07 0
21330 9.7785e+06 0
21340 9.28081e+06 0
21350 9.16438e+06 0
21360 1.04658e+07 0
21370 8.60281e+06 0
21380 1.03854e+07 0
21390 8.84289e+06 0
21400 8.98509e+06 0
21410 8.47607e+06 0
21420 1.02205e+07 0
21430 8.88926e+06 0
21440 9.82692e+06 0
21450 9.45701e+06 0
21460 8.91914e+06 0
21470 9.46525e+06 0
21480 9.4024e+06 0
21490 9.03867e+06 0
21500 1.04297e+07 0
21510 7.98148e+06 0
21520 9.77231e+06 0
21530 9.65691e+06 0
21540 9.19838e+06 0
21550 9.16026e+06 0
21560 8.44619e+06 0
21570 8.41218e+06 0
21580 8.58838e+06 0
21590 8.25762e+06 0
