# TimeStamp(s) Latency-avg(ms) Stdev
0 24.056 8.793
10 25.334 8.999
20 25.588 9.476
30 25.071 8.94
40 26.849 9.138
50 27.799 8.982
60 27.629 9.037
70 26.697 8.414
80 26.648 9.119
90 26.261 8.88
100 27.144 9.109
110 25.211 9.009
120 24.885 8.873
130 24.997 8.911
140 24.88 9.144
150 25.411 9.758
160 24.413 9.107
170 24.708 9.069
180 25.172 8.925
190 24.441 8.892
200 24.224 8.778
210 24.697 8.543
220 24.975 8.678
230 23.729 8.597
240 24.165 8.635
250 25.72 9.08
260 25.197 9.068
270 24.65 8.186
280 24.727 8.984
290 25.357 8.888
300 26.814 9.344
310 24.712 9.303
320 24.228 8.774
330 23.473 8.665
340 24.11 8.207
350 24.933 8.477
360 25.547 9.269
370 25.401 9.367
380 24.269 8.603
390 23.747 8.323
400 23.309 8.123
410 23.919 8.374
420 23.882 8.725
430 24.09 9.195
440 24.662 8.375
450 24.366 8.415
460 24.177 7.875
470 24.46 8.43
480 23.828 8.197
490 23.731 7.986
500 23.444 7.995
510 23.476 8.237
520 23.751 8.467
530 23.088 7.858
540 24.982 8.346
550 24.629 8.385
560 24.395 8.708
570 24.448 8.77
580 23.794 7.844
590 23.581 8.165
600 23.6 8.118
610 23.511 8.058
620 23.823 7.92
630 23.869 8.148
640 24.412 8.32
650 24.422 8.17
660 24.166 8.015
670 24.352 8.328
680 24.547 8.565
690 23.874 8.137
700 23.784 7.804
710 23.855 8.181
720 23.661 8.884
730 24.433 8.285
740 24.824 8.841
750 24.877 8.739
760 24.699 8.658
770 24.385 8.47
780 24.954 9.081
790 25.323 9.18
800 24.189 8.461
810 24.799 8.654
820 24.658 8.571
830 25.359 8.965
840 25.48 9.137
850 25.132 8.924
860 25.322 9.175
870 24.903 8.72
880 24.32 8.629
890 24.051 8.511
900 23.881 8.152
910 24.755 9.467
920 24.226 8.432
930 24.975 8.648
940 24.992 8.624
950 25.038 8.8
960 25.206 8.561
970 24.513 8.165
980 24.289 8.494
990 24.368 8.761
1000 24.308 8.482
1010 24.114 8.575
1020 24.466 8.061
1030 24.977 8.502
1040 25.025 8.775
1050 24.612 8.457
1060 24.739 8.687
1070 24.914 8.742
1080 24.426 8.257
1090 23.795 8.067
1100 23.937 8.576
1110 24.494 8.624
1120 25.226 8.154
1130 24.828 8.392
1140 25.059 8.748
1150 24.796 8.424
1160 24.617 8.7
1170 24.475 8.574
1180 24.03 8.134
1190 24.115 8.459
1200 24.213 8.443
1210 24.206 8.439
1220 24.69 8.427
1230 25.033 8.562
1240 24.796 8.5
1250 24.378 8.09
1260 24.556 8.335
1270 24.59 8.114
1280 24.588 10.796
1290 24.351 8.706
1300 24.586 8.73
1310 24.252 8.375
1320 25.526 8.656
1330 24.577 8.077
1340 25.021 8.601
1350 25.22 8.575
1360 24.948 8.554
1370 24.707 8.204
1380 24.477 8.128
1390 24.318 8.698
1400 24.158 8.646
1410 24.741 8.565
1420 25.549 8.554
1430 24.913 8.512
1440 25.177 8.746
1450 25.386 8.889
1460 24.496 8.326
1470 24.113 8.321
1480 24.128 8.459
1490 24.376 8.479
1500 24.629 8.442
1510 25.095 8.758
1520 25.197 8.108
1530 25.058 8.467
1540 25.219 9.134
1550 24.524 8.428
1560 24.686 8.656
1570 25.044 8.279
1580 24.082 8.087
1590 24.374 8.282
1600 24.107 8.015
1610 25.226 8.347
1620 25.035 8.327
1630 25.041 8.144
1640 24.843 8.346
1650 24.43 8.373
1660 24.569 8.596
1670 24.309 8.287
1680 24.035 8.21
1690 24.261 8.275
1700 23.958 8.17
1710 24.853 8.201
1720 25.143 8.479
1730 24.998 8.376
1740 24.857 8.37
1750 24.863 8.736
1760 25.014 8.654
1770 24.557 8.948
1780 24.158 8.434
1790 24.31 8.394
1800 25.079 8.55
1810 25.391 8.354
1820 24.987 8.574
1830 25.22 8.513
1840 24.707 8.449
1850 24.963 8.489
1860 24.579 8.292
1870 24.225 8.015
1880 24.215 8.156
1890 23.918 8.408
1900 24.976 8.69
1910 25.277 8.186
1920 25.661 8.741
1930 24.554 8.413
1940 25.22 7.94
1950 24.916 8.256
1960 24.569 8.142
1970 24.484 8.564
1980 23.956 7.58
1990 24.03 8.242
2000 24.842 8.136
2010 25.034 8.038
2020 25.318 8.026
2030 24.624 8.244
2040 24.124 8.164
2050 24.085 7.895
2060 24.329 7.876
2070 24.005 8.25
2080 24.235 7.876
2090 23.688 8.096
2100 24.933 8.625
2110 24.948 7.713
2120 25.244 8.467
2130 24.782 8.403
2140 24.537 8.336
2150 24.184 8.395
2160 24.407 7.894
2170 24.447 8.247
2180 23.995 7.905
2190 24.66 8.142
2200 25.347 8.341
2210 24.657 8.288
2220 24.643 7.977
2230 24.619 8.169
2240 24.77 9.103
2250 24.342 7.792
2260 24.02 8.006
2270 24.261 8.052
2280 24.133 8.16
2290 24.669 8.381
2300 25.547 8.547
2310 25.213 8.404
2320 25.399 8.987
2330 24.633 8.237
2340 24.517 8.158
2350 24.228 7.706
2360 24.426 8.678
2370 23.997 8.322
2380 23.914 7.829
2390 25.889 11.69
2400 25.278 8.74
2410 25.424 8.863
2420 24.641 8.221
2430 24.882 8.54
2440 25.25 10.403
2450 24.197 8.351
2460 24.284 7.925
2470 24.406 8.149
2480 24.453 8.371
2490 25.437 8.615
2500 24.989 8.551
2510 24.77 8.394
2520 24.368 8.318
2530 24.945 8.582
2540 24.752 8.164
2550 24.361 8.387
2560 24.248 8.031
2570 23.885 8.022
2580 24.497 8.3
2590 25.039 8.124
2600 25.302 8.44
2610 24.985 8.319
2620 25.049 8.736
2630 24.402 8.388
2640 24.824 8.692
2650 24.395 8.156
2660 24.532 8.444
2670 24.039 8.258
2680 25.026 8.427
2690 25.201 8.184
2700 25.075 8.355
2710 25.273 8.761
2720 25.115 9.791
2730 24.783 8.348
2740 24.196 8.205
2750 24.445 8.374
2760 23.954 8.493
2770 24.347 8.565
2780 25.514 8.544
2790 25.068 8.741
2800 25.054 8.237
2810 24.452 8.126
2820 24.205 8.198
2830 24.636 8.631
2840 24.413 8.23
2850 23.819 8.285
2860 24.525 8.426
2870 24.127 7.994
2880 25.143 8.299
2890 24.542 8.089
2900 24.566 7.761
2910 24.248 8.13
2920 24.275 8.182
2930 24.123 8.027
2940 23.773 7.916
2950 24.219 8.29
2960 23.488 8.091
2970 24.559 8.509
2980 25.08 8.689
2990 24.872 8.191
3000 24.644 8.148
3010 24.433 7.635
3020 24.306 8.854
3030 24.534 8.252
3040 24.054 8.319
3050 23.769 7.969
3060 23.623 7.707
3070 24.81 8.261
3080 24.918 8.62
3090 24.783 8.314
3100 24.77 8.64
3110 24.323 7.992
3120 24.048 8.067
3130 23.849 8.243
3140 24.477 8.483
3150 23.831 8.058
3160 24.154 8.424
3170 25.451 8.694
3180 25.172 8.171
3190 25.087 8.535
3200 24.602 8.434
3210 24.791 8.119
3220 24.547 8.527
3230 24.332 8.059
3240 24.203 7.696
3250 24.317 8.206
3260 24.813 9.037
3270 24.965 8.927
3280 25.176 9.266
3290 25.033 8.834
3300 25.208 8.338
3310 24.528 8.821
3320 24.917 8.626
3330 24.673 8.481
3340 23.974 7.975
3350 24.21 8.288
3360 24.547 8.176
3370 24.955 8.45
3380 25.197 8.485
3390 25.114 8.832
3400 24.904 8.667
3410 24.547 8.026
3420 24.251 8.404
3430 24.143 8.135
3440 24.257 8.329
3450 24.226 8.158
3460 25.206 8.407
3470 25.016 8.663
3480 24.846 8.176
3490 25.037 8.307
3500 25.094 8.569
3510 24.702 9.037
3520 24.744 8.546
3530 24.359 8.232
3540 24.199 8.437
3550 24.008 8.68
3560 25.353 8.475
3570 25.361 8.587
3580 24.938 8.205
3590 25.283 8.779
3600 24.227 8.417
3610 24.972 8.722
3620 24.145 8.289
3630 24.251 8.021
3640 24.369 8.196
3650 24.403 8.215
3660 25.313 8.5
3670 25.031 8.498
3680 24.776 8.269
3690 24.832 8.882
3700 24.654 8.538
3710 24.757 8.721
3720 24.475 8.515
3730 24.553 8.856
3740 23.899 8.58
3750 24.72 8.441
3760 25.262 8.92
3770 24.844 8.662
3780 24.889 8.534
3790 24.755 8.855
3800 24.825 8.419
3810 23.946 7.718
3820 24.459 8.492
3830 24.137 8.135
3840 24.602 8.965
3850 25.211 8.813
3860 24.954 8.495
3870 24.884 8.538
3880 24.901 8.453
3890 24.634 8.237
3900 24.321 8.334
3910 24.393 8.124
3920 24.157 8.575
3930 23.877 8.087
3940 24.144 8.382
3950 25.683 8.657
3960 24.763 8.21
3970 24.932 8.542
3980 24.681 8.525
3990 24.667 8.307
4000 24.382 8.833
4010 23.987 8.28
4020 23.954 8.184
4030 23.733 8.155
4040 24.215 8.111
4050 24.922 8.136
4060 24.594 7.983
4070 24.979 8.377
4080 24.209 8.047
4090 23.981 8.28
4100 24.241 8.258
4110 24.416 8.506
4120 24.115 8.476
4130 24.072 8.477
4140 24.733 8.748
4150 25.382 9.019
4160 25.263 9.171
4170 25.006 8.911
4180 24.575 8.817
4190 24.446 8.606
4200 24.622 8.68
4210 24.413 9.403
4220 24.038 8.45
4230 23.822 8.301
4240 25.265 8.908
4250 25.11 8.464
4260 25.295 8.816
4270 25.315 8.934
4280 24.32 8.186
4290 24.308 8.178
4300 24.912 9.306
4310 24.039 9.047
4320 25.182 8.861
4330 24.799 9.231
4340 25.173 8.933
4350 24.888 8.523
4360 23.788 8.067
4370 24.132 8.325
4380 24.314 8.993
4390 23.864 8.547
4400 23.712 9.013
4410 23.962 8.409
4420 23.091 8.164
4430 24.065 8.801
4440 24.57 8.474
4450 24.386 8.817
4460 23.77 8.218
4470 24.124 8.778
4480 23.775 8.438
4490 23.25 7.955
4500 22.891 7.999
4510 22.903 8.244
4520 23.053 8.08
4530 23.731 8.009
4540 24.188 8.383
4550 24.267 8.66
4560 23.407 7.958
4570 23.887 8.542
4580 23.366 7.682
4590 23.042 8.594
4600 22.942 8.53
4610 22.819 8.294
4620 23.24 7.95
4630 24.441 8.363
4640 24.026 8.23
4650 23.923 8.359
4660 24.049 8.667
4670 23.694 10.096
4680 22.916 8.318
4690 23.658 8.346
4700 24.189 9.869
4710 23.388 8.997
4720 23.739 10.255
4730 23.878 7.868
4740 23.763 8.666
4750 24.247 8.822
4760 23.225 8.264
4770 23.427 8.782
4780 23.355 8.379
4790 23.05 8.455
4800 23.006 8.683
4810 23.247 8.49
4820 23.845 8.796
4830 23.641 8.302
4840 23.636 8.778
4850 23.632 8.612
4860 23.158 8.618
4870 23.291 8.372
4880 22.682 8.22
4890 22.798 8.197
4900 22.588 8.039
4910 22.704 8.077
4920 24.158 8.093
4930 24.111 9.255
4940 23.93 8.524
4950 23.464 8.599
4960 22.982 8.935
4970 22.647 8.135
4980 22.509 8.266
4990 22.54 8.526
5000 22.86 8.483
5010 22.784 7.896
5020 23.348 8.524
5030 23.087 8.233
5040 23.508 8.441
5050 22.876 8.363
5060 22.381 7.926
5070 22.54 8.48
5080 22.905 8.708
5090 22.528 8.41
5100 22.791 9.754
5110 23.009 8.731
5120 23.167 8.027
5130 22.943 8.527
5140 23.2 8.223
5150 23.062 8.415
5160 22.451 8.521
5170 22.878 8.297
5180 22.599 8.212
5190 22.578 8.241
5200 22.487 8.543
5210 23.888 11.95
5220 23.155 8.084
5230 22.858 8.479
5240 22.599 8.442
5250 22.397 8.578
5260 22.675 8.162
5270 22.453 8.123
5280 21.938 8.159
5290 22.202 8.256
5300 22.001 8.205
5310 23.238 8.898
5320 23.064 8.188
5330 23.144 8.617
5340 22.703 8.679
5350 22.301 8.303
5360 22.525 8.659
5370 22.235 8.366
5380 21.972 8.216
5390 22.071 8.23
5400 21.987 8.306
5410 22.845 8.596
5420 22.412 8.529
5430 22.388 8.4
5440 22.456 8.531
5450 22.675 8.525
5460 22.46 8.219
5470 21.975 7.925
5480 21.894 8.034
5490 21.489 8.031
5500 22.633 8.36
5510 23.024 9.687
5520 22.571 8.16
5530 22.472 8.537
5540 22.149 8.467
5550 22.2 8.594
5560 22.082 8.444
5570 21.52 7.993
5580 21.942 8.199
5590 22.253 8.83
5600 23.568 9.087
5610 23.248 9.006
5620 22.979 8.324
5630 22.34 8.483
5640 22.071 8.323
5650 22.201 8.544
5660 21.997 8.186
5670 21.338 8.308
5680 21.896 8.562
5690 21.826 8.342
5700 22.585 8.564
5710 22.675 8.653
5720 22.777 8.671
5730 22.448 8.371
5740 21.634 8.209
5750 21.777 7.99
5760 21.544 7.931
5770 21.411 8.159
5780 21.537 8.528
5790 21.804 8.157
5800 22.486 8.349
5810 21.996 8.15
5820 21.748 8.108
5830 21.789 8.27
5840 21.763 7.714
5850 21.448 8.136
5860 21.622 8.355
5870 20.98 8.006
5880 21.209 8.149
5890 22.17 8.638
5900 22.445 8.831
5910 22.096 8.449
5920 22.226 8.383
5930 21.541 8.407
5940 21.84 8.383
5950 21.557 8.254
5960 21.391 8.287
5970 20.731 7.952
5980 20.945 7.865
5990 22.089 8.077
6000 22.056 8.446
6010 21.612 8.3
6020 22.205 8.617
6030 21.484 8.044
6040 21.349 8.256
6050 21.531 8.469
6060 21.394 8.269
6070 21.294 8.308
6080 21.131 8.193
6090 21.958 8.247
6100 22.159 8.215
6110 22.154 9.93
6120 21.22 8.32
6130 21.812 8.861
6140 20.964 7.95
6150 20.83 7.953
6160 20.899 8.316
6170 20.172 7.61
6180 21.406 8.426
6190 21.926 8.386
6200 21.593 8.443
6210 21.616 8.553
6220 20.933 8.196
6230 20.461 7.962
6240 20.766 8.046
6250 20.547 8.116
6260 20.519 8.219
6270 20.201 8.125
6280 21.831 8.079
6290 21.44 8.378
6300 21.257 7.911
6310 21.017 8.488
6320 20.935 8.34
6330 20.51 8.357
6340 19.963 7.526
6350 20.358 7.821
6360 19.862 8.357
6370 19.918 7.799
6380 21.357 8.276
6390 21.006 8.69
6400 21.131 8.661
6410 20.409 8.123
6420 20.156 8.031
6430 20.353 8.165
6440 20.513 8.45
6450 20.17 8.428
6460 20.161 8.166
6470 20.543 8.415
6480 21.188 8.443
6490 20.848 8.306
6500 21.013 8.629
6510 20.452 8.266
6520 20.405 8.322
6530 19.827 7.795
6540 20.004 8.42
6550 20.001 7.849
6560 19.809 8.293
6570 19.857 7.898
6580 21.088 8.732
6590 20.579 8.347
6600 20.831 8.428
6610 19.736 8.37
6620 19.908 8.085
6630 20.049 8.497
6640 19.691 8.121
6650 19.443 7.958
6660 19.113 8.429
6670 20.258 8.482
6680 20.602 8.626
6690 20.569 8.527
6700 20.37 8.279
6710 19.747 7.993
6720 19.737 8.489
6730 18.973 7.722
6740 19.535 8.485
6750 19.532 7.982
6760 19.293 8.41
6770 20.244 8.621
6780 19.829 8.167
6790 19.82 8.394
6800 20.464 10.389
6810 19.187 8.076
6820 19.529 7.968
6830 19.219 8.287
6840 19.052 8.213
6850 18.967 8.062
6860 19.619 8.583
6870 20.3 8.22
6880 20.415 8.524
6890 19.92 8.589
6900 19.692 8.37
6910 19.551 8.062
6920 19.313 8.197
6930 18.881 8.087
6940 18.918 8.508
6950 18.678 8.307
6960 19.018 8.192
6970 19.466 7.974
6980 20.128 8.763
6990 19.448 8.458
7000 19.068 8.062
7010 18.543 8.073
7020 18.734 8.389
7030 18.63 8.497
7040 18.577 8.196
7050 18.724 8.436
7060 19.653 8.459
7070 19.236 8.219
7080 19.821 8.689
7090 19.343 8.055
7100 18.69 8.205
7110 18.749 8.146
7120 18.505 8.355
7130 18.396 8.112
7140 18.719 8.126
7150 18.743 8.296
7160 19.813 8.572
7170 19.565 8.471
7180 19.397 7.978
7190 19.468 8.924
7200 18.386 7.971
7210 18.581 8.497
7220 18.465 8.008
7230 18.566 8.362
7240 18.607 8.043
7250 18.686 8.325
7260 19.206 8.092
7270 18.918 8.22
7280 19.091 8.313
7290 18.982 8.31
7300 18.422 8.103
7310 18.512 8.249
7320 18.936 8.539
7330 18.315 8.413
7340 18.034 8.11
7350 19.36 8.72
7360 19.711 8.414
7370 19.558 8.559
7380 18.883 8.175
7390 19.044 8.524
7400 18.396 8.112
7410 18.886 8.716
7420 18.1 8.111
7430 18.538 8.36
7440 18.264 8.134
7450 19.274 8.408
7460 19.197 8.566
7470 18.964 8.415
7480 19.281 8.64
7490 18.392 8.229
7500 18.471 8.112
7510 18.336 7.926
7520 18.186 8.57
7530 18.369 8.488
7540 18.457 7.938
7550 19.09 8.576
7560 19.078 8.327
7570 19.22 8.42
7580 18.755 8.87
7590 18.924 8.2
7600 18.187 8.244
7610 18.434 8.458
7620 18.47 8.529
7630 18.197 8.218
7640 18.79 8.216
7650 19.208 8.556
7660 19.443 8.633
7670 18.721 8.619
7680 18.379 8.262
7690 18.12 8.353
7700 18.17 8.428
7710 18.507 8.593
7720 18.353 8.557
7730 17.574 7.889
7740 19.344 8.629
7750 19.289 8.922
7760 19.001 8.712
7770 18.923 8.612
7780 18.27 8.097
7790 18.184 8.514
7800 18.272 8.716
7810 18.133 8.143
7820 18.39 8.183
7830 18.651 8.405
7840 19.146 8.857
7850 19.009 8.907
7860 18.73 8.5
7870 18.199 8.114
7880 18.7 8.413
7890 18.141 8.401
7900 18.214 8.615
7910 17.892 8.431
7920 18.062 8.22
7930 18.984 8.72
7940 18.804 8.78
7950 18.637 8.615
7960 18.568 8.406
7970 18.325 8.346
7980 18.076 8.263
7990 18.03 8.241
8000 17.959 8.652
8010 17.973 8.318
8020 17.972 8.525
8030 18.592 8.394
8040 18.74 8.744
8050 18.781 8.195
8060 18.593 8.648
8070 18.387 8.183
8080 18.615 8.879
8090 17.736 8.231
8100 17.765 8.427
8110 17.65 8.382
8120 17.671 8.482
8130 18.903 8.531
8140 18.676 8.57
8150 18.852 8.616
8160 18.842 8.458
8170 18.111 7.845
8180 18.257 8.744
8190 17.539 8.269
8200 17.743 8.217
8210 17.447 8.55
8220 18.09 8.734
8230 18.603 8.855
8240 18.778 8.617
8250 18.508 8.663
8260 18.804 8.888
8270 18.176 8.738
8280 17.646 8.1
8290 17.888 8.513
8300 17.827 8.172
8310 17.931 8.531
8320 18.001 8.485
8330 18.762 8.174
8340 18.404 8.318
8350 18.565 8.584
8360 17.877 7.974
8370 18.211 8.719
8380 17.488 8.095
8390 18.18 9.166
8400 18.046 8.501
8410 17.276 8.133
8420 18.651 8.367
8430 18.456 8.684
8440 18.201 8.61
8450 17.665 8.122
8460 17.478 8.224
8470 17.4 8.163
8480 17.71 8.705
8490 17.433 8.148
8500 17.522 8.387
8510 17.421 8.134
8520 18.098 8.495
8530 18.285 8.651
8540 18.188 8.574
8550 18.649 8.615
8560 18.12 8.396
8570 17.468 8.353
8580 17.407 8.437
8590 17.423 8.732
8600 17.664 9.178
8610 18.119 8.613
8620 18.78 8.818
8630 18.889 9.017
8640 18.327 8.629
8650 17.852 8.316
8660 17.642 8.308
8670 17.511 8.185
8680 17.455 8.36
8690 17.258 8.235
8700 17 8.088
8710 17.964 8.323
8720 18.293 9.008
8730 18.368 8.471
8740 17.84 8.57
8750 17.548 8.36
8760 17.395 8.444
8770 17.205 8.482
8780 16.876 8.056
8790 17.487 8.902
8800 17.325 8.469
8810 18.258 8.1
8820 17.907 8.561
8830 18.058 8.212
8840 17.468 8.333
8850 17.248 8.058
8860 17.349 8.345
8870 16.757 8.389
8880 16.848 8.328
8890 17.179 8.476
8900 17.687 8.92
8910 18.144 8.478
8920 17.93 8.353
8930 18.069 8.393
8940 17.446 8.276
8950 17.022 7.756
8960 17.243 8.4
8970 17.454 8.973
8980 17.11 8.662
8990 17.322 8.81
9000 17.963 8.488
9010 17.526 8.164
9020 18.061 8.474
9030 17.431 8.13
9040 17.317 8.04
9050 17.265 8.291
9060 17.268 8.825
9070 16.941 8.478
9080 17.212 8.545
9090 16.479 8.336
9100 18.146 8.391
9110 17.889 8.43
9120 17.749 8.44
9130 17.539 7.93
9140 17.011 8.201
9150 17.262 8.691
9160 16.795 8.316
9170 17.066 8.485
9180 16.904 8.473
9190 17.393 8.563
9200 17.97 8.441
9210 17.814 8.924
9220 17.608 8.391
9230 16.986 8.414
9240 16.973 8.02
9250 17.563 8.598
9260 16.686 8.189
9270 17.044 8.415
9280 17.104 8.522
9290 17.81 8.504
9300 18.227 8.434
9310 17.954 8.717
9320 17.479 8.292
9330 17.864 8.766
9340 17.556 8.729
9350 17.213 8.472
9360 17.117 8.558
9370 16.96 8.208
9380 17.309 8.836
9390 17.692 8.306
9400 18.1 8.693
9410 17.777 8.228
9420 17.716 8.567
9430 17.407 8.428
9440 17.493 8.673
9450 17.108 8.708
9460 17.352 8.821
9470 17.249 8.34
9480 17.605 8.657
9490 18.565 8.393
9500 17.633 8.359
9510 18.176 8.59
9520 17.698 8.689
9530 17.441 8.558
9540 17.307 8.14
9550 16.536 7.906
9560 17.501 8.584
9570 17.032 8.258
9580 17.812 8.585
9590 18.008 8.675
9600 18.291 8.479
9610 17.731 8.65
9620 17.974 8.691
9630 17.75 8.446
9640 17.169 8.1
9650 16.526 7.63
9660 17.371 8.622
9670 16.955 8.148
9680 17.801 8.361
9690 17.727 8.266
9700 18.912 10.246
9710 17.953 8.451
9720 17.503 8.343
9730 17.634 8.267
9740 18.134 8.896
9750 17.222 8.282
9760 16.987 8.089
9770 17.253 7.867
9780 18.096 7.993
9790 18.269 8.541
9800 18.301 8.174
9810 17.61 8.565
9820 17.3 8.197
9830 17.633 8.678
9840 17.437 8.31
9850 17.449 8.627
9860 17.677 8.927
9870 18.014 8.324
9880 18.572 8.769
9890 18.276 8.713
9900 18 8.377
9910 17.831 8.51
9920 17.933 8.877
9930 17.54 8.806
9940 17.147 8.091
9950 17.45 8.29
9960 17.452 7.965
9970 18.267 8.529
9980 18.532 8.584
9990 18.415 9.065
10000 18.967 8.584
10010 18.775 9.318
10020 18.686 10.526
10030 18.546 9.678
10040 18.024 8.734
10050 17.667 8.484
10060 17.526 8.759
10070 18.284 8.949
10080 18.694 8.701
10090 18.784 8.654
10100 18.784 9.292
10110 18.188 8.586
10120 18.263 8.789
10130 18.423 8.879
10140 17.944 8.55
10150 17.169 8.233
10160 17.907 8.499
10170 18.289 8.498
10180 19.266 8.964
10190 18.597 8.643
10200 18.388 8.828
10210 17.931 8.36
10220 17.407 8.264
10230 17.202 8.219
10240 17.695 8.709
10250 17.331 8.134
10260 18.176 8.678
10270 18.492 8.783
10280 18.154 8.681
10290 17.91 8.298
10300 18.191 8.584
10310 17.789 8.308
10320 17.348 8.307
10330 17.487 8.317
10340 17.475 8.439
10350 17.328 8.431
10360 18.135 8.283
10370 18.256 8.488
10380 17.969 7.981
10390 18.115 8.264
10400 17.774 8.171
10410 18.071 8.778
10420 17.859 8.339
10430 17.299 8.377
10440 17.312 8.129
10450 17.546 8.405
10460 18.458 8.412
10470 18.255 8.229
10480 18.333 8.331
10490 19.046 9.164
10500 17.723 8.669
10510 17.916 8.441
10520 17.488 7.967
10530 17.473 8.211
10540 17.264 8.019
10550 18.172 8.381
10560 18.598 8.72
10570 18.559 8.646
10580 18.169 8.623
10590 18.286 8.782
10600 17.776 8.437
10610 17.129 7.907
10620 17.653 8.284
10630 17.234 8.13
10640 17.583 8.145
10650 18.215 8.464
10660 18.552 8.227
10670 18.019 8.21
10680 18.386 8.318
10690 18.036 8.497
10700 17.981 8.418
10710 17.877 8.364
10720 17.599 8.04
10730 17.559 8.322
10740 17.762 8.891
10750 18.343 8.403
10760 18.617 8.539
10770 18.77 8.585
10780 18.292 8.755
10790 17.31 7.808
