# TimeStamp(s) Sum Stdev
0 1.43555e+07 1.91003e+06
10 1.71168e+07 3.03788e+06
20 1.59467e+07 1.74547e+06
30 1.46574e+07 2.58633e+06
40 1.56899e+07 1.39111e+06
50.125 1.2813e+07 2.04473e+06
62.75 9.7074e+06 2.34788e+06
70 1.31981e+07 3.40809e+06
80.5 1.38421e+07 1.41813e+06
90 1.67744e+07 2.50028e+06
100 1.51015e+07 1.2871e+06
110 1.53653e+07 965512
120 1.31768e+07 1.23148e+06
130 1.48728e+07 2.35163e+06
140.375 1.52368e+07 1.78257e+06
150 1.96296e+07 2.46627e+06
160 1.64722e+07 1.82674e+06
170 1.40464e+07 4.57456e+06
180 1.33499e+07 2.27291e+06
190.25 1.31497e+07 4.05963e+06
200.375 1.63965e+07 3.77455e+06
210 1.65673e+07 2.62114e+06
220 1.39939e+07 1.74982e+06
230 1.24658e+07 2.46098e+06
240.5 1.24236e+07 3.63931e+06
250 1.66389e+07 4.25496e+06
260 1.47373e+07 2.4856e+06
270 1.45822e+07 2.22925e+06
280 1.3253e+07 1.87975e+06
290.75 1.19303e+07 2.00279e+06
300 1.53466e+07 3.04307e+06
310.75 1.36662e+07 2.11394e+06
320 1.98393e+07 1.88695e+06
330 1.86742e+07 1.75666e+06
340 1.81729e+07 1.61658e+06
350 1.74045e+07 1.79862e+06
360 1.81948e+07 2.79411e+06
370 1.74467e+07 1.78505e+06
380 1.2711e+07 2.08685e+06
390 1.19712e+07 3.79886e+06
400.25 1.03103e+07 1.88978e+06
410.625 1.39707e+07 4.5399e+06
420.375 1.23726e+07 3.5016e+06
430.625 1.48594e+07 3.17935e+06
440 1.55481e+07 2.11901e+06
450 1.65217e+07 2.08017e+06
460 1.26626e+07 1.258e+06
470.125 1.27182e+07 1.26989e+06
480 1.0574e+07 1.54199e+06
490.125 1.84653e+07 2.57083e+06
500.125 1.48782e+07 2.79207e+06
510.5 1.35763e+07 2.07412e+06
520.125 1.40516e+07 1.9975e+06
530.125 1.93493e+07 3.7618e+06
540 1.53818e+07 1.89069e+06
550.125 1.38306e+07 1.65554e+06
560 1.4594e+07 2.81995e+06
570.25 1.2625e+07 2.77101e+06
580.25 2.02216e+07 4.34746e+06
590 1.62561e+07 1.4755e+06
600 1.29251e+07 1.05715e+06
610.125 1.25364e+07 3.07065e+06
620.875 1.52404e+07 1.96778e+06
630 1.7527e+07 2.86116e+06
640.125 1.46564e+07 1.27748e+06
650.25 1.3067e+07 1.80002e+06
660.375 1.35892e+07 1.87685e+06
670.5 1.56435e+07 2.21591e+06
680.375 1.62244e+07 1.45317e+06
690 1.70369e+07 2.05086e+06
700 1.76077e+07 782295
710.125 1.33481e+07 1.573e+06
720.25 1.58326e+07 2.65875e+06
730 1.47844e+07 1.96379e+06
740.25 1.36142e+07 1.87952e+06
750.25 1.42901e+07 2.56625e+06
760.125 1.24488e+07 1.56577e+06
770.625 1.66568e+07 2.48879e+06
780.375 1.37185e+07 1.32066e+06
790 1.43361e+07 1.11625e+06
800 1.60951e+07 1.49922e+06
810 1.83942e+07 1.68241e+06
820 1.72337e+07 1.61701e+06
830 1.51665e+07 1.24885e+06
840.25 1.35735e+07 1.86909e+06
850.5 1.42264e+07 2.27876e+06
860 1.69874e+07 2.52396e+06
870.625 1.54571e+07 1.51457e+06
880 1.59163e+07 2.39964e+06
890.375 1.31768e+07 2.33557e+06
900 1.61909e+07 3.56332e+06
910.125 1.30096e+07 2.38543e+06
921 1.36688e+07 1.52932e+06
930 1.83045e+07 1.86749e+06
940 1.40941e+07 1.21631e+06
950 1.41173e+07 2.88471e+06
960 1.55088e+07 2.96922e+06
970.625 1.63381e+07 2.7054e+06
980.375 1.66355e+07 3.42817e+06
990 1.55436e+07 1.48044e+06
1000 1.4227e+07 2.2033e+06
1010 1.30424e+07 3.6229e+06
1020.12 1.25877e+07 2.71622e+06
1030 1.25263e+07 1.77691e+06
1040.38 1.11211e+07 1.99839e+06
1050.5 1.60297e+07 2.63537e+06
1060.38 1.24143e+07 1.93456e+06
1070.12 9.89517e+06 2.49264e+06
1080 1.35186e+07 3.46068e+06
1090 1.05616e+07 2.77039e+06
1100.12 7.47555e+06 1.8574e+06
1111.25 1.31098e+07 2.26419e+06
1120 1.36384e+07 2.83763e+06
1130.25 1.16312e+07 1.64845e+06
1140.25 1.03318e+07 963680
1150.75 1.0685e+07 1.14075e+06
1160 1.30616e+07 1.50942e+06
1170.38 1.41551e+07 1.77091e+06
1180.5 1.57744e+07 1.78002e+06
1190.12 1.53272e+07 2.04319e+06
1200.12 1.41891e+07 3.49977e+06
1210.25 1.74256e+07 6.86034e+06
1220 1.9347e+07 4.77209e+06
1230 1.44874e+07 2.00209e+06
1240 1.62947e+07 1.50292e+06
1250 1.77226e+07 1.67608e+06
1260 1.75129e+07 4.67785e+06
1270 1.54949e+07 2.65621e+06
1280 1.64094e+07 2.09774e+06
1290.25 1.70467e+07 1.32679e+06
1300 1.75609e+07 819050
1310 1.60108e+07 1.96213e+06
1320.25 1.61348e+07 3.87994e+06
1330.25 1.49326e+07 2.8897e+06
1340.25 1.51829e+07 3.22344e+06
1350 1.77062e+07 1.98027e+06
1360 1.77213e+07 1.94932e+06
1370 1.40619e+07 1.13967e+06
1380.25 1.24398e+07 2.3811e+06
1390.25 1.39114e+07 2.20691e+06
1400 1.2406e+07 2.39564e+06
1410.25 1.19722e+07 2.11732e+06
1420.25 1.39289e+07 1.43449e+06
1430.38 1.48519e+07 2.02133e+06
1440 1.47888e+07 1.27428e+06
1450 1.35714e+07 1.07617e+06
1460 1.21057e+07 1.67901e+06
1470.12 1.32378e+07 1.69486e+06
1480.25 1.45037e+07 1.80446e+06
1490.38 1.41469e+07 2.5631e+06
1500 1.38411e+07 2.64084e+06
1511.38 9.47762e+06 1.56023e+06
1520.5 1.52748e+07 2.76576e+06
1530.25 1.36149e+07 2.29029e+06
1540 1.25505e+07 1.65483e+06
1550.25 1.13093e+07 2.56624e+06
1560 1.58352e+07 4.72331e+06
1570.12 1.60431e+07 3.90575e+06
1580 1.44094e+07 2.94345e+06
1590.12 1.45936e+07 3.72695e+06
1600.38 9.62187e+06 1.40994e+06
1610.12 1.67025e+07 2.99219e+06
1620.12 1.44869e+07 1.0277e+06
1630 1.62918e+07 2.80093e+06
1640 1.32839e+07 2.80219e+06
1650.12 1.37497e+07 1.14635e+06
1660 1.48573e+07 1.13886e+06
1670.25 1.39336e+07 1.28878e+06
1680 1.38738e+07 2.0034e+06
1690 1.51067e+07 2.22489e+06
1700.25 1.43412e+07 2.00874e+06
1710.25 1.46847e+07 2.4944e+06
1720.12 1.503e+07 3.73941e+06
1730.38 1.34299e+07 1.64976e+06
1740.38 1.59916e+07 3.53002e+06
1750.12 1.53202e+07 2.46383e+06
1760 1.34673e+07 2.29773e+06
1770 1.17612e+07 2.71006e+06
1780.62 1.2732e+07 2.46534e+06
1790 1.4076e+07 3.30708e+06
1801 1.00122e+07 1.2391e+06
1810 2.02744e+07 3.22945e+06
1820.5 1.81384e+07 2.99592e+06
1830 1.4109e+07 2.55872e+06
1840.5 1.26503e+07 2.50375e+06
1850 1.28398e+07 2.72777e+06
1860.12 9.89081e+06 2.50711e+06
1870.12 1.40509e+07 3.27699e+06
1880.38 9.00775e+06 2.20709e+06
1890 1.6397e+07 2.37898e+06
1900.62 1.37038e+07 1.80663e+06
1910 1.25786e+07 1.61162e+06
1920.12 1.30315e+07 2.09446e+06
1930 1.18795e+07 1.92676e+06
1940.12 9.08813e+06 665052
1950 1.63463e+07 1.71709e+06
1960.5 1.16224e+07 1.34839e+06
1970 1.13944e+07 1.92793e+06
1980 1.13818e+07 1.9299e+06
1990.25 1.7397e+07 2.85766e+06
2000.12 1.29032e+07 1.97554e+06
2010 1.42319e+07 3.3732e+06
2020.25 1.36375e+07 3.88903e+06
2030.25 1.3044e+07 3.08668e+06
2040.12 1.87644e+07 3.56979e+06
2050 1.871e+07 3.56995e+06
2060 1.74954e+07 2.2114e+06
2070 1.64761e+07 1.90654e+06
2080 1.54797e+07 1.82119e+06
2090 1.45255e+07 1.0289e+06
2100 1.54715e+07 3.58806e+06
2110.12 1.11631e+07 2.05618e+06
2120.5 2.19932e+07 4.3899e+06
2130 1.51035e+07 2.56498e+06
2140 1.15142e+07 1.45874e+06
2150 1.84239e+07 3.64666e+06
2160 1.62947e+07 3.20719e+06
2170 1.40206e+07 3.08277e+06
2180 1.53059e+07 2.89768e+06
2190 1.82285e+07 4.45788e+06
2200.25 1.52479e+07 2.71728e+06
2210 1.80418e+07 3.03534e+06
2220 1.55987e+07 1.53086e+06
2230 1.54117e+07 3.21156e+06
2240 1.33303e+07 2.89601e+06
2250.62 1.29568e+07 2.04272e+06
2260 1.20613e+07 2.20791e+06
2271 9.21486e+06 1.05675e+06
2280 1.38215e+07 1.2268e+06
2290 1.28875e+07 929273
2300 1.32334e+07 1.42856e+06
2310.12 1.49861e+07 1.1245e+06
2320.12 1.80866e+07 2.35667e+06
2330 1.515e+07 1.66916e+06
2340.12 1.54444e+07 1.37727e+06
2350.12 1.58597e+07 1.60836e+06
2360 1.68867e+07 1.72958e+06
2370 1.2508e+07 2.06718e+06
2381 9.7991e+06 3.43026e+06
2390.12 1.47474e+07 3.98702e+06
2400.25 1.16113e+07 3.59979e+06
2410.12 1.48573e+07 2.3248e+06
2420.12 1.8039e+07 1.87826e+06
2430 1.53751e+07 1.27177e+06
2440 1.7593e+07 1.33702e+06
2450 1.87698e+07 1.38658e+06
2460 2.07265e+07 2.67399e+06
2470 1.78795e+07 1.93068e+06
2480 1.32736e+07 1.61848e+06
2490.12 1.29086e+07 3.10781e+06
2500.38 1.7067e+07 4.60181e+06
2510.12 1.83735e+07 5.26475e+06
2520 1.84836e+07 3.48448e+06
2530 1.57883e+07 2.13295e+06
2540 1.25683e+07 1.6419e+06
2552.88 1.18949e+07 1.47604e+06
2560.75 1.29485e+07 1.60366e+06
2570.12 1.27166e+07 2.59544e+06
2580.12 1.18287e+07 1.86987e+06
2590.25 1.45103e+07 2.67991e+06
2600 1.31458e+07 1.75593e+06
2610 1.38875e+07 1.32432e+06
2620.25 1.5804e+07 1.97879e+06
2630.25 1.45289e+07 2.04917e+06
2640.62 1.41482e+07 2.2101e+06
2650 1.88156e+07 2.47786e+06
2660 1.56765e+07 1.95392e+06
2670 1.69859e+07 1.32743e+06
2680 1.82414e+07 2.74839e+06
2690 1.46956e+07 1.26898e+06
2700 1.48584e+07 1.60472e+06
2710 1.35209e+07 2.66893e+06
2721 1.06283e+07 2.29459e+06
2730.25 1.52225e+07 3.12242e+06
2740.38 1.44351e+07 3.19315e+06
2750.12 1.40464e+07 2.55997e+06
2760.12 1.13622e+07 2.17638e+06
2770.75 8.84756e+06 1.13273e+06
2780.5 1.44629e+07 1.10172e+06
2790.12 1.16108e+07 1.25812e+06
2800.5 1.31724e+07 2.06199e+06
2810.75 1.63484e+07 2.53235e+06
2820.25 1.63666e+07 1.81932e+06
2830 1.60902e+07 1.99581e+06
2840 1.74565e+07 2.60441e+06
2850 1.42901e+07 1.7943e+06
2860 1.38692e+07 2.16838e+06
2870 9.90523e+06 1.83129e+06
2880.5 7.04793e+06 2.14667e+06
2892 1.22668e+07 3.07564e+06
2900 1.30596e+07 3.17945e+06
2910.12 1.16198e+07 1.85187e+06
2920.12 1.15634e+07 1.28142e+06
2930 2.06899e+07 1.81763e+06
2940 1.85382e+07 2.09254e+06
2950 1.349e+07 1.19018e+06
2960 1.20176e+07 2.81981e+06
2970.12 1.34777e+07 2.31962e+06
2980.25 1.44678e+07 2.96207e+06
2990 1.19632e+07 1.74065e+06
3000.5 1.40633e+07 2.73844e+06
3010.25 1.5278e+07 3.8745e+06
3020 1.3456e+07 2.21498e+06
3031.12 1.19029e+07 1.88769e+06
3040.25 1.57629e+07 4.16539e+06
3050.62 1.68772e+07 3.64976e+06
3060.12 1.40706e+07 2.91778e+06
3070.25 1.69127e+07 4.09675e+06
3080.25 1.5186e+07 3.07503e+06
3090.75 1.61232e+07 3.39768e+06
3100 2.01587e+07 3.06733e+06
3110.12 1.9285e+07 1.57895e+06
3120 1.49931e+07 1.71772e+06
3130 1.58352e+07 1.60505e+06
3140.12 1.96611e+07 2.53864e+06
3150 1.5889e+07 2.32358e+06
3160 1.76848e+07 1.88531e+06
3170 1.37785e+07 4.47022e+06
3180.12 1.59813e+07 3.00252e+06
3190.25 1.37267e+07 2.15705e+06
3200.25 1.59228e+07 1.05203e+06
3210.38 1.70871e+07 4.12807e+06
3220 1.48885e+07 1.4651e+06
3230 1.81538e+07 1.83762e+06
3240 1.72108e+07 1.37962e+06
3250 1.84132e+07 4.2983e+06
3260 1.36806e+07 3.93347e+06
3270.25 1.5716e+07 2.71612e+06
3280.5 1.62046e+07 3.29431e+06
3290 1.61914e+07 1.99515e+06
3300 1.50474e+07 2.3997e+06
3310.25 1.35565e+07 2.55314e+06
3320 1.33153e+07 4.07037e+06
3330.12 1.73741e+07 5.44263e+06
3340.12 1.83293e+07 4.1077e+06
3350 1.69652e+07 1.75011e+06
3360 1.98968e+07 1.31294e+06
3370.25 1.43133e+07 1.44038e+06
3380 1.44498e+07 2.29024e+06
3390 1.8753e+07 1.57533e+06
3400 1.80722e+07 1.83077e+06
3410 1.69377e+07 1.18499e+06
3420 1.63834e+07 1.02063e+06
3430 1.64895e+07 1.31066e+06
3440 1.23772e+07 1.6357e+06
3450 1.25039e+07 2.04117e+06
3460.38 8.85113e+06 1.7496e+06
3470 1.83245e+07 3.73784e+06
3480.88 1.52572e+07 2.47691e+06
3490.25 1.53125e+07 2.35493e+06
3500.12 1.49027e+07 1.15479e+06
3510 1.7313e+07 796128
3520 1.68244e+07 1.62803e+06
3530 1.4845e+07 1.107e+06
3540.25 1.16175e+07 3.93285e+06
3550 8.29232e+06 2.2641e+06
3560.38 1.61478e+07 2.84822e+06
3570.38 1.34506e+07 2.17801e+06
3580.12 1.15461e+07 1.49922e+06
3590.38 8.93847e+06 2.0568e+06
3600 1.96562e+07 3.45862e+06
3610.62 1.2548e+07 1.38814e+06
3620.5 1.39078e+07 2.19426e+06
3630 2.0043e+07 3.24122e+06
3640 1.6338e+07 1.92458e+06
3650.5 1.37286e+07 1.47074e+06
3660 1.91643e+07 4.30734e+06
3670 1.90387e+07 4.37285e+06
3680 1.67744e+07 3.49789e+06
3690 1.68898e+07 2.22013e+06
3700 1.66193e+07 1.36611e+06
3710 1.29161e+07 938745
3722.75 9.83001e+06 1.84276e+06
3730.25 1.06794e+07 2.21839e+06
3740.5 2.11799e+07 4.78037e+06
3750 1.58864e+07 1.81689e+06
3760 1.62605e+07 2.01194e+06
3770 1.76427e+07 1.82747e+06
3780 1.58208e+07 3.0729e+06
3790.12 1.72891e+07 3.73634e+06
3800 1.69457e+07 1.88015e+06
3810 1.8023e+07 1.05705e+06
3820 1.81361e+07 1.47666e+06
3830 1.85668e+07 1.74354e+06
3840 1.58816e+07 2.92273e+06
3850 1.68862e+07 2.27623e+06
3860 1.38733e+07 3.06751e+06
3870 1.36796e+07 2.451e+06
3880.25 1.36631e+07 3.14558e+06
3890.38 1.84571e+07 1.80152e+06
3900 1.7676e+07 2.11794e+06
3910 1.69387e+07 2.43748e+06
3920 1.78486e+07 1.64692e+06
3930 1.82844e+07 910311
3940.12 1.23759e+07 3.24233e+06
3951.25 1.03627e+07 2.4217e+06
3960.25 1.75776e+07 2.2302e+06
3970 1.29392e+07 1.89375e+06
3980.12 1.43555e+07 759804
3990.12 1.39194e+07 2.77924e+06
4000 1.43501e+07 2.49852e+06
4010 1.61719e+07 1.6562e+06
4020 1.33856e+07 2.65739e+06
4031.25 1.71199e+07 5.90422e+06
4040.12 1.44526e+07 3.97736e+06
4050 1.6237e+07 2.98518e+06
4060 1.65372e+07 2.04189e+06
4070 1.77112e+07 2.03864e+06
4080 1.48635e+07 1.64703e+06
4090.5 1.11889e+07 2.5478e+06
4100.25 1.18436e+07 1.89316e+06
4110.12 1.5974e+07 3.02419e+06
4120 1.58973e+07 3.35078e+06
4130 1.65412e+07 2.77677e+06
4140 1.36518e+07 1.10574e+06
4150 1.43916e+07 2.99681e+06
4160.38 1.29189e+07 2.5519e+06
4170.12 1.28061e+07 2.74339e+06
4180.5 1.4832e+07 3.30906e+06
4190.12 1.57254e+07 3.72036e+06
4200.12 1.41134e+07 2.48276e+06
4210 1.65168e+07 4.44759e+06
4220.38 1.67693e+07 7.21691e+06
4230.12 1.43321e+07 4.49109e+06
4240.12 1.18148e+07 2.34614e+06
4250.38 1.40176e+07 3.22497e+06
4260.12 1.8242e+07 3.69281e+06
4270.25 1.58076e+07 1.49589e+06
4282.75 1.13973e+07 2.31769e+06
4290.38 1.30274e+07 3.40727e+06
4300.75 1.08623e+07 2.16158e+06
4310.25 1.255e+07 1.50081e+06
4320.12 1.4498e+07 1.45605e+06
4330.25 1.34586e+07 1.38834e+06
4340.25 1.5312e+07 2.42301e+06
4350.12 1.26309e+07 2.04246e+06
4360.5 1.23661e+07 1.8598e+06
4370.25 1.55055e+07 1.72169e+06
4380.12 1.27694e+07 1.32959e+06
4390 1.24725e+07 2.87787e+06
4400 1.17658e+07 3.01004e+06
4410.12 1.44127e+07 3.00118e+06
4420.88 1.337e+07 2.28297e+06
4430.12 1.334e+07 3.77034e+06
4440 1.52641e+07 3.28873e+06
4450 1.50549e+07 2.24227e+06
4460 1.49011e+07 2.06461e+06
4470 1.51588e+07 1.4548e+06
4480 1.59624e+07 3.29325e+06
4490 1.70778e+07 1.70918e+06
4500 1.58723e+07 1.70971e+06
4510 1.4777e+07 3.30762e+06
4520 1.68859e+07 2.45529e+06
4530.12 1.33511e+07 1.75783e+06
4541 9.321e+06 2.59783e+06
4550.25 1.51557e+07 3.81712e+06
4560 1.63107e+07 3.83044e+06
4570.12 1.5108e+07 2.81421e+06
4580.12 1.35307e+07 2.53608e+06
4590.75 1.16062e+07 2.21114e+06
4600 1.13377e+07 2.67926e+06
4610 1.12862e+07 2.35425e+06
4620.38 1.51428e+07 2.18263e+06
4630 1.59585e+07 2.43963e+06
4640 1.42517e+07 1.94601e+06
4650 1.63226e+07 2.08047e+06
4660 1.42566e+07 1.47152e+06
4670 1.59681e+07 2.08222e+06
4680 1.72355e+07 2.09811e+06
4690 1.52891e+07 2.1371e+06
4700 1.80588e+07 1.74352e+06
4710 1.4949e+07 1.23807e+06
4720 1.37373e+07 2.09363e+06
4730 1.71672e+07 4.54577e+06
4740 1.7042e+07 2.68021e+06
4750.38 1.33767e+07 1.42543e+06
4760 1.30469e+07 2.98293e+06
4770.88 1.13764e+07 2.24684e+06
4780 1.69994e+07 2.03325e+06
4790.12 1.32091e+07 1.86544e+06
4800.38 1.26204e+07 2.84664e+06
4810.12 1.45018e+07 3.21137e+06
4820.12 1.83704e+07 4.3897e+06
4830 1.79119e+07 2.15043e+06
4840 1.25845e+07 1.0429e+06
4850 1.31448e+07 1.90389e+06
4861.25 9.30039e+06 2.28354e+06
4871.12 1.27093e+07 3.45582e+06
4880.5 7.76097e+06 2.11735e+06
4890.12 1.633e+07 5.57268e+06
4900.5 1.06185e+07 2.12868e+06
4910.38 1.10181e+07 1.88521e+06
4920.25 8.14816e+06 1.30056e+06
4930.5 1.46698e+07 2.26043e+06
4941.38 9.84983e+06 1.51292e+06
4950.38 1.48548e+07 1.66187e+06
4960.75 1.37703e+07 1.59971e+06
4970 1.134e+07 2.0289e+06
4980.38 1.61441e+07 4.01455e+06
4992.62 1.16644e+07 2.14147e+06
5000.25 1.46673e+07 2.2665e+06
5010.38 1.68452e+07 3.0537e+06
5020 1.78115e+07 3.53104e+06
5030 1.93336e+07 2.1361e+06
5040 1.67574e+07 1.54636e+06
5050 1.46868e+07 1.69985e+06
5060.12 1.50103e+07 3.06854e+06
5070 1.26574e+07 3.14782e+06
5080 1.52185e+07 3.93857e+06
5090.38 1.45274e+07 3.54196e+06
5100.75 1.73854e+07 1.89537e+06
5110 1.68998e+07 2.51442e+06
5120.25 1.19941e+07 2.71112e+06
5131.75 1.16884e+07 1.79818e+06
5140.12 1.74634e+07 3.49141e+06
5150.62 1.49182e+07 2.49956e+06
5160 1.48746e+07 2.85647e+06
5170 1.82352e+07 2.98015e+06
5180 1.72664e+07 2.98839e+06
5190.12 1.33362e+07 1.73755e+06
5201.5 1.16219e+07 4.15115e+06
5210.12 1.65784e+07 5.32214e+06
5220.5 1.56889e+07 4.07658e+06
5230 1.50266e+07 3.3089e+06
5240 1.3557e+07 1.80481e+06
5250.12 1.337e+07 1.98544e+06
5260.12 1.35776e+07 3.07004e+06
5270.25 1.41909e+07 3.11445e+06
5280.75 1.29516e+07 2.69954e+06
5291.88 1.0822e+07 1.96084e+06
5300.25 1.64713e+07 4.2424e+06
5310.12 1.9415e+07 4.10767e+06
5320.5 1.88357e+07 3.1789e+06
5330 1.82713e+07 3.98392e+06
5340.25 1.61927e+07 801934
5350 1.58795e+07 1.99525e+06
5360 1.51943e+07 1.63421e+06
5370.12 1.29591e+07 1.55926e+06
5380 1.21631e+07 2.63892e+06
5390.88 1.47983e+07 4.25489e+06
5400.25 1.3838e+07 2.63445e+06
5410 1.57499e+07 2.37796e+06
5420 1.59758e+07 1.06754e+06
5430.12 1.42182e+07 1.6135e+06
5440.25 1.33851e+07 2.95725e+06
5450.25 1.1329e+07 2.86258e+06
5460.38 1.78843e+07 5.18084e+06
5470 1.65451e+07 3.372e+06
5480 1.48151e+07 2.26761e+06
5490 1.53259e+07 2.64616e+06
5500 1.49307e+07 1.90075e+06
5510 1.31139e+07 1.80491e+06
5520 1.20856e+07 2.94613e+06
5530.12 1.32572e+07 2.73099e+06
5540.25 1.43933e+07 3.58703e+06
5550.38 1.51458e+07 2.81666e+06
5560.38 1.57146e+07 1.57919e+06
5570.12 1.27658e+07 3.37544e+06
5580 1.82469e+07 7.4412e+06
5590 1.28614e+07 5.57135e+06
5600.25 1.15516e+07 1.81095e+06
5610.25 9.55411e+06 1.63892e+06
5620 1.79125e+07 3.03599e+06
5630.25 1.5573e+07 2.05205e+06
5640.38 1.47388e+07 2.13043e+06
5650 1.61335e+07 1.96392e+06
5660 1.4981e+07 1.74079e+06
5671.75 1.37247e+07 2.59824e+06
5680.25 1.44193e+07 3.9079e+06
5690.5 1.29642e+07 2.35042e+06
5700.25 9.64503e+06 2.01523e+06
5710.25 1.53859e+07 3.18664e+06
5721.62 1.1955e+07 2.15759e+06
5730.25 1.68836e+07 1.49008e+06
5740.25 1.53764e+07 1.20981e+06
5750 1.21211e+07 1.68141e+06
5760.75 9.87848e+06 2.82769e+06
5770.38 1.34191e+07 2.80842e+06
5780.12 1.13117e+07 2.23198e+06
5790 1.41391e+07 1.92491e+06
5800 1.23555e+07 1.57558e+06
5812 8.94078e+06 1.89132e+06
5820.38 1.5235e+07 3.39846e+06
5830.12 1.19042e+07 2.34475e+06
5840.75 1.37649e+07 2.00833e+06
5850.25 1.02656e+07 2.04624e+06
5861.12 1.305e+07 2.85358e+06
5870.12 1.63841e+07 3.08602e+06
5880 1.4821e+07 2.89084e+06
5890 1.61541e+07 3.51232e+06
5900 1.68385e+07 2.54773e+06
5910.25 1.43625e+07 1.55399e+06
5920.25 1.34601e+07 3.10529e+06
5930 1.38501e+07 2.53567e+06
5940 1.66727e+07 3.41884e+06
5950.62 1.27054e+07 1.90236e+06
5960 1.41326e+07 4.0263e+06
5970.25 1.45204e+07 3.67455e+06
5980.12 1.49964e+07 4.02192e+06
5990.25 1.30446e+07 3.76801e+06
6000.25 1.23879e+07 2.89061e+06
6010 1.63802e+07 3.10793e+06
6020 1.26675e+07 1.95892e+06
6031.75 1.06028e+07 1.6345e+06
6040.62 1.7091e+07 3.17921e+06
6050 1.63838e+07 2.88307e+06
6060 1.42844e+07 1.7068e+06
6070 1.069e+07 5.0505e+06
6082.12 8.88615e+06 1.6867e+06
6091 1.36539e+07 2.5979e+06
6100.5 1.19675e+07 2.54126e+06
6110 1.15858e+07 3.12594e+06
6120 1.77095e+07 4.21299e+06
6130.5 1.68677e+07 2.8571e+06
6140.5 1.59261e+07 1.67858e+06
6150 1.52009e+07 1.43395e+06
6160 1.51512e+07 1.52702e+06
6170 1.7217e+07 2.02721e+06
6180 1.58125e+07 1.88202e+06
6190 1.63329e+07 1.41104e+06
6200 1.52582e+07 3.51738e+06
6210 1.44241e+07 2.82768e+06
6220 1.96755e+07 3.34526e+06
6230 1.56141e+07 1.97952e+06
6240 1.51067e+07 2.64551e+06
6250 1.39259e+07 1.88509e+06
6260 1.27697e+07 2.10101e+06
6270 1.14508e+07 3.16373e+06
6280.5 1.37864e+07 2.80577e+06
6290 1.45672e+07 2.87558e+06
6300.5 1.56567e+07 2.95135e+06
6310 1.75307e+07 3.02946e+06
6320 1.55216e+07 2.64055e+06
6330.38 1.49032e+07 1.73823e+06
6340 1.73936e+07 5.77998e+06
6350.12 1.29696e+07 2.48775e+06
6360.38 1.28368e+07 2.99093e+06
6371.75 1.17205e+07 3.81722e+06
6380.25 1.54128e+07 4.38112e+06
6390.38 1.49893e+07 3.63452e+06
6400.25 1.74142e+07 3.83765e+06
6410.25 1.11953e+07 2.2954e+06
6420.62 1.62023e+07 1.94042e+06
6430 1.27738e+07 1.5359e+06
6440 1.57569e+07 2.51126e+06
6450.75 1.73922e+07 2.19955e+06
6460 1.39366e+07 2.68938e+06
6470.12 1.46597e+07 2.34431e+06
6480.75 1.17422e+07 2.6894e+06
6490.38 1.21556e+07 1.41795e+06
6500.12 1.25392e+07 1.14936e+06
6510.25 1.14619e+07 1.02689e+06
6520.25 1.53313e+07 2.7822e+06
6530.12 1.33334e+07 1.31867e+06
6540.25 1.28421e+07 1.09306e+06
6550 1.00271e+07 1.19744e+06
6560.75 1.661e+07 2.39455e+06
6570.5 1.19518e+07 1.83585e+06
6580.62 1.7032e+07 2.3556e+06
6590 1.85417e+07 2.63655e+06
6600 1.67275e+07 2.10032e+06
6610 1.58002e+07 1.84672e+06
6620 1.69387e+07 1.84091e+06
6630 1.29552e+07 1.36483e+06
6640.5 1.15323e+07 2.32578e+06
6650.25 1.14688e+07 2.63341e+06
6662.38 1.16565e+07 2.45157e+06
6670 1.40976e+07 3.50239e+06
6680 1.19619e+07 2.59787e+06
6691.25 1.02875e+07 2.25318e+06
6700.25 1.47097e+07 3.6589e+06
6710.12 1.20619e+07 2.83493e+06
6720.88 1.12839e+07 2.9343e+06
6730.25 1.20099e+07 1.71983e+06
6740.38 1.65145e+07 1.32615e+06
6750 1.50853e+07 1.15338e+06
6760 1.39576e+07 860530
6770 1.60291e+07 1.0923e+06
6780 1.50984e+07 1.42708e+06
6790 1.47468e+07 1.50096e+06
6800 1.57713e+07 1.64028e+06
6810 1.64125e+07 1.18756e+06
6820 1.65575e+07 4.15934e+06
6830 1.58579e+07 2.28632e+06
6840 1.31149e+07 1.7182e+06
6851.38 1.21113e+07 3.89526e+06
6860.62 1.48269e+07 3.23818e+06
6870.38 1.76036e+07 5.02851e+06
6880 1.74823e+07 4.72032e+06
6890 1.55281e+07 1.73994e+06
6900 1.36095e+07 2.40814e+06
6910.25 1.16392e+07 2.48846e+06
6920.62 1.10683e+07 2.78323e+06
6930 1.67661e+07 3.88166e+06
6940.38 1.18257e+07 1.96292e+06
6950.25 1.28792e+07 1.32408e+06
6960.62 1.46046e+07 1.67326e+06
6970.12 1.7076e+07 2.10656e+06
6980.12 1.57548e+07 2.56749e+06
6990 1.88604e+07 2.30096e+06
7000 1.78651e+07 1.5481e+06
7010.12 1.43594e+07 2.48376e+06
7020 1.40889e+07 3.67106e+06
7030 1.42422e+07 2.75477e+06
7040 1.17033e+07 1.95223e+06
7052.25 9.46731e+06 2.10479e+06
7060.62 1.37484e+07 3.14212e+06
7070 1.21402e+07 2.18179e+06
7080 1.2236e+07 1.30904e+06
7090 1.00332e+07 1.11023e+06
7100.25 1.50732e+07 1.7326e+06
7110.12 1.36376e+07 1.31786e+06
7122.62 1.35209e+07 1.29008e+06
7130.5 1.2983e+07 2.06223e+06
7141.12 8.73803e+06 1.61295e+06
7150.25 1.43324e+07 2.43369e+06
7160.75 1.41966e+07 2.20979e+06
7170.62 1.30595e+07 1.71506e+06
7180 1.41685e+07 2.38728e+06
7190 1.40505e+07 1.57956e+06
7200 1.45135e+07 3.05875e+06
7210 1.33751e+07 3.50602e+06
7221.12 1.44702e+07 2.45134e+06
7230.12 1.28372e+07 1.91811e+06
7241 1.16262e+07 1.52457e+06
7250.12 1.55199e+07 2.13253e+06
7260.5 1.29725e+07 1.8514e+06
7270.25 1.31837e+07 1.67566e+06
7280 1.34614e+07 1.96133e+06
7290.75 1.48723e+07 1.84697e+06
7300 1.48035e+07 4.14253e+06
7310.25 1.50395e+07 2.32753e+06
7320.12 1.50098e+07 1.79088e+06
7330 1.40054e+07 1.86252e+06
7340 1.5626e+07 1.5466e+06
7350 1.21834e+07 2.83317e+06
7360.62 1.25729e+07 2.22654e+06
7370.88 1.39192e+07 3.6507e+06
7380.38 1.46405e+07 2.62418e+06
7390 1.57362e+07 2.0257e+06
7400 1.42638e+07 2.7134e+06
7410.25 1.45639e+07 3.6506e+06
7420 1.52844e+07 2.30098e+06
7430 1.24261e+07 1.51704e+06
7440 1.52648e+07 2.09655e+06
7450 1.57373e+07 1.62152e+06
7460 1.81814e+07 2.59774e+06
7470 1.74117e+07 1.69211e+06
7480 1.23246e+07 2.17392e+06
7490 1.13622e+07 2.65279e+06
7500.12 1.4931e+07 3.22886e+06
7510 1.74245e+07 3.14145e+06
7520 1.66057e+07 2.37193e+06
7530.25 1.44967e+07 5.14004e+06
7540.38 1.40549e+07 5.27525e+06
7550 1.66275e+07 4.57434e+06
7560.25 1.43081e+07 2.13492e+06
7570.25 1.15741e+07 2.64541e+06
7580.25 1.31087e+07 3.03914e+06
7590.25 9.8519e+06 1.40354e+06
7600.12 1.08821e+07 1.69895e+06
7610.12 8.48431e+06 1.13957e+06
7620.25 1.15343e+07 1.68007e+06
7631.38 7.99384e+06 1.00989e+06
7640.12 1.22855e+07 931151
7652.5 8.101e+06 773673
7660.12 1.27994e+07 950954
7670.5 1.27996e+07 447773
7681.5 1.09076e+07 1.04729e+06
7690.25 1.35322e+07 2.91672e+06
7700 1.28156e+07 1.65817e+06
7710.12 1.25335e+07 1.92771e+06
7720.12 1.19065e+07 1.69251e+06
7730.12 8.18446e+06 750784
7742 1.32623e+07 847180
7750.38 1.22947e+07 936256
7760.38 1.3439e+07 1.01294e+06
7770.25 1.33509e+07 1.61667e+06
7780.62 1.15912e+07 1.78388e+06
7790.62 1.47716e+07 1.78055e+06
7800 1.26806e+07 1.69688e+06
7810 1.42391e+07 1.07453e+06
7820 1.5963e+07 2.89489e+06
7830 1.27749e+07 2.17901e+06
7840 1.28419e+07 1.4992e+06
7850.12 8.22647e+06 1.81834e+06
7860.38 1.7819e+07 4.22765e+06
7870 1.48535e+07 3.19446e+06
7880.12 1.62953e+07 3.15177e+06
7890.25 1.58821e+07 2.53475e+06
7900 1.71669e+07 2.18495e+06
7910 1.81526e+07 2.32531e+06
7920 1.67007e+07 1.21676e+06
7930 1.34663e+07 3.18218e+06
7940 1.34962e+07 2.5153e+06
7950 1.46883e+07 3.69268e+06
7960.38 1.43239e+07 1.11654e+06
7970 1.70198e+07 2.07531e+06
7980 1.19702e+07 1.34236e+06
7991.5 9.39312e+06 1.40653e+06
8000 1.22285e+07 2.36844e+06
8010.12 1.08777e+07 1.86763e+06
8020.25 1.07545e+07 2.20488e+06
8030.38 1.51332e+07 1.72499e+06
8040.25 1.32314e+07 1.55955e+06
8051 1.00456e+07 1.31712e+06
8061.88 1.56909e+07 3.45796e+06
8070.25 1.41471e+07 3.58259e+06
8080 1.51811e+07 3.47987e+06
8090.25 1.41193e+07 1.87635e+06
8100.5 1.58321e+07 3.08764e+06
8110.12 1.49014e+07 2.18775e+06
8120 1.44411e+07 2.97217e+06
8130 1.47661e+07 2.7314e+06
8140 1.22679e+07 2.03595e+06
8150.25 1.58133e+07 2.2088e+06
8160.12 1.69507e+07 5.32725e+06
8170.38 1.19712e+07 2.40461e+06
8180 1.22022e+07 2.18561e+06
8190 7.37614e+06 1.4758e+06
8200 1.57103e+07 3.41751e+06
8210.62 1.10026e+07 2.20197e+06
8220 1.48405e+07 3.18097e+06
8230 1.18658e+07 3.42385e+06
8240.62 8.21459e+06 2.01523e+06
8250.25 1.66242e+07 4.24777e+06
8260.5 1.80625e+07 2.80222e+06
8270.12 1.53136e+07 1.30008e+06
8280.38 1.22002e+07 1.81161e+06
8290.12 6.91089e+06 1.34283e+06
8300 1.54127e+07 4.14314e+06
8310.5 1.39014e+07 4.07314e+06
8320.5 1.405e+07 3.4833e+06
8330.62 1.29179e+07 2.08012e+06
8341 1.23931e+07 1.63429e+06
8350.12 1.65202e+07 2.55758e+06
8360 1.24567e+07 2.04201e+06
8370.12 1.13086e+07 1.55784e+06
8381.62 1.23316e+07 2.21191e+06
8390.25 1.63604e+07 2.98235e+06
8400.12 1.55706e+07 2.47461e+06
8410 1.69421e+07 2.4742e+06
8420 1.42309e+07 1.54634e+06
8430 1.53519e+07 1.6597e+06
8440.25 1.53265e+07 1.62346e+06
8450 1.82326e+07 2.90326e+06
8460 1.5734e+07 1.66634e+06
8470 1.43805e+07 953766
8480 1.60588e+07 1.82387e+06
8490 1.91191e+07 2.15257e+06
8500 1.92324e+07 2.94091e+06
8510 1.81598e+07 2.1553e+06
8520 1.83854e+07 1.22725e+06
8530 1.62927e+07 1.595e+06
8540.12 1.41739e+07 1.18801e+06
8550 1.17386e+07 2.41017e+06
8560.25 1.00129e+07 2.30606e+06
8571 1.40938e+07 3.2031e+06
8580.62 1.25369e+07 1.78819e+06
8590.25 1.43952e+07 3.07993e+06
8600.12 1.42238e+07 3.40056e+06
8610 1.26592e+07 1.04159e+06
8620.12 1.31886e+07 3.16381e+06
8630 2.08735e+07 5.1296e+06
8640 1.51355e+07 3.01904e+06
8650 1.31768e+07 1.4127e+06
8660.38 1.13679e+07 1.91283e+06
8670.5 1.49426e+07 3.30016e+06
8680 1.20549e+07 1.8268e+06
8690.25 1.62658e+07 3.69821e+06
8700.12 1.79548e+07 4.66622e+06
8710.12 1.39874e+07 1.64178e+06
8720.25 1.49723e+07 1.8503e+06
8730.25 1.44396e+07 3.65645e+06
8740.75 1.00485e+07 1.94163e+06
8750 1.76458e+07 1.96468e+06
8760 1.39238e+07 1.52692e+06
8770.38 1.12481e+07 2.29558e+06
8780.25 1.66187e+07 3.80908e+06
8792 1.12687e+07 2.3628e+06
8800.88 1.55727e+07 2.16891e+06
8810.62 1.40817e+07 943268
8820.25 1.47625e+07 633550
8830.88 1.28274e+07 1.19052e+06
8840.25 1.38117e+07 1.71866e+06
8850.12 1.32911e+07 2.55772e+06
8860.5 1.09779e+07 2.13013e+06
8870 1.08246e+07 1.3988e+06
8880.88 1.31861e+07 932777
8890.12 1.34745e+07 738948
8902.75 9.95469e+06 993967
8910 1.57608e+07 3.24613e+06
8920.12 1.64691e+07 2.7614e+06
8930 1.10778e+07 1.77029e+06
8941.25 9.82589e+06 1.56229e+06
8950.38 1.92649e+07 3.08149e+06
8960 2.03128e+07 3.17769e+06
8970.12 1.67111e+07 1.28479e+06
8980 1.4544e+07 2.08709e+06
8990 1.2305e+07 1.00795e+06
9000.5 8.70354e+06 1.67884e+06
9012 1.30173e+07 2.88814e+06
9020.12 1.64839e+07 3.6475e+06
9030 1.76626e+07 2.75533e+06
9040 1.56404e+07 1.49853e+06
9050 1.58249e+07 927160
9060 1.38743e+07 2.04159e+06
9070.38 1.37644e+07 4.28932e+06
9080 1.71618e+07 4.03129e+06
9090.12 1.80493e+07 2.79758e+06
9100 1.60454e+07 1.16422e+06
9110 1.62818e+07 1.17258e+06
9120 1.50531e+07 1.3837e+06
9130 1.28107e+07 3.03637e+06
9140.12 1.36178e+07 3.55173e+06
9150.5 1.79555e+07 3.79349e+06
9160 1.53091e+07 2.32848e+06
9170.5 1.31456e+07 3.0953e+06
9180 1.53656e+07 3.4433e+06
9190.12 1.31174e+07 4.30155e+06
9200.12 1.46539e+07 3.05629e+06
9210.38 1.71528e+07 1.09446e+06
9220.25 1.43226e+07 1.23218e+06
9230 1.21188e+07 3.28633e+06
9240.12 9.77128e+06 2.60578e+06
9250.25 1.60876e+07 3.20633e+06
9260.12 1.33239e+07 1.8369e+06
9270.25 1.24892e+07 1.23072e+06
9280 1.07754e+07 1.38587e+06
9290.25 9.57217e+06 1.04081e+06
9300.12 1.88388e+07 1.99731e+06
9310 1.26041e+07 1.54343e+06
9320.12 9.46525e+06 961292
9330.38 1.59009e+07 2.61265e+06
9340.5 1.03143e+07 1.60513e+06
9350.12 1.73388e+07 2.20571e+06
9360.25 1.46982e+07 2.07545e+06
9373 1.18179e+07 2.14291e+06
9380.88 1.33624e+07 2.49811e+06
9390.5 1.19153e+07 2.22263e+06
9400.12 1.0738e+07 1.41932e+06
9410.5 8.96836e+06 1.26072e+06
9420.12 1.4372e+07 2.19041e+06
9432.25 1.15922e+07 1.36485e+06
9440.25 1.2524e+07 1.51042e+06
9450.38 8.85986e+06 933095
9460.38 1.80109e+07 2.22268e+06
9470.25 1.40371e+07 2.54197e+06
9480.62 1.30296e+07 2.06679e+06
9490.5 1.40594e+07 3.25047e+06
9500.5 1.31884e+07 3.58346e+06
9510 1.79814e+07 4.3713e+06
9520.25 1.53239e+07 2.41066e+06
9530 1.36201e+07 1.54789e+06
9540 1.17878e+07 2.24457e+06
9550.38 1.34676e+07 2.86954e+06
9560.62 1.4085e+07 2.95182e+06
9570.62 1.31925e+07 3.24376e+06
9580 1.51664e+07 3.59061e+06
9590.5 1.51593e+07 2.0363e+06
9600.12 1.85479e+07 4.27981e+06
9610 1.8736e+07 1.73995e+06
9620 2.00176e+07 2.38416e+06
9630 2.00804e+07 2.70829e+06
9640 1.75384e+07 1.74729e+06
9650 1.50706e+07 2.25136e+06
9660 1.3218e+07 2.69014e+06
9670.25 1.24367e+07 2.26745e+06
9680.38 7.46524e+06 1.07733e+06
9690 1.42146e+07 4.16891e+06
9700.38 8.719e+06 1.47056e+06
9710 1.6702e+07 1.54634e+06
9720 1.3119e+07 1.04737e+06
9730.38 1.29199e+07 1.27147e+06
9740.62 1.38898e+07 1.4298e+06
9750 1.56407e+07 1.89148e+06
9760 1.29964e+07 1.65229e+06
9770 1.56507e+07 1.02318e+06
9780 1.35245e+07 1.28026e+06
9790.12 1.47195e+07 930086
9800 1.40204e+07 1.55031e+06
9810.25 1.28998e+07 2.641e+06
9822 1.20796e+07 1.64013e+06
9830 1.22659e+07 1.85571e+06
9840 1.31067e+07 1.86781e+06
9850.12 1.32466e+07 1.80204e+06
9860.12 1.13789e+07 1.60503e+06
9870.25 1.08406e+07 2.3123e+06
9880.25 9.70843e+06 2.06499e+06
9890 1.49204e+07 3.30511e+06
9900.25 1.09825e+07 1.56834e+06
9910.38 1.15786e+07 2.2316e+06
9920.88 1.37502e+07 3.07856e+06
9930 1.5493e+07 3.11338e+06
9940 1.19449e+07 1.51424e+06
9950.5 1.3158e+07 1.45098e+06
9960.12 1.36409e+07 3.4352e+06
9970 1.08726e+07 2.67333e+06
9980.5 1.20799e+07 2.63332e+06
9990.12 1.44289e+07 2.81989e+06
10000.5 1.40315e+07 2.22432e+06
10010.4 1.59604e+07 2.0439e+06
10020 1.8983e+07 1.08282e+06
10030 1.64606e+07 1.44639e+06
10040 1.40608e+07 1.52176e+06
10050 1.36126e+07 2.01709e+06
10060.5 1.3268e+07 3.48319e+06
10070.5 1.44472e+07 2.21787e+06
10080 1.51237e+07 2.17407e+06
10090 1.53494e+07 1.93758e+06
10100.1 1.90626e+07 3.09149e+06
10110 1.70781e+07 2.1135e+06
10120 1.56703e+07 2.18438e+06
10130 1.759e+07 1.86541e+06
10140 1.4516e+07 1.19917e+06
10150.4 1.45204e+07 2.63254e+06
10160.8 1.4117e+07 3.3338e+06
10170 1.71121e+07 6.63406e+06
10180 1.60119e+07 3.36675e+06
10190 1.3456e+07 2.59683e+06
10200 1.37301e+07 3.98685e+06
10211.1 1.04493e+07 1.6202e+06
10220.4 1.50492e+07 2.72703e+06
10230 1.69117e+07 2.89565e+06
10240 1.25626e+07 1.57138e+06
10250 1.01123e+07 1.31529e+06
10260.9 9.57526e+06 1.24115e+06
10270.2 1.33148e+07 1.82517e+06
10280.1 9.48919e+06 1.10444e+06
10291 1.59238e+07 1.066e+06
10300 1.8743e+07 1.49188e+06
10310 1.92881e+07 2.44675e+06
10320 1.50294e+07 1.92775e+06
10330.2 1.40611e+07 2.07542e+06
10340 1.88426e+07 4.45428e+06
10350 1.59197e+07 2.13417e+06
10360 1.766e+07 1.05775e+06
10370 2.07708e+07 1.63757e+06
10380.1 1.96214e+07 3.80737e+06
10390 1.67424e+07 5.45271e+06
10400 1.42793e+07 2.03937e+06
10410 1.43318e+07 2.51563e+06
10420 1.59248e+07 4.51625e+06
10430.1 1.7378e+07 4.18534e+06
10440 1.91651e+07 2.19865e+06
10450.2 1.74699e+07 1.14984e+06
10460.1 1.52731e+07 2.75692e+06
10470 1.61758e+07 4.52921e+06
10480 1.91278e+07 2.0019e+06
10490 1.87564e+07 1.41642e+06
10500 1.62968e+07 2.14009e+06
10510.2 1.50294e+07 2.11794e+06
10520 1.43772e+07 4.1283e+06
10530.2 1.40771e+07 2.12119e+06
10540.1 1.43228e+07 3.71483e+06
10550 1.29861e+07 2.5177e+06
10560.2 1.09506e+07 3.13478e+06
10570.4 1.48692e+07 2.8312e+06
10580.1 1.61319e+07 2.07264e+06
10590.1 1.34137e+07 1.96999e+06
10600 1.25335e+07 1.88002e+06
10610.1 1.30933e+07 1.50689e+06
10620.2 1.38556e+07 4.41851e+06
10630.2 1.36672e+07 4.86093e+06
10640.5 1.54606e+07 4.09393e+06
10650.1 1.49506e+07 2.70969e+06
10660.1 1.35477e+07 2.8809e+06
10670.8 1.23141e+07 2.03413e+06
10680.1 1.63367e+07 2.07665e+06
10690.4 1.62007e+07 2.18713e+06
10700.1 1.43941e+07 1.98933e+06
10710 1.22716e+07 2.89264e+06
10720.9 1.45186e+07 1.9341e+06
10730.1 1.22545e+07 2.9885e+06
10741.2 1.10245e+07 2.18866e+06
10750.5 1.57404e+07 2.97783e+06
10760.2 1.41678e+07 2.6512e+06
10770.1 1.43489e+07 1.81808e+06
10780 1.34657e+07 1.96376e+06
10791.5 1.27847e+07 2.20207e+06
