# TimeStamp(s) Sum Stdev
0 7.9279e+06 0
10 6.90986e+06 0
20 6.72542e+06 0
30 6.75221e+06 0
40 6.78724e+06 0
50 7.79498e+06 0
60 7.1417e+06 0
70 7.93717e+06 0
80 7.30554e+06 0
90 8.07318e+06 0
100 7.68884e+06 0
110 7.81558e+06 0
120 8.16386e+06 0
130 7.77746e+06 0
140 7.80631e+06 0
150 8.70894e+06 0
160 8.18962e+06 0
170 8.28029e+06 0
180 7.99178e+06 0
190 7.81249e+06 0
200 7.41579e+06 0
210 7.53738e+06 0
220 7.80116e+06 0
230 7.45288e+06 0
240 7.8465e+06 0
250 7.78982e+06 0
260 7.43846e+06 0
270 7.32408e+06 0
280 7.06545e+06 0
290 7.41167e+06 0
300 7.62908e+06 0
310 7.23238e+06 0
320 6.76252e+06 0
330 6.92532e+06 0
340 6.75736e+06 0
350 6.74603e+06 0
360 7.58477e+06 0
370 7.55489e+06 0
380 8.93769e+06 0
390 7.47452e+06 0
400 7.09533e+06 0
410 7.47555e+06 0
420 6.64608e+06 0
430 7.51058e+06 0
440 7.41476e+06 0
450 8.04845e+06 0
460 7.77746e+06 0
470 6.97787e+06 0
480 7.43537e+06 0
490 6.32872e+06 0
500 7.78879e+06 0
510 8.13707e+06 0
520 8.26072e+06 0
530 8.11337e+06 0
540 7.9279e+06 0
550 8.72028e+06 0
560 8.43485e+06 0
570 7.94954e+06 0
580 7.56210e+06 0
590 8.36479e+06 0
600 7.85268e+06 0
610 7.38694e+06 0
620 7.48482e+06 0
630 8.12676e+06 0
640 7.00878e+06 0
650 7.03042e+06 0
660 8.16901e+06 0
670 7.34057e+06 0
680 7.99075e+06 0
690 7.62805e+06 0
700 8.63681e+06 0
710 8.3854e+06 0
720 8.01136e+06 0
730 6.85834e+06 0
740 6.93253e+06 0
750 7.58374e+06 0
760 8.54408e+06 0
770 6.90471e+06 0
780 7.12418e+06 0
790 7.45391e+06 0
800 6.76354e+06 0
810 6.88616e+06 0
820 7.63011e+06 0
830 7.84134e+06 0
840 7.25505e+06 0
850 7.85165e+06 0
860 7.50646e+06 0
870 8.8635e+06 0
880 8.65536e+06 0
890 8.24938e+06 0
900 7.31481e+06 0
910 6.61208e+06 0
920 6.91810e+06 0
930 7.94541e+06 0
940 7.42918e+06 0
950 6.98611e+06 0
960 6.86762e+06 0
970 7.48586e+06 0
980 8.00312e+06 0
990 7.75479e+06 0
1000 7.35396e+06 0
1010 7.59714e+06 0
1020 7.78776e+06 0
1030 7.51265e+06 0
1040 7.44773e+06 0
1050 6.77179e+06 0
1060 7.19116e+06 0
1070 7.13655e+06 0
1080 6.52243e+06 0
1090 6.9892e+06 0
1100 7.99796e+06 0
1110 7.51471e+06 0
1120 7.51368e+06 0
1130 7.4941e+06 0
1140 8.32254e+06 0
1150 8.18756e+06 0
1160 8.67288e+06 0
1170 8.0093e+06 0
1180 7.63938e+06 0
1190 8.22774e+06 0
1200 7.28905e+06 0
1210 7.92584e+06 0
1220 7.08812e+06 0
1230 9.20456e+06 0
1240 7.63836e+06 0
1250 8.36376e+06 0
1260 7.15304e+06 0
1270 7.71976e+06 0
1280 8.01651e+06 0
1290 7.63732e+06 0
1300 6.79549e+06 0
1310 7.4941e+06 0
1320 7.67442e+06 0
1330 7.0129e+06 0
1340 7.51574e+06 0
1350 7.87638e+06 0
1360 7.25092e+06 0
1370 6.7924e+06 0
1380 7.41682e+06 0
1390 6.99745e+06 0
1400 7.47143e+06 0
1410 7.14685e+06 0
1420 6.88101e+06 0
1430 7.25092e+06 0
1440 8.04845e+06 0
1450 8.29987e+06 0
1460 7.24371e+06 0
1470 8.17622e+06 0
1480 7.86813e+06 0
1490 7.46422e+06 0
1500 6.21743e+06 0
1510 7.09533e+06 0
1520 7.84856e+06 0
1530 7.24474e+06 0
1540 7.59508e+06 0
1550 7.81146e+06 0
1560 6.92738e+06 0
1570 7.43124e+06 0
1580 7.05206e+06 0
1590 7.16849e+06 0
1600 7.70224e+06 0
1610 7.62805e+06 0
1620 7.45082e+06 0
1630 6.7316e+06 0
1640 7.86092e+06 0
1650 7.6332e+06 0
1660 6.90883e+06 0
1670 7.30348e+06 0
1680 8.07524e+06 0
1690 7.45288e+06 0
1700 7.02527e+06 0
1710 7.10049e+06 0
1720 7.6229e+06 0
1730 7.64763e+06 0
1740 7.76303e+06 0
1750 8.14943e+06 0
1760 7.90317e+06 0
1770 6.4266e+06 0
1780 7.18395e+06 0
1790 8.372e+06 0
1800 7.40342e+06 0
1810 8.01754e+06 0
1820 7.85371e+06 0
1830 7.40961e+06 0
1840 7.06133e+06 0
1850 8.14428e+06 0
1860 7.94232e+06 0
1870 7.96602e+06 0
1880 8.0907e+06 0
1890 8.53274e+06 0
1900 7.94129e+06 0
1910 7.8805e+06 0
1920 7.55695e+06 0
1930 6.8841e+06 0
1940 6.89028e+06 0
1950 7.06751e+06 0
1960 7.30657e+06 0
1970 7.70842e+06 0
1980 7.15716e+06 0
1990 7.3313e+06 0
2000 7.36839e+06 0
2010 7.457e+06 0
2020 7.00363e+06 0
2030 7.5858e+06 0
2040 6.83258e+06 0
2050 7.69915e+06 0
2060 8.32563e+06 0
2070 7.85783e+06 0
2080 6.99126e+06 0
2090 7.10976e+06 0
2100 8.62342e+06 0
2110 7.48895e+06 0
2120 7.89698e+06 0
2130 7.71151e+06 0
2140 7.72697e+06 0
2150 7.57447e+06 0
2160 7.89286e+06 0
2170 7.89389e+06 0
2180 7.40136e+06 0
2190 7.76303e+06 0
2200 7.50852e+06 0
2210 7.15819e+06 0
2220 8.67082e+06 0
2230 8.02372e+06 0
2240 7.84444e+06 0
2250 7.69090e+06 0
2260 7.94748e+06 0
2270 8.00209e+06 0
2280 7.49307e+06 0
2290 6.81404e+06 0
2300 8.22465e+06 0
2310 6.02887e+06 0
2320 8.20301e+06 0
2330 7.14376e+06 0
2340 7.38694e+06 0
2350 7.30348e+06 0
2360 8.04433e+06 0
2370 7.63732e+06 0
2380 8.26484e+06 0
2390 7.40033e+06 0
2400 7.57859e+06 0
2410 8.87071e+06 0
2420 7.60538e+06 0
2430 7.48998e+06 0
2440 7.44361e+06 0
2450 6.61826e+06 0
2460 7.77746e+06 0
2470 7.69709e+06 0
2480 7.55489e+06 0
2490 8.43588e+06 0
2500 7.69503e+06 0
2510 7.87844e+06 0
2520 7.0943e+06 0
2530 8.33594e+06 0
2540 7.1654e+06 0
2550 6.81197e+06 0
2560 7.69194e+06 0
2570 7.28287e+06 0
2580 7.68472e+06 0
2590 7.2262e+06 0
2600 7.81455e+06 0
2610 8.20610e+06 0
2620 8.14634e+06 0
2630 6.91295e+06 0
2640 7.48586e+06 0
2650 7.12109e+06 0
2660 7.91759e+06 0
2670 7.26329e+06 0
2680 6.82228e+06 0
2690 6.81919e+06 0
2700 7.80425e+06 0
2710 8.13913e+06 0
2720 7.75685e+06 0
2730 8.033e+06 0
2740 7.87947e+06 0
2750 8.05464e+06 0
2760 7.97942e+06 0
2770 7.04794e+06 0
2780 6.04845e+06 0
2790 6.59971e+06 0
2800 7.09018e+06 0
2810 6.99848e+06 0
2820 7.34033e+06 0
2830 7.69939e+06 0
2840 8.80786e+06 0
2850 7.97426e+06 0
2860 6.62032e+06 0
2870 7.33954e+06 0
2880 8.11234e+06 0
2890 7.58477e+06 0
2900 7.3076e+06 0
2910 6.73572e+06 0
2920 6.76252e+06 0
2930 7.77025e+06 0
2940 5.73108e+06 0
2950 6.90162e+06 0
2960 6.74088e+06 0
2970 6.27926e+06 0
2980 6.70378e+06 0
2990 7.78879e+06 0
3000 7.694e+06 0
3010 7.59096e+06 0
3020 7.80528e+06 0
3030 8.64815e+06 0
3040 6.85422e+06 0
3050 7.13346e+06 0
3060 7.64454e+06 0
3070 7.57344e+06 0
3080 7.52192e+06 0
3090 7.3993e+06 0
3100 6.56159e+06 0
3110 6.62341e+06 0
3120 6.42248e+06 0
3130 6.28956e+06 0
3140 7.07885e+06 0
3150 6.83773e+06 0
3160 7.95572e+06 0
3170 7.77437e+06 0
3180 6.64917e+06 0
3190 8.04124e+06 0
3200 6.56468e+06 0
3210 6.66566e+06 0
3220 7.21795e+06 0
3230 7.30863e+06 0
3240 8.31121e+06 0
3250 7.26638e+06 0
3260 7.7414e+06 0
3270 7.65587e+06 0
3280 7.37148e+06 0
3290 6.97272e+06 0
3300 7.1077e+06 0
3310 7.29214e+06 0
3320 7.17674e+06 0
3330 7.37354e+06 0
3340 7.90832e+06 0
3350 8.12882e+06 0
3360 7.55386e+06 0
3370 8.61826e+06 0
3380 7.81146e+06 0
3390 7.35396e+06 0
3400 8.03403e+06 0
3410 7.43228e+06 0
3420 7.49719e+06 0
3430 8.28132e+06 0
3440 7.73624e+06 0
3450 6.21228e+06 0
3460 6.37199e+06 0
3470 6.44412e+06 0
3480 6.95211e+06 0
3490 7.78364e+06 0
3500 7.37766e+06 0
3510 8.1618e+06 0
3520 8.17932e+06 0
3530 7.9959e+06 0
3540 6.3215e+06 0
3550 7.64248e+06 0
3560 7.50749e+06 0
3570 7.21795e+06 0
3580 7.6703e+06 0
3590 6.86556e+06 0
3600 7.41785e+06 0
3610 6.83052e+06 0
3620 7.0603e+06 0
3630 7.84444e+06 0
3640 7.99796e+06 0
3650 8.38024e+06 0
3660 7.89492e+06 0
3670 8.73367e+06 0
3680 8.25144e+06 0
3690 6.32356e+06 0
3700 6.99848e+06 0
3710 6.90883e+06 0
3720 6.10924e+06 0
3730 6.92017e+06 0
3740 7.50337e+06 0
3750 7.48586e+06 0
3760 6.50182e+06 0
3770 7.68163e+06 0
3780 7.7177e+06 0
3790 6.40394e+06 0
3800 8.25969e+06 0
3810 7.82898e+06 0
3820 6.91398e+06 0
3830 8.12573e+06 0
3840 7.19219e+06 0
3850 7.58684e+06 0
3860 8.27823e+06 0
3870 7.50749e+06 0
3880 7.457e+06 0
3890 6.42764e+06 0
3900 6.92017e+06 0
3910 7.6095e+06 0
3920 8.03609e+06 0
3930 7.8908e+06 0
3940 7.05412e+06 0
3950 6.45958e+06 0
3960 7.7414e+06 0
3970 7.58993e+06 0
3980 7.26741e+06 0
3990 7.64969e+06 0
4000 7.48895e+06 0
4010 6.20713e+06 0
4020 7.83516e+06 0
4030 8.12676e+06 0
4040 7.61156e+06 0
4050 7.0129e+06 0
4060 6.51213e+06 0
4070 6.91295e+06 0
4080 6.47194e+06 0
4090 6.67596e+06 0
4100 6.28132e+06 0
4110 7.95984e+06 0
4120 6.70172e+06 0
4130 6.86452e+06 0
4140 7.30244e+06 0
4150 7.62393e+06 0
4160 7.58374e+06 0
4170 8.21023e+06 0
4180 7.24268e+06 0
4190 7.1994e+06 0
4200 7.15716e+06 0
4210 5.93407e+06 0
4220 6.56056e+06 0
4230 6.95108e+06 0
4240 6.82331e+06 0
4250 7.49513e+06 0
4260 7.08606e+06 0
4270 6.64299e+06 0
4280 6.50492e+06 0
4290 6.82022e+06 0
4300 6.68317e+06 0
4310 6.55128e+06 0
4320 7.54974e+06 0
4330 7.25917e+06 0
4340 7.00466e+06 0
4350 7.83516e+06 0
4360 7.42403e+06 0
4370 7.3179e+06 0
4380 7.26329e+06 0
4390 7.47143e+06 0
4400 7.53428e+06 0
4410 6.62959e+06 0
4420 6.60796e+06 0
4430 7.12728e+06 0
4440 7.04897e+06 0
4450 7.52192e+06 0
4460 6.8975e+06 0
4470 7.53634e+06 0
4480 7.52913e+06 0
4490 7.78879e+06 0
4500 7.27668e+06 0
4510 7.67545e+06 0
4520 7.8434e+06 0
4530 7.54871e+06 0
4540 7.88565e+06 0
4550 7.15716e+06 0
4560 7.30450e+06 0
4570 7.35087e+06 0
4580 7.21692e+06 0
4590 6.6873e+06 0
4600 7.30244e+06 0
4610 7.6095e+06 0
4620 7.0974e+06 0
4630 7.56108e+06 0
4640 7.16437e+06 0
4650 6.474e+06 0
4660 7.7991e+06 0
4670 7.68369e+06 0
4680 7.12006e+06 0
4690 7.81455e+06 0
4700 7.54253e+06 0
4710 7.39312e+06 0
4720 8.01445e+06 0
4730 7.45288e+06 0
4740 7.25814e+06 0
4750 7.39518e+06 0
4760 7.31172e+06 0
4770 6.96241e+06 0
4780 7.94850e+06 0
4790 8.31533e+06 0
4800 7.08606e+06 0
4810 7.17055e+06 0
4820 7.2025e+06 0
4830 7.13552e+06 0
4840 7.29729e+06 0
4850 7.64557e+06 0
4860 6.65123e+06 0
4870 7.27772e+06 0
4880 7.07164e+06 0
4890 7.73006e+06 0
4900 7.97117e+06 0
4910 7.59817e+06 0
4920 7.16849e+06 0
4930 7.19528e+06 0
4940 7.27256e+06 0
4950 7.87638e+06 0
4960 7.05309e+06 0
4970 6.84804e+06 0
4980 6.18858e+06 0
4990 6.40703e+06 0
5000 7.4838e+06 0
5010 7.67545e+06 0
5020 6.13912e+06 0
5030 6.69245e+06 0
5040 6.53170e+06 0
5050 7.52089e+06 0
5060 7.43537e+06 0
5070 7.81764e+06 0
5080 7.38282e+06 0
5090 7.80734e+06 0
5100 7.28493e+06 0
5110 7.64454e+06 0
5120 7.74346e+06 0
5130 6.84186e+06 0
5140 6.26483e+06 0
5150 7.59096e+06 0
5160 7.1314e+06 0
5170 7.28287e+06 0
5180 6.86865e+06 0
5190 7.12831e+06 0
5200 7.57756e+06 0
5210 7.35602e+06 0
5220 7.77746e+06 0
5230 7.67442e+06 0
5240 6.72954e+06 0
5250 6.66875e+06 0
5260 7.29008e+06 0
5270 6.779e+06 0
5280 7.30244e+06 0
5290 7.02321e+06 0
5300 7.08503e+06 0
5310 6.76561e+06 0
5320 7.3993e+06 0
5330 7.06648e+06 0
5340 6.36375e+06 0
5350 6.6028e+06 0
5360 7.29317e+06 0
5370 8.67906e+06 0
5380 7.70945e+06 0
5390 7.75685e+06 0
5400 7.74449e+06 0
5410 7.04794e+06 0
5420 7.98663e+06 0
5430 7.59405e+06 0
5440 7.37045e+06 0
5450 7.43846e+06 0
5460 8.34933e+06 0
5470 6.5451e+06 0
5480 7.10358e+06 0
5490 7.59405e+06 0
5500 7.04794e+06 0
5511 7.39621e+06 0
5520 6.49976e+06 0
5530 6.24628e+06 0
5540 7.78879e+06 0
5550 7.04794e+06 0
5560 7.4704e+06 0
5570 7.30863e+06 0
5580 7.48586e+06 0
5590 6.72645e+06 0
5600 7.43846e+06 0
5610 6.77282e+06 0
5620 7.56004e+06 0
5630 6.84392e+06 0
5640 7.01599e+06 0
5650 7.27874e+06 0
5660 7.96396e+06 0
5670 8.00209e+06 0
5680 8.14016e+06 0
5690 7.32408e+06 0
5700 7.10049e+06 0
5710 6.95417e+06 0
5720 6.97993e+06 0
5730 6.70893e+06 0
5740 7.96293e+06 0
5750 7.12934e+06 0
5760 7.41373e+06 0
5770 8.09482e+06 0
5780 7.44773e+06 0
5790 7.32305e+06 0
5800 7.27772e+06 0
5810 7.6569e+06 0
5820 7.6095e+06 0
5830 8.46370e+06 0
5840 8.32666e+06 0
5850 7.48998e+06 0
5860 7.03454e+06 0
5870 6.79549e+06 0
5880 7.77231e+06 0
5890 7.28699e+06 0
5900 7.04897e+06 0
5910 7.80322e+06 0
5920 7.44567e+06 0
5930 6.54922e+06 0
5940 7.3756e+06 0
5950 7.89492e+06 0
5960 6.68626e+06 0
5970 6.96035e+06 0
5980 7.73212e+06 0
5990 7.13552e+06 0
6000 6.94284e+06 0
6010 6.54201e+06 0
6020 6.60692e+06 0
6030 6.60692e+06 0
6040 7.87741e+06 0
6050 7.3993e+06 0
6060 7.00569e+06 0
6070 7.02939e+06 0
6080 7.57035e+06 0
6090 7.58168e+06 0
6100 7.87638e+06 0
6110 8.22259e+06 0
6120 7.12625e+06 0
6130 8.77489e+06 0
6140 7.69297e+06 0
6150 6.98405e+06 0
6160 7.17570e+06 0
6170 7.15922e+06 0
6180 7.1654e+06 0
6190 7.18498e+06 0
6200 7.97426e+06 0
6210 7.57035e+06 0
6220 7.80837e+06 0
6230 7.05206e+06 0
6240 6.64093e+06 0
6250 7.10873e+06 0
6260 6.16076e+06 0
6270 7.50852e+06 0
6280 7.6095e+06 0
6290 8.16489e+06 0
6300 7.97839e+06 0
6310 7.09224e+06 0
6320 7.4941e+06 0
6330 7.26741e+06 0
6340 7.41167e+06 0
6350 7.12418e+06 0
6360 6.79961e+06 0
6370 6.2401e+06 0
6380 7.00569e+06 0
6390 6.93047e+06 0
6400 7.694e+06 0
6410 8.09894e+06 0
6420 7.04794e+06 0
6430 8.76458e+06 0
6440 8.19374e+06 0
6450 7.80734e+06 0
6460 7.61775e+06 0
6470 6.35757e+06 0
6480 7.3653e+06 0
6490 6.61723e+06 0
6500 7.44052e+06 0
6510 7.08709e+06 0
6520 7.60435e+06 0
6530 7.1654e+06 0
6540 7.17364e+06 0
6550 7.29214e+06 0
6560 7.76303e+06 0
6570 6.62753e+06 0
6581 7.10976e+06 0
6590 6.19167e+06 0
6600 7.29214e+06 0
6610 7.08606e+06 0
6620 8.32151e+06 0
6630 7.55489e+06 0
6640 6.85628e+06 0
6650 7.15407e+06 0
6660 7.21589e+06 0
6670 7.25298e+06 0
6680 6.17519e+06 0
6690 7.54253e+06 0
6700 7.21589e+06 0
6710 7.80013e+06 0
6720 6.66463e+06 0
6730 6.81404e+06 0
6740 7.71357e+06 0
6750 8.4668e+06 0
6760 6.7553e+06 0
6770 7.0603e+06 0
6780 7.58477e+06 0
6790 6.61826e+06 0
6800 7.46319e+06 0
6810 6.97478e+06 0
6820 8.10204e+06 0
6830 6.79652e+06 0
6840 8.02888e+06 0
6850 7.58271e+06 0
6860 6.61517e+06 0
6870 7.19837e+06 0
6880 6.13191e+06 0
6890 6.98611e+06 0
6900 7.02527e+06 0
6910 6.08451e+06 0
6920 7.12316e+06 0
6930 7.10358e+06 0
6940 7.93099e+06 0
6950 6.74088e+06 0
6960 6.72954e+06 0
6970 7.30966e+06 0
6980 7.40858e+06 0
6990 6.54819e+06 0
7000 6.99332e+06 0
7010 7.43330e+06 0
7020 6.8604e+06 0
7030 7.69194e+06 0
7040 7.3416e+06 0
7050 8.49771e+06 0
7060 7.91553e+06 0
7070 7.03969e+06 0
7080 7.48482e+06 0
7090 6.89132e+06 0
7100 7.728e+06 0
7110 7.63732e+06 0
7120 7.52501e+06 0
7130 7.0026e+06 0
7140 7.45804e+06 0
7150 6.42248e+06 0
7160 7.15201e+06 0
7170 8.09894e+06 0
7180 6.79446e+06 0
7190 7.75685e+06 0
7200 7.84546e+06 0
7210 5.89389e+06 0
7220 8.51316e+06 0
7230 7.79292e+06 0
7240 6.94284e+06 0
7250 7.09224e+06 0
7260 6.99436e+06 0
7270 7.31893e+06 0
7280 6.49976e+06 0
7290 7.41064e+06 0
7300 7.56417e+06 0
7310 8.01548e+06 0
7320 7.5889e+06 0
7330 7.58271e+06 0
7340 6.76458e+06 0
7350 7.55695e+06 0
7360 7.2262e+06 0
7370 7.50028e+06 0
7380 7.93614e+06 0
7390 7.6466e+06 0
7400 7.42094e+06 0
7410 7.44052e+06 0
7420 6.72851e+06 0
7430 6.38024e+06 0
7440 6.64093e+06 0
7450 7.13552e+06 0
7460 7.16334e+06 0
7470 7.5518e+06 0
7480 6.94077e+06 0
7490 7.25814e+06 0
7500 7.87535e+06 0
7510 6.98611e+06 0
7520 7.28493e+06 0
7530 7.38178e+06 0
7540 7.32717e+06 0
7550 7.6332e+06 0
7560 8.0804e+06 0
7570 6.32562e+06 0
7580 7.94438e+06 0
7590 6.64402e+06 0
7600 7.22001e+06 0
7610 7.41167e+06 0
7620 7.93511e+06 0
7630 8.29781e+06 0
7640 7.32305e+06 0
7650 7.389e+06 0
7660 7.33645e+06 0
7670 7.61981e+06 0
7680 8.15974e+06 0
7690 8.27823e+06 0
7700 6.94696e+06 0
7710 7.97324e+06 0
7720 7.77437e+06 0
7730 7.81352e+06 0
7740 6.94696e+06 0
7750 6.52655e+06 0
7760 6.88101e+06 0
7770 6.84082e+06 0
7780 7.5992e+06 0
7790 6.59765e+06 0
7800 7.38694e+06 0
7810 7.46216e+06 0
7820 7.08812e+06 0
7830 6.91708e+06 0
7840 8.27514e+06 0
7850 7.423e+06 0
7860 7.72079e+06 0
7870 8.18034e+06 0
7880 7.03866e+06 0
7890 7.56932e+06 0
7900 7.14376e+06 0
7910 6.89956e+06 0
7920 7.73212e+06 0
7930 8.02166e+06 0
7940 8.07112e+06 0
7950 6.86658e+06 0
7960 8.32151e+06 0
7970 8.29884e+06 0
7980 7.54562e+06 0
7990 6.75736e+06 0
8000 7.21898e+06 0
8010 6.48637e+06 0
8020 7.97014e+06 0
8030 7.80322e+06 0
8040 7.25711e+06 0
8050 7.8094e+06 0
8060 7.60538e+06 0
8070 7.47349e+06 0
8080 6.68626e+06 0
8090 7.62702e+06 0
8100 6.91295e+06 0
8110 6.96447e+06 0
8120 6.92944e+06 0
8130 7.9722e+06 0
8140 8.35654e+06 0
8150 7.30554e+06 0
8160 7.26741e+06 0
8170 6.49873e+06 0
8180 6.28956e+06 0
8190 7.17983e+06 0
8200 7.728e+06 0
8210 7.09018e+06 0
8220 7.56004e+06 0
8230 7.18292e+06 0
8240 5.41475e+06 0
8250 7.03866e+06 0
8260 7.66514e+06 0
8270 8.09276e+06 0
8280 6.56365e+06 0
8290 6.78415e+06 0
8300 7.64042e+06 0
8310 7.92996e+06 0
8320 6.55953e+06 0
8330 7.17468e+06 0
8340 6.88719e+06 0
8350 7.30554e+06 0
8360 7.70327e+06 0
8370 7.56417e+06 0
8380 7.86298e+06 0
8390 7.26947e+06 0
8400 7.32099e+06 0
8410 7.69606e+06 0
8420 7.09018e+06 0
8430 7.84237e+06 0
8440 7.10461e+06 0
8450 7.50234e+06 0
8460 7.44258e+06 0
8470 6.4534e+06 0
8480 6.56056e+06 0
8490 6.87998e+06 0
8500 7.30450e+06 0
8510 7.15819e+06 0
8520 7.66927e+06 0
8530 7.37972e+06 0
8540 7.88565e+06 0
8550 7.17570e+06 0
8560 6.17828e+06 0
8570 7.10564e+06 0
8580 7.45288e+06 0
8590 7.89286e+06 0
8600 6.89132e+06 0
8610 7.29832e+06 0
8620 7.0603e+06 0
8630 6.67905e+06 0
8640 6.48018e+06 0
8650 7.32511e+06 0
8660 7.31481e+06 0
8670 7.64351e+06 0
8680 7.72697e+06 0
8690 7.0943e+06 0
8700 8.02269e+06 0
8710 8.23908e+06 0
8720 7.23135e+06 0
8730 6.47709e+06 0
8740 7.02012e+06 0
8750 7.45288e+06 0
8760 7.94232e+06 0
8770 6.36272e+06 0
8780 6.28029e+06 0
8790 7.10358e+06 0
8800 6.95005e+06 0
8810 6.39981e+06 0
8820 7.21795e+06 0
8830 6.71821e+06 0
8840 7.86607e+06 0
8850 6.18034e+06 0
8860 7.06442e+06 0
8870 7.78673e+06 0
8880 8.4771e+06 0
8890 7.19219e+06 0
8900 6.62753e+06 0
8910 6.91398e+06 0
8920 6.46061e+06 0
8930 7.12418e+06 0
8940 7.31687e+06 0
8950 7.07679e+06 0
8960 7.58374e+06 0
8970 7.97014e+06 0
8980 7.08297e+06 0
8990 7.10461e+06 0
9000 7.37869e+06 0
9010 7.53016e+06 0
9020 5.78364e+06 0
9030 7.34881e+06 0
9040 7.92893e+06 0
9050 7.09636e+06 0
9060 7.02218e+06 0
9070 7.31172e+06 0
9080 6.92738e+06 0
9090 8.66051e+06 0
9100 7.22207e+06 0
9110 6.90059e+06 0
9120 7.06751e+06 0
9130 7.52913e+06 0
9140 7.70121e+06 0
9150 7.18807e+06 0
9160 7.51265e+06 0
9170 6.86246e+06 0
9180 6.90471e+06 0
9190 7.0026e+06 0
9200 6.8161e+06 0
9210 7.2705e+06 0
9220 6.88204e+06 0
9230 8.07730e+06 0
9240 7.07988e+06 0
9250 6.69863e+06 0
9260 7.91656e+06 0
9270 6.53686e+06 0
9280 8.74604e+06 0
9290 7.56314e+06 0
9300 7.694e+06 0
9310 7.05103e+06 0
9320 7.04794e+06 0
9330 7.55077e+06 0
9340 7.05412e+06 0
9350 6.90471e+06 0
9360 6.01341e+06 0
9370 6.95005e+06 0
9380 7.71357e+06 0
9390 7.07988e+06 0
9400 6.28029e+06 0
9410 7.05515e+06 0
9420 6.96653e+06 0
9430 6.8501e+06 0
9440 6.8604e+06 0
9450 6.93356e+06 0
9460 6.76354e+06 0
9470 6.55644e+06 0
9480 6.41527e+06 0
9490 7.65381e+06 0
9500 7.03351e+06 0
9510 6.36478e+06 0
9520 6.64608e+06 0
9530 7.22001e+06 0
9540 7.1788e+06 0
9550 6.68214e+06 0
9560 7.49307e+06 0
9570 7.34263e+06 0
9580 7.66824e+06 0
9590 6.66257e+06 0
9600 7.2231e+06 0
9610 8.12264e+06 0
9620 7.3993e+06 0
9630 7.22413e+06 0
9640 7.04484e+06 0
9650 6.8264e+06 0
9660 7.10461e+06 0
9670 8.07628e+06 0
9680 7.64969e+06 0
9690 8.20817e+06 0
9700 7.15716e+06 0
9710 7.62908e+06 0
9720 7.95469e+06 0
9730 7.8228e+06 0
9740 7.54047e+06 0
9750 7.05309e+06 0
9760 6.50698e+06 0
9770 7.03248e+06 0
9780 7.53428e+06 0
9790 7.43021e+06 0
9800 6.76252e+06 0
9810 7.23959e+06 0
9820 6.9418e+06 0
9830 6.83567e+06 0
9840 7.06751e+06 0
9850 6.56365e+06 0
9860 8.07730e+06 0
9870 7.62702e+06 0
9880 6.60486e+06 0
9890 7.83619e+06 0
9900 6.63474e+06 0
9910 7.41682e+06 0
9920 7.22104e+06 0
9930 8.45031e+06 0
9940 6.711e+06 0
9950 7.29111e+06 0
9960 7.38178e+06 0
9970 8.47916e+06 0
9980 6.64299e+06 0
9990 8.03609e+06 0
10000 7.51883e+06 0
10010 6.66050e+06 0
10020 7.02527e+06 0
10030 6.4163e+06 0
10040 7.38694e+06 0
10050 7.29317e+06 0
10060 7.85989e+06 0
10070 7.77952e+06 0
10080 7.70224e+06 0
10090 7.36633e+06 0
10100 6.50492e+06 0
10110 7.39621e+06 0
10120 7.23238e+06 0
10130 8.10616e+06 0
10140 8.41734e+06 0
10150 7.33026e+06 0
10160 6.82537e+06 0
10170 6.32356e+06 0
10180 6.54922e+06 0
10190 6.69863e+06 0
10200 7.48173e+06 0
10210 7.41991e+06 0
10220 6.93356e+06 0
10230 8.33490e+06 0
10240 7.75994e+06 0
10250 7.16849e+06 0
10260 7.20456e+06 0
10270 7.27874e+06 0
10280 7.43743e+06 0
10290 6.8264e+06 0
10300 7.74758e+06 0
10310 6.61208e+06 0
10320 6.82331e+06 0
10330 6.78621e+06 0
10340 7.43330e+06 0
10350 6.43176e+06 0
10360 6.63474e+06 0
10370 7.20456e+06 0
10380 7.16231e+06 0
10390 6.83258e+06 0
10400 7.89698e+06 0
10410 7.38488e+06 0
10420 6.5348e+06 0
10430 7.56623e+06 0
10440 7.24783e+06 0
10450 7.73933e+06 0
10460 6.65638e+06 0
10470 6.29677e+06 0
10480 6.39672e+06 0
10490 6.57807e+06 0
10500 6.86865e+06 0
10510 6.34314e+06 0
10520 6.59765e+06 0
10530 7.05618e+06 0
10540 7.64454e+06 0
10550 7.01908e+06 0
10560 8.47195e+06 0
10570 7.06751e+06 0
10580 6.91810e+06 0
10590 6.7687e+06 0
10600 7.73933e+06 0
10610 6.56777e+06 0
10620 7.11491e+06 0
10630 6.68626e+06 0
10640 7.2231e+06 0
10650 7.6126e+06 0
10660 6.77591e+06 0
10670 7.43743e+06 0
10680 6.58735e+06 0
10690 7.67957e+06 0
10700 7.30244e+06 0
10710 6.28647e+06 0
10720 6.9315e+06 0
10730 7.43537e+06 0
10740 6.55025e+06 0
10750 6.99436e+06 0
10760 6.19476e+06 0
10770 7.03454e+06 0
10780 7.29935e+06 0
10790 7.95366e+06 0
10800 6.79549e+06 0
10810 6.91708e+06 0
10820 6.69966e+06 0
10830 7.35396e+06 0
10840 7.09636e+06 0
10850 7.0603e+06 0
10860 7.58271e+06 0
10870 6.97993e+06 0
10880 6.72645e+06 0
10890 6.56262e+06 0
10900 7.74964e+06 0
10910 7.03866e+06 0
10920 7.57447e+06 0
10930 7.87638e+06 0
10940 7.7043e+06 0
10950 7.10667e+06 0
10960 6.98714e+06 0
10970 7.68678e+06 0
10980 7.01393e+06 0
10990 7.57344e+06 0
11000 7.76406e+06 0
11010 7.70018e+06 0
11020 8.05154e+06 0
11030 7.51471e+06 0
11040 7.26329e+06 0
11050 6.74191e+06 0
11060 7.38385e+06 0
11070 7.17570e+06 0
11080 5.36529e+06 0
11090 6.76767e+06 0
11100 6.82434e+06 0
11110 7.20868e+06 0
11120 6.9212e+06 0
11130 6.61002e+06 0
11140 6.25556e+06 0
11150 7.05206e+06 0
11160 8.11749e+06 0
11170 7.20868e+06 0
11180 7.58993e+06 0
11190 7.5518e+06 0
11200 7.10976e+06 0
11210 7.45597e+06 0
11220 7.9145e+06 0
11230 7.55798e+06 0
11240 8.02063e+06 0
11250 7.73006e+06 0
11260 6.94593e+06 0
11270 6.39054e+06 0
11280 6.73676e+06 0
11290 6.90471e+06 0
11300 7.46731e+06 0
11310 7.30141e+06 0
11320 7.81764e+06 0
11330 7.91038e+06 0
11340 7.92996e+06 0
11350 6.97993e+06 0
11360 7.5889e+06 0
11370 7.7383e+06 0
11380 6.37302e+06 0
11390 7.85577e+06 0
11400 6.26998e+06 0
11410 6.36787e+06 0
11420 6.38436e+06 0
11430 6.90883e+06 0
11440 6.59353e+06 0
11450 6.37302e+06 0
11460 7.3993e+06 0
11470 7.15613e+06 0
11480 7.24165e+06 0
11490 6.91708e+06 0
11500 6.69966e+06 0
11510 5.76303e+06 0
11520 6.9212e+06 0
11530 6.99023e+06 0
11540 7.03454e+06 0
11550 7.44773e+06 0
11560 7.26741e+06 0
11570 6.98096e+06 0
11580 7.81455e+06 0
11590 7.12316e+06 0
11600 6.52243e+06 0
11610 7.42403e+06 0
11620 7.81455e+06 0
11630 7.87535e+06 0
11640 7.02424e+06 0
11650 6.36581e+06 0
11660 6.1927e+06 0
11670 7.0129e+06 0
11680 7.1654e+06 0
11690 6.91398e+06 0
11700 7.55901e+06 0
11710 6.45133e+06 0
11720 6.6842e+06 0
11730 7.44567e+06 0
11740 6.90883e+06 0
11750 7.3519e+06 0
11760 7.31069e+06 0
11770 7.34984e+06 0
11780 6.68626e+06 0
11790 6.48946e+06 0
11800 7.14376e+06 0
11810 6.7213e+06 0
11820 6.93871e+06 0
11830 7.07473e+06 0
11840 6.36993e+06 0
11850 7.19322e+06 0
11860 7.02939e+06 0
11870 7.66308e+06 0
11880 6.16797e+06 0
11890 6.47606e+06 0
11900 6.85525e+06 0
11910 7.17364e+06 0
11920 6.13191e+06 0
11930 5.46524e+06 0
11940 6.49976e+06 0
11950 5.85164e+06 0
11960 6.29471e+06 0
11970 7.47555e+06 0
11980 6.58013e+06 0
11990 5.96498e+06 0
12000 4.47297e+06 0
12010 7.34881e+06 0
12020 6.03093e+06 0
12030 6.41424e+06 0
12040 6.88101e+06 0
12050 6.41012e+06 0
12060 6.46267e+06 0
12070 6.63784e+06 0
12080 6.80167e+06 0
12090 6.78518e+06 0
12100 6.86246e+06 0
12110 5.98972e+06 0
12120 6.21125e+06 0
12130 7.4601e+06 0
12140 6.49564e+06 0
12150 7.46525e+06 0
12160 7.38797e+06 0
12170 5.98972e+06 0
12180 5.94644e+06 0
12190 6.12882e+06 0
12200 5.99796e+06 0
12210 5.87431e+06 0
12220 6.34623e+06 0
12230 7.53325e+06 0
12240 6.50698e+06 0
12250 7.00672e+06 0
12260 5.71975e+06 0
12270 7.25917e+06 0
12280 6.13706e+06 0
12290 6.26277e+06 0
12300 6.16797e+06 0
12310 7.52295e+06 0
12320 5.77848e+06 0
12330 6.406e+06 0
12340 6.0536e+06 0
12350 5.73005e+06 0
12360 6.92223e+06 0
12370 5.48791e+06 0
12380 4.56982e+06 0
12390 5.65071e+06 0
12400 5.62186e+06 0
12410 5.72902e+06 0
12420 6.39054e+06 0
12430 5.88255e+06 0
12440 6.43588e+06 0
12450 6.26174e+06 0
12460 7.58786e+06 0
12470 6.20404e+06 0
12480 5.57343e+06 0
12490 5.24886e+06 0
12500 6.57807e+06 0
12510 6.14737e+06 0
12520 6.09276e+06 0
12530 6.17004e+06 0
12540 5.69708e+06 0
12550 5.83206e+06 0
12560 5.38796e+06 0
12570 5.23649e+06 0
12580 6.35757e+06 0
12590 5.73624e+06 0
12600 7.42918e+06 0
12610 7.08297e+06 0
12620 6.14221e+06 0
12630 6.80476e+06 0
12640 6.07318e+06 0
12650 6.4266e+06 0
12660 5.70326e+06 0
12670 5.33335e+06 0
12680 5.91965e+06 0
12690 6.13191e+06 0
12700 5.8774e+06 0
12710 5.71872e+06 0
12720 5.72902e+06 0
12730 6.04433e+06 0
12740 5.73212e+06 0
12750 6.01754e+06 0
12760 6.88822e+06 0
12770 6.7553e+06 0
12780 6.60383e+06 0
12790 5.36529e+06 0
12800 5.87122e+06 0
12810 6.24422e+06 0
12820 6.26277e+06 0
12830 6.43382e+06 0
12840 6.32047e+06 0
12850 6.24525e+06 0
12860 5.72593e+06 0
12870 4.96756e+06 0
12880 6.03093e+06 0
12890 6.03711e+06 0
12900 6.84392e+06 0
12910 6.40497e+06 0
12920 6.29574e+06 0
12930 6.15973e+06 0
12940 5.27977e+06 0
12950 6.29471e+06 0
12960 6.01341e+06 0
12970 5.77333e+06 0
12980 6.34829e+06 0
12990 6.50388e+06 0
13000 6.27617e+06 0
13010 6.58426e+06 0
13020 6.22671e+06 0
13030 5.6909e+06 0
13040 6.24319e+06 0
13050 6.067e+06 0
13060 5.85061e+06 0
13070 5.85885e+06 0
13080 5.87019e+06 0
13090 5.78157e+06 0
13100 5.75581e+06 0
13110 5.84443e+06 0
13120 4.94695e+06 0
13130 5.6672e+06 0
13140 6.12367e+06 0
13150 6.6976e+06 0
13160 6.55746e+06 0
13170 5.50646e+06 0
13180 5.94747e+06 0
13190 5.64453e+06 0
13200 4.96962e+06 0
13210 4.61928e+06 0
13220 4.6842e+06 0
13230 6.41733e+06 0
13240 6.32047e+06 0
13250 6.91295e+06 0
13260 5.88564e+06 0
13270 5.71666e+06 0
13280 6.05257e+06 0
13290 5.56313e+06 0
13300 6.79549e+06 0
13310 6.25865e+06 0
13320 5.58271e+06 0
13330 5.8537e+06 0
13340 5.9382e+06 0
13350 5.53737e+06 0
13360 6.17828e+06 0
13370 5.34468e+06 0
13380 5.64968e+06 0
13390 6.18652e+06 0
13400 6.00208e+06 0
13410 4.89337e+06 0
13420 5.55592e+06 0
13430 5.03247e+06 0
13440 6.43897e+06 0
13450 5.66926e+06 0
13460 5.88564e+06 0
13470 6.12573e+06 0
13480 6.2638e+06 0
13490 5.35087e+06 0
13500 5.7383e+06 0
13510 5.0943e+06 0
13520 5.49821e+06 0
13530 5.05411e+06 0
13540 5.47039e+06 0
13550 5.74551e+06 0
13560 5.19116e+06 0
13570 5.29522e+06 0
13580 5.08502e+06 0
13590 4.46988e+06 0
13600 5.52604e+06 0
13610 5.23546e+06 0
13620 5.13242e+06 0
13630 4.77178e+06 0
13640 6.17828e+06 0
13650 5.12727e+06 0
13660 7.12625e+06 0
13670 5.35087e+06 0
13680 5.74448e+06 0
13690 5.84443e+06 0
13700 5.54767e+06 0
13710 6.10409e+06 0
13720 6.31738e+06 0
13730 5.58477e+06 0
13740 4.58734e+06 0
13750 5.07678e+06 0
13760 4.31944e+06 0
13770 5.95674e+06 0
13780 5.37250e+06 0
13790 4.95828e+06 0
13800 4.78518e+06 0
13810 4.94592e+06 0
13820 4.7316e+06 0
13830 5.66308e+06 0
13840 5.43227e+06 0
13850 5.17261e+06 0
13860 6.07112e+06 0
13870 5.34674e+06 0
13880 4.90882e+06 0
13890 6.08348e+06 0
13900 5.42609e+06 0
13910 6.52861e+06 0
13920 4.10717e+06 0
13930 5.08399e+06 0
13940 4.08554e+06 0
13950 4.91192e+06 0
13960 5.56519e+06 0
13970 5.0469e+06 0
13980 5.19012e+06 0
13990 5.44154e+06 0
14000 6.74397e+06 0
14010 5.65484e+06 0
14020 5.31892e+06 0
14030 5.65586e+06 0
14040 5.19116e+06 0
14050 4.62856e+06 0
14060 3.95364e+06 0
14070 4.76148e+06 0
14080 4.03505e+06 0
14090 5.63629e+06 0
14100 5.76097e+06 0
14110 5.66617e+06 0
14120 4.98095e+06 0
14130 5.98456e+06 0
14140 5.25401e+06 0
14150 6.53170e+06 0
14160 6.2535e+06 0
14170 5.18188e+06 0
14180 4.61928e+06 0
14190 5.14273e+06 0
14200 4.60692e+06 0
14210 4.61825e+06 0
14220 5.57343e+06 0
14230 5.03556e+06 0
14240 5.86504e+06 0
14250 5.20352e+06 0
14260 5.75478e+06 0
14270 5.68884e+06 0
14280 5.57549e+06 0
14290 6.58013e+06 0
14300 4.5791e+06 0
14310 5.13139e+06 0
14320 4.67698e+06 0
14330 6.83258e+06 0
14340 6.02372e+06 0
14350 5.8197e+06 0
14360 4.08657e+06 0
14370 4.85009e+06 0
14380 5.52294e+06 0
14390 5.53634e+06 0
14400 6.13294e+06 0
14410 5.27874e+06 0
14420 5.72902e+06 0
14430 5.63835e+06 0
14440 4.73572e+06 0
14450 4.30604e+06 0
14460 4.57601e+06 0
14470 5.48585e+06 0
14480 5.2911e+06 0
14490 4.76972e+06 0
14500 2.93664e+06 0
14510 5.50234e+06 0
14520 5.4096e+06 0
14530 5.32098e+06 0
14540 5.12006e+06 0
14550 5.64556e+06 0
14560 5.03762e+06 0
14570 6.03917e+06 0
14580 5.85988e+06 0
14590 5.23237e+06 0
14600 5.27771e+06 0
14610 5.11490e+06 0
14620 4.28646e+06 0
14630 4.01238e+06 0
14640 4.70068e+06 0
14650 4.35035e+06 0
14660 4.68008e+06 0
14670 4.81815e+06 0
14680 5.26122e+06 0
14690 4.63783e+06 0
14700 5.52604e+06 0
14710 5.41063e+06 0
14720 6.57086e+06 0
14730 6.3215e+06 0
14740 4.45133e+06 0
14750 4.847e+06 0
14760 5.80733e+06 0
14770 6.01032e+06 0
14780 5.64762e+06 0
14790 4.51315e+06 0
14800 5.20764e+06 0
14810 5.0943e+06 0
14820 5.33232e+06 0
14830 5.63114e+06 0
14840 4.92428e+06 0
14850 5.26225e+06 0
14860 5.70945e+06 0
14870 5.58168e+06 0
14880 4.72026e+06 0
14890 5.95674e+06 0
14900 5.06545e+06 0
14910 5.72078e+06 0
14920 5.67544e+06 0
14930 5.20558e+06 0
14940 5.48894e+06 0
14950 5.47761e+06 0
14960 4.37405e+06 0
14970 5.28492e+06 0
14980 6.04948e+06 0
14990 5.11284e+06 0
15000 4.30501e+06 0
15010 5.69605e+06 0
15020 5.59816e+06 0
15030 5.72799e+06 0
15040 4.80578e+06 0
15050 5.33644e+06 0
15060 4.48327e+06 0
15070 5.17158e+06 0
15080 4.98508e+06 0
15090 5.28904e+06 0
15100 5.36838e+06 0
15110 5.17776e+06 0
15120 5.13964e+06 0
15130 6.02475e+06 0
15140 5.27668e+06 0
15150 5.11388e+06 0
15160 4.92737e+06 0
15170 5.35602e+06 0
15180 5.44978e+06 0
15190 5.08193e+06 0
15200 5.45391e+06 0
15210 4.93149e+06 0
15220 5.03866e+06 0
15230 5.90522e+06 0
15240 5.152e+06 0
15250 6.2401e+06 0
15260 5.23649e+06 0
15270 4.14942e+06 0
15280 5.28801e+06 0
15291 4.32665e+06 0
15300 3.74756e+06 0
15310 4.19991e+06 0
15320 4.71202e+06 0
15330 5.31274e+06 0
15340 5.96602e+06 0
15350 6.45236e+06 0
15360 5.46936e+06 0
15370 5.36323e+06 0
15380 5.53119e+06 0
15390 5.59713e+06 0
15400 5.11490e+06 0
15410 5.3993e+06 0
15420 4.55231e+06 0
15430 4.76148e+06 0
15440 5.16127e+06 0
15450 5.03969e+06 0
15460 5.62186e+06 0
15470 5.61877e+06 0
15480 6.49152e+06 0
15490 6.3926e+06 0
15500 5.98972e+06 0
15510 5.92583e+06 0
15520 6.46576e+06 0
15530 4.73778e+06 0
15540 5.31068e+06 0
15550 5.44876e+06 0
15560 6.12161e+06 0
15570 6.39157e+06 0
15580 6.91089e+06 0
15590 5.27668e+06 0
15600 6.49152e+06 0
15610 6.33387e+06 0
15620 5.95983e+06 0
15630 5.2334e+06 0
15640 5.64144e+06 0
15650 6.07936e+06 0
15660 6.14634e+06 0
15670 6.96447e+06 0
15680 6.59559e+06 0
15690 5.45906e+06 0
15700 5.41681e+06 0
15710 5.50130e+06 0
15720 4.80476e+06 0
15730 4.70172e+06 0
15740 4.97889e+06 0
15750 5.34262e+06 0
15760 5.81455e+06 0
15770 5.63526e+06 0
15780 4.75839e+06 0
15790 4.42969e+06 0
15800 4.7522e+06 0
15810 3.77848e+06 0
15820 5.09636e+06 0
15830 5.19528e+06 0
15840 4.98817e+06 0
15850 6.07215e+06 0
15860 5.5961e+06 0
15870 5.60744e+06 0
15880 6.04845e+06 0
15890 5.53222e+06 0
15900 5.27977e+06 0
15910 5.2334e+06 0
15920 5.76509e+06 0
15930 4.00516e+06 0
15940 5.65174e+06 0
15950 5.59404e+06 0
15960 5.6909e+06 0
15970 4.59558e+06 0
15980 5.33129e+06 0
15990 5.64453e+06 0
16000 4.93046e+06 0
16010 5.75994e+06 0
16020 5.66411e+06 0
16030 6.01650e+06 0
16040 5.90419e+06 0
16050 4.89337e+06 0
16060 5.42712e+06 0
16070 6.12367e+06 0
16080 5.11388e+06 0
16090 4.49357e+06 0
16100 5.22104e+06 0
16110 6.08863e+06 0
16120 4.59146e+06 0
16130 6.3215e+06 0
16140 6.18343e+06 0
16150 5.04896e+06 0
16160 5.78879e+06 0
16170 6.0402e+06 0
16180 4.90264e+06 0
16190 4.19888e+06 0
16200 4.82433e+06 0
16210 5.33129e+06 0
16220 4.64092e+06 0
16230 5.0469e+06 0
16240 4.17827e+06 0
16250 4.75324e+06 0
16260 4.46781e+06 0
16270 4.80991e+06 0
16280 6.00414e+06 0
16290 6.20507e+06 0
16300 5.25916e+06 0
16310 5.19425e+06 0
16320 6.14324e+06 0
16330 4.68626e+06 0
16340 4.71717e+06 0
16350 5.13964e+06 0
16360 5.21588e+06 0
16370 5.34468e+06 0
16380 6.06287e+06 0
16390 5.73212e+06 0
16400 5.58065e+06 0
16410 5.94232e+06 0
16420 5.68678e+06 0
16430 5.81352e+06 0
16440 5.12521e+06 0
16450 5.27462e+06 0
16460 6.37405e+06 0
16470 5.42815e+06 0
16480 5.85679e+06 0
16490 5.8197e+06 0
16500 5.89698e+06 0
16510 5.16952e+06 0
16520 5.36838e+06 0
16530 5.27256e+06 0
16540 5.72799e+06 0
16550 4.69965e+06 0
16560 5.18291e+06 0
16570 5.31583e+06 0
16580 6.42042e+06 0
16590 5.66308e+06 0
16600 7.01496e+06 0
16610 6.86349e+06 0
16620 5.68781e+06 0
16630 5.25504e+06 0
16640 5.1757e+06 0
16650 4.76663e+06 0
16660 4.92119e+06 0
16670 4.27925e+06 0
16680 5.0943e+06 0
16690 5.57446e+06 0
16700 5.90007e+06 0
16710 6.02063e+06 0
16720 4.40702e+06 0
16730 5.50749e+06 0
16740 5.72078e+06 0
16750 6.19064e+06 0
16760 5.76818e+06 0
16770 5.28595e+06 0
16780 6.24113e+06 0
16790 6.29677e+06 0
16800 4.76251e+06 0
16810 5.89286e+06 0
16820 5.19116e+06 0
16830 5.57652e+06 0
16840 4.68111e+06 0
16850 5.85988e+06 0
16860 5.86194e+06 0
16870 5.48997e+06 0
16880 6.14324e+06 0
16890 4.87791e+06 0
16900 4.82948e+06 0
16910 5.02526e+06 0
16920 5.16436e+06 0
16930 4.74808e+06 0
16940 4.70481e+06 0
16950 4.71511e+06 0
16960 5.17364e+06 0
16970 6.18343e+06 0
16980 4.74808e+06 0
16990 5.21898e+06 0
17000 5.02217e+06 0
17010 4.75839e+06 0
17020 5.37044e+06 0
17030 6.13912e+06 0
17040 3.78466e+06 0
17050 5.3045e+06 0
17060 5.19218e+06 0
17070 5.21382e+06 0
17080 5.58683e+06 0
17090 4.64607e+06 0
17100 4.64504e+06 0
17110 4.82742e+06 0
17120 5.22516e+06 0
17130 5.01186e+06 0
17140 5.37044e+06 0
17150 6.01444e+06 0
17160 5.40548e+06 0
17170 4.09481e+06 0
17180 5.0943e+06 0
17190 5.30038e+06 0
17200 5.94026e+06 0
17210 5.50749e+06 0
17220 5.81455e+06 0
17230 5.9588e+06 0
17240 6.07627e+06 0
17250 6.38642e+06 0
17260 6.75736e+06 0
17270 6.66875e+06 0
17280 7.07473e+06 0
17290 4.92016e+06 0
17300 5.75169e+06 0
17310 5.89286e+06 0
17320 6.16797e+06 0
17330 5.92171e+06 0
17340 6.44618e+06 0
17350 5.67647e+06 0
17360 5.54458e+06 0
17370 6.46164e+06 0
17380 5.51985e+06 0
17390 6.5791e+06 0
17400 4.58322e+06 0
17410 6.34314e+06 0
17420 5.53737e+06 0
17430 6.12367e+06 0
17440 5.44772e+06 0
17450 5.53943e+06 0
17460 4.41732e+06 0
17470 5.9351e+06 0
17480 5.85679e+06 0
17490 6.27823e+06 0
17500 5.5724e+06 0
17510 6.33799e+06 0
17520 5.41166e+06 0
17530 5.74036e+06 0
17540 6.13706e+06 0
17550 5.44463e+06 0
17560 6.1824e+06 0
17570 6.21537e+06 0
17580 7.01496e+06 0
17590 6.49152e+06 0
17600 5.38281e+06 0
17610 5.40857e+06 0
17620 6.41218e+06 0
17630 5.84855e+06 0
17640 5.15097e+06 0
17650 5.40651e+06 0
17660 6.46061e+06 0
17670 5.09121e+06 0
17680 5.64762e+06 0
17690 6.06493e+06 0
17700 5.29935e+06 0
17710 6.19682e+06 0
17720 5.38178e+06 0
17730 5.14994e+06 0
17740 5.2097e+06 0
17750 5.92171e+06 0
17760 5.6775e+06 0
17770 6.86452e+06 0
17780 5.95468e+06 0
17790 5.51676e+06 0
17800 6.58941e+06 0
17810 7.02114e+06 0
17820 5.21794e+06 0
17830 6.19889e+06 0
17840 6.23289e+06 0
17850 5.92377e+06 0
17860 6.00105e+06 0
17870 5.6095e+06 0
17880 5.81042e+06 0
17890 6.59559e+06 0
17900 6.41527e+06 0
17910 6.14324e+06 0
17920 6.66669e+06 0
17930 6.0433e+06 0
17940 5.57034e+06 0
17950 6.04536e+06 0
17960 4.96653e+06 0
17970 5.25092e+06 0
17980 5.54458e+06 0
17990 5.28801e+06 0
18000 6.09688e+06 0
18010 6.27101e+06 0
18020 5.9351e+06 0
18030 5.68884e+06 0
18040 5.87225e+06 0
18050 5.93613e+06 0
18060 6.99951e+06 0
18070 6.99848e+06 0
18080 5.7486e+06 0
18090 5.81146e+06 0
18100 5.41784e+06 0
18110 5.55901e+06 0
18120 5.80836e+06 0
18130 5.65277e+06 0
18140 6.18343e+06 0
18150 5.68472e+06 0
18160 5.88668e+06 0
18170 5.72078e+06 0
18180 6.41424e+06 0
18190 6.51831e+06 0
18200 6.50182e+06 0
18210 6.79858e+06 0
18220 6.40497e+06 0
18230 6.16282e+06 0
18240 5.68162e+06 0
18250 5.30553e+06 0
18260 5.2808e+06 0
18270 5.71357e+06 0
18280 6.00208e+06 0
18290 5.6569e+06 0
18300 5.49203e+06 0
18310 5.54149e+06 0
18320 5.51573e+06 0
18330 4.74911e+06 0
18340 5.54252e+06 0
18350 5.67956e+06 0
18360 5.41475e+06 0
18370 5.72363e+06 0
18380 5.42633e+06 0
18390 5.31171e+06 0
18400 6.1113e+06 0
18410 6.14015e+06 0
18420 5.9248e+06 0
18430 5.47452e+06 0
18440 5.61053e+06 0
18450 6.75839e+06 0
18460 7.17570e+06 0
18470 5.29832e+06 0
18480 5.38178e+06 0
18490 6.35345e+06 0
18500 6.17519e+06 0
18510 6.21022e+06 0
18520 6.19167e+06 0
18530 5.30347e+06 0
18540 5.82691e+06 0
18550 6.22362e+06 0
18560 6.10306e+06 0
18570 6.14015e+06 0
18580 4.80991e+06 0
18590 6.57395e+06 0
18600 5.51367e+06 0
18610 5.93304e+06 0
18620 5.77642e+06 0
18630 6.9789e+06 0
18640 6.43794e+06 0
18650 5.95365e+06 0
18660 6.99023e+06 0
18670 6.18961e+06 0
18680 5.5858e+06 0
18690 5.52294e+06 0
18700 5.54664e+06 0
18710 5.61259e+06 0
18720 6.16076e+06 0
18730 6.02475e+06 0
18740 5.48585e+06 0
18750 5.43433e+06 0
18760 5.39414e+06 0
18770 6.08039e+06 0
18780 5.2911e+06 0
18790 5.0706e+06 0
18800 6.50698e+06 0
18810 6.02269e+06 0
18820 6.88616e+06 0
18830 6.34623e+06 0
18840 5.3622e+06 0
18850 5.57756e+06 0
18860 5.18909e+06 0
18870 6.39363e+06 0
18880 6.33387e+06 0
18890 5.93407e+06 0
18900 5.77848e+06 0
18910 6.37818e+06 0
18920 5.39105e+06 0
18930 7.05618e+06 0
18940 6.66154e+06 0
18950 5.78982e+06 0
18960 6.48637e+06 0
18970 6.13912e+06 0
18980 6.20198e+06 0
18990 6.07524e+06 0
19000 6.44824e+06 0
19010 5.85782e+06 0
19020 5.56107e+06 0
19030 5.88874e+06 0
19040 5.90831e+06 0
19050 6.65123e+06 0
19060 7.55489e+06 0
19070 5.84958e+06 0
19080 6.16591e+06 0
19090 6.83258e+06 0
19100 6.92223e+06 0
19110 6.52552e+06 0
19120 5.79085e+06 0
19130 5.88668e+06 0
19140 6.07112e+06 0
19150 6.15664e+06 0
19160 5.2674e+06 0
19170 6.28132e+06 0
19180 6.64196e+06 0
19190 6.26792e+06 0
19200 5.78673e+06 0
19210 6.64917e+06 0
19220 5.8063e+06 0
19230 7.78879e+06 0
19240 6.65844e+06 0
19250 7.03042e+06 0
19260 6.76973e+06 0
19270 7.00157e+06 0
19280 6.61002e+06 0
19290 6.53377e+06 0
19300 6.67081e+06 0
19310 6.66050e+06 0
19320 6.67287e+06 0
19330 6.33078e+06 0
19340 5.67132e+06 0
19350 6.27204e+06 0
19360 6.24938e+06 0
19370 6.74706e+06 0
19380 7.0737e+06 0
19390 5.57343e+06 0
19400 5.77539e+06 0
19410 5.99487e+06 0
19420 6.20301e+06 0
19430 5.54355e+06 0
19440 5.7249e+06 0
19450 5.58168e+06 0
19460 5.65071e+06 0
19470 6.05669e+06 0
19480 6.59662e+06 0
19490 6.71924e+06 0
19500 6.35551e+06 0
19510 5.9825e+06 0
19520 6.49873e+06 0
19530 6.54201e+06 0
19540 6.79652e+06 0
19550 7.43949e+06 0
19560 6.78724e+06 0
19570 6.46267e+06 0
19580 5.54561e+06 0
19590 6.57086e+06 0
19600 7.77849e+06 0
19610 6.59971e+06 0
19620 6.18446e+06 0
19630 5.66823e+06 0
19640 5.54355e+06 0
19650 6.57292e+06 0
19660 6.48018e+06 0
19670 5.96292e+06 0
19680 6.67699e+06 0
19690 6.89956e+06 0
19700 6.067e+06 0
19710 5.79806e+06 0
19720 6.66154e+06 0
19730 5.89801e+06 0
19740 6.31944e+06 0
19750 5.52706e+06 0
19760 6.2061e+06 0
19770 6.19064e+06 0
19780 6.21846e+06 0
19790 5.81042e+06 0
19800 6.08554e+06 0
19810 4.9655e+06 0
19820 5.68781e+06 0
19830 6.7687e+06 0
19840 6.09585e+06 0
19850 5.2674e+06 0
19860 5.64041e+06 0
19870 6.75942e+06 0
19880 6.37921e+06 0
19890 6.61105e+06 0
19900 6.95932e+06 0
19910 6.58426e+06 0
19920 5.97735e+06 0
19930 6.00826e+06 0
19940 5.87225e+06 0
19950 5.48276e+06 0
19960 5.82588e+06 0
19970 5.54149e+06 0
19980 5.93098e+06 0
19990 7.6332e+06 0
20000 6.56365e+06 0
20010 6.37508e+06 0
20020 6.07833e+06 0
20030 7.26535e+06 0
20040 5.75066e+06 0
20050 6.0433e+06 0
20060 4.93356e+06 0
20070 6.02681e+06 0
20080 5.20558e+06 0
20090 5.66823e+06 0
20100 6.36478e+06 0
20110 6.0773e+06 0
20120 5.9382e+06 0
20130 6.12676e+06 0
20140 6.32047e+06 0
20150 6.87586e+06 0
20160 6.77591e+06 0
20170 5.98559e+06 0
20180 6.97169e+06 0
20190 5.72181e+06 0
20200 6.1927e+06 0
20210 6.17106e+06 0
20220 7.01187e+06 0
20230 6.69348e+06 0
20240 6.68317e+06 0
20250 6.31635e+06 0
20260 6.93253e+06 0
20270 5.75994e+06 0
20280 6.01548e+06 0
20290 5.5858e+06 0
20300 6.68936e+06 0
20310 6.54098e+06 0
20320 6.07009e+06 0
20330 6.04433e+06 0
20340 5.83928e+06 0
20350 6.41733e+06 0
20360 6.74294e+06 0
20370 7.00569e+06 0
20380 6.14015e+06 0
20390 5.45906e+06 0
20400 5.38487e+06 0
20410 6.44927e+06 0
20420 4.90161e+06 0
20430 5.6538e+06 0
20440 5.41166e+06 0
20450 6.78415e+06 0
20460 6.26792e+06 0
20470 6.38951e+06 0
20480 5.42402e+06 0
20490 6.2401e+06 0
20500 6.33799e+06 0
20510 5.62392e+06 0
20520 6.15355e+06 0
20530 6.08451e+06 0
20540 6.12779e+06 0
20550 6.28132e+06 0
20560 5.97632e+06 0
20570 6.37714e+06 0
20580 6.10409e+06 0
20590 6.81197e+06 0
20600 6.02063e+06 0
20610 5.98353e+06 0
20620 5.79909e+06 0
20630 6.69039e+06 0
20640 7.16952e+06 0
20650 5.53016e+06 0
20660 5.80321e+06 0
20670 5.31274e+06 0
20680 6.36993e+06 0
20690 6.90986e+06 0
20700 7.22413e+06 0
20710 6.56468e+06 0
20720 6.33902e+06 0
20730 5.90728e+06 0
20740 6.18343e+06 0
20750 6.31326e+06 0
20760 6.21022e+06 0
20770 5.66823e+06 0
20780 5.85473e+06 0
20790 5.75684e+06 0
20800 5.2231e+06 0
20810 5.68781e+06 0
20820 6.02681e+06 0
20830 6.64196e+06 0
20840 5.38487e+06 0
20850 5.75375e+06 0
20860 5.67647e+06 0
20870 5.70326e+06 0
20880 5.8434e+06 0
20890 5.57858e+06 0
20900 5.41063e+06 0
20910 5.42093e+06 0
20920 5.98662e+06 0
20930 6.76045e+06 0
20940 5.93613e+06 0
20950 6.83876e+06 0
20960 6.15458e+06 0
20970 6.68008e+06 0
20980 6.55231e+06 0
20990 6.17931e+06 0
21000 6.69348e+06 0
21010 5.97838e+06 0
21020 6.50698e+06 0
21030 6.93871e+06 0
21040 5.51882e+06 0
21050 6.11748e+06 0
21060 5.55386e+06 0
21070 6.20919e+06 0
21080 5.31996e+06 0
21090 5.81146e+06 0
21100 6.10924e+06 0
21110 5.85988e+06 0
21120 6.86968e+06 0
21130 7.0974e+06 0
21140 6.19167e+06 0
21150 6.65329e+06 0
21160 6.18858e+06 0
21170 6.14324e+06 0
21180 6.77179e+06 0
21190 6.75324e+06 0
21200 5.92274e+06 0
21210 6.57601e+06 0
21220 6.53170e+06 0
21230 6.56056e+06 0
21240 6.56468e+06 0
21250 6.46679e+06 0
21260 7.12831e+06 0
21270 6.5214e+06 0
21280 6.0876e+06 0
21290 5.84958e+06 0
21300 6.19476e+06 0
21310 6.27410e+06 0
21320 5.70945e+06 0
21330 6.4297e+06 0
21340 5.41475e+06 0
21350 6.36478e+06 0
21360 6.13603e+06 0
21370 6.61723e+06 0
21380 7.14892e+06 0
21390 6.60486e+06 0
21400 6.33284e+06 0
21410 5.08914e+06 0
21420 5.77436e+06 0
21430 5.81042e+06 0
21440 6.77694e+06 0
21450 6.35551e+06 0
21460 6.73676e+06 0
21470 7.70327e+06 0
21480 7.03557e+06 0
21490 7.06442e+06 0
21500 5.56004e+06 0
21510 6.61105e+06 0
21520 5.53634e+06 0
21530 7.20765e+06 0
21540 5.94438e+06 0
21550 6.64608e+06 0
21560 6.29368e+06 0
21570 6.36375e+06 0
21580 5.24989e+06 0
21590 6.41939e+06 0
