# TimeStamp(s) Latency-avg(ms) Stdev
0 26.669 9.027
10 25.549 8.863
20 24.688 8.324
30 24.667 8.111
40 26.581 9.033
50 26.066 8.67
60 25.171 7.888
70 26.541 8.669
80 26.338 9.073
90 25.818 8.945
100 26.407 9.294
110 26.521 9.064
120 26.041 8.731
130 25.63 8.976
140 27.2 8.541
150 27.517 9.048
160 26.548 8.907
170 26.706 8.948
180 25.357 8.779
190 25.286 8.405
200 25.885 8.8
210 26.144 8.937
220 25.207 9.444
230 26.264 8.746
240 26.734 9.337
250 27.612 8.926
260 26.256 8.855
270 25.306 7.858
280 25.222 9.29
290 25.44 8.668
300 25.334 8.523
310 25.017 10.207
320 23.986 7.813
330 25.89 8.646
340 25.599 8.23
350 25.855 9.157
360 24.725 8.221
370 25.59 8.602
380 25.456 8.574
390 26.206 9.06
400 27.339 9.013
410 25.22 8.998
420 24.642 8.28
430 26.167 8.95
440 27.047 8.9
450 23.859 7.838
460 26.06 8.656
470 25.564 8.501
480 25.583 9.003
490 24.747 8.492
500 26.152 8.65
510 24.872 8.611
520 25.349 8.485
530 25.311 8.631
540 24.639 8.168
550 26.526 8.712
560 25.155 8.739
570 26.015 8.139
580 26.556 8.399
590 25.759 8.679
600 24.862 9.295
610 25.256 8.326
620 25.633 8.611
630 26.245 8.8
640 25.788 8.701
650 25.483 8.102
660 25.118 8.17
670 25.81 8.878
680 25.88 8.967
690 26.901 9.211
700 24.924 8.448
710 25.208 8.038
720 26.743 10.275
730 27.517 9.186
740 25.911 8.594
750 25.225 8.95
760 25.751 8.624
770 25.862 9.045
780 25.815 8.983
790 26.359 8.886
800 25.989 8.519
810 25.465 8.654
820 27.132 9.098
830 25.938 8.737
840 27.393 8.792
850 25.501 8.327
860 24.127 7.725
870 25.605 8.861
880 25.188 8.528
890 24.875 9.302
900 24.199 8.466
910 25.238 9.043
920 26.124 8.469
930 25.828 8.416
940 25.969 8.764
950 26.457 9.433
960 26.583 8.297
970 26.568 8.783
980 26.909 9.188
990 27.081 9.129
1000 24.86 8.04
1010 27.593 9.058
1020 26.512 8.7
1030 25.718 8.45
1040 25.44 8.811
1050 25.707 9.438
1060 25.999 9.245
1070 26.374 9.142
1080 23.7 8.194
1090 23.223 7.588
1100 24 8.831
1110 25.393 8.678
1120 24.839 9.123
1130 25.633 9.041
1140 27.032 9.292
1150 25.946 8.279
1160 25.785 8.72
1170 26.083 8.636
1180 24.354 8.551
1190 24.151 8.141
1200 25.404 8.742
1210 26.213 8.752
1220 25.163 8.624
1230 25.209 8.475
1240 24.179 8.046
1250 25.517 8.429
1260 24.753 8.692
1270 26.345 9.015
1280 25.278 9.28
1290 26.562 8.932
1300 25.691 8.529
1310 24.042 7.575
1320 25.474 8.492
1330 25.572 8.78
1340 26.141 9.461
1350 24.682 8.48
1360 25.513 8.893
1370 24.803 8.782
1380 24.973 9.083
1390 25.984 8.709
1400 25.771 8.647
1410 26.135 9.043
1420 25.266 9.631
1430 25.716 8.196
1440 24.011 7.674
1450 25.211 8.583
1460 25.989 9.072
1470 25.598 8.993
1480 26.357 8.563
1490 25.813 8.496
1500 25.384 8.846
1510 24.227 7.747
1520 25.14 9.776
1530 24.179 8.338
1540 23.538 7.847
1550 23.189 7.653
1560 23.949 8.646
1570 23.513 8
1580 24.393 9.845
1590 25.073 8.054
1600 25.528 8.943
1610 25.592 8.848
1620 26.146 9.548
1630 25.936 9.071
1640 25.083 8.163
1650 24.483 8.828
1660 23.701 7.948
1670 24.949 8.862
1680 25.709 8.622
1690 25.877 8.217
1700 24.117 7.95
1710 25.444 8.734
1720 25.911 9.27
1730 25.364 7.877
1740 23.972 8.676
1750 24.229 8.356
1760 24.662 8.491
1770 25.776 8.599
1780 25.351 8.664
1790 25.803 8.83
1800 25.061 8.745
1810 25.273 9.349
1820 24.901 8.17
1830 24.58 8.511
1840 24.77 8.287
1850 26.068 8.963
1860 26.027 9.182
1870 26.401 9.34
1880 26.524 8.6
1890 26.021 8.371
1900 25.358 8.695
1910 24.729 8.224
1920 24.266 8.715
1930 24.341 8.076
1940 24.867 9.007
1950 24.405 8.819
1960 24.573 8.46
1970 25.347 8.594
1980 25.31 8.732
1990 24.704 8.745
2000 25.276 8.523
2010 24.929 8.668
2020 25.826 9.75
2030 25.787 8.69
2040 26.078 8.642
2050 23.789 7.98
2060 24.132 8.15
2070 24.983 8.295
2080 24.672 8.317
2090 25.003 8.949
2100 23.427 7.874
2110 23.585 7.714
2120 24.833 7.833
2130 24.647 8.608
2140 24.446 8.499
2150 24.803 8.298
2160 25.754 8.966
2170 26.782 8.982
2180 24.63 8.086
2190 23.781 8.336
2200 24.526 9.418
2210 23.339 7.716
2220 24.361 8.806
2230 23.85 8.568
2240 23.337 8.414
2250 22.275 7.568
2260 22.812 8.38
2270 23.612 8.722
2280 25.411 8.821
2290 24.143 8.532
2300 23.952 8.262
2310 25.837 8.876
2320 24.491 8.388
2330 23.583 8.305
2340 25.279 9.166
2350 24.003 8.626
2360 24.466 8.49
2370 25.734 9.066
2380 23.931 8.139
2390 24.294 8.759
2400 25.071 8.755
2410 23.46 7.881
2420 23.301 8.425
2430 24.17 8.719
2440 24.274 9.004
2450 23.399 8.169
2460 24.773 8.367
2470 23.535 8.202
2480 24.884 8.61
2490 24.378 8.5
2500 23.352 8.509
2510 24.083 8.851
2520 24.543 8.316
2530 24.915 8.814
2540 24.342 8.839
2550 24.304 8.078
2560 23.853 8.635
2570 23.356 8.535
2580 25.726 9.306
2590 24.437 8.748
2600 23.404 8.472
2610 23.547 8.702
2620 25.115 8.84
2630 25.119 8.746
2640 23.897 8.871
2650 24.01 8.816
2660 24.019 7.759
2670 25.01 8.382
2680 25.718 9.103
2690 24.096 8.524
2700 24.966 9.124
2710 24.125 8.489
2720 22.96 8.554
2730 23.142 8.709
2740 23.484 8.636
2750 24.557 8.266
2760 24.348 9.179
2770 22.651 8.258
2780 23.951 8.64
2790 23.519 8.17
2800 22.326 8.008
2810 22.625 8.583
2820 22.603 8.778
2830 22.06 8.449
2840 24.338 9.464
2850 22.93 8.614
2860 23.351 8.685
2870 23.086 8.331
2880 23.954 8.568
2890 24.953 8.665
2900 25.737 9.257
2910 25.678 9.221
2920 24.497 8.665
2930 22.686 8.327
2940 22.849 7.499
2950 23.439 8.474
2960 23.119 8.491
2970 23.588 9.108
2980 23.307 8.785
2990 23.091 8.782
3000 23.316 8.674
3010 23.293 8.647
3020 22.228 8.224
3030 21.88 7.703
3040 22.894 8.302
3050 23.154 9.302
3060 23.637 8.394
3070 22.572 8.251
3080 24.585 9.348
3090 24.695 8.771
3100 22.856 8.141
3110 22.299 7.641
3120 23.106 8.819
3130 23.218 8.569
3140 24.612 9.977
3150 24.024 8.319
3160 24.375 8.322
3170 23.881 8.827
3180 23.739 8.407
3190 23.164 8.212
3200 23.456 8.624
3210 22.775 8.114
3220 24.603 9.095
3230 25.633 8.885
3240 25.141 9.041
3250 25.391 9.085
3260 25.807 9.042
3270 23.488 8.879
3280 23.006 8.108
3290 23.486 9.309
3300 23.468 9.175
3310 23.724 8.627
3320 23.794 8.975
3330 25.098 8.729
3340 25.118 8.813
3350 25.043 8.866
3360 24.807 8.623
3370 22.805 7.915
3380 23.486 8.721
3390 22.442 7.875
3400 23.327 8.542
3410 22.891 8.808
3420 23.21 8.749
3430 23.121 8.07
3440 22.714 8.154
3450 23.311 8.477
3460 23.042 8.782
3470 24.517 8.911
3480 23.785 8.823
3490 22.697 8.073
3500 22.2 8.375
3510 22.582 8.981
3520 22.8 8.089
3530 23.825 8.552
3540 24.965 9.045
3550 24.789 9.133
3560 24.022 8.761
3570 22.801 8.264
3580 23.183 8.73
3590 23.413 8.715
3600 24.775 8.942
3610 24.085 8.862
3620 24.116 8.604
3630 23.422 8.451
3640 24.929 8.777
3650 25.519 8.771
3660 23.104 8.273
3670 21.98 7.96
3680 22.899 8.684
3690 21.932 8.67
3700 22.507 8.744
3710 23.319 8.184
3720 22.813 8.619
3730 23.787 10.929
3740 24.027 7.942
3750 23.841 8.895
3760 22.676 8.311
3770 22.225 8.116
3780 22.782 8.503
3790 22.424 8.673
3800 22.411 8.285
3810 23.594 8.76
3820 23.994 8.748
3830 24.05 8.855
3840 24.245 8.989
3850 23.579 8.804
3860 24.981 9.084
3870 23.529 8.844
3880 22.706 8.428
3890 21.865 8.307
3900 21.716 8.715
3910 24.125 9.08
3920 23.125 8.401
3930 23.026 9.535
3940 22.662 8.464
3950 23.017 8.39
3960 22.32 8.204
3970 22.793 8.964
3980 21.674 7.828
3990 22.197 8.162
4000 22.439 8.305
4010 22.51 8.606
4020 23.182 8.419
4030 23.4 8.931
4040 23.458 9.015
4050 23.074 8.992
4060 22.436 8.412
4070 23.673 8.753
4080 21.988 8.249
4090 22.749 8.757
4100 24.706 8.928
4110 24.201 10.431
4120 23.597 8.785
4130 22.01 8.336
4140 23.066 9.023
4150 21.035 7.646
4160 21.183 7.965
4170 23.117 8.956
4180 23.242 9.25
4190 23.272 9.268
4200 23.321 8.707
4210 22.925 9.012
4220 23.412 9.05
4230 22.834 8.831
4240 22.412 8.688
4250 22.49 8.594
4260 23.64 10.369
4270 23.116 8.929
4280 22.453 8.432
4290 23.011 8.897
4300 22.924 9.036
4310 22.42 8.545
4320 22.346 8.265
4330 22.283 8.532
4340 21.179 8.644
4350 21.287 8.617
4360 22.238 8.611
4370 22.553 8.523
4380 21.575 8.644
4390 22.427 8.965
4400 22.89 8.764
4410 22.004 8.739
4420 22.094 9.11
4430 21.95 8.638
4440 21.977 8.896
4450 21.694 8.722
4460 22.007 8.55
4470 21.202 8.114
4480 22.195 8.145
4490 22.22 8.457
4500 22.833 8.708
4510 21.557 8.381
4520 21.49 8.731
4530 22.261 9.323
4540 21.846 8.916
4550 21.935 8.625
4560 22.421 8.676
4570 22.123 8.559
4580 22.722 8.577
4590 21.674 8.227
4600 21.06 7.688
4610 21.481 8.499
4620 21.286 8.408
4630 21.46 8.226
4640 21.149 8.431
4650 21.489 8.974
4660 23.186 9.115
4670 21.437 8.446
4680 22.209 8.551
4690 22.934 8.681
4700 20.927 8.398
4710 21.706 8.375
4720 20.904 8.543
4730 20.878 8.421
4740 21.018 8.541
4750 22.687 8.969
4760 21.89 8.57
4770 21.659 8.567
4780 22.347 8.353
4790 22.368 8.578
4800 23.43 8.816
4810 21.088 8.519
4820 20.141 7.653
4830 20.909 8.387
4840 20.988 8.476
4850 22.237 8.85
4860 22.021 8.705
4870 22.831 8.545
4880 22.226 8.566
4890 22.616 8.742
4900 22.238 8.483
4910 21.643 9.407
4920 22.172 8.643
4930 21.714 8.748
4940 20.842 8.305
4950 21.497 9.152
4960 20.224 8.391
4970 22.338 9.016
4980 21.9 8.586
4990 22.354 8.413
5000 21.364 8.744
5010 22.705 8.724
5020 21.907 8.597
5030 21.722 8.51
5040 20.42 8.4
5050 20.911 9.651
5060 21.187 9.192
5070 21.805 9.035
5080 21.708 8.463
5090 21.641 8.533
5100 20.892 8.534
5110 20.573 8.159
5120 21.387 8.736
5130 20.948 8.399
5140 20.468 8.224
5150 21.769 8.641
5160 21.977 8.469
5170 21.272 8.739
5180 20.377 8.196
5190 21.307 9.046
5200 20.5 8.569
5210 19.415 7.795
5220 19.677 8.093
5230 20.417 8.514
5240 19.629 8.056
5250 21.135 9.296
5260 21.817 8.765
5270 21.969 8.799
5280 21.217 8.773
5290 20.41 8.464
5300 21.1 10.112
5310 20.308 8.127
5320 20.434 8.488
5330 20.785 8.629
5340 21.027 9.517
5350 22.017 8.833
5360 21.056 8.524
5370 20.172 8.202
5380 20.715 8.912
5390 21.527 8.557
5400 20.438 8.672
5410 20.595 8.45
5420 20.172 8.223
5430 20.146 8.563
5440 19.584 8.983
5450 20.567 8.23
5460 22.46 8.88
5470 22.758 8.821
5480 21.552 8.523
5490 20.889 8.863
5500 21.761 8.97
5510 21.845 8.617
5520 21.588 9.15
5530 22.138 8.939
5540 20.188 8.706
5550 21.572 8.308
5560 20.897 8.332
5570 20.545 8.213
5580 20.434 8.593
5590 20.003 8.407
5600 20.18 8.531
5610 19.629 8.085
5620 20.326 8.974
5630 20.406 8.366
5640 22.146 9.229
5650 22.954 9.149
5660 22.628 9.045
5670 21.628 8.362
5680 22.122 8.73
5690 22.337 9.052
5700 22.453 9.095
5710 22.42 9.148
5720 19.957 8.489
5730 20.239 8.475
5740 20.807 8.495
5750 20.631 8.356
5760 20.42 8.465
5770 21.09 8.345
5780 21.045 8.779
5790 20.617 8.271
5800 21.042 8.882
5810 20.742 8.125
5820 21.189 8.954
5830 20.227 8.216
5840 20.574 9.275
5850 20.651 8.624
5860 20.477 8.057
5870 20.348 8.252
5880 21.307 9.035
5890 20.698 8.959
5900 20.198 8.789
5910 19.685 8.666
5920 20.503 8.365
5930 21.324 8.162
5940 22.123 8.758
5950 21.474 8.767
5960 20.455 8.566
5970 20.518 8.452
5980 21.865 8.882
5990 21.863 9.094
6000 21.437 9.012
6010 20.422 8.932
6020 20.09 8.167
6030 20.831 7.989
6040 22.2 9.088
6050 21.311 8.777
6060 22.252 8.976
6070 22.319 8.657
6080 21.203 8.598
6090 20.024 8.77
6100 20.206 8.617
6110 19.545 9.159
6120 20.389 8.512
6130 21.465 8.522
6140 21.666 8.625
6150 21.681 8.584
6160 20.366 8.242
6170 20.095 8.556
6180 19.424 8.006
6190 20.337 8.763
6200 19.522 8.181
6210 20.644 8.635
6220 21.755 8.986
6230 21.683 9.203
6240 21.168 8.493
6250 20.52 8.632
6260 20.15 9.23
6270 19.855 8.981
6280 19.642 8.379
6290 20.188 8.442
6300 19.811 7.86
6310 20.263 8.499
6320 20.874 8.153
6330 20.959 8.692
6340 21.407 8.622
6350 20.531 8.441
6360 20.531 8.181
6370 21.442 8.588
6380 20.537 8.609
6390 20.319 8.537
6400 20.088 8.622
6410 22.74 9.186
6420 22.5 8.509
6430 22.09 8.917
6440 22.458 8.94
6450 20.377 8.618
6460 20.826 8.679
6470 20.173 8.603
6480 19.757 8.476
6490 20.642 8.831
6500 21.363 8.637
6510 21.222 8.875
6520 20.863 8.598
6530 19.556 7.767
6540 19.04 7.53
6550 19.508 8.119
6560 19.757 8.256
6570 19.306 7.863
6580 18.983 7.269
6590 18.844 7.886
6600 19.451 8.286
6610 18.839 7.029
6620 18.724 7.328
6630 22.498 8.661
6640 21.171 8.551
6650 19.515 8.264
6660 19.514 8.307
6670 20.797 10.954
6680 21.603 8.955
6690 21.676 9.134
6700 21.01 9.375
6710 20.513 8.354
6720 20.788 8.175
6730 21.319 8.025
6740 21.713 9.174
6750 20.528 8.395
6760 19.967 8.42
6770 21.091 9.229
6780 20.148 8.74
6790 19.454 9.023
6800 20.523 8.595
6810 22.066 9.022
6820 21.488 9.61
6830 21.247 9.098
6840 20.182 8.414
6850 20.08 8.094
6860 21.809 9.052
6870 20.796 8.834
6880 20.444 8.766
6890 20.213 8.598
6900 20.805 9.139
6910 20.992 10.455
6920 21.289 8.749
6930 21.469 8.733
6940 20.931 8.534
6950 21.068 8.723
6960 19.462 8.278
6970 21.146 9.003
6980 20.08 8.667
6990 20.133 8.779
7000 20.695 10.254
7010 19.937 8.802
7020 19.894 7.79
7030 20.028 8.308
7040 20.013 7.994
7050 21.739 9.268
7060 20.239 8.688
7070 19.658 8.127
7080 20.025 8.457
7090 19.382 7.555
7100 21.195 9.746
7110 20.819 8.529
7120 20.26 8.17
7130 21.286 9.225
7140 22.967 9.342
7150 21.066 9.085
7160 21.491 8.674
7170 21.119 9.307
7180 19.231 8.157
7190 21.957 9.091
7200 20.998 8.949
7210 20.004 8.83
7220 21.617 9.192
7230 20.192 8.162
7240 21.898 9.24
7250 21.225 8.902
7260 20.23 8.442
7270 19.892 8.301
7280 20.427 8.976
7290 21.682 8.7
7300 20.887 8.552
7310 21.179 8.841
7320 19.243 7.719
7330 21.914 9.048
7340 20.854 8.803
7350 20.556 8.565
7360 19.664 8.458
7370 18.891 8.285
7380 20.822 8.465
7390 21.207 8.555
7400 20.577 7.984
7410 20.396 8.394
7420 19.791 8.195
7430 18.927 7.514
7440 19.092 7.864
7450 19.323 8.001
7460 19.225 8.49
7470 20.525 9.423
7480 21.476 9.965
7490 20.962 8.793
7500 20.412 8.356
7510 20.436 9.8
7520 20.525 8.733
7530 20.895 8.942
7540 19.62 8.211
7550 19.554 7.961
7560 20.206 8.559
7570 21.508 10.592
7580 21.636 8.746
7590 20.785 8.518
7600 21.104 8.788
7610 19.694 8.589
7620 20.263 8.845
7630 20.087 8.438
7640 21.068 9.4
7650 21.204 8.83
7660 20.374 8.836
7670 20.429 8.61
7680 21.181 8.922
7690 21.366 9.116
7700 19.519 8.03
7710 19.199 7.902
7720 20.906 8.697
7730 20.019 8.706
7740 19.958 8.486
7750 19.55 9.425
7760 19.302 8.466
7770 20.097 8.742
7780 20.077 9.103
7790 20.272 8.614
7800 20.133 8.542
7810 20.581 8.375
7820 19.413 8.746
7830 19.392 8.517
7840 19.552 8.498
7850 20.198 8.324
7860 21.519 8.784
7870 21.133 9.474
7880 20.831 9.021
7890 20.825 8.656
7900 20.18 8.785
7910 19.255 8.26
7920 19.081 8.994
7930 19.603 8.567
7940 18.483 7.986
7950 18.692 8.801
7960 20.116 8.054
7970 21.662 8.763
7980 21.214 8.591
7990 20.96 8.644
8000 20.94 8.725
8010 21.046 8.762
8020 20.255 8.983
8030 19.56 8.33
8040 19.721 8.889
8050 18.475 8.46
8060 21.098 9.293
8070 20.221 8.41
8080 20.453 8.923
8090 20.37 8.51
8100 20.968 8.638
8110 19.876 8.626
8120 21.124 9.062
8130 19.785 8.592
8140 21.672 8.879
8150 20.293 8.681
8160 21.965 8.916
8170 21.702 8.57
8180 19.449 7.963
8190 19.706 8.29
8200 19.491 8.508
8210 18.547 8.593
8220 19.371 8.221
8230 18.527 8.36
8240 18.924 9.033
8250 19.374 8.569
8260 19.987 8.254
8270 19.181 9.334
8280 19.23 8.011
8290 19.852 9.284
8300 19.744 8.88
8310 18.517 8.667
8320 19.798 8.853
8330 19.363 9.096
8340 18.392 8.491
8350 19.273 8.367
8360 19.445 8.575
8370 20.368 9.014
8380 20.423 8.852
8390 20.569 8.639
8400 19.495 8.7
8410 19.948 8.752
8420 19.985 8.711
8430 19.178 8.43
8440 19.578 8.956
8450 20.35 9.296
8460 20.981 8.777
8470 19.237 8.171
8480 19.943 8.699
8490 19.235 8.627
8500 19.167 9.053
8510 18.389 8.769
8520 19.128 8.475
8530 19.791 8.897
8540 20.132 8.838
8550 20.13 8.602
8560 18.22 8.41
8570 21.235 8.951
8580 20.123 8.845
8590 19.666 9.243
8600 19.448 8.708
8610 18.157 8.693
8620 18.205 8.38
8630 18.203 8.042
8640 19.527 9.264
8650 20.589 9.373
8660 19.897 8.553
8670 19.027 7.914
8680 20.557 10.744
8690 19.973 8.887
8700 18.932 8.331
8710 18.676 8.635
8720 18.374 8.499
8730 19.061 8.854
8740 19.186 8.377
8750 20.618 9.245
8760 20.192 8.771
8770 19.152 8.551
8780 18.332 7.97
8790 20.192 8.709
8800 19.643 8.418
8810 19.82 8.944
8820 19.669 8.878
8830 20.896 8.641
8840 20.213 8.725
8850 19.56 8.31
8860 19.845 8.704
8870 18.842 8.338
8880 19.724 8.728
8890 19.433 9.113
8900 19.972 9.264
8910 19.246 8.986
8920 19.783 9.132
8930 20.403 9.298
8940 20.887 8.978
8950 19.807 8.663
8960 19.699 8.647
8970 20.045 9.07
8980 19.567 8.912
8990 19.202 9.005
9000 20.114 8.682
9010 20.238 9.601
9020 20.998 8.677
9030 18.794 8.195
9040 20.285 10.132
9050 21.077 8.78
9060 18.359 9.69
9070 19.631 9.884
9080 19.61 8.655
9090 18.027 8.003
9100 18.471 8.713
9110 18.365 8.361
9120 20.747 8.882
9130 20.479 9.739
9140 19.3 8.875
9150 20.197 8.959
9160 19.787 8.633
9170 18.856 8.423
9180 18.656 8.839
9190 18.454 8.726
9200 19.618 10.434
9210 18.947 9.001
9220 19.282 8.517
9230 20.879 9.27
9240 19.928 8.952
9250 18.684 8.623
9260 19.469 8.382
9270 19.933 8.866
9280 19.755 8.455
9290 18.187 8.383
9300 17.15 8.035
9310 20.214 9.783
9320 19.802 9.945
9330 19.805 8.484
9340 18.506 8.2
9350 18.862 9.1
9360 18.249 7.898
9370 17.828 7.952
9380 19.016 8.552
9390 18.096 8.444
9400 19.977 8.92
9410 19.793 8.626
9420 18.07 8.407
9430 18.849 8.149
9440 18.807 8.601
9450 17.831 8.099
9460 18.202 8.497
9470 18.904 8.459
9480 18.147 8.808
9490 18.633 7.872
9500 17.454 8.241
9510 18.918 8.657
9520 19.011 8.506
9530 17.956 8.482
9540 18.408 8.882
9550 19.268 8.856
9560 18.049 8.771
9570 17.497 8.078
9580 17.35 8.584
9590 17.673 10.141
9600 18.517 8.732
9610 19.256 8.71
9620 19.155 9.057
9630 20.424 8.884
9640 19.993 9.047
9650 18.721 8.725
9660 18.933 8.941
9670 19.783 9.376
9680 19.761 8.712
9690 17.835 8.615
9700 19.798 8.906
9710 19.311 10.842
9720 17.182 7.66
9730 19.509 8.77
9740 19.579 9.473
9750 18.913 8.999
9760 17.435 8.719
9770 17.732 8.753
9780 17.555 8.369
9790 18.869 9.157
9800 20.33 8.873
9810 19.772 9.158
9820 19.415 9.146
9830 18.844 8.813
9840 19.172 8.451
9850 18.172 8.659
9860 18.705 9.028
9870 18.975 9.598
9880 17.898 8.884
9890 17.888 7.962
9900 17.905 8.007
9910 19.07 9.52
9920 19.551 9.019
9930 19.138 8.517
9940 19.632 9.33
9950 19.527 9.063
9960 17.945 8.093
9970 17.948 9.223
9980 18.041 9.016
9990 18.897 8.326
10000 18.327 8.602
10010 19.371 8.592
10020 18.481 9.067
10030 17.848 8.705
10040 19.441 8.913
10050 19.242 9.516
10060 19.203 8.78
10070 18.819 9.312
10080 19.389 10.712
10090 19.182 8.669
10100 19.583 8.852
10110 19.646 9.016
10120 19.917 8.929
10130 18.589 8.649
10140 20.149 9.107
10150 19.287 8.724
10160 19.048 8.781
10170 17.7 8.249
10180 18.411 8.265
10190 18.627 9.359
10200 18.797 8.719
10210 18.025 8.432
10220 18.341 9.08
10230 18.706 8.688
10240 17.863 8.313
10250 18.851 8.992
10260 18.424 9.265
10270 19.035 8.806
10280 18.914 8.942
10290 18.994 8.702
10300 18.138 8.731
10310 18.241 8.869
10320 17.545 8.556
10330 18.364 8.591
10340 18.766 8.948
10350 18.014 8.392
10360 17.531 8.74
10370 18.457 8.508
10380 19.408 9.028
10390 19.967 8.819
10400 18.691 8.566
10410 19.416 8.627
10420 18.473 8.411
10430 18.859 8.643
10440 17.896 9.132
10450 16.855 8.115
10460 18.464 9.266
10470 18.867 9.083
10480 17.424 8.608
10490 18.558 8.56
10500 17.895 9.138
10510 18.559 8.456
10520 18.126 8.261
10530 17.962 8.746
10540 18.349 8.956
10550 17.927 8.902
10560 17.643 8.389
10570 17.959 8.172
10580 17.152 7.82
10590 18.001 8.69
10600 18.341 9.179
10610 18.245 8.896
10620 17.559 8.233
10630 18.209 8.869
10640 17.86 9.198
10650 17.023 8.23
10660 18.901 8.853
10670 19.592 9.229
10680 18.139 8.578
10690 16.878 8.021
10700 16.828 7.865
10710 17.028 8.42
10720 16.284 8.079
10730 17.184 8.502
10740 16.618 7.857
10750 17.342 9.347
10760 20.041 8.856
10770 18.357 8.537
10780 19.332 8.665
10790 18.936 8.633
10800 18.24 8.723
10810 17.672 8.521
10820 16.832 8.453
10830 19.351 8.951
10840 19.227 9.253
10850 17.964 8.489
10860 18.833 8.926
10870 17.777 7.662
10880 18.148 8.708
10890 18.103 8.551
10900 18.492 8.301
10910 18.36 8.436
10920 18.459 8.526
10930 18.121 8.873
10940 16.834 8.349
10950 16.99 8.374
10960 17.946 8.537
10970 16.956 7.923
10980 18.221 8.658
10990 19.416 9.118
11000 18.796 8.696
11010 18.683 8.864
11020 17.294 8.447
11030 17.994 8.791
11040 16.855 8.402
11050 17.874 8.225
11060 19.123 8.498
11070 18.466 8.301
11080 18.76 9.163
11090 17.487 8.54
11100 17.467 8.493
11110 16.975 8.304
11120 16.763 8.048
11130 17.997 8.768
11140 17.437 8.599
11150 17.989 8.861
11160 18.111 8.849
11170 17.945 8.759
11180 17.874 8.766
11190 17.348 8.153
11200 18.575 8.368
11210 18.044 8.523
11220 18.701 8.942
11230 18.411 9.703
11240 18.721 8.662
11250 19.572 8.588
11260 19.164 8.851
11270 18.652 8.141
11280 18.49 8.562
11290 17.899 9.028
11300 18.106 8.63
11310 19.132 8.743
11320 18.731 8.677
11330 16.583 8.496
11340 18.474 8.804
11350 16.97 8.376
11360 18.987 8.97
11370 18.984 8.863
11380 19.254 9.042
11390 18.312 8.676
11400 18.387 8.815
11410 17.665 8.321
11420 17.835 8.756
11430 18.902 8.571
11440 19.248 8.883
11450 19.246 8.629
11460 18.769 8.498
11470 19.38 8.894
11480 18.528 8.423
11490 18.905 8.998
11500 18.033 9.228
11510 17.115 8.649
11520 16.539 8.265
11530 18.556 8.671
11540 19.227 8.659
11550 18.908 8.827
11560 18.704 8.98
11570 17.94 8.587
11580 17.015 7.693
11590 18.414 8.773
11600 18.977 9.283
11610 18.583 8.493
11620 18.054 8.704
11630 20.159 8.781
11640 18.979 9.074
11650 19.637 9.046
11660 19.991 8.68
11670 19.063 8.672
11680 18.819 8.966
11690 18.688 8.871
11700 17.121 8.493
11710 17.799 8.959
11720 18.876 8.659
11730 18.601 8.46
11740 19.208 9.528
11750 19.709 8.359
11760 18.151 8.568
11770 19.232 9.13
11780 18.108 8.532
11790 18.592 8.738
11800 18.399 8.627
11810 18.443 8.55
11820 17.935 8.083
11830 19.184 8.794
11840 18.912 8.854
11850 18.883 9.057
11860 18.787 9.03
11870 15.332 6.858
11880 17.163 7.859
11890 17.786 8.56
11900 17.238 8.167
11910 18.468 8.207
11920 19.196 8.95
11930 18.043 8.718
11940 19.658 9.528
11950 16.794 8.215
11960 18.508 9.132
11970 18.123 8.615
11980 18.904 8.859
11990 18.663 8.917
12000 17.241 7.779
12010 19.914 8.623
12020 17.847 8.564
12030 16.603 7.543
12040 19.194 8.808
12050 18.117 8.642
12060 18.389 8.202
12070 18.665 8.913
12080 18.445 8.543
12090 19.218 8.832
12100 20.232 8.619
12110 19.415 8.426
12120 20.189 8.961
12130 19.02 8.718
12140 17.225 7.793
12150 17.252 8.906
12160 16.309 7.741
12170 16.75 7.991
12180 17.228 8.263
12190 16.867 7.721
12200 19.031 9.08
12210 19.067 8.9
12220 20.393 8.891
12230 18.946 10.216
12240 18.629 8.853
12250 19.168 8.518
12260 17.09 8.208
12270 17.696 8.702
12280 17.563 8.167
12290 19.078 9.265
12300 18.373 8.528
12310 18.289 8.241
12320 18.417 8.507
12330 18.574 8.788
12340 18.782 9.12
12350 19.664 8.849
12360 18.771 8.935
12370 17.755 8.334
12380 17.848 9.711
12390 17.725 7.846
12400 17.862 8.81
12410 18.521 8.89
12420 18.225 9.235
12430 17.569 8.682
12440 17.827 7.927
12450 19.644 8.829
12460 20.155 9.377
12470 19.048 9.237
12480 19.795 8.887
12490 18.878 8.58
12500 18.116 8.23
12510 19.399 9.71
12520 19.035 8.619
12530 17.494 9.38
12540 18.198 8.172
12550 17.772 8.503
12560 18.774 8.908
12570 19.285 8.809
12580 20.849 9.06
12590 18.862 8.753
12600 17.511 7.738
12610 18.102 8.15
12620 19.397 9.419
12630 19.147 9.118
12640 20.095 11.038
12650 18.825 8.618
12660 18.551 9.013
12670 19.242 8.952
12680 18.624 8.437
12690 19.721 8.64
12700 19.869 8.491
12710 18.832 8.098
12720 17.994 8.305
12730 17.278 7.606
12740 18.647 8.119
12750 18.993 8.739
12760 19.491 8.942
12770 18.664 8.925
12780 18.269 8.151
12790 18.682 8.367
12800 19.833 8.487
12810 19.625 9.976
12820 19.175 8.987
12830 19.817 8.699
12840 18.431 8.512
12850 19.836 8.713
12860 19.895 8.781
12870 19.682 8.352
12880 19.881 8.455
12890 18.51 8.356
12900 18.619 8.093
12910 18.212 8.078
12920 17.491 7.7
12930 18.251 7.873
12940 19.04 8.693
12950 17.29 7.699
12960 19.354 8.777
12970 19.939 8.274
12980 20.701 8.924
12990 19.722 9.061
13000 20.253 8.965
13010 20.462 8.836
13020 18.69 8.884
13030 18.491 7.982
13040 17.552 8.735
13050 17.632 8.06
13060 19.008 8.254
13070 18.67 7.839
13080 19.697 8.777
13090 20.403 8.926
13100 20.984 9.503
13110 18.135 8.001
13120 18.135 8.013
13130 18.431 8.131
13140 18.268 8.354
13150 17.273 7.985
13160 19.246 8.234
13170 18.975 8.241
13180 20.108 8.495
13190 19.992 8.676
13200 19.835 9.028
13210 20.124 9.075
13220 19.545 8.823
13230 18.95 9.205
13240 19.119 8.637
13250 19.489 8.763
13260 18.827 8.573
13270 18.913 8.017
13280 19.095 8.329
13290 19.093 8.324
13300 19.31 8.706
13310 20.044 9.186
13320 19.355 8.808
13330 19.822 8.779
13340 20.774 9.194
13350 21.21 9.035
13360 19.88 8.793
13370 20.404 8.861
13380 19.631 8.813
13390 20.023 8.707
13400 18.986 8.443
13410 19.14 8.166
13420 18.411 7.993
13430 19.089 9.104
13440 19.424 8.671
13450 20.604 9.135
13460 19.991 8.549
13470 18.601 8.55
13480 19.616 8.313
13490 18.414 7.798
13500 18.059 8.237
13510 17.879 7.865
13520 19.153 8.337
13530 19.488 8.587
13540 19.246 8.213
13550 19.527 8.402
13560 19.488 8.918
13570 18.977 9.143
13580 18.512 8.138
13590 18.988 8.605
13600 18.89 8.558
13610 20.617 9.066
13620 18.383 8.604
13630 19.62 8.642
13640 20.624 9.052
13650 20.275 8.668
13660 20.36 8.556
13670 19.728 8.573
13680 19.213 8.582
13690 19.928 8.804
13700 18.792 8.491
13710 19.891 9.261
13720 20.197 8.423
13730 19.778 8.314
13740 19.843 8.496
13750 21.276 8.837
13760 21.037 9.235
13770 19.693 8.957
13780 18.658 8.2
13790 19.508 8.244
13800 21.112 9.145
13810 19.01 8.544
13820 19.836 10.29
13830 20.321 8.619
13840 19.563 8.387
13850 20.296 8.762
13860 20.677 8.737
13870 19.207 8.486
13880 20.258 8.586
13890 18.936 8.504
13900 19.63 8.349
13910 19.878 8.721
13920 20.705 8.845
13930 21.306 8.744
13940 19.876 8.579
13950 21.142 9.111
13960 20.053 9.464
13970 20.418 9.108
13980 21.202 9.172
13990 20.478 9.062
14000 20.716 8.772
14010 19.536 8.449
14020 19.542 8.635
14030 20.809 9.166
14040 22.136 9.151
14050 21.142 8.458
14060 20.232 8.999
14070 20.483 8.725
14080 21.322 8.645
14090 21.764 9.041
14100 20.904 9.044
14110 21.137 8.816
14120 22.464 9.217
14130 20.936 8.577
14140 22.239 8.408
14150 21.99 8.97
14160 19.814 8.442
14170 19.748 8.441
14180 18.958 8.156
14190 19.256 8.4
14200 19.755 8.956
14210 19.333 8.578
14220 20.199 8.876
14230 21.664 9.247
14240 21.927 8.975
14250 20.971 9.001
14260 20.17 8.712
14270 20.05 8.642
14280 19.287 8.368
14290 19.242 8.2
14300 18.842 7.987
14310 19.892 8.59
14320 21.339 8.594
14330 20.357 8.884
14340 21.866 8.876
14350 21.958 8.697
14360 21.948 9.253
14370 21.889 8.981
14380 19.216 8.832
14390 20.325 13.081
14400 20.368 8.708
14410 19.984 8.454
14420 21.974 9.371
14430 22.165 8.893
14440 20.844 8.976
14450 20.885 8.682
14460 21.11 9.192
14470 18.756 7.948
14480 19.825 8.505
14490 19.613 8.547
14500 19.508 8.529
14510 20.508 8.546
14520 19.944 9.698
14530 20.045 8.446
14540 21.004 9.122
14550 21.023 9.234
14560 21.298 8.983
14570 21.193 8.709
14580 20.2 8.901
14590 19.198 8.61
14600 20.553 8.585
14610 20.606 10.729
14620 21.194 8.957
14630 21.691 9.875
14640 20.631 8.655
14650 21.465 8.773
14660 19.997 8.503
14670 19.72 8.633
14680 20.392 9.11
14690 20.914 8.929
14700 22.374 9.053
14710 22.256 8.672
14720 21.745 9.356
14730 20.921 9.066
14740 19.395 8.601
14750 20.468 8.732
14760 21.018 8.561
14770 19.857 9.023
14780 20.141 8.64
14790 21.771 8.879
14800 21.473 9.842
14810 21.238 8.89
14820 19.913 8.393
14830 21.025 9.188
14840 21.266 9.021
14850 21.13 8.781
14860 22.672 9.284
14870 20.937 9.224
14880 21.891 9.144
14890 22.935 9.222
14900 21.845 8.824
14910 21.198 8.485
14920 20.47 9.012
14930 19.109 8.275
14940 20.125 8.773
14950 21.558 8.775
14960 20.908 8.631
14970 20.475 9.046
14980 20.167 8.289
14990 21.357 8.558
15000 22.122 9.272
15010 21.866 8.828
15020 20.827 8.701
15030 20.531 8.331
15040 19.063 7.968
15050 19.466 8.716
15060 20.252 8.713
15070 22.094 9.294
15080 21.544 8.441
15090 23.044 9.112
15100 21.315 8.196
15110 22.306 8.949
15120 21.265 8.41
15130 21.504 8.893
15140 22.926 8.999
15150 21.867 8.887
15160 21.097 8.751
15170 21.611 8.809
15180 21.821 8.798
15190 21.379 8.459
15200 20.521 8.662
15210 20.679 8.861
15220 21.66 8.504
15230 20.849 8.529
15240 20.365 8.761
15250 21.862 8.627
15260 21.045 9.075
15270 21.657 8.855
15280 22.718 8.94
15290 21.281 8.743
15300 20.951 8.486
15310 21.54 9.453
15320 20.227 8.623
15330 21.882 8.803
15340 21.417 9.066
15350 21.305 8.456
15360 20.09 8.499
15370 21.996 8.783
15380 20.565 8.011
15390 21.759 9.008
15400 23.228 8.944
15410 22.021 9.101
15420 20.839 8.849
15430 21.262 9.16
15440 20.649 8.64
15450 21.221 9.015
15460 20.952 8.882
15470 22.744 9.082
15480 22.048 8.572
15490 21.767 8.638
15500 21.222 8.515
15510 21.324 8.501
15520 20.717 8.871
15530 21.287 9.088
15540 21.351 8.854
15550 22.009 8.678
15560 21.164 8.558
15570 20.853 8.567
15580 21.025 8.726
15590 21.155 9.046
15600 21.434 9.06
15610 20.837 10.058
15620 21.673 8.828
15630 20.711 8.423
15640 19.651 7.651
15650 20.204 8.476
15660 22.244 8.628
15670 21.703 8.861
15680 22.249 9.149
15690 23.406 8.909
15700 22.303 8.559
15710 21.81 8.593
15720 21.183 8.518
15730 20.429 8.409
15740 21.787 8.362
15750 21.274 8.221
15760 20.328 7.662
15770 21.925 8.83
15780 22.326 9.005
15790 21.689 8.939
15800 21.116 8.475
15810 21.096 8.544
15820 22.317 8.812
15830 20.873 8.662
15840 22.03 9.46
15850 23.002 9.25
15860 22.364 10.808
15870 21.535 7.995
15880 20.834 8.335
15890 21.052 7.963
15900 21.448 8.504
15910 21.19 8.799
15920 20.039 8.148
15930 20.636 8.35
15940 21.187 8.479
15950 23.173 8.886
15960 21.579 8.799
15970 21.799 8.264
15980 22.549 8.942
15990 22.59 8.629
16000 21.569 8.85
16010 21.465 8.5
16020 21.343 8.614
16030 20.951 8.519
16040 21.372 8.957
16050 21.807 8.537
16060 22.854 8.92
16070 20.685 8.412
16080 22.31 8.975
16090 22.731 8.992
16100 22.163 8.912
16110 21.749 8.43
16120 21.711 8.553
16130 23.021 8.77
16140 20.509 8.5
16150 21.115 9.035
16160 23.301 8.99
16170 21.893 8.867
16180 21.875 8.476
16190 21.282 8.609
16200 21.918 9.039
16210 20.788 8.259
16220 20.358 7.716
16230 22.974 9.168
16240 22.433 8.657
16250 20.488 7.947
16260 22.382 8.714
16270 21.82 8.733
16280 21.28 7.988
16290 21.12 8.634
16300 20.698 8.067
16310 22.009 8.845
16320 22.726 9.362
16330 23.059 8.786
16340 23.693 9.045
16350 21.386 8.639
16360 22.043 9.277
16370 22.228 8.79
16380 21.769 8.562
16390 21.228 8.125
16400 21.05 8.508
16410 22.161 8.446
16420 21.49 8.572
16430 21.692 8.407
16440 21.958 9.509
16450 22.059 8.155
16460 21.171 8.348
16470 21.761 9.208
16480 21.172 8.933
16490 21.555 8.996
16500 21.639 8.374
16510 23.752 8.946
16520 23.065 8.756
16530 22.65 8.929
16540 21.117 7.628
16550 21.61 8.761
16560 20.269 7.367
16570 20.994 8.118
16580 22.581 8.979
16590 21.487 8.434
16600 21.286 8.538
16610 22.544 9.181
16620 21.866 8.529
16630 22.675 8.568
16640 20.447 8.033
16650 21.646 8.325
16660 21.991 8.521
16670 21.278 8.246
16680 22.283 8.835
16690 23.111 9.037
16700 22.272 9.332
16710 23.159 8.776
16720 22.094 8.819
16730 22.626 8.939
16740 22.576 8.573
16750 22.19 8.529
16760 22.045 8.602
16770 23.727 9.984
16780 22.649 9.289
16790 22.278 9.223
16800 21.067 8.505
16810 20.252 7.28
16820 23.312 8.671
16830 20.369 8.262
16840 20.631 8.347
16850 20.677 8.451
16860 21.262 8.217
16870 21.712 8.206
16880 21.801 8.674
16890 21.346 8.17
16900 22.339 8.449
16910 20.909 8.149
16920 21.661 8.248
16930 22.788 8.623
16940 22.862 9.056
16950 21.072 8.248
16960 20.861 8.015
16970 21.573 8.743
16980 21.235 9.039
16990 20.331 7.887
17000 21.592 8.558
17010 20.921 7.75
17020 20.163 7.051
17030 21.762 8.628
17040 20.647 7.671
17050 20.954 8.785
17060 20.742 9.041
17070 18.851 7.259
17080 20.632 8.369
17090 21.69 8.516
17100 21.748 8.492
17110 22.409 8.682
17120 22.632 8.645
17130 21.973 8.894
17140 22.057 8.308
17150 21.384 8.85
17160 20.572 8.176
17170 20.534 8.452
17180 20.42 8.185
17190 21.692 8.573
17200 20.29 7.95
17210 21.139 8.438
17220 22.094 9.024
17230 21.663 8.465
17240 20.432 8.437
17250 20.212 7.905
17260 21.711 8.736
17270 21.4 8.786
17280 20.712 8.363
17290 21.033 8.108
17300 21.282 7.875
17310 22.038 9.032
17320 21.615 8.71
17330 21.206 8.325
17340 23.41 8.62
17350 23.22 8.89
17360 21.761 8.75
17370 20.251 8.322
17380 19.664 7.73
17390 21.501 8.611
17400 23.813 9.13
17410 22.784 8.731
17420 22.86 8.756
17430 21.536 8.942
17440 20.815 8.221
17450 20.051 7.818
17460 22.031 9.131
17470 20.808 8.464
17480 21.415 8.309
17490 22.679 9.056
17500 20.777 8.32
17510 22.332 8.84
17520 22.748 8.868
17530 21.37 8.989
17540 22.705 9.155
17550 20.924 8.514
17560 20.718 8.518
17570 22.677 9.303
17580 23.326 8.701
17590 22.423 9.215
17600 20.771 8.115
17610 21.499 8.803
17620 20.537 8.227
17630 21.409 9.071
17640 21.034 8.8
17650 23.53 9.102
17660 21.604 8.793
17670 21.699 9.226
17680 23.57 8.68
17690 22.192 9.329
17700 20.504 8.415
17710 21.029 8.634
17720 21.69 9.023
17730 21.768 8.448
17740 22.352 10.018
17750 18.933 7.37
17760 20.116 8.215
17770 21.751 9.037
17780 22.037 9.185
17790 21.944 8.883
17800 22.226 8.379
17810 20.697 8.476
17820 18.88 7.45
17830 18.475 7.158
17840 20.143 8.142
17850 19.121 7.914
17860 20.546 8.471
17870 23.046 9.166
17880 22.136 8.765
17890 22.297 8.641
17900 22.299 8.865
17910 21.327 9.515
17920 19.784 8.155
17930 20.353 9.592
17940 22.401 9.413
17950 21.831 9.09
17960 21.964 9.136
17970 22.036 8.721
17980 21.609 8.962
17990 21.39 8.632
18000 21.664 8.603
18010 21.823 9.171
18020 21.795 8.913
18030 21.791 9.298
18040 22.064 8.991
18050 22.564 8.565
18060 22.589 9.194
18070 21.855 9.046
18080 22.056 8.869
18090 21.699 9.62
18100 21.556 8.595
18110 22.39 9.169
18120 19.781 8.154
18130 21.227 8.86
18140 19.184 8.123
18150 22.558 8.652
18160 22.165 8.856
18170 22.793 8.901
18180 23.088 9.816
18190 23.731 10.411
18200 20.404 8.808
18210 21.055 8.461
18220 19.732 8.36
18230 19.404 8.324
18240 21.734 9.036
18250 20.628 8.48
18260 20.532 8.546
18270 21.057 8.742
18280 21.236 8.97
18290 22.28 9.72
18300 20.274 8.477
18310 20.528 8.086
18320 19.713 8.25
18330 19.076 7.865
18340 20.662 8.58
18350 21.134 9.992
18360 21.616 8.804
18370 20.953 8.4
18380 22.231 9.104
18390 20.655 8.492
18400 20.097 8.227
18410 19.074 7.261
18420 20.418 8.789
18430 19.986 8.437
18440 21.597 8.631
18450 20.771 8.232
18460 21.378 8.081
18470 21.495 8.832
18480 21.972 8.374
18490 21.853 8.31
18500 20.846 8.59
18510 20.493 8.074
18520 21.14 9.248
18530 20.576 8.739
18540 20.959 8.559
18550 20.582 8.293
18560 20.023 7.581
18570 20.459 8.087
18580 20.293 8.592
18590 20.349 8.988
18600 21.682 8.755
18610 20.811 8.503
18620 20.813 8.6
18630 21.244 8.207
18640 21.457 8.847
18650 21.767 8.335
18660 21.748 8.548
18670 21.379 8.826
18680 20.77 8.559
18690 20.323 8.524
18700 19.763 8.244
18710 20.01 7.645
18720 20.36 8.329
18730 20.605 8.76
18740 20.066 8.144
18750 19.761 8.345
18760 19.862 8.427
18770 21.681 9.011
18780 20.889 8.846
18790 21.862 9.003
18800 21.577 9.066
18810 21.504 8.816
18820 22.662 8.998
18830 22.107 8.414
18840 22.289 8.686
18850 20.058 8.168
18860 20.462 8.048
18870 19.726 7.933
18880 21.199 8.551
18890 22.161 9.106
18900 19.698 7.73
18910 21.393 9.156
18920 21.294 8.52
18930 20.875 8.577
18940 22.209 8.716
18950 22.078 9.555
18960 22.032 9.79
18970 22.558 9.053
18980 20.972 8.629
18990 20.804 8.57
19000 20.978 8.994
19010 20.461 8.117
19020 21.852 8.494
19030 21.564 9.565
19040 19.671 7.64
19050 20.724 8.48
19060 20.535 8.537
19070 20.668 8.396
19080 20.845 8.497
19090 22.073 8.635
19100 20.419 8.465
19110 21.059 8.758
19120 22.525 8.623
19130 23.154 9.319
19140 19.976 7.858
19150 20.927 8.401
19160 20.607 8.733
19170 20.822 8.813
19180 21.836 8.948
19190 22.239 8.807
19200 20.696 8.776
19210 21.581 8.989
19220 21.495 8.459
19230 22.891 8.965
19240 22.788 9.171
19250 23.312 9.069
19260 21.267 9.138
19270 22.063 9.076
19280 20.876 8.82
19290 20.498 8.3
19300 20.604 8.464
19310 21.812 8.369
19320 21.258 8.28
19330 22.904 8.918
19340 20.24 8.26
19350 20.507 8.216
19360 20.425 8.396
19370 19.841 8.392
19380 19.956 8.4
19390 21.301 8.409
19400 21.468 8.922
19410 21.892 8.434
19420 23.297 9.291
19430 22.843 8.775
19440 21.726 8.609
19450 21.101 8.442
19460 20.234 8.561
19470 21.161 8.982
19480 20.805 8.956
19490 19.891 7.688
19500 21.408 9.241
19510 20.953 7.846
19520 20.95 8.412
19530 21.772 8.591
19540 20.03 7.871
19550 20.31 8.466
19560 19.023 7.045
19570 20.085 8.515
19580 20.982 8.603
19590 21.414 8.281
19600 21.852 8.042
19610 21.913 8.575
19620 22.635 8.762
19630 22.095 8.606
19640 22.341 8.848
19650 22.462 10.187
19660 21.633 8.646
19670 20.904 8.311
19680 20.515 8.446
19690 23.032 8.907
19700 22.04 9.083
19710 22.11 9.105
19720 23.569 8.879
19730 23.691 8.8
19740 21.807 8.281
19750 20.982 8.68
19760 20.255 8.343
19770 21.17 8.936
19780 20.544 8.112
19790 22.417 8.455
19800 22.266 8.423
19810 20.89 7.94
19820 20.721 8.213
19830 20.806 8.601
19840 21.399 9.382
19850 20.781 8.411
19860 21.015 9.138
19870 21.561 8.947
19880 22.212 9.008
19890 21.031 7.921
19900 22.228 8.733
19910 20.825 8.879
19920 20.537 8.801
19930 20.591 8.911
19940 21.116 8.249
19950 20.401 8.639
19960 20.873 8.775
19970 21.24 8.488
19980 21.165 8.841
19990 21.338 8.868
20000 20.541 8.044
20010 21.165 8.545
20020 21.059 8.27
20030 21.702 8.618
20040 20.481 8.565
20050 21.262 8.687
20060 19.992 8.356
20070 20.876 7.826
20080 21.763 8.781
20090 21.717 8.74
20100 22.546 8.697
20110 23.066 9.319
20120 21.996 8.46
20130 21.917 8.318
20140 22.836 8.312
20150 21.435 8.786
20160 21.299 8.832
20170 21.926 7.971
20180 21.391 8.537
20190 21.715 8.533
20200 23.281 8.861
20210 22.792 8.669
20220 23.068 8.931
20230 23.663 9.362
20240 22.787 8.787
20250 23.243 8.583
20260 23.727 8.838
20270 23.345 8.964
20280 21.116 8.189
20290 21.948 8.535
20300 22.121 9.147
20310 21.44 8.684
20320 20.656 8.6
20330 20.305 8.676
20340 20.617 8.259
20350 20.673 8.525
20360 22.042 8.369
20370 21.53 8.388
20380 20.249 8.028
20390 20.641 8.448
20400 20.777 7.996
20410 21.414 8.227
20420 21.341 8.651
20430 21.269 8.81
20440 21.446 8.572
20450 21.597 8.507
20460 22.602 8.754
20470 22.315 8.175
20480 21.274 8.218
20490 22.244 8.381
20500 22.126 8.94
20510 22.319 8.793
20520 22.788 9.031
20530 20.754 8.017
20540 20.93 8.341
20550 22.631 7.893
20560 22.173 8.523
20570 22.138 8.136
20580 21.853 8.354
20590 22.248 8.61
20600 22.772 8.986
20610 21.799 8.736
20620 22.383 8.741
20630 23.386 9.231
20640 22.651 8.768
20650 22.582 8.441
20660 22.91 8.681
20670 23.683 8.85
20680 22.539 8.466
20690 24.23 9.037
20700 23.453 8.941
20710 23.128 8.928
20720 22.83 8.975
20730 22.825 9.114
20740 22.619 8.612
20750 22.846 8.37
20760 22.076 8.473
20770 22.098 8.506
20780 22.965 9.059
20790 21.503 8.964
20800 21.587 8.547
20810 21.962 8.996
20820 21.894 8.676
20830 21.879 8.138
20840 22.957 8.552
20850 21.284 7.729
20860 21.959 8.521
20870 21.961 8.656
20880 20.751 8.375
20890 19.897 7.494
20900 20.657 7.921
20910 21.442 8.883
20920 21.581 8.796
20930 21.787 8.603
20940 22.585 8.492
20950 22.265 8.803
20960 22.487 8.638
20970 22.336 8.35
20980 21.142 8.18
20990 21.171 8.592
21000 21.378 8.271
21010 21.222 8.688
21020 21.029 8.596
21030 21.347 8.847
21040 22.878 8.883
21050 24.347 8.847
21060 22.838 9.151
21070 22.141 8.643
21080 22.387 8.712
21090 20.141 8.256
21100 20.649 8.792
21110 22.134 8.829
21120 21.777 8.72
21130 21.434 8.206
21140 21.805 8.375
21150 21.807 8.56
21160 21.232 8.678
21170 21.146 8.75
21180 20.546 8.012
21190 21.357 8.703
21200 20.826 8.186
21210 19.922 8.3
21220 20.748 8.492
21230 20.911 8.806
21240 20.919 8.383
21250 21.015 8.621
21260 21.086 8.473
21270 21.634 8.702
21280 21.176 9.092
21290 20.516 8.479
21300 19.988 8.568
21310 20.727 8.74
21320 22.43 8.936
21330 22.244 8.932
21340 21.087 8.326
21350 20.566 8.675
21360 19.918 8.374
21370 19.723 9.053
21380 19.643 8.071
21390 19.578 8.823
21400 19.92 8.432
21410 19.652 8.056
21420 21.728 8.748
21430 21.221 8.823
21440 20.204 7.969
21450 20.574 8.304
21460 20.372 8.209
21470 20.181 9.033
21480 20.996 8.659
21490 20.921 8.722
21500 19.572 8.218
21510 18.874 8.017
21520 20.189 8.733
21530 20.115 7.816
21540 19.827 8.776
21550 19.048 8.674
21560 19.606 8.624
21570 18.874 8.32
21580 18.388 8.037
21590 20.073 8.407
