# TimeStamp(s) Latency-avg(ms) Stdev
0 11.665 1.684
10 12.313 6.066
20 11.832 1.352
30 37.59 66.206
40 21.661 39.74
50 56.233 85.926
60 57.528 91.733
70 31.962 63.756
80 11.372 1.117
90 11.625 1.63
100 16.406 30.273
110 45.55 75.789
120 11.799 1.317
130 11.813 1.285
140 23.256 49.377
150 37.821 75.657
160 18.107 33.585
170 11.517 1.379
180 32.311 68.089
190 16.834 32.028
200 14.106 18.046
210 11.848 1.333
220 20.889 49.177
230 11.869 1.336
240 11.904 1.24
250 11.896 1.334
260 11.935 1.422
270 11.417 1.193
280 11.388 1.254
290 27.088 61.524
300 12.756 7.866
310 11.774 1.219
320 29.638 57.832
330 11.959 1.467
340 16.845 31.541
350 30.207 62.922
360 27.963 58.11
370 20.038 47.658
380 14.7 23.168
390 11.621 1.23
400 15.814 27.274
410 11.791 1.255
420 11.849 1.302
430 11.862 1.431
440 11.867 1.23
450 11.911 1.3
460 11.848 1.599
470 16.76 32.563
480 31.449 60.133
490 23.715 41.466
500 32.436 62.243
510 18.141 38.014
520 12.278 5.603
530 65.864 94.889
540 97.406 109.622
550 57.491 87.181
560 23.116 45.685
570 19.987 47.519
580 14.763 22.941
590 21.242 43.241
600 11.759 1.581
610 14.69 21.7
620 15.126 23.497
630 14.914 22.986
640 11.887 1.802
650 11.895 1.742
660 11.302 1.236
670 11.356 1.157
680 11.432 1.264
690 18.279 34.807
700 12.464 6.774
710 23.793 51.61
720 29.596 56.346
730 29.138 61.878
740 20.239 46.377
750 25.354 50.759
760 19.886 39.322
770 11.316 1.298
780 11.323 1.406
790 11.493 1.399
800 11.503 1.204
810 11.673 1.3
820 11.8 2.758
830 32.096 62.699
840 11.592 1.297
850 19.938 46.886
860 19.089 37.304
870 16.706 32.609
880 11.462 1.323
890 21.442 44.612
900 16.523 31.022
910 11.82 2.832
920 14.103 18.407
930 19.172 35.297
940 15.429 26.329
950 38.087 71.589
960 47.069 83.097
970 44.06 72.697
980 50.15 84.506
990 11.741 2.125
1000 11.785 1.624
1010 11.738 1.398
1020 11.746 1.354
1030 25.713 47.288
1040 22.413 46.526
1050 15.485 27.704
1060 11.443 1.705
1070 11.47 1.643
1080 11.621 1.611
1090 11.682 1.571
1100 19.702 45.355
1110 16.179 28.734
1120 36.426 71.48
1130 18.945 40.812
1140 11.566 1.229
1150 30.007 63.496
1160 15.129 25.925
1170 18.02 39.039
1180 15.127 23.902
1190 19.582 37.65
1200 11.643 1.198
1210 15.777 25.345
1220 21.069 37.389
1230 11.856 2.64
1240 50.312 86.058
1250 21.858 45.749
1260 31.378 61.676
1270 39.399 67.466
1280 26.402 58.865
1290 11.662 1.342
1300 15.329 24.823
1310 16.016 28.033
1320 11.672 1.278
1330 11.817 1.382
1340 25.994 59.209
1350 15.824 29.207
1360 41.923 80.129
1370 22.42 43.1
1380 20.042 38.882
1390 38.85 69.818
1400 32.45 64.957
1410 12.211 3.523
1420 11.714 1.153
1430 11.869 1.588
1440 17.098 29.326
1450 28.431 58.495
1460 22.654 47.943
1470 21.669 44.568
1480 20.382 47.811
1490 12.048 4.288
1500 11.677 1.173
1510 11.813 1.301
1520 11.782 1.442
1530 11.676 1.493
1540 11.657 12.858
1550 30.786 62.626
1560 15.01 24.464
1570 11.563 1.188
1580 11.636 1.183
1590 19.095 42.231
1600 18.956 42.184
1610 14.825 22.135
1620 16.792 32.282
1630 17.289 35.105
1640 18.7 42.369
1650 27.728 53.158
1660 15.559 27.345
1670 13.809 17.649
1680 11.609 1.209
1690 11.66 1.259
1700 11.669 1.189
1710 11.707 1.157
1720 28.231 57.702
1730 11.436 1.235
1740 11.323 1.709
1750 11.53 1.588
1760 11.492 1.309
1770 27.827 57.774
1780 11.692 1.475
1790 11.728 1.365
1800 11.735 1.379
1810 11.717 1.31
1820 40.925 76.486
1830 15.002 24.032
1840 23.877 50.3
1850 11.413 1.155
1860 22.64 46.673
1870 11.642 1.425
1880 35.466 72.167
1890 23.092 50.874
1900 44.061 78.39
1910 11.664 1.158
1920 17.196 28.525
1930 11.309 1.55
1940 11.39 1.233
1950 11.526 1.25
1960 11.602 1.316
1970 11.712 1.752
1980 39.166 69.657
1990 74.66 103.233
2000 34.526 64.169
2010 41.682 73.577
2020 11.539 1.143
2030 26.22 50.176
2040 34.866 65.388
2050 28.147 58.228
2060 11.586 1.232
2070 14.788 21.987
2080 11.779 1.489
2090 11.67 1.222
2100 16.831 31.789
2110 21.352 42.263
2120 15.443 26.468
2130 17.32 31.955
2140 11.487 1.396
2150 11.501 1.224
2160 17.624 36.067
2170 11.655 1.349
2180 21.282 42.908
2190 12.772 9.912
2200 15.47 25.46
2210 24.698 54.926
2220 14.195 21.085
2230 11.238 1.272
2240 12.708 11.936
2250 17.216 34.969
2260 18.291 39.29
2270 13.015 11.612
2280 11.682 1.612
2290 14.958 23.111
2300 41.693 77.646
2310 19.205 36.094
2320 15.327 26.547
2330 11.292 1.339
2340 11.46 1.271
2350 17.3 35.761
2360 26.01 48.686
2370 19.99 39.275
2380 11.685 1.374
2390 23.941 46.938
2400 14.951 20.284
2410 20.872 49.257
2420 11.271 1.327
2430 11.306 1.219
2440 11.428 1.195
2450 30.134 64.009
2460 20.061 39.38
2470 11.635 1.321
2480 40.624 73.333
2490 49.187 85.955
2500 76.279 98.688
2510 23.346 49.276
2520 11.347 1.327
2530 11.373 1.288
2540 11.39 1.087
2550 11.647 1.53
2560 18.147 38.371
2570 11.691 1.263
2580 11.704 1.136
2590 11.674 1.168
2600 31.779 63.83
2610 22.984 45.548
2620 14.11 19.685
2630 11.462 1.3
2640 18.82 42.122
2650 18.054 31.998
2660 18.884 34.937
2670 42.151 71.988
2680 35.709 62.662
2690 11.796 1.441
2700 26.921 55.908
2710 11.437 1.657
2720 11.343 1.209
2730 11.857 11.686
2740 31.317 59.93
2750 11.712 1.285
2760 17.045 33.331
2770 11.73 1.252
2780 16.424 30.237
2790 11.808 1.502
2800 11.681 1.34
2810 11.296 1.188
2820 25.814 58.118
2830 16.984 34.027
2840 11.655 1.281
2850 11.674 1.151
2860 11.818 1.5
2870 19.409 43.738
2880 14.906 22.036
2890 27.159 57.228
2900 50.56 85.235
2910 36.158 60.008
2920 11.517 1.433
2930 11.655 1.413
2940 11.694 1.24
2950 11.717 1.2
2960 30.057 56.834
2970 17.249 32.493
2980 35.027 68.501
2990 32.06 61.939
3000 21.848 45.521
3010 11.426 1.204
3020 11.541 1.488
3030 32.155 64.866
3040 14.614 19.097
3050 11.775 1.134
3060 19.165 42.089
3070 11.787 1.214
3080 17.898 36.047
3090 12.219 10.659
3100 44.216 81.356
3110 23.214 46.23
3120 18.612 33.652
3130 30.4 60.238
3140 11.786 1.267
3150 28.293 63.712
3160 11.818 1.414
3170 15.216 23.094
3180 11.889 1.244
3190 11.906 1.42
3200 12.021 5.728
3210 18.641 41.303
3220 19.438 42.021
3230 14.18 18.449
3240 33.028 64.621
3250 30.823 60.008
3260 28.268 49.706
3270 30.565 57.522
3280 18.606 39.553
3290 32.732 69.696
3300 32.921 63.699
3310 17.125 28.617
3320 18.777 40.728
3330 11.875 1.385
3340 11.931 1.467
3350 11.908 1.374
3360 11.965 1.452
3370 11.881 1.14
3380 11.923 1.309
3390 11.681 1.312
3400 11.653 1.693
3410 11.717 1.403
3420 11.826 1.867
3430 11.832 1.217
3440 16.089 27.26
3450 11.981 1.309
3460 11.983 1.198
3470 20.017 45.154
3480 12.071 1.601
3490 11.746 1.42
3500 11.592 1.178
3510 11.671 1.159
3520 11.836 1.314
3530 16.964 31.987
3540 11.93 1.297
3550 20.383 36.452
3560 12.031 1.422
3570 17.176 27.509
3580 61.763 87.923
3590 16.05 29.442
3600 11.611 1.452
3610 21.337 42.641
3620 11.847 1.183
3630 11.966 1.236
3640 16.808 30.806
3650 18.056 33.005
3660 12.005 1.428
3670 16.975 32.004
3680 24.534 53.923
3690 34.936 72.494
3700 18.697 40.624
3710 24.538 48.411
3720 11.944 1.527
3730 11.989 1.219
3740 15.388 23.728
3750 15.266 22.77
3760 15.237 22.469
3770 12.05 1.224
3780 11.748 1.205
3790 11.606 1.254
3800 11.908 1.684
3810 11.843 1.291
3820 11.95 1.245
3830 12.017 1.235
3840 12.056 1.332
3850 12.037 1.404
3860 14.093 15.305
3870 51.949 88.877
3880 33.162 57.471
3890 31.188 64.046
3900 11.768 1.686
3910 22.933 48.181
3920 12.023 1.214
3930 12.053 1.197
3940 29.843 61.272
3950 12.05 1.169
3960 15.531 23.949
3970 12.011 1.2
3980 11.703 1.386
3990 11.81 1.351
4000 11.832 1.463
4010 16.233 25.325
4020 18.868 40.473
4030 11.996 1.273
4040 11.965 1.212
4050 15.251 22.407
4060 12.143 1.382
4070 17.759 35.847
4080 11.62 1.238
4090 11.832 1.372
4100 11.864 1.234
4110 15.918 26.599
4120 30.34 56.159
4130 12.044 1.123
4140 12.094 1.468
4150 14.886 19.463
4160 27.395 45.834
4170 15.041 21.874
4180 34.74 67.75
4190 21.566 43.123
4200 26.14 56.268
4210 17.922 32.132
4220 19.415 33.924
4230 19.121 39.977
4240 12.197 1.313
4250 12.243 1.447
4260 12.126 1.341
4270 11.656 1.367
4280 14.985 22.655
4290 16.284 28.743
4300 16.878 30.795
4310 53.27 85.427
4320 26.997 45.888
4330 21.355 42.295
4340 29.696 60.297
4350 25.404 48.838
4360 18.097 36.397
4370 16.253 29.183
4380 29.956 62.256
4390 11.932 1.284
4400 33.267 65.682
4410 59.446 86.297
4420 43.082 76.384
4430 39.651 77.727
4440 18.839 38.723
4450 24.15 48.709
4460 16.625 30.274
4470 13.56 14.031
4480 18.778 39.633
4490 17.416 33.615
4500 12.173 1.501
4510 15.221 21.868
4520 12.193 1.217
4530 12.247 1.387
4540 12.26 1.374
4550 12.377 1.533
4560 15.398 24.505
4570 25.53 56.387
4580 61.605 98.407
4590 23.072 40.925
4600 12.264 1.331
4610 17.402 32.184
4620 23.912 50.067
4630 12.396 1.303
4640 18.924 38.545
4650 20.271 37.734
4660 31.553 59.754
4670 16.492 28.983
4680 42.073 75.564
4690 17.052 30.074
4700 24.427 45.452
4710 12.513 1.312
4720 12.54 1.177
4730 12.676 1.537
4740 12.579 1.227
4750 24.684 51.029
4760 27.765 53.283
4770 35.097 65.104
4780 32.648 61.955
4790 27.688 50.045
4800 29.64 58.164
4810 19.218 32.325
4820 15.118 16.939
4830 12.861 1.353
4840 12.877 1.323
4850 12.607 1.455
4860 28.07 49.764
4870 12.49 1.234
4880 16.948 28.23
4890 16.528 24.212
4900 23.44 42.943
4910 36.475 70.866
4920 23.307 45.186
4930 18.447 33.665
4940 16.066 21.741
4950 12.683 1.293
4960 25.494 53.778
4970 20.876 37.994
4980 12.983 1.52
4990 13.408 7.522
5000 16.033 18.293
5010 13.484 4.111
5020 13.548 8.852
5030 25.313 45.081
5040 50.673 82.818
5050 43.771 81.545
5060 12.985 1.376
5070 13.122 1.347
5080 13.271 1.447
5090 13.315 1.225
5100 22.236 48.8
5110 43.105 69.331
5120 62.409 95.506
5130 30.537 55.544
5140 43.87 75.672
5150 20.045 40.362
5160 13.148 1.355
5170 13.336 1.341
5180 13.352 1.229
5190 13.571 1.388
5200 13.61 1.372
5210 13.567 1.203
5220 13.612 1.43
5230 13.713 1.471
5240 13.327 1.365
5250 49.151 82.304
5260 42.828 73.677
5270 39.385 69.965
5280 21.287 43.766
5290 13.667 1.128
5300 13.706 1.269
5310 25.565 43.789
5320 18.488 26.264
5330 16.285 19.335
5340 25.382 52.349
5350 29.568 52.658
5360 13.629 1.389
5370 22.29 46.765
5380 13.842 1.27
5390 13.857 1.155
5400 14.026 1.721
5410 13.992 1.269
5420 13.974 1.096
5430 19.064 32.523
5440 20.152 32.316
5450 13.836 1.785
5460 35.846 70.576
5470 13.878 1.225
5480 14.028 1.227
5490 16.741 19.003
5500 14.274 1.588
5510 14.119 1.38
5520 22.267 45.496
5530 20.328 37.977
5540 17.899 27.511
5550 13.867 1.246
5560 14.28 4.045
5570 14.26 1.557
5580 14.212 1.261
5590 14.292 1.261
5600 30.872 64.004
5610 63.282 92.421
5620 37.722 69.236
5630 14.421 2.332
5640 22.73 41.068
5650 21.467 30.568
5660 14.202 1.573
5670 14.607 4.293
5680 14.367 1.409
5690 28.122 52.097
5700 36.393 66.781
5710 33.65 56.16
5720 34.234 56.441
5730 17.114 19.639
5740 14.093 1.408
5750 14.112 1.293
5760 14.225 1.405
5770 14.301 1.316
5780 17.626 22.38
5790 14.549 1.491
5800 14.452 1.437
5810 14.379 1.134
5820 22.9 38.45
5830 19.692 34.925
5840 21.89 43.657
5850 14.261 1.331
5860 23.976 42.998
5870 19.732 32.964
5880 22.517 38.693
5890 48.288 76.399
5900 14.4 1.131
5910 17.737 23.022
5920 14.36 1.333
5930 49.201 79.34
5940 14.619 10.136
5950 38.328 68.323
5960 14.481 1.502
5970 14.481 1.148
5980 14.462 1.398
5990 14.575 1.682
6000 14.604 1.245
6010 14.549 1.191
6020 44.725 78.784
6030 21.654 43.214
6040 20.369 37.192
6050 19.096 30.52
6060 20.193 35.035
6070 14.392 1.113
6080 17.997 23.713
6090 18.581 27.098
6100 20.784 31.035
6110 26.225 50.856
6120 14.275 1.651
6130 14.287 1.604
6140 20.688 37.79
6150 14.495 1.308
6160 19.373 30.43
6170 16.912 17.898
6180 14.64 1.206
6190 16.979 18.462
6200 14.662 1.19
6210 29.813 50.237
6220 22.351 45.232
6230 19.022 28.802
6240 40.291 70.61
6250 31.742 57.264
6260 14.667 1.406
6270 14.703 1.342
6280 14.872 1.786
6290 14.706 1.264
6300 19.632 30.976
6310 19.441 26.11
6320 21.832 42.959
6330 35.875 64.921
6340 18.374 26.392
6350 17.545 21.057
6360 23.613 48.173
6370 24.215 42.426
6380 14.817 1.26
6390 34.2 59.705
6400 23.609 48.116
6410 23.294 48.499
6420 14.398 1.176
6430 18.854 28.548
6440 14.648 1.363
6450 14.805 1.273
6460 14.727 1.187
6470 21.295 38.718
6480 23.696 48.205
6490 20.589 34.888
6500 14.872 1.332
6510 35.41 62.893
6520 25.508 48.156
6530 21.409 31.371
6540 18.309 24.396
6550 28.767 53.265
6560 27.073 45.884
6570 21.811 33.378
6580 19.903 31.093
6590 23.88 48.71
6600 14.838 1.387
6610 20.466 33.267
6620 14.692 1.542
6630 14.688 1.286
6640 22.02 41.488
6650 21.489 32.206
6660 31.042 62.723
6670 21.893 33.365
6680 15.043 1.175
6690 15.454 2.972
6700 20.814 37.276
6710 24.656 44.091
6720 21.483 39.574
6730 14.868 1.431
6740 20.713 29.16
6750 18.584 23.197
6760 38.82 67.995
6770 15.554 10.153
6780 30.888 55.477
6790 15.118 1.179
6800 14.715 1.314
6810 14.752 1.17
6820 14.936 1.458
6830 33.416 59.129
6840 27.005 50.642
6850 15.218 1.387
6860 15.187 1.244
6870 19.591 28.729
6880 20.777 34.879
6890 15.284 1.902
6900 14.725 1.179
6910 16.948 18.86
6920 46.185 78.431
6930 20.359 33.106
6940 24.102 48.369
6950 15.608 4.689
6960 17.566 17.937
6970 15.278 1.363
6980 46.947 70.1
6990 24.736 42.896
7000 37.137 66.131
7010 22.431 42.888
7020 16.668 12.843
7030 35.354 63.249
7040 27.197 49.777
7050 25.944 47.481
7060 18.127 20.534
7070 27.377 51.933
7080 20.37 30.616
7090 15.87 7.396
7100 17.675 20.283
7110 15.059 1.326
7120 22.451 41.269
7130 22.141 39.843
7140 15.383 1.28
7150 17.724 18.081
7160 15.478 1.341
7170 18.821 23.872
7180 15.494 1.303
7190 15.25 1.264
7200 24.642 44.759
7210 23.081 44.621
7220 47.97 80.554
7230 49.279 77.782
7240 69.452 95.647
7250 74.212 102.055
7260 44.225 71.276
7270 20.045 24.723
7280 18.164 19.28
7290 21.075 30.15
7300 30.429 53.222
7310 15.365 1.365
7320 15.467 1.248
7330 15.537 1.277
7340 15.591 1.314
7350 15.603 1.296
7360 15.753 2.046
7370 39.283 70.015
7380 36.512 65.299
7390 18.729 24.307
7400 17.705 18.276
7410 22.018 32.788
7420 40.055 72.045
7430 19.692 27.446
7440 15.644 1.207
7450 39.879 70.32
7460 26.078 41.598
7470 34.781 55.022
7480 25.693 42.817
7490 32.257 64.328
7500 34.093 59.885
7510 31.221 58.234
7520 19.678 26.744
7530 25.016 45.68
7540 15.905 1.49
7550 16.559 6.857
7560 19.911 26.96
7570 19.566 25.248
7580 15.509 1.253
7590 15.494 1.327
7600 15.615 1.311
7610 15.818 1.565
7620 15.808 1.413
7630 24.596 47.694
7640 15.922 1.228
7650 15.908 1.159
7660 15.994 1.352
7670 16.063 2.995
7680 15.941 4.079
7690 15.625 1.544
7700 15.767 1.336
7710 15.799 1.24
7720 15.93 1.317
7730 15.936 1.446
7740 22.779 33.851
7750 22.912 34.965
7760 31.804 62.315
7770 15.822 1.361
7780 15.481 1.412
7790 15.525 1.213
7800 15.616 1.524
7810 15.694 1.265
7820 15.743 1.181
7830 15.818 1.506
7840 26.528 42.203
7850 25.893 45.085
7860 15.822 1.43
7870 15.498 1.419
7880 15.239 1.378
7890 21.028 28.592
7900 15.521 1.313
7910 23.27 42.267
7920 38.337 63.244
7930 61.216 93.966
7940 48.336 81.633
7950 23.881 39.254
7960 22.272 37.143
7970 28.485 55.95
7980 23.012 44.363
7990 47.327 75.372
8000 39.583 66.965
8010 56.087 87.779
8020 36.936 63.774
8030 31.163 61.717
8040 19.757 28.129
8050 15.498 1.281
8060 15.407 1.415
8070 38.079 64.889
8080 32.511 61.305
8090 22.549 43.007
8100 15.249 1.326
8110 15.368 1.214
8120 15.312 1.264
8130 15.307 1.204
8140 15.336 1.366
8150 15.44 1.469
8160 15.26 1.36
8170 20.938 36.355
8180 23.216 45.524
8190 15.083 1.18
8200 15.59 5.157
8210 15.169 1.191
8220 15.328 2.14
8230 29.426 51.842
8240 34.779 61.144
8250 19.22 25.618
8260 43.231 79.367
8270 36.848 66.49
8280 41.824 76.018
8290 14.886 1.228
8300 15.046 1.393
8310 18.473 22.694
8320 17.779 19.952
8330 15.136 1.325
8340 15.122 1.24
8350 15.052 1.096
8360 14.691 1.258
8370 28.943 55.163
8380 32.329 61.772
8390 14.884 1.306
8400 17.445 18.962
8410 26.782 50.058
8420 21.143 29.454
8430 26.825 50.245
8440 17.848 20.472
8450 23.125 37.074
8460 32.926 56.35
8470 17.478 19.596
8480 14.682 1.223
8490 22.551 36.511
8500 40.827 66.418
8510 45.911 79.692
8520 67.47 90.925
8530 21.09 30.743
8540 14.961 1.448
8550 15.645 7.859
8560 37.109 67.419
8570 14.497 1.18
8580 14.678 1.494
8590 21.825 35.203
8600 14.739 1.223
8610 18.586 24.987
8620 19.338 29.423
8630 57.047 87.803
8640 39.107 70.724
8650 47.58 82.161
8660 38.897 62.003
8670 31.304 58.591
8680 14.605 1.504
8690 79.791 98.513
8700 23.2 39.096
8710 31.101 49.831
8720 69.564 93.425
8730 51.968 83.115
8740 14.663 1.133
8750 15.009 7.126
8760 29.567 60.179
8770 18.727 28.612
8780 35.549 60.844
8790 36.604 65.983
8800 19.311 29.117
8810 35.439 64.943
8820 18.104 24.299
8830 14.67 1.342
8840 30.34 56.786
8850 14.308 1.361
8860 14.313 1.392
8870 14.383 1.409
8880 17.217 18.696
8890 14.623 1.4
8900 14.527 1.4
8910 14.621 1.447
8920 14.528 1.234
8930 14.636 1.403
8940 14.536 1.725
8950 14.043 1.212
8960 14.146 1.207
8970 29.278 53.824
8980 58.334 89.051
8990 64.296 96.983
9000 48.961 81.693
9010 18.448 27.245
9020 14.521 1.329
9030 36.169 69.945
9040 23.023 47.633
9050 13.972 1.131
9060 35.957 66.865
9070 30.078 56.703
9080 14.418 1.277
9090 14.495 1.573
9100 21.85 41.945
9110 14.55 1.684
9120 28.607 49.539
9130 14.549 1.473
9140 14.11 1.257
9150 14.142 1.593
9160 14.414 2.189
9170 32.051 56.963
9180 14.404 1.253
9190 17.879 23.971
9200 50.325 78.942
9210 17.375 21.939
9220 23.599 40.474
9230 17.807 22.675
9240 38.506 71.337
9250 29.67 56.065
9260 14.207 1.506
9270 14.252 1.296
9280 15.871 13.114
9290 14.355 1.369
9300 37.525 66.53
9310 22.9 38.749
9320 25.087 42.171
9330 14.198 1.336
9340 30.203 54.087
9350 16.855 20.788
9360 14.125 1.315
9370 17.947 25.679
9380 18.112 26.038
9390 35.944 62.285
9400 14.309 1.453
9410 45.253 72.499
9420 38.502 61.93
9430 31.835 62.205
9440 25.17 45.6
9450 14.375 3.837
9460 14.062 1.138
9470 24.358 43.749
9480 27.511 49.891
9490 16.718 18.645
9500 60.648 90.329
9510 31.971 55.571
9520 20.378 30.553
9530 33.14 66.732
9540 38.268 72.157
9550 60.964 86.087
9560 22.136 45.2
9570 16.643 18.447
9580 17.239 22.583
9590 46.128 80.04
9600 24.064 39.13
9610 17.938 25.244
9620 14.158 1.389
9630 16.673 20.897
9640 16.919 22.105
9650 23.11 48.834
9660 19.486 34.105
9670 19.138 32.484
9680 13.929 1.018
9690 14.127 1.295
9700 16.421 17.834
9710 18.973 25.532
9720 25.204 49.377
9730 31.23 62.408
9740 13.762 1.299
9750 20.31 32.41
9760 22.445 46.351
9770 19.986 33.545
9780 18.663 29.877
9790 20.657 37.72
9800 45.458 75.922
9810 14.032 1.373
9820 52.168 85.017
9830 24.736 42.651
9840 24.857 47.231
9850 44.075 80.335
9860 18.046 28.126
9870 26.714 48.72
9880 17.751 26.458
9890 37.154 64.446
9900 15.312 12.508
9910 18.126 28.452
9920 13.239 1.138
9930 13.373 1.303
9940 18.367 30.999
9950 16.393 20.639
9960 13.598 1.351
9970 24.35 42.384
9980 14.44 6.246
9990 13.652 1.167
10000 16.749 22.019
10010 24.372 42.379
10020 27.857 54.504
10030 13.255 1.297
10040 24.373 47.748
10050 29.56 57.897
10060 32.354 60.044
10070 29.827 52.926
10080 39.844 71.296
10090 30.289 59.172
10100 13.604 1.357
10110 16.875 24.485
10120 28.695 57.724
10130 13.529 4.59
10140 17.453 28.064
10150 13.687 2.364
10160 26.513 51.737
10170 66.59 91.982
10180 28.877 53.11
10190 36.506 72.705
10200 17.851 27.238
10210 17.809 30.262
10220 12.907 1.24
10230 12.969 1.095
10240 17.374 28.15
10250 29.364 58.06
10260 43.618 72.871
10270 32.236 65.103
10280 13.329 1.437
10290 34.866 64.798
10300 46.298 81.651
10310 24.211 44.894
10320 24.702 50.497
10330 28.661 56.048
10340 23.847 39.749
10350 20.033 34.779
10360 24.689 49.046
10370 26.442 54.187
10380 23.679 42.524
10390 16.634 23.93
10400 15.891 20.227
10410 12.708 1.37
10420 12.809 1.382
10430 12.841 1.159
10440 13.004 1.317
10450 15.692 19.345
10460 35.272 68.074
10470 15.297 16.03
10480 24.595 49.496
10490 30.219 50.765
10500 70.328 97.936
10510 26.092 45.102
10520 12.651 1.312
10530 27.952 54.42
10540 33.13 57.877
10550 12.953 1.331
10560 12.969 1.332
10570 16.567 24.266
10580 13.079 1.402
10590 35.266 70.958
10600 21.975 43.081
10610 18.922 31.52
10620 75.367 99.353
10630 12.897 1.756
10640 12.903 1.248
10650 17.838 30.952
10660 22.485 44.851
10670 27.007 57.817
10680 27.927 49.749
10690 41.172 80.394
10700 12.451 1.392
10710 17.028 29.289
10720 12.691 1.667
10730 12.85 1.477
10740 12.764 1.319
10750 16.083 23.526
10760 12.822 1.281
10770 12.752 1.214
10780 15.981 22.455
10790 14.778 17.186
10800 12.807 9.653
10810 16.662 26.39
10820 12.623 1.623
10830 20.434 36.611
10840 50.196 82.466
10850 36.398 64.909
10860 28.075 54.251
10870 39.974 76.504
10880 37.095 68.228
10890 15.894 24.505
10900 12.311 1.288
10910 15.124 20.394
10920 15.718 21.566
10930 42.252 69.176
10940 20.518 44.217
10950 12.562 1.201
10960 15.302 20.267
10970 27.541 53.69
10980 20.879 38.521
10990 12.128 1.216
11000 43.118 83.823
11010 12.267 1.12
11020 12.422 1.344
11030 15.248 20.616
11040 12.586 1.421
11050 12.647 1.515
11060 24.749 51.469
11070 12.527 1.241
11080 12.385 1.183
11090 12.084 1.43
11100 12.27 1.533
11110 20.889 47.774
11120 12.481 1.399
11130 12.57 1.68
11140 15.951 24.381
11150 12.521 1.59
11160 12.464 1.292
11170 32.801 62.233
11180 12.355 1.819
11190 12.033 1.342
11200 24.515 52.794
11210 12.311 1.583
11220 12.38 1.662
11230 21.437 48.904
11240 12.402 1.693
11250 12.345 1.337
11260 12.426 1.348
11270 12.368 1.291
11280 27.678 50.789
11290 18.111 31.437
11300 16.425 28.238
11310 23.95 51.721
11320 16.676 29.28
11330 12.334 1.712
11340 15.747 24.483
11350 33.812 62.559
11360 24.553 46.068
11370 46.85 82.826
11380 23.089 47.045
11390 32.836 60.896
11400 18.394 31.984
11410 12.065 1.327
11420 19.536 35.507
11430 25.799 55.492
11440 12.178 1.345
11450 12.218 1.351
11460 12.509 4.311
11470 20.403 38.587
11480 11.718 1.212
11490 44.304 78.762
11500 37.47 66.418
11510 11.948 1.397
11520 12.471 13.103
11530 28.583 54.864
11540 14.509 18.558
11550 39.969 72.348
11560 19.555 41.883
11570 22.559 44.607
11580 14.395 20.946
11590 11.666 1.133
11600 20.358 47.412
11610 31.03 59.403
11620 25.818 56.413
11630 12.095 1.715
11640 12.652 6.662
11650 31.995 55.651
11660 61.793 89.708
11670 19.381 35.848
11680 16.689 31.033
11690 11.572 1.116
11700 11.787 1.217
11710 11.94 1.388
11720 59.317 84.914
11730 20.346 46.581
11740 32.468 60.621
11750 32.735 68.333
11760 20.286 38.244
11770 29.118 55.41
11780 33.91 66.713
11790 24.85 48.202
11800 32.832 64.519
11810 16.759 30.603
11820 15.276 23.11
11830 55.312 92.678
11840 20.852 39.923
11850 12.013 1.268
11860 12.585 11.578
11870 44.347 70.331
11880 34.143 70.901
11890 36.018 68.716
11900 24.563 54.44
11910 14.929 22.075
11920 12.003 1.369
11930 11.996 1.301
11940 12.087 1.623
11950 12.12 1.437
11960 11.859 1.21
11970 11.662 1.591
11980 11.68 1.33
11990 11.938 1.591
12000 18.129 31.391
12010 12.013 1.325
12020 32.85 63.946
12030 12.019 1.262
12040 12.027 1.252
12050 12.052 1.286
12060 22.191 46.593
12070 20.345 39.843
12080 31.099 60.934
12090 11.763 1.186
12100 23.556 51.523
12110 11.943 1.342
12120 12.028 1.301
12130 12.148 1.676
12140 15.76 25.477
12150 17.005 30.707
12160 19.701 42.979
12170 19.247 42.092
12180 11.728 1.441
12190 11.768 1.217
12200 11.98 1.26
12210 12.511 9.38
12220 15.841 24.479
12230 12.052 1.291
12240 23.673 51.555
12250 19.18 34.879
12260 11.549 1.35
12270 22.721 43.081
12280 11.767 1.268
12290 20.136 45.627
12300 11.968 1.397
12310 12.001 1.344
12320 14.665 19.466
12330 30.792 59.4
12340 14.945 20.816
12350 14.835 21.364
12360 11.612 1.552
12370 18.375 33.219
12380 21.071 41.116
12390 48.93 79.613
12400 32.8 64.317
12410 12.044 1.559
12420 12.024 1.451
12430 12.048 1.338
12440 18.94 40.132
12450 19.94 45.08
12460 38.354 68.912
12470 40.813 76.102
12480 44.831 75.992
12490 11.945 1.402
12500 12.026 1.32
12510 12.124 1.518
12520 32.652 66.207
12530 44.209 81.679
12540 22.16 40.303
12550 15.899 27.857
12560 15.698 27.354
12570 11.757 1.536
12580 28.558 57.77
12590 12.05 1.602
12600 16.855 31.048
12610 16.783 30.698
12620 16.74 30.654
12630 14.549 18.315
12640 13.594 12.602
12650 21.103 44.675
12660 19.447 35.294
12670 31.744 66.384
12680 51.49 82.815
12690 11.9 1.123
12700 12.395 13.09
12710 49.15 83.655
12720 12.015 1.244
12730 17.11 32.15
12740 47.076 79.796
12750 26.651 59.444
12760 11.754 1.381
12770 23.282 49.273
12780 39.471 69.197
12790 20.923 40.605
12800 12.105 1.331
12810 15.505 22.753
12820 20.025 43.856
12830 18.15 36.655
12840 20.206 38.253
12850 38.146 75.976
12860 12.008 4.105
12870 11.867 1.4
12880 16.276 27.761
12890 12.009 1.283
12900 12.444 10.738
12910 17.381 31.355
12920 12.172 1.265
12930 18.859 38.713
12940 32.921 64.872
12950 11.817 1.331
12960 19.929 35.014
12970 26.185 53.622
12980 11.985 1.286
12990 16.735 30.246
13000 15.278 22.365
13010 14.051 15.397
13020 30.32 62.457
13030 43.111 73.241
13040 53.827 83.565
13050 19.543 43.855
13060 11.806 1.176
13070 12.006 1.618
13080 12.006 1.285
13090 47.461 84.819
13100 16.479 28.896
13110 12.105 1.301
13120 12.6 5.355
13130 12.164 1.595
13140 21.186 44.518
13150 24.283 46.983
13160 43.215 80.823
13170 23.203 51.092
13180 41.336 74.201
13190 17.609 29.105
13200 12.179 1.863
13210 12.066 1.378
13220 12.14 1.318
13230 41.602 74.794
13240 11.736 1.68
13250 23.927 51.616
13260 24.387 47.332
13270 27.662 56.258
13280 16.495 29.543
13290 18.526 38.784
13300 32.689 62.105
13310 22.441 48.704
13320 12.024 1.405
13330 11.795 1.428
13340 55.71 92.587
13350 11.814 1.601
13360 20.581 48.23
13370 35.544 65.654
13380 17.702 33.455
13390 25.377 54.793
13400 12.031 1.352
13410 25.792 50.87
13420 14.666 19.699
13430 11.794 1.458
13440 11.63 1.366
13450 11.699 1.344
13460 11.834 1.407
13470 11.892 1.267
13480 20.196 38.709
13490 12.034 1.702
13500 12.047 1.348
13510 12.019 1.663
13520 11.893 1.066
13530 29.584 59.412
13540 20.465 48.522
13550 11.736 1.485
13560 20.216 46.076
13570 11.813 1.254
13580 16.857 26.163
13590 14.824 20.673
13600 11.975 1.438
13610 69.941 96.937
13620 27.751 54.318
13630 32.312 63.647
13640 11.582 1.228
13650 16.695 31.775
13660 18.115 28.537
13670 24.552 43.925
13680 41.5 72.914
13690 25.956 56.64
13700 52.772 77.621
13710 44.399 82.667
13720 36.115 64.444
13730 19.167 43.087
13740 21.329 43.286
13750 42.37 76.219
13760 17.94 31.333
13770 19.832 42.442
13780 27.556 54.914
13790 25.902 48.917
13800 48.054 84.481
13810 31.351 61.695
13820 42.02 78.593
13830 53.929 90.826
13840 24.922 54.08
13850 15.969 28.462
13860 29.244 56.837
13870 19.232 41.507
13880 24.318 53.186
13890 33.185 65.186
13900 12.218 8.599
13910 28.271 52.232
13920 11.584 1.415
13930 11.537 1.599
13940 11.637 1.46
13950 11.69 1.299
13960 11.819 1.359
13970 22.701 50.632
13980 59.073 91.605
13990 43.287 76.318
14000 43.743 76.86
14010 20.08 37.739
14020 15.666 27.628
14030 17.219 34.005
14040 17.547 30.357
14050 25.64 56.418
14060 16.725 30.416
14070 23.382 48.939
14080 12.109 2.804
14090 11.96 1.353
14100 15.652 24.441
14110 19.244 42.892
14120 11.408 1.312
14130 11.625 1.47
14140 19.002 41.994
14150 19.258 42.157
14160 25.143 56.266
14170 11.767 1.271
14180 11.844 1.32
14190 11.866 1.328
14200 11.954 1.436
14210 11.684 1.156
14220 20.17 40.586
14230 51.269 83.59
14240 43.743 74.059
14250 24.106 51.923
14260 20.566 40.976
14270 11.914 1.454
14280 14.889 21.549
14290 11.817 1.207
14300 14.961 22.56
14310 11.533 1.093
14320 11.411 1.335
14330 16.213 30.302
14340 11.697 1.352
14350 17.171 27.284
14360 11.807 1.388
14370 20.508 48.283
14380 11.805 1.189
14390 11.796 1.199
14400 11.851 1.356
14410 11.359 1.438
14420 20.026 46.99
14430 11.605 1.783
14440 34.588 68.535
14450 11.795 1.387
14460 15.366 25.278
14470 23.504 52.848
14480 11.788 1.344
14490 51.586 86.596
14500 16.884 31.973
14510 39.427 75.554
14520 15.327 25.944
14530 18.536 41.002
14540 44.977 73.804
14550 40.516 72.944
14560 11.796 1.746
14570 29.386 62.636
14580 20.027 38.667
14590 43.536 75.487
14600 23.758 51.221
14610 42.329 73.428
14620 46.013 75.942
14630 23.423 50.512
14640 16.293 29.724
14650 79.392 109.764
14660 15.333 21.491
14670 11.95 1.923
14680 11.883 1.309
14690 11.926 1.546
14700 11.539 1.268
14710 19.376 44.874
14720 72.112 96.456
14730 15.352 21.549
14740 12.083 8.441
14750 32.245 62.34
14760 31.14 57.196
14770 11.803 1.27
14780 11.757 1.257
14790 14.034 17.467
14800 40.613 76.64
14810 18.264 38.904
14820 20.161 41.347
14830 20.939 42.066
14840 19.372 43.499
14850 15.79 26.87
14860 78.629 105.012
14870 42.982 76.83
14880 11.89 2.053
14890 11.776 1.44
14900 31.594 67.015
14910 30.724 64.467
14920 11.359 1.156
14930 24.515 46.548
14940 14.648 22.21
14950 11.695 1.336
14960 20.749 41.965
14970 37.099 69.467
14980 11.745 1.19
14990 23.733 46.331
15000 38.058 75.353
15010 25.55 48.103
15020 26.223 53.24
15030 27.285 55.302
15040 11.631 1.373
15050 11.653 1.312
15060 11.699 1.458
15070 24.551 48.187
15080 11.67 1.254
15090 13.651 17.163
15100 11.192 1.346
15110 11.276 1.3
15120 11.485 1.597
15130 14.875 23.43
15140 30.684 60.545
15150 11.672 1.389
15160 19.235 43.47
15170 36.347 72.242
15180 15.731 26.226
15190 11.344 1.367
15200 11.313 1.549
15210 32.252 68.817
15220 31.582 62.154
15230 24.558 51.856
15240 44.87 78.385
15250 24.281 45.924
15260 16.009 28.619
15270 11.546 1.126
15280 41.038 75.014
15290 54.674 84.164
15300 36.448 64.318
15310 52.895 85.919
15320 15.115 24.92
15330 41.679 72.993
15340 19.897 42.966
15350 21.728 37.398
15360 21.083 38.277
15370 31.315 61.355
15380 15.623 27.051
15390 16.31 31.878
15400 23.031 46.148
15410 18.345 33.987
15420 11.535 2.65
15430 41.345 75.239
15440 52.575 87.52
15450 16.388 31.093
15460 11.548 1.379
15470 11.652 1.545
15480 11.479 1.199
15490 11.1 1.365
15500 15.065 26.173
15510 11.257 1.211
15520 18.83 40.273
15530 11.427 1.19
15540 11.552 1.353
15550 11.533 1.322
15560 18.011 30.865
15570 14.227 20.271
15580 11.401 1.31
15590 11.1 1.233
15600 11.191 1.411
15610 15.482 27.447
15620 11.463 1.462
15630 21.034 38.309
15640 52.555 83.022
15650 36.194 75.871
15660 31.577 63.538
15670 35.29 64.338
15680 33.395 67.315
15690 11.105 1.364
15700 36.827 73.955
15710 53.625 87.385
15720 32.896 62.633
15730 13.848 18.872
15740 23.89 47.327
15750 36.565 73.55
15760 13.956 18.438
15770 24.358 44.256
15780 15.532 28.628
15790 11.089 1.228
15800 11.165 1.18
15810 17.078 34.247
15820 11.48 1.485
15830 12.13 7.143
15840 19.433 38.662
15850 11.459 1.213
15860 11.405 1.048
15870 23.342 45.541
15880 54.233 90.16
15890 21.3 44.763
15900 21.352 40.555
15910 44.344 80.113
15920 29.261 62.025
15930 13.428 14.979
15940 16.71 31.287
15950 11.464 1.387
15960 41.051 72.035
15970 20.016 37.971
15980 18.275 34.548
15990 36.329 63.803
16000 17.514 31.349
16010 15.382 25.553
16020 52.793 88.478
16030 49.853 81.881
16040 29.419 61.734
16050 15.374 24.975
16060 59.269 89.76
16070 11.296 1.131
16080 11.1 1.401
16090 11.183 1.511
16100 14.56 23.15
16110 14.912 24.485
16120 29.165 60.462
16130 11.475 1.258
16140 17.673 32.709
16150 11.556 1.442
16160 11.462 1.21
16170 11.309 1.382
16180 11.099 1.333
16190 11.198 1.317
16200 15.519 27.885
16210 19.412 39.227
16220 11.422 1.409
16230 11.453 1.247
16240 11.569 1.562
16250 15.8 28.276
16260 11.469 1.459
16270 11.046 1.308
16280 11.009 1.241
16290 11.177 1.314
16300 11.232 1.201
16310 11.294 1.189
16320 11.366 1.365
16330 11.353 1.365
16340 11.428 1.421
16350 11.414 1.179
16360 11.234 1.201
16370 11.03 1.515
16380 11.12 1.444
16390 28.594 66.008
16400 24.857 45.445
16410 11.26 1.35
16420 11.285 1.314
16430 11.28 1.261
16440 18.401 41.207
16450 13.953 19.76
16460 15.436 28.229
16470 13.87 21.795
16480 18.81 34.17
16490 63.762 95.917
16500 50.709 86.073
16510 32.262 69.261
16520 11.162 1.191
16530 15.924 30.097
16540 11.176 1.302
16550 11.2 1.403
16560 41.046 75.277
16570 16.605 29.667
16580 19.055 45.452
16590 68.206 98.985
16600 15.541 28.946
16610 13.863 20.441
16620 22.075 48.446
16630 17.204 30.512
16640 56.007 84.985
16650 39.856 71.3
16660 33.915 65.014
16670 10.753 1.367
16680 10.97 1.704
16690 11.023 1.498
16700 10.979 1.284
16710 11.017 1.295
16720 19.459 45.776
16730 11.073 1.177
16740 22.794 43.458
16750 23.299 46.632
16760 55.432 85.246
16770 39.545 73.178
16780 35.182 71.384
16790 24.383 49.788
16800 18.021 41.209
16810 57.752 95.908
16820 21.985 43.509
16830 39.277 69.584
16840 36.916 66.956
16850 17.516 32.903
16860 50.32 90.709
16870 75.127 97.551
16880 17.44 34.182
16890 10.828 1.286
16900 10.857 1.349
16910 10.942 1.347
16920 10.931 1.421
16930 10.798 1.178
16940 10.885 1.294
16950 10.628 1.197
16960 27.883 61.696
16970 15.337 31.022
16980 15.237 30.188
16990 16.94 30.063
17000 10.671 1.144
17010 10.683 1.283
17020 61.646 90.123
17030 32.84 68.333
17040 22.169 48.73
17050 10.529 1.428
17060 43.547 87.362
17070 10.407 1.163
17080 10.482 1.153
17090 10.577 1.379
17100 33.716 67.363
17110 10.743 1.238
17120 29.451 59.755
17130 18.741 37.897
17140 38.464 75.546
17150 24.798 57.984
17160 13.314 21.793
17170 13.721 23.606
17180 10.429 1.136
17190 10.61 1.39
17200 10.681 1.321
17210 10.708 1.478
17220 14.575 26.638
17230 20.875 45.572
17240 19.354 39.935
17250 10.219 1.307
17260 51.793 81.024
17270 35.132 70.246
17280 27.213 50.482
17290 25.936 60.543
17300 25.914 54.956
17310 10.673 1.401
17320 20.799 45.08
17330 19.563 40.768
17340 10.541 1.592
17350 19.117 48.968
17360 10.239 1.22
17370 10.468 1.644
17380 10.489 1.347
17390 10.633 1.501
17400 10.526 1.324
17410 17.168 39.452
17420 16.288 35.397
17430 10.593 1.262
17440 10.386 1.275
17450 10.147 1.418
17460 10.168 1.26
17470 10.327 1.502
17480 10.404 1.195
17490 16.966 38.798
17500 15.058 28.991
17510 19.201 47.165
17520 18.266 36.362
17530 10.679 1.503
17540 10.223 1.166
17550 10.144 1.348
17560 10.241 1.292
17570 10.545 2.656
17580 10.485 1.382
17590 18.156 41.612
17600 10.55 1.521
17610 10.456 1.156
17620 10.546 1.324
17630 10.501 1.064
17640 10.163 1.298
17650 10.144 1.234
17660 10.266 1.652
17670 14.148 25.806
17680 10.459 1.303
17690 10.496 1.412
17700 42.558 80.617
17710 30.435 66.859
17720 40.681 77.249
17730 10.583 1.412
17740 10.246 1.606
17750 10.16 1.188
17760 10.136 1.157
17770 10.359 1.631
17780 10.356 1.398
17790 10.49 1.375
17800 12.795 18.234
17810 14.708 28.308
17820 15.7 32.846
17830 33.202 68.509
17840 20.67 42.183
17850 10.162 1.299
17860 10.159 1.227
17870 10.397 1.382
17880 17.495 40.928
17890 30.449 67.009
17900 43.391 79.667
17910 26.805 61.521
17920 14.484 27.26
17930 10.269 1.313
17940 9.97 1.341
17950 24.729 50.249
17960 31.157 66.963
17970 10.653 4.16
17980 10.48 1.334
17990 10.387 1.3
18000 10.454 1.308
18010 10.452 1.359
18020 10.345 1.13
18030 10.105 1.353
18040 10.135 1.443
18050 10.208 1.474
18060 10.25 1.363
18070 10.365 1.289
18080 10.365 1.195
18090 10.426 1.235
18100 10.428 1.305
18110 10.429 1.318
18120 34.012 64.262
18130 17.112 34.251
18140 10.067 1.329
18150 16.711 32.754
18160 10.303 1.436
18170 10.73 9.235
18180 28.726 62.856
18190 14.329 25.407
18200 10.952 6.33
18210 10.449 1.225
18220 10.331 1.273
18230 16.017 30.706
18240 12.492 18.484
18250 10.177 1.334
18260 13.654 23.995
18270 19.473 47.776
18280 13.607 22.441
18290 10.305 1.162
18300 10.393 1.296
18310 10.59 7.81
18320 13.128 19.369
18330 27.995 58.524
18340 12.216 17.278
18350 10.164 1.495
18360 10.266 1.427
18370 14.522 27.556
18380 20.897 42.361
18390 44.412 76.452
18400 38.634 75.053
18410 10.476 1.815
18420 38.966 78.521
18430 10.01 1.434
18440 14.817 28.204
18450 10.218 1.527
18460 14.514 28.425
18470 10.296 1.216
18480 10.365 1.44
18490 10.3 1.268
18500 12.067 12.686
18510 10.361 1.353
18520 9.901 1.45
18530 10.393 4.376
18540 16.132 34.189
18550 25.437 56.031
18560 10.534 7.989
18570 21.367 50.2
18580 18.749 46.622
18590 12.907 19.053
18600 10.366 1.339
18610 10.139 1.244
18620 22.402 44.487
18630 28.252 62.964
18640 19.167 49.558
18650 10.054 1.132
18660 10.222 1.286
18670 10.291 1.352
18680 10.239 1.177
18690 10.265 1.255
18700 10.294 1.203
18710 22.539 47.884
18720 16.544 33.299
18730 19.149 38.361
18740 9.941 1.212
18750 35.35 58.571
18760 10.2 1.297
18770 17.327 41.403
18780 26.016 51.554
18790 24.245 50.795
18800 29.439 60.062
18810 43.767 83.777
18820 32.655 65.335
18830 9.976 1.293
18840 23.752 56.107
18850 14.985 28.987
18860 23.668 50.149
18870 25.013 54.491
18880 17.121 33.45
18890 14.023 25.814
18900 10.209 1.408
18910 9.846 1.475
18920 9.817 1.303
18930 9.907 1.301
18940 16.957 40.683
18950 16.51 29.459
18960 15.704 29.141
18970 10.137 1.424
18980 10.175 1.233
18990 10.28 1.754
19000 10.007 1.248
19010 9.671 1.271
19020 13.853 27.579
19030 39.255 74.491
19040 10.103 1.647
19050 53.074 82.249
19060 24.161 51.153
19070 10.133 1.327
19080 10.158 1.418
19090 10.22 1.311
19100 9.951 1.233
19110 9.742 1.37
19120 9.771 1.416
19130 9.907 1.415
19140 9.913 1.314
19150 9.921 1.189
19160 24.88 54.438
19170 40.753 69.477
19180 10.084 1.347
19190 10.177 1.319
19200 28.035 58.672
19210 12.31 19.671
19220 9.741 1.178
19230 9.9 1.334
19240 10.08 1.385
19250 21.476 50.63
19260 18.978 36.825
19270 35.319 73.223
19280 24.426 53.049
19290 36.009 71.55
19300 9.564 1.28
19310 9.714 1.314
19320 9.783 1.591
19330 9.793 1.145
19340 10.061 1.286
19350 10.133 1.5
19360 10.072 1.272
19370 10.108 1.381
19380 15.757 34.808
19390 10.429 4.661
19400 9.601 1.275
19410 9.752 1.39
19420 9.82 1.318
19430 9.955 1.299
19440 10.044 1.486
19450 10.01 1.344
19460 10.037 1.345
19470 16.432 36.442
19480 10.078 1.313
19490 9.774 1.185
19500 38.771 73.607
19510 20.762 48.332
19520 9.816 1.388
19530 10.03 1.562
19540 10.056 1.268
19550 10.067 1.554
19560 13.598 24.461
19570 10.047 1.483
19580 15.093 32.535
19590 9.724 1.227
19600 12.154 18.594
19610 25.692 57.234
19620 28.136 54.308
19630 37.326 74.597
19640 31.742 62.587
19650 9.858 1.273
19660 9.952 1.285
19670 10.014 1.275
19680 18.308 46.541
19690 9.618 1.294
19700 9.731 1.698
19710 18.362 48.633
19720 14.093 28.815
19730 44.369 74.997
19740 51.19 82.286
19750 11.919 16.036
19760 9.892 1.106
19770 10.042 1.402
19780 18.493 46.213
19790 67.734 98.035
19800 43.469 74.282
19810 14.621 31
19820 12.145 17.908
19830 9.904 1.189
19840 9.939 1.2
19850 9.983 1.194
19860 16.631 39.631
19870 9.942 1.164
19880 9.756 1.297
19890 9.518 1.306
19900 9.574 1.34
19910 9.732 1.365
19920 9.849 1.327
19930 9.891 1.218
19940 9.949 1.307
19950 15.417 33.842
19960 12.177 17.375
19970 9.942 1.453
19980 9.63 1.127
19990 10.297 8.353
20000 12.55 20.087
20010 9.792 1.337
20020 9.881 1.498
20030 9.913 1.313
20040 9.923 1.228
20050 9.856 1.277
20060 9.976 1.393
20070 9.983 1.244
20080 9.608 1.42
20090 9.622 1.242
20100 9.716 1.403
20110 9.696 1.259
20120 9.924 1.323
20130 9.867 1.244
20140 9.891 1.176
20150 9.906 1.185
20160 48.533 79.105
20170 26.635 51.952
20180 9.504 1.386
20190 9.45 1.313
20200 9.637 1.254
20210 9.879 1.463
20220 9.891 1.508
20230 9.907 1.45
20240 9.797 1.174
20250 12.424 19.02
20260 9.931 1.287
20270 9.788 1.22
20280 9.478 1.474
20290 9.588 1.28
20300 9.75 1.394
20310 9.764 1.496
20320 9.946 1.448
20330 9.847 1.296
20340 9.927 1.579
20350 9.898 1.321
20360 9.793 1.208
20370 9.594 1.367
20380 9.493 1.385
20390 13.22 25.451
20400 12.352 18.556
20410 32.665 64.702
20420 9.829 1.323
20430 24.659 54.26
20440 34.155 61.723
20450 26.204 57.685
20460 9.857 1.289
20470 9.425 1.341
20480 9.421 1.46
20490 21.646 51.507
20500 9.618 1.339
20510 9.842 1.512
20520 9.802 1.239
20530 9.853 1.213
20540 9.779 1.227
20550 9.871 1.342
20560 15.309 27.972
20570 16.198 38.317
20580 9.457 1.4
20590 9.613 1.396
20600 23.563 51.053
20610 21.978 50.362
20620 27.213 57.512
20630 21.784 51.205
20640 9.808 1.305
20650 9.889 1.575
20660 14.588 31.171
20670 9.314 1.283
20680 9.391 1.348
20690 20.955 44.549
20700 26.107 55.37
20710 9.719 1.46
20720 9.669 1.273
20730 15.98 37.36
20740 16.889 41.145
20750 26.006 53.235
20760 11.939 18.265
20770 30.833 64.422
20780 28.378 55.419
20790 10.321 7.255
20800 9.595 1.176
20810 9.682 1.324
20820 19.147 44.846
20830 15.804 37.332
20840 9.782 1.581
20850 27.77 57.511
20860 19.675 45.281
20870 13.355 26.914
20880 9.303 1.269
20890 18.316 40.845
20900 65.614 97.744
20910 12.726 21.24
20920 9.639 1.275
20930 29.978 60.052
20940 9.725 1.42
20950 9.723 1.436
20960 20.97 51.733
20970 9.335 1.547
20980 33.326 66.549
20990 9.569 1.462
21000 9.813 1.6
21010 9.806 1.375
21020 16.867 33.688
21030 19.598 45.646
21040 24.383 59.169
21050 9.692 1.337
21060 9.415 1.664
21070 17.482 45.483
21080 17.914 47.245
21090 9.608 1.47
21100 9.631 1.386
21110 9.542 1.17
21120 9.6 1.276
21130 15.471 35.23
21140 14.05 28.529
21150 9.516 1.22
21160 12.625 22.378
21170 9.353 1.213
21180 9.568 1.626
21190 12.687 22.262
21200 20.932 41.627
21210 36.975 73.609
21220 22.226 53.108
21230 9.945 3.35
21240 26.756 58.656
21250 35.889 73.145
21260 28.326 64.003
21270 11.681 17.845
21280 13.457 26.753
21290 9.629 1.341
21300 9.677 1.31
21310 9.718 1.298
21320 12.318 19.304
21330 9.748 1.436
21340 9.808 1.478
21350 9.817 6.03
21360 9.311 1.271
21370 31.679 72.593
21380 9.43 1.324
21390 27.53 59.472
21400 14.311 30.029
21410 9.736 1.333
21420 9.779 1.481
21430 9.729 1.561
21440 16.424 39.52
21450 11.685 17.935
21460 35.595 67.974
21470 23.95 45.867
21480 27.443 61.473
21490 9.657 1.352
21500 17.983 46.205
21510 9.851 2.519
21520 10.226 5.78
21530 9.794 1.362
21540 11.872 17.246
21550 23.018 56.082
21560 25.631 49.625
21570 27.305 59.184
21580 33.239 69.676
21590 29.644 67.451
