# TimeStamp(s) Sum Stdev
0 6.70584e+06 54698.5
10.125 6.94489e+06 151851
20.375 4.00516e+06 497920
32.375 7.33311e+06 656632
40.125 9.0791e+06 138043
50 6.90574e+06 399146
60.625 3.29291e+06 398072
71 1.03846e+07 533115
80.625 4.9758e+06 550858
90.75 8.41321e+06 994227
102.75 5.30759e+06 647878
110 8.14119e+06 433990
121.5 4.73468e+06 338915
130 9.01909e+06 750493
140 7.05721e+06 611588
150.25 3.22721e+06 363621
160.5 1.02937e+07 608163
170.125 3.21691e+06 249972
180.375 1.06904e+07 876427
190.125 6.80888e+06 476346
200.25 3.90624e+06 407289
210 9.75582e+06 720884
220 5.66695e+06 500513
230 7.85189e+06 705726
243.125 5.40754e+06 398375
250.375 7.36633e+06 448179
261.25 4.14324e+06 525249
270.5 9.64557e+06 579717
280.25 6.64711e+06 378761
290.25 3.3014e+06 396946
300.25 9.90008e+06 561548
310.375 3.86194e+06 314550
320.125 9.80631e+06 626720
333.5 6.10718e+06 433460
340.375 6.67056e+06 540536
351 7.23674e+06 536324
360 5.73005e+06 797898
370.375 7.78055e+06 812808
383.25 6.26998e+06 502955
390.25 5.02865e+06 647070
401.875 6.82713e+06 897962
410.125 8.9552e+06 722737
420 6.92428e+06 469748
430.25 3.30243e+06 241997
440.125 1.08738e+07 842196
450.75 3.48663e+06 299251
460 1.06e+07 1.47541e+06
470 7.04896e+06 1.01452e+06
480.125 3.73108e+06 495043
490.375 9.37664e+06 1.22927e+06
500 7.52192e+06 1.11758e+06
510 6.38538e+06 877738
522.125 4.89337e+06 557395
530 8.5925e+06 864574
540.375 3.22103e+06 458218
550.125 9.62187e+06 891560
560.125 6.22052e+06 576888
570.375 2.78105e+06 262240
580.25 1.04194e+07 801993
590 3.39826e+06 392080
600.125 9.19632e+06 894540
610.625 6.26483e+06 522084
620 5.74139e+06 547991
632.375 6.49255e+06 540356
640.125 8.12058e+06 369750
650.125 6.85319e+06 349246
660.375 3.31376e+06 296698
670 1.05472e+07 417740
680 3.60330e+06 178229
690 1.04431e+07 557435
700.625 6.87173e+06 263331
710.125 5.42172e+06 686217
722.5 7.2151e+06 868751
730.125 8.52244e+06 294757
740 7.06854e+06 300690
750.375 3.41062e+06 358119
760 1.04019e+07 429737
771.875 6.8707e+06 746849
780 4.84676e+06 322786
790.25 8.77719e+06 1.14768e+06
800.375 3.45905e+06 516523
810 1.04225e+07 1.18371e+06
820.125 6.85422e+06 801013
830.25 4.54176e+06 567856
843.125 9.52938e+06 976853
850 7.05102e+06 724766
860 6.74912e+06 736796
872.25 5.08811e+06 557275
880 8.45958e+06 804180
892 4.86555e+06 500228
900 8.82228e+06 1.07888e+06
910 7.06442e+06 828485
920 3.15817e+06 362736
930.25 1.07254e+07 1.02258e+06
940.5 3.38256e+06 233310
950.125 1.0126e+07 897386
960.625 6.69863e+06 600282
970.125 4.13808e+06 598807
984 9.00466e+06 1.08707e+06
990 7.29214e+06 437800
1000 6.6368e+06 434545
1011.25 4.11954e+06 229596
1020 9.16334e+06 375586
1030.12 3.49305e+06 171039
1040.12 1.01752e+07 357432
1050.12 6.51934e+06 383280
1060.5 2.88615e+06 227867
1070.25 1.00382e+07 626327
1080.12 2.83051e+06 317797
1090 9.8228e+06 1.00799e+06
1100.12 6.64814e+06 618662
1110.25 3.47554e+06 227142
1120 1.01999e+07 855743
1130.25 4.61413e+06 607689
1140.12 8.90162e+06 628251
1153.25 5.61671e+06 464151
1160.12 7.6806e+06 415845
1171.62 4.43072e+06 379750
1180 8.79858e+06 754869
1190 6.58219e+06 625057
1200.5 2.79032e+06 278109
1210 1.04029e+07 745673
1220 3.46523e+06 270777
1230 1.02916e+07 714367
1243.88 5.97426e+06 445700
1250 7.57241e+06 433932
1260 6.84288e+06 419826
1271.62 4.5997e+06 353807
1280 9.02321e+06 817100
1292 4.95107e+06 420443
1300 8.7213e+06 704693
1310 7.0469e+06 593182
1320.5 3.36734e+06 232195
1330.12 1.04915e+07 722411
1340.5 3.51366e+06 391358
1350 9.97633e+06 641486
1360 6.55643e+06 307605
1370 4.03092e+06 178548
1380 9.2262e+06 803093
1390 4.29883e+06 399234
1400 9.2736e+06 1.08396e+06
1412.62 5.38075e+06 450423
1420 8.32975e+06 688438
1432.25 4.88306e+06 383785
1440 8.83155e+06 808613
1450 6.88822e+06 662184
1460.5 3.01289e+06 341372
1470.12 1.06729e+07 825447
1480.38 3.56621e+06 394921
1490.12 1.00701e+07 1.22058e+06
1500 7.0263e+06 816887
1510 3.63422e+06 318214
1520 9.66721e+06 871189
1530.38 2.97476e+06 430402
1540 1.01618e+07 1.14999e+06
1550.38 6.80991e+06 812830
1560.12 4.65225e+06 493080
1573.38 8.64402e+06 721293
1580.12 7.99075e+06 688875
1590.12 6.95829e+06 523389
1601.5 4.43175e+06 323650
1610 9.40549e+06 648621
1621 4.01856e+06 392990
1630 1.00062e+07 1.17578e+06
1640 7.01805e+06 825226
1650.75 3.33207e+06 420612
1660 1.05577e+07 888975
1670.38 4.39671e+06 479513
1680 9.76098e+06 1.16084e+06
1693.5 6.21125e+06 604915
1700 7.39209e+06 656910
1712 5.36117e+06 738986
1720 8.77385e+06 768698
1730.25 6.95726e+06 564119
1740 3.12211e+06 215266
1750.12 9.78673e+06 676591
1762.62 5.27255e+06 399205
1770.12 7.18394e+06 601519
1780.25 6.64402e+06 524813
1791.38 4.01237e+06 299900
1800 9.08091e+06 556120
1812.12 4.70686e+06 333458
1820 8.57293e+06 607989
1830 6.60177e+06 474575
1842 4.40908e+06 439384
1850 8.57808e+06 667499
1860.62 3.08168e+06 302256
1870.12 1.00992e+07 931139
1880.12 7.05618e+06 762364
1890.38 4.11335e+06 422466
1900 9.64042e+06 1.06029e+06
1910 4.1082e+06 490507
1920 9.30863e+06 930388
1933.5 6.16694e+06 589889
1940 5.70174e+06 827549
1950.12 7.91808e+06 960944
1960.25 2.64479e+06 347842
1970 1.0703e+07 1.07173e+06
1983 7.12212e+06 580864
1990.12 5.81660e+06 943793
2001.5 6.13809e+06 780129
2010 9.03146e+06 602873
2020 6.58838e+06 466983
2030 3.30346e+06 242649
2040 9.85474e+06 625883
2051 3.36219e+06 304418
2060.12 1.00722e+07 761483
2070 6.58631e+06 433293
2080.62 2.7728e+06 387214
2090 9.94851e+06 630611
2100.38 3.65689e+06 459743
2110.12 9.27566e+06 704181
2120 6.41218e+06 472255
2130.25 3.00361e+06 814202
2140 1.03895e+07 837731
2150 4.59558e+06 826100
2160 9.084e+06 1.05502e+06
2172.5 5.31171e+06 351643
2180 8.37818e+06 432201
2193 5.28389e+06 371642
2200 8.20404e+06 790119
2210.25 6.72954e+06 782325
2222.75 5.38693e+06 551440
2230 8.11337e+06 997630
2240.25 3.57833e+06 430057
2250 1.02084e+07 1.46659e+06
2260 6.72851e+06 627306
2270.12 4.63474e+06 278512
2281.12 6.55619e+06 813753
2290 9.09249e+06 1.14072e+06
2300 6.60486e+06 442907
2310.12 3.56518e+06 739661
2322.75 8.21126e+06 822723
2330 8.24114e+06 630274
2340 6.64917e+06 534221
2350.38 3.55694e+06 162104
2360.12 9.30039e+06 522931
2370.38 2.79856e+06 207763
2380 9.96602e+06 552245
2390.12 6.33799e+06 499291
2400.5 2.65122e+06 209189
2410 1.03267e+07 830527
2420.12 3.48996e+06 327547
2430 9.74552e+06 909456
2440.12 6.41733e+06 765112
2450.38 2.4235e+06 268177
2460 9.92378e+06 1.01423e+06
2470 4.12366e+06 700410
2480 9.12316e+06 825752
2492 4.61722e+06 374673
2500 8.1958e+06 633621
2513.88 5.38693e+06 477706
2520 5.95444e+06 563254
2530.12 7.40779e+06 696575
2542.12 4.74808e+06 341459
2550 7.12703e+06 933697
2562.75 5.93328e+06 962692
2570 7.32717e+06 607893
2580 6.16797e+06 586002
2593.25 5.20867e+06 440680
2600.25 6.17391e+06 1.01366e+06
2611.88 5.52524e+06 1.08615e+06
2620 7.83928e+06 900268
2630 6.01959e+06 704555
2641 3.61773e+06 352651
2650 9.11285e+06 772395
2660.12 3.37662e+06 250851
2670 9.97633e+06 894210
2680.25 6.66153e+06 723605
2690.38 3.40341e+06 364635
2700 1.00124e+07 660188
2710.25 3.37868e+06 264961
2720 9.55284e+06 800287
2730 6.49873e+06 442695
2740.75 2.7048e+06 329191
2750 1.01474e+07 514767
2760.25 4.42969e+06 288224
2770 9.06855e+06 732344
2783.5 5.51058e+06 473457
2790 7.78776e+06 338008
2802.62 6.62856e+06 520556
2810.12 6.6448e+06 601248
2820.12 6.6525e+06 786096
2833.25 5.31583e+06 433679
2840 7.5384e+06 653701
2852.38 4.79754e+06 308508
2860 7.73727e+06 607091
2870 5.559e+06 527851
2883 4.12984e+06 255019
2890 6.53376e+06 532509
2903 5.67647e+06 652929
2910 7.47349e+06 717949
2920.12 6.06287e+06 554346
2930.12 3.46935e+06 334293
2940 9.19013e+06 703067
2951.12 4.03504e+06 284170
2960 8.68833e+06 617952
2970 6.4637e+06 565094
2981 3.91036e+06 292231
2990 8.83156e+06 694170
3000.38 2.59557e+06 327082
3010 9.76613e+06 757579
3020.12 6.36169e+06 464224
3030.25 3.03556e+06 271321
3040.25 9.87844e+06 788265
3050.62 2.77899e+06 417042
3060 9.10152e+06 611079
3070.75 5.93613e+06 414232
3080.5 2.19063e+06 402357
3090 1.00598e+07 518223
3100.38 3.06956e+06 472458
3110 9.78776e+06 500371
3121.75 6.30089e+06 231416
3130 3.91837e+06 545671
3140 8.99151e+06 705527
3150.38 3.18599e+06 448890
3160 8.91502e+06 858756
3170 6.51316e+06 707605
3180.25 2.75528e+06 391717
3190 9.99076e+06 698005
3200.75 6.4637e+06 642111
3210.12 3.60949e+06 709080
3220 9.53944e+06 849657
3232.75 5.01289e+06 588335
3240 7.70945e+06 901719
3250.25 6.66772e+06 606965
3260.25 4.61928e+06 675168
3270.38 8.3926e+06 952388
3283.88 5.49306e+06 532069
3290 6.109e+06 850281
3302.62 6.04766e+06 635509
3310 7.68884e+06 606759
3320 6.66875e+06 330484
3333 5.0809e+06 316556
3340.62 6.89543e+06 439120
3353.75 6.0956e+06 326326
3360.62 4.84572e+06 374863
3370 7.61102e+06 723038
3380.62 6.59662e+06 557699
3390.12 3.00155e+06 521414
3400.75 7.89159e+06 664430
3410.62 4.96446e+06 834135
3420.12 8.41758e+06 1.49976e+06
3430 6.40393e+06 697951
3440.12 2.55951e+06 420229
3450.25 9.27463e+06 1.30345e+06
3460 3.12829e+06 401245
3470.88 8.81198e+06 1.14748e+06
3480.12 6.51213e+06 878572
3490.62 3.1355e+06 585786
3500 1.01968e+07 1.717e+06
3510.12 4.0268e+06 583454
3520 8.97066e+06 1.27161e+06
3533.62 6.10718e+06 652947
3540.12 6.22852e+06 558903
3553 6.17130e+06 876235
3560 7.66102e+06 666440
3570 6.96035e+06 626840
3580.38 3.09841e+06 256706
3590.12 1.01103e+07 803592
3600.25 6.37611e+06 808812
3610.25 2.38125e+06 280645
3620 1.02607e+07 1.07737e+06
3630.12 2.99949e+06 288767
3640.12 1.03658e+07 1.07429e+06
3650 6.64917e+06 749131
3660.12 3.05204e+06 668381
3673.12 1.02411e+07 1.14342e+06
3680 4.87173e+06 587679
3690 8.03815e+06 638794
3701.75 4.38332e+06 340290
3710 6.73263e+06 632478
3720 6.01856e+06 430181
3730.25 2.55951e+06 405457
3740 8.96217e+06 893234
3750.12 6.14245e+06 467699
3760.5 2.07007e+06 317361
3770.12 9.87947e+06 1.16918e+06
3780.12 3.10459e+06 375936
3790.38 9.15407e+06 1.21517e+06
3800.25 6.20300e+06 804152
3810 2.93046e+06 394620
3820 9.70121e+06 1.23648e+06
3830 3.50026e+06 382421
3840.12 9.10255e+06 1.15715e+06
3853.25 5.16642e+06 637593
3860 7.38978e+06 661282
3873.88 5.93534e+06 537742
3880.25 6.79342e+06 530913
3890 6.80064e+06 846484
3901.62 4.27822e+06 306103
3910 8.6399e+06 679643
3922.12 5.92377e+06 515612
3930.25 7.09327e+06 703305
3940.25 6.64814e+06 687637
3952.25 4.49151e+06 485480
3960 7.48173e+06 806454
3972.75 5.17466e+06 460266
3980 7.83722e+06 622740
3990 6.2061e+06 516602
4001.62 4.24422e+06 318557
4010.25 8.11646e+06 530383
4021.38 4.00104e+06 300615
4030 8.82022e+06 787984
4040 6.52037e+06 516857
4051.12 3.05307e+06 227029
4060.25 1.01175e+07 521397
4070.5 2.90469e+06 419070
4080 9.79189e+06 645961
4090 6.66566e+06 450178
4101 2.24421e+06 91720.1
4110.12 9.77437e+06 879511
4120.25 3.12005e+06 300039
4130 9.90111e+06 941754
4140.25 6.46679e+06 463573
4150 4.07729e+06 421847
4164.5 9.06133e+06 944821
4170 6.36581e+06 896759
4180 6.84082e+06 558185
4193.12 5.27977e+06 466299
4200 7.35602e+06 776410
4212.5 5.12727e+06 587530
4220 7.48998e+06 829582
4230.25 6.2535e+06 639456
4240.75 3.33025e+06 334101
4250 8.9109e+06 708793
4261.38 3.91243e+06 274032
4270.12 9.29008e+06 618135
4280 6.65329e+06 469732
4290.88 2.7759e+06 341894
4300 1.05389e+07 637668
4310.12 3.81248e+06 290533
4320 9.98045e+06 698629
4330 6.91707e+06 484028
4340.25 4.82845e+06 498368
4353.25 7.44052e+06 482544
4360 7.78879e+06 409533
4370 6.50594e+06 365252
4380 2.99537e+06 212227
4390 1.02288e+07 379298
4400.88 3.85576e+06 402035
4410.25 9.64042e+06 680596
4420.25 6.60692e+06 443599
4430 3.08192e+06 249222
4440.12 1.03565e+07 453057
4450.38 3.91836e+06 348512
4460 9.11104e+06 641682
4474.25 6.10718e+06 508144
4480.12 4.889e+06 695170
4492.25 8.06827e+06 577034
4500.12 4.85682e+06 601827
4510 8.67748e+06 847882
4523.12 5.02011e+06 534713
4530.12 6.69450e+06 747991
4543.5 6.14427e+06 612515
4550 6.59765e+06 603660
4560 6.50697e+06 701158
4573.62 5.80321e+06 500641
4580.38 4.47993e+06 743323
4592.25 7.08424e+06 560480
4600 7.56186e+06 866663
4610 6.57831e+06 686078
4621.25 3.80217e+06 422176
4630 9.29524e+06 850629
4640.38 3.70531e+06 416587
4650 9.79086e+06 964573
4660 6.30502e+06 796103
4671.12 3.1623e+06 350296
4680.38 9.5312e+06 1.01244e+06
4690.12 3.49924e+06 369461
4700 9.64557e+06 1.16002e+06
4710 6.59147e+06 801806
4720.75 3.20866e+06 846664
4730.25 1.04462e+07 961082
4740.25 5.26692e+06 545004
4750.38 8.47346e+06 1.22713e+06
4763.62 5.82897e+06 623841
4770.12 3.84648e+06 726173
4783 7.88359e+06 884733
4790 8.03299e+06 852540
4800 6.9552e+06 702265
4810.12 3.59712e+06 328635
4820.25 9.39724e+06 652156
4830 2.98300e+06 286556
4840 1.00907e+07 712430
4850 6.52449e+06 414828
4860 2.5523e+06 203618
4870.12 9.96809e+06 788127
4880.5 3.10562e+06 457191
4890 9.98869e+06 619187
4903.25 5.40238e+06 368670
4910.12 7.5858e+06 476779
4920.12 6.0773e+06 507844
4930.25 2.97682e+06 244634
4940.12 9.85989e+06 1.00337e+06
4950.25 6.12572e+06 570640
4960.62 3.04974e+06 531404
4970 1.01445e+07 1.15646e+06
4980 3.93303e+06 468251
4990 9.29936e+06 1.12121e+06
5003.5 6.18034e+06 632452
5010.38 6.10487e+06 545553
5022.25 6.04354e+06 675925
5030.12 8.56365e+06 647117
5040 6.74294e+06 740509
5051.62 4.36168e+06 540390
5060 9.33233e+06 1.11739e+06
5070.38 3.84751e+06 487399
5080 9.50338e+06 1.15119e+06
5090.38 6.3586e+06 849272
5100.38 1.90418e+06 347212
5110.25 9.64248e+06 1.03992e+06
5120.88 3.44772e+06 341918
5130 9.02527e+06 1.13411e+06
5140 6.51212e+06 775996
5150.25 3.31273e+06 372975
5160.12 9.9413e+06 1.0818e+06
5170.12 3.26328e+06 354519
5180 1.00268e+07 949196
5193.12 5.92376e+06 432198
5200.12 6.69838e+06 649519
5210.5 7.4387e+06 788721
5220 4.14839e+06 699053
5230 8.76046e+06 733398
5240.25 5.6435e+06 464174
5250.38 2.95621e+06 648445
5262.38 9.29214e+06 811351
5270 7.39518e+06 840777
5280 6.6028e+06 690305
5291.38 4.11850e+06 343635
5300.12 8.23083e+06 707269
5312.62 5.07987e+06 387556
5320 7.13449e+06 983009
5330 6.77076e+06 569667
5342 4.78826e+06 374690
5350 7.87534e+06 634909
5361.5 4.62855e+06 441613
5370 8.14634e+06 727007
5380 6.13191e+06 426659
5390.38 3.41577e+06 273931
5400 9.01291e+06 405313
5410.62 3.06647e+06 227940
5420.12 9.63939e+06 874485
5430 6.46473e+06 586856
5440.5 2.81917e+06 297477
5450.12 1.06677e+07 736936
5460.38 3.33928e+06 310805
5470 9.12237e+06 1.04074e+06
5480 6.3349e+06 631310
5490.62 3.26818e+06 461588
5503.12 9.84056e+06 977293
5510 7.18395e+06 646254
5520 6.73572e+06 540072
5533.12 5.79291e+06 538245
5540.12 7.36736e+06 447990
5551.38 4.35653e+06 494968
5560 8.69245e+06 892498
5570 6.36272e+06 631186
5580.5 2.87275e+06 328133
5590.25 1.04091e+07 868934
5600.12 3.0304e+06 341785
5610 1.00474e+07 694314
5623.38 6.10409e+06 541163
5630 6.64583e+06 454362
5641.75 7.05436e+06 689771
5650.12 6.2561e+06 481730
5660.12 7.37506e+06 580445
5672.25 4.91294e+06 410842
5680 8.46679e+06 415270
5690.62 3.34571e+06 122427
5700 1.00114e+07 550220
5710.12 6.78518e+06 396808
5720.25 4.15766e+06 532112
5730.25 9.41476e+06 761101
5740.62 3.82381e+06 361655
5750.12 9.62806e+06 771277
5764.12 6.43485e+06 579446
5770 7.07266e+06 505152
5780.12 6.40702e+06 442679
5792 5.0335e+06 458733
5800 8.69245e+06 505974
5813.62 5.99074e+06 470421
5820 7.32614e+06 535544
5830.12 6.7213e+06 487526
5842 4.64195e+06 345814
5850 8.9552e+06 519749
5861 4.24215e+06 221461
5870 9.22414e+06 567882
5880 6.75324e+06 358330
5890.25 3.47348e+06 231718
5900.12 9.97839e+06 627186
5910.38 3.39929e+06 364036
5920 9.92069e+06 526640
5933.38 5.78466e+06 333365
5940.12 7.33335e+06 474615
5953.38 5.8434e+06 483662
5960.25 7.68266e+06 580588
5970.25 6.74706e+06 550960
5982 4.35756e+06 320406
5990 8.81404e+06 509305
6000.62 3.49511e+06 237712
6010 9.98457e+06 581538
6020.25 6.6739e+06 515602
6031 2.96961e+06 476263
6040 1.03998e+07 837185
6050 3.97219e+06 225798
6060 9.42506e+06 696563
6073 5.21794e+06 418434
6080 7.92662e+06 548619
6093.12 5.74987e+06 470681
6100.12 7.84649e+06 395552
6110.25 6.79445e+06 292944
6120.75 3.81454e+06 227370
6130 9.58066e+06 417961
6140 3.19218e+06 124288
6150 1.05245e+07 347909
6160 6.8027e+06 358833
6170 3.63422e+06 275764
6180 9.78777e+06 656828
6190 4.19682e+06 219572
6200 9.30039e+06 875481
6213.38 5.96601e+06 515356
6220 7.55386e+06 606798
6232.5 6.59456e+06 448211
6240 6.99744e+06 553380
6250 6.69451e+06 678664
6263.25 5.63835e+06 531424
6270 7.57962e+06 940042
6281 3.67852e+06 497562
6290 1.00897e+07 955167
6300.12 6.69038e+06 874590
6310 2.96137e+06 325648
6320 1.05358e+07 1.17581e+06
6330 3.7692e+06 438938
6340 9.7888e+06 973459
6353.12 5.46112e+06 444508
6360 8.11130e+06 703727
6373.25 5.66204e+06 421843
6380 7.92068e+06 578950
6390 6.70378e+06 515292
6400.88 3.87224e+06 208761
6410.12 9.61569e+06 471369
6420 3.3197e+06 192244
6430 9.99409e+06 749050
6440 6.55231e+06 429056
6450.25 3.22103e+06 383380
6460 9.92996e+06 533898
6470.25 3.19915e+06 322279
6480 1.0058e+07 1.11929e+06
6490 6.60898e+06 763864
6500 3.21175e+06 193912
6510 1.01855e+07 637592
6520.5 3.57033e+06 599762
6530.12 9.92172e+06 650009
6543.75 6.51212e+06 492888
6550 4.57885e+06 693336
6564 8.51237e+06 579646
6570 5.4019e+06 555527
6580.12 7.94075e+06 736590
6592.12 4.99332e+06 425019
6600 8.49358e+06 495280
6610 6.60795e+06 275416
6623.88 6.17621e+06 385364
6630.12 4.86633e+06 841259
6642.62 7.49228e+06 664717
6650 7.82279e+06 717530
6660 6.64402e+06 527378
6670.25 3.59506e+06 370106
6680.12 8.98405e+06 633780
6691.5 4.5317e+06 332842
6700 8.84804e+06 615729
6710 6.61104e+06 308463
6720.12 3.0098e+06 291020
6730 1.05626e+07 469952
6740.5 3.27049e+06 435843
6750 9.96396e+06 585283
6763.25 5.6198e+06 310596
6770 7.47349e+06 381045
6782.62 5.43639e+06 460684
6790.12 8.13088e+06 233011
6800.12 6.45442e+06 218216
6810.38 3.38074e+06 98158.2
6820 9.31069e+06 172542
6831.25 4.00619e+06 139672
6840 8.92841e+06 538602
6850.12 6.19373e+06 364275
6860.62 3.6641e+06 275003
6870 9.30451e+06 668605
6880.5 2.93252e+06 272831
6890 1.0168e+07 659193
6903.38 6.34005e+06 456618
6910.38 6.39363e+06 614961
6924 7.32305e+06 433143
6930 6.05208e+06 768405
6940 7.17825e+06 521318
6953.62 6.06287e+06 425696
6960.12 4.72129e+06 1.05871e+06
6972.62 7.44258e+06 955795
6980.25 8.09173e+06 715284
6990 6.55025e+06 665986
7000.12 3.31479e+06 307962
7010 1.0032e+07 746913
7020.25 3.43638e+06 330781
7030.12 1.01319e+07 804658
7040 6.78724e+06 490286
7050.38 3.60434e+06 423119
7060 9.86196e+06 811282
7070.12 3.77847e+06 504742
7080 9.74655e+06 925988
7090.12 6.82949e+06 579288
7100 4.82227e+06 486495
7112.38 7.04381e+06 698874
7120 8.31842e+06 562239
7130 6.66256e+06 632214
7140.12 3.06029e+06 367463
7150.12 1.03359e+07 769849
7160.5 2.95106e+06 138396
7170.12 1.06358e+07 802002
7180.25 6.84391e+06 290294
7190.25 3.40753e+06 407541
7200 9.57344e+06 796851
7210 3.47451e+06 413243
7220 1.03452e+07 1.04468e+06
7230 6.83361e+06 673235
7240.62 2.881e+06 537831
7250.12 1.06543e+07 1.38222e+06
7260.12 3.38589e+06 360972
7270 1.00742e+07 1.23219e+06
7280 6.78209e+06 730112
7290.12 4.73547e+06 494453
7303 7.46034e+06 676137
7310 8.18652e+06 615045
7320 7.01187e+06 520695
7330 3.54457e+06 370148
7340 9.98457e+06 528959
7350.5 3.67234e+06 331495
7360 9.57344e+06 708200
7370.12 6.20816e+06 417302
7380.5 2.71716e+06 275950
7390.75 9.83619e+06 548817
7400 7.43639e+06 545983
7410 6.60486e+06 455826
7422.88 5.30965e+06 426355
7430 7.96808e+06 473202
7440 4.00104e+06 248922
7450 9.14274e+06 751918
7460 6.46576e+06 554334
7470.25 3.86066e+06 698688
7481.5 7.0683e+06 895919
7490 9.43998e+06 759979
7500 6.90058e+06 756275
7510 3.10665e+06 359704
7520 1.0475e+07 1.05197e+06
7530.38 3.49511e+06 348677
7540 9.99488e+06 1.17786e+06
7550.12 6.80579e+06 985894
7560.62 2.69552e+06 543018
7570.62 1.02988e+07 1.32196e+06
7580 4.75529e+06 660853
7590.12 8.29266e+06 1.19071e+06
7602.25 4.87997e+06 702866
7610 8.40909e+06 952204
7622.12 4.82742e+06 535320
7630 8.29162e+06 892205
7640 6.68317e+06 825365
7650.25 3.33849e+06 312427
7660 1.01834e+07 929016
7670 2.96858e+06 228128
7680 1.05832e+07 820489
7690 6.53376e+06 476803
7700.12 4.04535e+06 302277
7710.12 8.97375e+06 619576
7720 3.67028e+06 260818
7730.12 9.64763e+06 736138
7743 6.61826e+06 383892
7750 5.3014e+06 376894
7763.12 7.10976e+06 433653
7770 7.76097e+06 441420
7780 6.75324e+06 459934
7790.5 3.89697e+06 265467
7800 9.76613e+06 562949
7810.38 2.76456e+06 134978
7820 1.03947e+07 492609
7830.12 6.42248e+06 351991
7840 3.99074e+06 273293
7850 9.60023e+06 740774
7860.25 4.1793e+06 685479
7870 8.9449e+06 929389
7881.25 4.03916e+06 285686
7890 8.82434e+06 461992
7902.12 4.78621e+06 203383
7910 8.04021e+06 373505
7920 6.5348e+06 374858
7930.88 3.9691e+06 196588
7940 8.84701e+06 444710
7950.5 3.13344e+06 150653
7960.12 9.31481e+06 454003
7970.12 6.28544e+06 381710
7980.5 2.82123e+06 176333
7990 1.04565e+07 587592
8000.5 3.10126e+06 232472
8010 1.01909e+07 831974
8020 6.74087e+06 659519
8030 3.47966e+06 403639
8040.12 9.80837e+06 930131
8050.25 4.16693e+06 469901
8060.25 8.85526e+06 975850
8073.5 5.63629e+06 529400
8080 6.00777e+06 940278
8091.25 8.04791e+06 1.40893e+06
8100 5.4096e+06 936992
8110.12 7.9485e+06 808215
8123.12 5.21485e+06 482213
8130 7.88977e+06 844478
8140.75 4.24730e+06 297812
8150 9.11079e+06 736465
8160 6.51006e+06 548719
8170.5 2.72746e+06 299222
8180 9.86092e+06 841147
8192.25 4.74911e+06 504718
8200 8.47298e+06 860376
8210 6.5925e+06 654184
8220.62 3.01701e+06 258567
8230 1.04441e+07 900944
8243.75 6.05875e+06 837893
8250 7.23547e+06 880486
8260 6.73263e+06 814010
8270.88 4.02474e+06 475383
8280 9.5178e+06 885494
8290.5 3.79702e+06 344742
8300 9.60435e+06 860855
8310 6.68008e+06 517097
8320.5 2.95622e+06 299742
8330 1.04874e+07 747698
8340 3.51881e+06 388097
8350 1.00536e+07 664134
8360.75 6.76045e+06 558431
8370 3.57961e+06 620100
8383.25 9.02836e+06 1.06898e+06
8390 7.9959e+06 441687
8400 6.95829e+06 443590
8410.88 2.56466e+06 182526
8420 1.05544e+07 509613
8431.25 4.51315e+06 365198
8440 9.50234e+06 586799
8450.12 6.51418e+06 431703
8460.88 2.89851e+06 183787
8470 1.03658e+07 373499
8480 3.81042e+06 248537
8490 9.50853e+06 526134
8503.12 6.02268e+06 428270
8510.12 7.13655e+06 478571
8521.62 4.57394e+06 269735
8530.12 8.80683e+06 761010
8540 6.42969e+06 426633
8550.62 2.8305e+06 227833
8560.38 1.02772e+07 619032
8570 3.16642e+06 340474
8580.12 1.00042e+07 526985
8590 6.64093e+06 711072
8600.38 3.03865e+06 395491
8611.38 8.53171e+06 898268
8620 8.81301e+06 930568
8630 6.96859e+06 908927
8641.38 4.5791e+06 432456
8651.62 8.90368e+06 1.04431e+06
8660.12 5.44772e+06 814820
8670 8.44516e+06 801939
8683.38 5.67338e+06 452489
8690.25 7.42918e+06 824622
8701.88 4.54406e+06 195508
8710 8.95314e+06 763992
8720.12 6.6842e+06 583222
8730.88 3.13756e+06 267130
8740.12 1.02793e+07 903097
8750 3.63113e+06 305610
8760.12 9.46731e+06 848957
8770 6.05669e+06 623505
8780 4.3998e+06 497728
8793.88 8.31017e+06 531402
8800 7.11364e+06 528236
8810 6.79573e+06 712283
8820.25 3.30552e+06 351277
8830.25 1.00021e+07 563539
8842.88 6.23392e+06 436444
8850 7.11285e+06 575194
8860 6.72027e+06 350008
8874.75 6.47709e+06 429556
8880 4.55515e+06 694993
8891 7.55774e+06 1.40573e+06
8900 8.19422e+06 463914
8910 6.37302e+06 325871
8920.12 4.47915e+06 531977
8930.62 5.23958e+06 454623
8940 1.0168e+07 906518
8950.12 6.78003e+06 427359
8960.25 3.58373e+06 429158
8970.62 9.46937e+06 646216
8980.12 4.74268e+06 440387
8990.12 8.49795e+06 975220
9002.75 5.1757e+06 598673
9010 8.4431e+06 642533
9021.88 4.75941e+06 317072
9030 8.74603e+06 910121
9040.25 6.62753e+06 660552
9050.5 2.74498e+06 149703
9060.25 1.06667e+07 804297
9070 3.29212e+06 478148
9080 1.00742e+07 647402
9092.5 6.12572e+06 372443
9100.12 6.22258e+06 936516
9110.75 7.90110e+06 568876
9120.12 4.0665e+06 456872
9130.12 8.9155e+06 631461
9143.88 5.83824e+06 338943
9150 7.084e+06 607600
9162 5.17466e+06 412695
9170.12 8.24217e+06 585630
9180.12 6.28441e+06 554650
9190.25 3.1829e+06 312205
9200 9.90008e+06 558682
9210 3.49384e+06 309516
9220 1.01002e+07 865683
9230.5 6.78209e+06 511653
9240.12 4.59019e+06 343395
9250 8.7741e+06 508619
9260 3.58579e+06 342574
9270 9.76922e+06 742678
9280 6.60898e+06 605704
9290.75 2.949e+06 376269
9302.38 1.02216e+07 1.02833e+06
9310.38 5.80218e+06 1.00469e+06
9320.12 7.72182e+06 569301
9330.38 3.29291e+06 268821
9340 1.01466e+07 834778
9351.38 4.24731e+06 289000
9360 8.22362e+06 574246
9370.12 6.35756e+06 438083
9381.38 4.14633e+06 223608
9392 8.86762e+06 539817
9400 3.62598e+06 704453
9410 1.03019e+07 741881
9420.12 3.35704e+06 370235
9430.12 9.8228e+06 1.41554e+06
9440.25 5.83e+06 553013
9450.25 2.95003e+06 311005
9460.12 9.71255e+06 551378
9470.62 3.92455e+06 403360
9480 8.58347e+06 816428
9490 6.43175e+06 353376
9500.12 4.52036e+06 913594
9513.25 8.11337e+06 381985
9520 8.0433e+06 355516
9530 6.70996e+06 217202
9540.12 2.59764e+06 290326
9550.12 1.01907e+07 408924
9560.12 6.76354e+06 482425
9570.12 3.39723e+06 374211
9580 9.64866e+06 921104
9590.12 2.86245e+06 267713
9600.12 1.04184e+07 883342
9610.12 6.59868e+06 536814
9620.62 3.15587e+06 392326
9630 9.89723e+06 721171
9640 3.9771e+06 790407
9650 9.08631e+06 817401
9661.25 4.28543e+06 299450
9670 9.2025e+06 507975
9683.75 5.69192e+06 495900
9690 7.43948e+06 710410
9700 6.86761e+06 638148
9711.62 4.51727e+06 356935
9720.25 8.76046e+06 535286
9730.38 3.48172e+06 264305
9740.12 9.87638e+06 618974
9750 6.70069e+06 317665
9760.62 2.99331e+06 367616
9770.12 1.0101e+07 371844
9780.5 3.59918e+06 435582
9790 9.86092e+06 850848
9800.12 6.56468e+06 461138
9810.25 4.2741e+06 676833
9823 7.99178e+06 583257
9830 8.16386e+06 405205
9840 6.82846e+06 343796
9850 2.7728e+06 201943
9860.25 1.00701e+07 475368
9870.62 3.71665e+06 255399
9880 9.12934e+06 602472
9890.25 6.80579e+06 558887
9900.62 3.80011e+06 259596
9911.12 9.65794e+06 884010
9920.25 3.95776e+06 241107
9930 9.80838e+06 1.13247e+06
9940.12 6.73366e+06 658594
9950 4.813e+06 391759
9962.62 7.14582e+06 435171
9970 8.11852e+06 560740
9980 6.80888e+06 440001
9990.12 3.19939e+06 331278
10000 1.03462e+07 532408
10010.6 3.75580e+06 174000
10020.4 9.7517e+06 535511
10030.5 6.69038e+06 436561
10041.8 2.47708e+06 190694
10050 1.02854e+07 485671
10060.8 2.50181e+06 457984
10070.1 9.31996e+06 670747
10080 6.61104e+06 651863
10090.1 2.65431e+06 298449
10101.5 8.84392e+06 960995
10110 8.29265e+06 740186
10120 6.76148e+06 579145
10130 5.28261e+06 411218
10140.4 8.57214e+06 995730
10150.2 3.5456e+06 518797
10160.2 1.00124e+07 1.36234e+06
10170 6.58837e+06 891205
10180.2 4.05153e+06 485293
10193.6 8.61002e+06 791174
10200 5.02114e+06 620610
10210.4 8.18343e+06 712585
10222 4.1453e+06 390679
10230 8.2535e+06 681097
10242.1 4.69141e+06 308682
10250.4 7.94541e+06 500551
10260 6.19064e+06 446761
10270.2 3.3251e+06 190905
10280.1 9.91347e+06 537855
10290.6 3.36528e+06 279737
10300.2 9.98869e+06 708672
10310.2 6.73366e+06 390310
10320 3.37147e+06 215139
10330.1 9.88875e+06 539601
10340.1 4.03504e+06 325447
10350.1 9.12522e+06 790870
10364 5.89182e+06 486537
10370.2 4.16645e+06 853340
10383.5 8.84338e+06 851738
10390 7.084e+06 596732
10400 6.70069e+06 607877
10412 4.51418e+06 435921
10420 8.49358e+06 669345
10431.6 4.55436e+06 284905
10440 8.79858e+06 628172
10450 6.3112e+06 654603
10460.6 3.91036e+06 317229
10470 9.44052e+06 807017
10480 2.84699e+06 190727
10490 1.05812e+07 945217
10500 6.72026e+06 495588
10510 3.98662e+06 407202
10521 9.17571e+06 525349
10530 5.16745e+06 718666
10540 8.21332e+06 500229
10551 4.07832e+06 302993
10560.1 9.29524e+06 394227
10572.6 5.30243e+06 356476
10580 7.96808e+06 668278
10590 6.54098e+06 550358
10601.8 4.20815e+06 273788
10610 8.77798e+06 578076
10620.4 3.64349e+06 199898
10630 9.5992e+06 474836
10640 6.83155e+06 387769
10650.5 3.03246e+06 237732
10660 1.02257e+07 568024
10670 3.4879e+06 195339
10680 9.76819e+06 641075
10690 6.62032e+06 346709
10700.1 2.89439e+06 749346
10713 9.2736e+06 725049
10720 7.66514e+06 357100
10730 6.508e+06 328728
10741.9 4.49769e+06 225839
10750 8.60487e+06 427696
10761 4.04432e+06 185775
10770 9.46319e+06 627418
10780 6.64093e+06 475109
10791.1 2.86039e+06 210892
10800 1.03267e+07 534069
10810.1 2.99846e+06 271364
10820 9.79292e+06 595728
10830 6.62547e+06 483315
10840.5 3.15405e+06 269768
10850.4 9.32512e+06 790395
10860 4.22233e+06 395358
10870 9.39646e+06 746714
10880 6.14633e+06 554828
10890.2 2.90057e+06 733333
10903.1 9.12728e+06 1.08382e+06
10910 7.82176e+06 803962
10920 6.75839e+06 736833
10931.5 4.3421e+06 438834
10940 9.00466e+06 945600
10950.1 3.41165e+06 381652
10960.1 8.98096e+06 847730
10970 6.34932e+06 759393
10980.2 2.881e+06 318715
10990 1.02102e+07 1.16366e+06
11000.4 3.10356e+06 273077
11010 9.63733e+06 1.26488e+06
11020 6.35241e+06 782233
11030 3.22618e+06 371610
11040.1 1.00598e+07 974810
11050.2 2.81917e+06 363002
11060 9.83104e+06 1.3406e+06
11070 6.16282e+06 745508
11080 2.41732e+06 343507
11090.1 9.94233e+06 1.07457e+06
11100.1 3.23236e+06 276421
11110 1.00072e+07 1.07208e+06
11120 6.71202e+06 739248
11130.5 2.67801e+06 478790
11140.1 1.00309e+07 1.14763e+06
11150.9 3.53712e+06 308856
11160 9.52217e+06 1.03705e+06
11170.1 6.64814e+06 678780
11180.4 3.1489e+06 450322
11190.2 7.22595e+06 778170
11200 9.82613e+06 824914
11210 6.90574e+06 632786
11220 3.11386e+06 329624
11230.8 8.27617e+06 454024
11240.1 8.76252e+06 579160
11250.1 6.68111e+06 362862
11260.4 3.49202e+06 218172
11270 9.63424e+06 641199
11280 3.33952e+06 272316
11290 1.00062e+07 722351
11303.1 5.27358e+06 272750
11310.2 7.91038e+06 502905
11320 6.56468e+06 547213
11330.1 3.87945e+06 203153
11340 9.41682e+06 761582
11353.2 6.11027e+06 439501
11360 7.45597e+06 384689
11372.5 5.3045e+06 423239
11380.1 8.01651e+06 701523
11390.1 6.2504e+06 457255
11401.2 3.90006e+06 300473
11410 9.02424e+06 598585
11420.4 3.03968e+06 390011
11430 1.03555e+07 622479
11441.2 6.73366e+06 508699
11450.6 3.47117e+06 631293
11460 9.63551e+06 857847
11470.6 3.29934e+06 423620
11480.1 8.96551e+06 1.23429e+06
11490.9 6.71202e+06 704938
11500.2 4.87173e+06 532337
11513.4 8.32563e+06 983591
11520 7.21795e+06 719261
11530 6.53376e+06 665074
11542.1 5.19733e+06 455367
11550 8.40188e+06 752567
11561.4 3.55282e+06 253277
11570.5 9.67442e+06 875101
11580.2 6.4843e+06 638662
11590.5 2.4575e+06 300044
11600.1 1.05678e+07 782739
11610.1 4.03298e+06 211213
11620.2 9.31172e+06 903365
11632.2 4.59455e+06 408137
11640 8.37406e+06 636785
11651.4 6.53582e+06 469142
11660.2 4.50339e+06 619259
11670.1 8.45285e+06 561147
11683.2 6.62959e+06 580192
11690.5 5.12163e+06 736561
11701.8 6.15585e+06 980794
11710.4 8.73185e+06 735107
11720 6.45442e+06 559435
11730.5 2.77692e+06 303716
11741.5 8.81919e+06 776110
11750.4 7.796e+06 562967
11760.2 6.60795e+06 653553
11772.2 4.94489e+06 591249
11783.8 8.63166e+06 756819
11790 6.83258e+06 741765
11800.1 6.83979e+06 355109
11813 5.78775e+06 538069
11820.2 7.10024e+06 613841
11830.5 4.77099e+06 346730
11840.2 8.89029e+06 745326
11852 6.83052e+06 338191
11860.8 5.9454e+06 477732
11871.6 6.17803e+06 396538
11880.4 8.61541e+06 339247
11890.5 6.65535e+06 358588
11900.6 3.70840e+06 272297
11911.5 7.43227e+06 599103
11920.1 8.26071e+06 583388
11930.1 6.70172e+06 474852
11940.6 3.38795e+06 362217
11951.2 1.00557e+07 942050
11961.2 4.06596e+06 502703
11970.2 9.30348e+06 723467
11980 6.70584e+06 584604
11990.1 2.59042e+06 473701
12001.4 1.0237e+07 641067
12010.6 3.76405e+06 231714
12020.8 9.85680e+06 936168
12032 4.4709e+06 421861
12040 9.05618e+06 745838
12052.1 6.13603e+06 595886
12060.1 6.56419e+06 628479
12070.2 7.04842e+06 577570
12082.1 4.61928e+06 487940
12090.5 8.84804e+06 562474
12100.4 3.26946e+06 234184
12110 1.01494e+07 538878
12120.2 6.27307e+06 481864
12130.4 2.47605e+06 159262
12140.1 9.88256e+06 486623
12150.4 2.88718e+06 391760
12160.2 9.82692e+06 672785
12172.8 6.08245e+06 408991
12180.5 5.74939e+06 207712
12190 7.87765e+06 474916
12200.2 3.98558e+06 354779
12210.1 8.61826e+06 579759
12220.5 5.85473e+06 493794
12230 3.63216e+06 204751
12240.6 8.05978e+06 744365
12250.1 7.49282e+06 610769
12260.5 6.92659e+06 420328
12270.5 2.67079e+06 231260
12280.1 1.03359e+07 1.0281e+06
12290.1 2.94694e+06 572407
12300.1 9.99488e+06 1.13752e+06
12310.5 6.55025e+06 785935
12320.4 3.559e+06 299021
12330 9.66206e+06 846787
12340.1 3.8743e+06 382424
12350 9.12316e+06 809776
12362.8 5.29625e+06 255573
12370.2 7.50749e+06 460117
12380.1 6.77797e+06 505108
12390.1 3.93406e+06 277320
12400 9.09843e+06 793187
12410.8 6.06081e+06 588086
12420.4 4.30192e+06 434456
12430.9 5.47712e+06 765335
12440 9.1865e+06 692270
12452.4 4.54976e+06 321038
12460 4.4312e+06 858973
12470 9.20662e+06 1.11919e+06
12480.4 2.91706e+06 306465
12490.2 9.68473e+06 1.04209e+06
12500.4 6.52655e+06 720888
12510.1 4.41217e+06 363446
12522.6 8.90780e+06 924977
12530 7.26638e+06 651787
12540 6.77385e+06 657584
12552.2 5.12005e+06 416953
12560.2 7.89674e+06 581487
12570.6 3.62622e+06 402686
12580.4 9.78158e+06 609944
12590 6.6368e+06 427258
12600.4 3.14841e+06 448583
12610 9.99536e+06 586487
12620.1 3.14375e+06 265971
12630.1 1.02082e+07 846937
12640.1 6.66359e+06 438512
12650.4 4.00104e+06 292873
12661.6 7.80631e+06 652478
12670 7.99796e+06 556846
12680 6.67802e+06 476554
12693.9 5.99074e+06 538742
12700.2 7.24474e+06 559207
12711 3.86606e+06 391438
12720.1 9.75479e+06 869671
12730.2 6.7687e+06 649962
12740.4 2.94179e+06 332477
12750.1 1.03844e+07 1.05296e+06
12760.5 3.77926e+06 335971
12770.1 9.72e+06 829358
12780.6 6.68523e+06 681849
12790.4 4.1059e+06 500657
12800 9.28311e+06 1.04752e+06
12810 3.78053e+06 369958
12820 9.09122e+06 879507
12832 5.74448e+06 486029
12840.1 7.22928e+06 666384
12853 5.60228e+06 653722
12860.2 8.23186e+06 728804
12870 6.58219e+06 578702
12880.1 3.01907e+06 319466
12890.4 9.81662e+06 644946
12900.4 3.17569e+06 410894
12910.1 1.00237e+07 913700
12920 5.76611e+06 485405
12930.5 2.27409e+06 278660
12940.4 1.02751e+07 823685
12950 3.38692e+06 265133
12960 9.23341e+06 651649
12973.2 5.4807e+06 478768
12980.4 6.53994e+06 473136
12990 7.09327e+06 651576
13000 4.32046e+06 299878
13010 8.86659e+06 808528
13023.5 5.81351e+06 388125
13030.1 7.2942e+06 617732
13041.9 5.11799e+06 392480
13050.1 9.28596e+06 458200
13060.4 6.74087e+06 511813
13070.5 2.86657e+06 379623
13080 1.03988e+07 814272
13090.1 3.37765e+06 340463
13100 9.74861e+06 842535
13110.1 6.5554e+06 702418
13120.4 4.508e+06 847378
13133.4 7.96293e+06 564101
13140.2 5.08169e+06 480548
13150 7.91371e+06 1.08768e+06
13162.2 4.52139e+06 409391
13170 9.02424e+06 750862
13182 4.8573e+06 414983
13190 8.28235e+06 721817
13200 6.67184e+06 661303
13211 3.29831e+06 377471
13220.1 1.01587e+07 861209
13230.2 3.47554e+06 326401
13240 9.24784e+06 699634
13250.4 6.19476e+06 483856
13260.5 3.4745e+06 717089
13270 1.01865e+07 1.11478e+06
13280.1 4.45545e+06 578419
13290.1 8.97478e+06 659098
13303.5 5.84649e+06 508399
13310.4 5.35759e+06 425774
13320.6 7.82946e+06 363383
13330 3.69089e+06 373331
13340 8.78313e+06 499896
13352.9 5.70017e+06 445796
13360.1 6.61826e+06 661606
13374 6.83876e+06 481196
13380.1 7.24062e+06 390925
13390 6.69451e+06 378232
13401.1 4.22979e+06 202507
13410.2 8.4243e+06 792225
13421.8 5.08011e+06 902909
13430.1 9.18395e+06 765896
13440 6.77488e+06 650835
13450 2.70377e+06 229518
13460.1 1.0509e+07 894523
13470.5 3.00258e+06 430581
13480.1 1.05647e+07 1.04183e+06
13490.2 6.96859e+06 823845
13500.1 3.85369e+06 916367
13513.5 9.33336e+06 1.30214e+06
13520 7.58992e+06 848833
13530.1 6.62856e+06 641920
13540.2 3.50439e+06 289237
13550 9.89905e+06 888140
13560.9 4.13499e+06 359791
13570.1 9.16025e+06 741914
13580.1 6.43175e+06 623285
13590.5 3.08295e+06 350020
13600 9.23032e+06 643103
13611.2 3.44256e+06 193983
13620.2 8.69142e+06 545882
13630.2 6.72954e+06 528648
13640.5 3.92273e+06 287581
13653.1 8.61723e+06 677793
13660 7.36839e+06 540330
13670 6.58425e+06 380905
13681.9 4.58116e+06 386233
13690 8.40806e+06 952822
13700.5 3.31582e+06 401017
13710.4 1.00598e+07 887078
13720.9 6.85525e+06 586975
13730.2 5.29419e+06 501943
13741 5.0629e+06 794714
13750 9.98094e+06 748625
13760 6.83464e+06 651921
13770.2 2.94591e+06 341269
13782 1.00031e+07 895188
13790.4 6.31841e+06 515664
13800.2 7.57962e+06 721239
13812.4 5.07575e+06 405427
13820 8.54201e+06 396349
13830.5 3.91655e+06 202664
13840 9.57138e+06 826214
13850 6.34211e+06 591446
13860 2.67388e+06 353083
13870.6 1.06286e+07 791661
13880.6 3.90315e+06 445330
13890 8.65536e+06 1.02149e+06
13900 5.9248e+06 636490
13910.2 3.59712e+06 252992
13921.6 7.61259e+06 807575
13930 8.58735e+06 578446
13940 6.72542e+06 537305
13952.2 4.7759e+06 275582
13961.2 8.46473e+06 741661
13970.4 2.87482e+06 475901
13980.1 1.02442e+07 755369
13991.2 6.57292e+06 745460
14000 3.82072e+06 510750
14010.2 6.29368e+06 535620
14020 9.30142e+06 989455
14030 6.63165e+06 550365
14040.8 3.82999e+06 316998
14050.2 9.50544e+06 686181
14060.4 3.43202e+06 376147
14070 9.98172e+06 784209
14081.5 6.40806e+06 632185
14090.1 5.82897e+06 844968
14102.9 7.90729e+06 672441
14110.1 6.36169e+06 781124
14120.2 7.17879e+06 1.0842e+06
14132 4.79136e+06 454869
14140 8.3823e+06 729988
14151.2 4.10099e+06 269780
14160.1 8.65433e+06 648120
14170.2 6.09378e+06 422210
14181 2.82844e+06 164324
14190.1 9.42506e+06 589385
14202.1 4.79651e+06 429012
14210.2 8.67184e+06 916763
14220 6.59043e+06 588181
14230 3.21278e+06 182534
14240.2 9.93305e+06 622261
14250.1 2.97682e+06 350783
14260.1 1.05637e+07 922440
14270.1 6.96447e+06 718647
14280.6 3.1623e+06 462281
14290 1.03875e+07 1.10291e+06
14300.2 3.33722e+06 391311
14310 1.02568e+07 963762
14320 6.67905e+06 791919
14330.5 3.17672e+06 481354
14340.5 9.56108e+06 834267
14350 6.36041e+06 841423
14360 7.31917e+06 1.05797e+06
14372.9 5.31789e+06 608675
14380 7.31456e+06 762352
14391.5 4.6525e+06 464517
14400.1 9.06133e+06 800917
14410 6.75633e+06 565103
14420.1 3.73210e+06 356369
14430 9.68782e+06 811452
14441.1 4.12263e+06 435798
14450 9.25196e+06 928673
14460 6.7316e+06 774625
14470.2 3.3148e+06 287286
14480.5 1.01556e+07 888557
14490.6 2.82741e+06 130034
14500.1 1.04081e+07 675232
14510 6.5688e+06 520105
14520.5 3.02113e+06 231952
14530.1 7.91965e+06 645715
14540 9.04279e+06 632344
14550 6.67596e+06 434576
14560.2 3.17466e+06 269190
14571.1 9.8331e+06 763711
14580 5.11078e+06 342533
14590.2 8.52656e+06 963569
14600.1 6.3555e+06 613701
14610.2 3.6301e+06 462852
14621.4 7.30656e+06 715491
14630.1 9.1077e+06 942339
14640.2 6.49358e+06 462108
14650.2 2.93355e+06 407384
14660.2 1.05904e+07 772007
14670 3.95158e+06 384597
14680 9.43022e+06 684102
14691.5 4.41629e+06 305953
14700 8.6296e+06 513527
14710.2 6.49873e+06 621763
14720.2 4.08996e+06 522465
14730.1 9.12389e+06 1.06566e+06
14742.4 5.18497e+06 553945
14750 8.22774e+06 605924
14761.8 4.52757e+06 291255
14770.1 8.92223e+06 611657
14780.1 6.42763e+06 613607
14790.8 3.59403e+06 264470
14800 9.29214e+06 744131
14810.6 2.88306e+06 284740
14820 1.0439e+07 816451
14830.1 6.57086e+06 693709
14841.2 3.10229e+06 468854
14850 1.01713e+07 1.08296e+06
14862.5 4.92428e+06 459592
14870 8.32975e+06 876892
14880 6.67905e+06 587651
14890.4 3.40135e+06 174609
14900.4 9.8599e+06 738374
14910.1 2.94591e+06 156173
14920 1.02751e+07 542761
14930 6.68214e+06 376810
14940 4.37714e+06 265380
14950.2 9.22002e+06 370380
14960.1 3.82175e+06 367433
14970.1 9.36015e+06 656856
14980.6 6.65947e+06 570187
14990.1 3.97116e+06 568506
15003.4 8.0567e+06 1.0629e+06
15010.1 7.52604e+06 545805
15020 6.58322e+06 495919
15031.5 4.22876e+06 264510
15040 9.15304e+06 534667
15051.2 4.32046e+06 341830
15060 8.96448e+06 785539
15070 6.56365e+06 577329
15080.9 3.74756e+06 308326
15093 8.74088e+06 650230
15100 6.64068e+06 596873
15110.1 7.17388e+06 646731
15123.4 5.76612e+06 351694
15130 7.4807e+06 456489
15140.6 3.84751e+06 403516
15150 9.70946e+06 538363
15160.1 6.74087e+06 373081
15170.5 2.47399e+06 489264
15180 1.02154e+07 583005
15191.6 6.41012e+06 731391
15200.4 4.21694e+06 1.1139e+06
15210.1 9.5152e+06 1.39535e+06
15220.8 2.97991e+06 348818
15230 1.03596e+07 1.60494e+06
15240 6.74396e+06 1.08494e+06
15250.2 3.10665e+06 350052
15260 1.01051e+07 1.42803e+06
15270.4 3.18702e+06 318935
15280.2 1e+07 1.43324e+06
15293 5.35086e+06 845191
15300 7.82692e+06 809113
15310 6.43382e+06 727592
15320.1 2.78414e+06 336055
15330 9.97942e+06 1.07346e+06
15340 6.47091e+06 735965
15350.5 3.25994e+06 469729
15360.1 1.02167e+07 857794
15370.2 3.39207e+06 492691
15380 1.01948e+07 1.14944e+06
15390.4 5.97838e+06 520211
15400.2 3.79084e+06 436050
15410 9.9279e+06 863243
15420.1 3.48275e+06 333821
15430 1.00433e+07 1.11164e+06
15440.1 6.70172e+06 683716
15450.1 4.43072e+06 446443
15462.9 8.80476e+06 720540
15470 6.02244e+06 704985
15480 7.5541e+06 867154
15492 4.93046e+06 553568
15500 8.50801e+06 562258
15511 4.15869e+06 349999
15520.1 9.01394e+06 897453
15530 6.66153e+06 715080
15541 2.91603e+06 316327
15550.1 1.03864e+07 826853
15560 3.5353e+06 320755
15570.1 9.60436e+06 930088
15580 7.0603e+06 508141
15590 3.39826e+06 506677
15601.9 9.60126e+06 1.08274e+06
15610 5.95983e+06 747164
15620.1 7.70945e+06 921844
15630.5 3.68265e+06 308582
15640 9.87432e+06 797029
15652.2 5.10151e+06 448688
15660 8.5822e+06 762318
15670 7.09945e+06 597975
15680.4 3.75581e+06 251049
15690 1.01031e+07 476241
15700 3.56827e+06 196688
15710 1.00608e+07 601694
15724 5.73108e+06 516962
15730 7.33129e+06 575103
15743 5.87843e+06 366703
15750.1 7.92377e+06 567880
15760.1 6.70172e+06 368509
15770.4 3.60949e+06 214944
15780 9.41888e+06 513761
15790.1 3.35807e+06 147854
15800 1.00835e+07 454119
15810.2 6.48224e+06 336835
15820.8 2.23184e+06 588685
15830 1.07563e+07 578229
15840 3.559e+06 275700
15850 9.69194e+06 548077
15860 6.16591e+06 470215
15870.1 2.76147e+06 279187
15880 7.37663e+06 752425
15890 8.89235e+06 604770
15903.8 5.59816e+06 761213
15910 7.79703e+06 1.31668e+06
15921.6 4.34034e+06 667654
15930.2 9.13465e+06 1.71921e+06
15940.2 6.57189e+06 1.183e+06
15950.5 3.01392e+06 450901
15960 1.03998e+07 1.23836e+06
15970.1 3.65173e+06 386824
15980 9.7754e+06 1.05897e+06
15992.8 5.65483e+06 584069
16000.4 2.65019e+06 766413
16010 1.07296e+07 1.50914e+06
16020.1 3.32613e+06 402109
16030 9.99178e+06 979837
16040 6.76457e+06 699795
16050.1 3.43741e+06 506571
16063.8 9.37664e+06 1.00636e+06
16070 7.45906e+06 345236
16080 6.62959e+06 244110
16090.4 3.73004e+06 191798
16100.1 9.60229e+06 459696
16110 2.90573e+06 162242
16120 1.03823e+07 436199
16130 6.71924e+06 203506
16140 4.36271e+06 242307
16150 9.06752e+06 355510
16160 3.9928e+06 307146
16170 9.02939e+06 596776
16184 6.05875e+06 420211
16190 7.14273e+06 463311
16202.8 5.64865e+06 459500
16210 7.99796e+06 517800
16220 6.64196e+06 536285
16230.4 3.87533e+06 263587
16240 9.62496e+06 538348
16250 2.93252e+06 166586
16260 1.04493e+07 602720
16271.6 6.49667e+06 415162
16280.1 5.38693e+06 468194
16290.1 8.08452e+06 610184
16300 2.99846e+06 333228
16310 1.01041e+07 901379
16320 6.97786e+06 626939
16330.1 3.63731e+06 270910
16340 8.86556e+06 627569
16350.8 2.84802e+06 255377
16360 9.68679e+06 929742
16370 6.69142e+06 501986
16380.1 3.84751e+06 450172
16393.6 9.26638e+06 761566
16400 7.07988e+06 396586
16410 6.72439e+06 440203
16422.2 4.96652e+06 248680
16430 8.21229e+06 345329
16440.8 3.89903e+06 351365
16450.1 9.13758e+06 509872
16460 6.46988e+06 551200
16470.9 3.1829e+06 170906
16480 9.10976e+06 632119
16490.4 2.68831e+06 244804
16500 1.05626e+07 755830
16510.1 6.5554e+06 596641
16520.1 3.83721e+06 395365
16530 9.33233e+06 671354
16540 4.33798e+06 424049
16550 9.43537e+06 714366
16561.2 4.29883e+06 241439
16570 9.31584e+06 639366
16582.2 4.89543e+06 290863
16590 8.39776e+06 415543
16600 6.70378e+06 334653
16610.2 3.50027e+06 168406
16620.1 9.8125e+06 320002
16630.4 3.42093e+06 267408
16640 9.84341e+06 553005
16650 6.53685e+06 472442
16660.5 3.13011e+06 250119
16671.1 8.3403e+06 400639
16680.1 8.48534e+06 563283
16690.2 6.66359e+06 379204
16700.4 3.27873e+06 250359
16710 1.00134e+07 685153
16720 3.01701e+06 228433
16730 1.02504e+07 1.01205e+06
16740 6.77282e+06 781823
16750.4 3.36425e+06 498308
16760.4 1.02288e+07 615318
16770 5.6278e+06 638052
16780 8.0693e+06 1.0043e+06
16792.4 5.03144e+06 657670
16800 8.64608e+06 730545
16812.5 5.31274e+06 392543
16820 7.91553e+06 956744
16830 6.50182e+06 765067
16841.5 4.17209e+06 418503
16850 8.48637e+06 799844
16860.5 3.61773e+06 274657
16870 9.41476e+06 838095
16880.1 6.67184e+06 559259
16890 3.74035e+06 238794
16900.1 9.61363e+06 675559
16910 2.92942e+06 230372
16920 1.00464e+07 807297
16930.1 6.4606e+06 496711
16940.4 2.89851e+06 365703
16952.1 1.04596e+07 582273
16960.1 7.34469e+06 401729
16970.1 6.82021e+06 350078
16980.2 3.5693e+06 286447
16990 1.00299e+07 399346
17003.6 5.79394e+06 474985
17010 7.57138e+06 538987
17020 6.65123e+06 534669
17032.1 4.63783e+06 388298
17040 8.58941e+06 595355
17050.2 3.31376e+06 259219
17060 9.89699e+06 839043
17070.1 6.61516e+06 621346
17080.5 2.75323e+06 263094
17090 1.04081e+07 813921
17100.1 3.61979e+06 432641
17110 9.42816e+06 723764
17122.5 5.11284e+06 428131
17130 8.07833e+06 528931
17144.1 6.20713e+06 455327
17150 5.20352e+06 726182
17160.1 8.01342e+06 789916
17173.1 5.56312e+06 430050
17180 7.99693e+06 640780
17190.1 3.69295e+06 265751
17200 9.96809e+06 930248
17210 6.56261e+06 651919
17220.5 2.79753e+06 273046
17230.1 1.05379e+07 1.0541e+06
17240.4 3.26097e+06 432663
17250 9.74267e+06 1.17124e+06
17260 6.53685e+06 657731
17270.2 3.63604e+06 492086
17280.1 9.8385e+06 1.10751e+06
17290.1 3.50233e+06 247525
17300 9.53841e+06 631173
17310.5 6.44e+06 379433
17320 4.49254e+06 355937
17332 6.6131e+06 556765
17340 8.6162e+06 798140
17350 6.62238e+06 358505
17360 3.13447e+06 170292
17371 7.62496e+06 247575
17380 9.12625e+06 351771
17390 6.65226e+06 268964
17400.5 3.71871e+06 175969
17412.8 8.26484e+06 351896
17420.5 8.29575e+06 253482
17430.5 6.70584e+06 245201
17440.1 3.01907e+06 251214
17450.8 9.49925e+06 553573
17460.5 5.49821e+06 846919
17470.2 8.58426e+06 810130
17480.4 2.98816e+06 677406
17490 1.00305e+07 1.79954e+06
17500.8 3.82793e+06 708930
17510 9.52811e+06 1.74371e+06
17520.5 6.64814e+06 1.27071e+06
17530 4.14275e+06 804138
17540 9.2813e+06 1.32317e+06
17550 6.85834e+06 556286
17560.2 4.72335e+06 420092
17573.4 7.99796e+06 618208
17580 7.83001e+06 667644
17590.2 6.71511e+06 556599
17602.1 4.82536e+06 398076
17610 8.35139e+06 615811
17620.5 3.53942e+06 367473
17630.4 9.5281e+06 578357
17640 6.75633e+06 642208
17650.4 3.3591e+06 493152
17660 1.02607e+07 995338
17670 3.3591e+06 361431
17680 1.02195e+07 1.19106e+06
17691.2 6.67699e+06 680080
17700 4.67801e+06 440987
17710.4 8.64299e+06 541955
17720.1 4.80220e+06 364896
17730.1 8.75476e+06 915525
17743.1 5.32923e+06 580840
17750.1 7.7383e+06 471027
17763.2 5.5013e+06 524608
17770 7.71975e+06 847950
17780 6.9552e+06 745578
17791.6 4.57188e+06 331513
17800 9.20971e+06 747090
17811.1 3.15302e+06 288387
17820 1.0169e+07 909340
17830 6.5791e+06 703323
17840.5 3.33128e+06 390535
17850.1 1.00062e+07 957151
17860.1 3.57033e+06 554425
17870 9.64557e+06 1.21602e+06
17881.5 6.59971e+06 868277
17890.1 3.01907e+06 894403
17900 1.01762e+07 866156
17910.5 2.67801e+06 381094
17920 1.0134e+07 1.21793e+06
17930 6.42763e+06 668528
17940.2 3.84442e+06 569471
17952.2 9.00157e+06 809021
17960 5.63398e+06 760556
17970 7.72309e+06 902502
17984 5.90316e+06 592431
17990 5.04562e+06 769315
18002.8 8.30011e+06 1.13749e+06
18010 6.87792e+06 655256
18020 6.49873e+06 624335
18033.1 5.14684e+06 468377
18040 7.93099e+06 529392
18050.9 3.73108e+06 302481
18060.1 8.96551e+06 831328
18070 6.49049e+06 622946
18080 2.69037e+06 203163
18090 1.02793e+07 815887
18100 3.16848e+06 206224
18110 1.00186e+07 642793
18123.4 6.52243e+06 423806
18130 5.35705e+06 443726
18143.5 7.68884e+06 643928
18150 5.57397e+06 358792
18160 7.92941e+06 660999
18173.6 5.7352e+06 338357
18180 7.0129e+06 557050
18191.4 4.94386e+06 591302
18200 9.17159e+06 679755
18210 6.68214e+06 567495
18220.5 2.97864e+06 224238
18230 1.03568e+07 604052
18241 3.53736e+06 291421
18250 9.72285e+06 897469
18260 6.6739e+06 624324
18270.6 3.23339e+06 268156
18280.5 8.80270e+06 996705
18290 8.10718e+06 562813
18300 6.71511e+06 640410
18310.4 3.18187e+06 312447
18320 1.03565e+07 996219
18330.5 3.24448e+06 403100
18340 1.01486e+07 1.57691e+06
18350 6.62238e+06 827268
18360.2 3.68059e+06 751932
18372.1 9.21692e+06 626040
18380 5.21952e+06 385995
18390 8.18701e+06 1.13793e+06
18402 4.84906e+06 568133
18410 8.43279e+06 588640
18420 6.59559e+06 396423
18430.1 4.14402e+06 321607
18440.1 9.042e+06 593526
18454.1 6.18137e+06 449517
18460.2 6.31302e+06 259816
18471.5 5.60871e+06 607772
18480 8.65845e+06 534578
18491.1 3.99177e+06 506998
18500 9.11594e+06 1.4991e+06
18512.2 4.89852e+06 971214
18520 8.15252e+06 1.31829e+06
18530 6.48018e+06 1.07305e+06
18541.1 4.271e+06 771404
18550 8.98921e+06 1.25237e+06
18560.8 3.57651e+06 230494
18570 9.71255e+06 1.03815e+06
18580 6.56468e+06 693761
18590 3.5693e+06 345299
18600 9.82692e+06 948487
18610.5 4.12572e+06 543057
18620 9.52604e+06 1.27359e+06
18630 6.45751e+06 980318
18640.6 3.91036e+06 525200
18650 8.81919e+06 1.18606e+06
18660.1 2.88409e+06 408962
18670 1.03957e+07 1.37276e+06
18680.5 6.45648e+06 803241
18691.4 2.55024e+06 340362
18700 1.02381e+07 1.37174e+06
18710.6 3.27873e+06 286576
18720 9.7414e+06 1.02117e+06
18730.2 6.53273e+06 694555
18740 3.27667e+06 218377
18750 9.7754e+06 983216
18760.1 4.4029e+06 273743
18770.2 9.07267e+06 691027
18781.4 4.271e+06 331002
18790 8.96345e+06 572381
18800 6.42969e+06 538476
18810.1 3.25091e+06 512557
18820 9.93305e+06 944383
18830.2 3.26018e+06 389548
18840 1.01206e+07 942587
18850.2 6.49976e+06 622880
18860.8 3.33516e+06 421916
18870 1.01136e+07 617910
18880 3.72798e+06 296067
18890 9.63733e+06 699409
18903 6.15355e+06 519913
18910.2 5.42584e+06 833609
18922.8 6.88125e+06 1.17244e+06
18930 8.25968e+06 470596
18940 6.73366e+06 385241
18950.6 3.72386e+06 232262
18960.1 9.2602e+06 454989
18970 2.91706e+06 204251
18980 1.01948e+07 533844
18990.2 6.56364e+06 394059
19000 3.55797e+06 400821
19010 9.51471e+06 741132
19020.1 3.77023e+06 379878
19030 9.51162e+06 855418
19043.2 6.35241e+06 587426
19050.1 4.90985e+06 863933
19060 9.05824e+06 1.11953e+06
19070 6.19888e+06 677978
19080 7.38796e+06 816094
19093.2 5.5147e+06 320764
19100.1 7.45803e+06 631382
19110.9 4.0608e+06 210403
19120 9.5075e+06 724702
19130.1 6.66668e+06 529304
19140.8 2.98403e+06 240028
19150 1.03864e+07 600213
19160.2 4.77669e+06 514159
19170.2 8.44231e+06 584654
19180.4 3.85678e+06 225511
19190.1 9.56108e+06 1.03907e+06
19201.8 4.46472e+06 377616
19210.1 8.83877e+06 864522
19220 6.62753e+06 770641
19230.5 2.9253e+06 246472
19240.4 1.0576e+07 648563
19250.5 3.42892e+06 601539
19260 9.91063e+06 468161
19270 6.82434e+06 382936
19280.1 4.39877e+06 368665
19290.9 5.85679e+06 582253
19300 9.98972e+06 669418
19310 7.03557e+06 405996
19320 4.12881e+06 110098
19331.8 7.9959e+06 601523
19340.1 8.29781e+06 348610
19350 6.79033e+06 520201
19361.1 4.3318e+06 316354
19373.6 8.54304e+06 535342
19380 7.1046e+06 486267
19390.1 6.48430e+06 449460
19403.9 5.82176e+06 409643
19410.1 6.78366e+06 468196
19420.5 6.31993e+06 757944
19430.1 7.6909e+06 485691
19443 5.80939e+06 398768
19450.2 7.04381e+06 418155
19461.6 4.46987e+06 361521
19470 8.48328e+06 463030
19480.1 6.18858e+06 515692
19490.2 2.37507e+06 351952
19500 1.01381e+07 527507
19510.9 4.04432e+06 303038
19520 8.73573e+06 611359
19530 6.66359e+06 582742
19540.9 3.31067e+06 302576
19550 9.28699e+06 576797
19560.5 2.57884e+06 297445
19570.1 1.02022e+07 658620
19581.8 6.52655e+06 390071
19590.4 4.49151e+06 173398
19600 9.09431e+06 456449
19610 4.7656e+06 444658
19620 8.81816e+06 406301
19633.8 5.95468e+06 456845
19640.1 6.40266e+06 522082
19651.6 5.22952e+06 413274
19660.2 8.90162e+06 707982
19670 6.92635e+06 451023
19680 3.79393e+06 318038
19690 9.4941e+06 608323
19700.9 2.50078e+06 263161
19710.1 1.04627e+07 557523
19720.1 6.32459e+06 570262
19731.6 2.80474e+06 465904
19740 1.04173e+07 668047
19750.1 3.84315e+06 654217
19760 9.60872e+06 834302
19773 5.29728e+06 478676
19780.1 7.82485e+06 731238
19790.5 6.77797e+06 416587
19800.2 5.14169e+06 643663
19810.2 8.26483e+06 863172
19824.1 5.864e+06 572277
19830.1 3.79368e+06 734693
19843.4 7.84055e+06 800165
19850 7.30347e+06 786985
19860 6.46782e+06 640834
19871.4 4.18754e+06 343777
19880 7.42918e+06 585818
19891.4 4.46472e+06 309305
19900 9.16643e+06 559421
19910 6.47297e+06 453099
19920.6 2.3184e+06 306279
19930.1 9.37664e+06 325704
19940.8 3.81969e+06 362372
19950 8.79343e+06 444196
19960 6.2267e+06 494238
19970.8 3.91449e+06 292044
19982.8 8.38745e+06 602311
19990 6.52734e+06 722139
20000 6.82355e+06 232269
20014 5.87018e+06 323268
20020.2 5.67544e+06 465898
20031.1 7.3179e+06 307908
20040.2 7.07576e+06 473028
20053.5 5.68574e+06 349158
20060.1 6.47376e+06 597877
20072.6 5.64271e+06 408536
20080 7.61259e+06 618758
20090 6.14427e+06 523878
20102.4 4.65225e+06 417535
20110.1 7.65175e+06 918189
20120.8 4.42969e+06 622549
20130 8.98508e+06 910566
20140 6.28132e+06 600560
20150.4 2.79856e+06 404363
20160 1.0271e+07 849018
20170.2 3.69192e+06 330935
20180.1 9.67648e+06 726457
20193.1 5.77642e+06 545029
20200.1 5.22594e+06 822832
20210.2 7.85086e+06 484829
20220.2 3.20533e+06 486959
20230 9.71588e+06 995827
20240.6 6.17003e+06 378043
20250.2 4.42556e+06 510395
20260.1 8.73985e+06 669388
20270.1 3.79472e+06 361501
20280 8.96678e+06 761045
20292.2 6.30295e+06 512897
20300.1 4.61825e+06 501613
20313.8 7.99178e+06 634251
20320.4 3.42711e+06 352014
20330.1 8.52759e+06 807226
20342.2 4.62031e+06 340253
20350 7.27977e+06 602250
20360.4 6.2875e+06 670678
20370 3.23545e+06 346454
20380 9.13861e+06 561482
20390.1 6.40084e+06 469749
20400.2 4.22155e+06 766987
20412.8 7.33493e+06 653004
20420.1 8.2849e+06 738389
20430.1 6.65226e+06 606616
20440 2.92221e+06 236602
20452 8.14943e+06 672146
20460.1 8.74603e+06 681503
20470.1 6.55025e+06 503508
20480.2 3.54972e+06 314243
20493.5 8.64196e+06 771054
20500 7.39415e+06 531920
20510 6.40496e+06 441136
20523.6 5.66617e+06 459310
20530.1 4.51291e+06 623472
20541.4 6.16567e+06 747131
20550 8.50334e+06 558162
20560 6.23907e+06 418930
20570.1 2.96755e+06 247973
20581.9 8.4163e+06 597113
20590.1 8.1144e+06 647401
20600.1 6.28853e+06 452500
20611 3.71459e+06 232103
20620 8.91708e+06 461548
20630.1 2.96961e+06 289180
20640.1 1.01309e+07 809978
20650.5 6.4163e+06 557784
20660.1 3.0675e+06 283911
20670 9.59302e+06 737762
20681 3.7929e+06 287688
20690.1 9.43949e+06 968220
20700.2 6.63989e+06 706901
20710.1 3.81042e+06 400431
20720 9.73212e+06 589306
20730.4 3.28752e+06 448828
20740 1.01406e+07 1.04209e+06
20753.4 5.79497e+06 617002
20760.5 5.27619e+06 273358
20771.8 7.7831e+06 628579
20780.1 4.34416e+06 683181
20790 8.30708e+06 719044
20803 5.61362e+06 415317
20810.1 4.66231e+06 675484
20822.6 7.09042e+06 791705
20830 7.75788e+06 701618
20840.2 6.39466e+06 531108
20850.8 3.07368e+06 332292
20860 9.07988e+06 602038
20872.8 6.3215e+06 463523
20880.1 5.90007e+06 724435
20890.1 7.61362e+06 694218
20903.1 5.33644e+06 327502
20910.5 7.3733e+06 502881
20922 5.4119e+06 509798
20930 8.38127e+06 486711
20940.1 6.32974e+06 492569
20951.4 3.98558e+06 324273
20962.6 8.44722e+06 678450
20970 7.10666e+06 642625
20980.1 6.96962e+06 631552
20992.2 5.09326e+06 366230
21000 8.46679e+06 651829
21010.1 3.29831e+06 307279
21020.2 9.85268e+06 625994
21030.1 6.52346e+06 383145
21040.8 1.5662e+06 543313
21050.2 1.0204e+07 613944
21060.2 6.36787e+06 587822
21070.6 3.5353e+06 375539
21080 8.48122e+06 973476
21090.5 3.22412e+06 407578
21100.6 9.24269e+06 1.06035e+06
21110 6.00311e+06 709185
21120.1 2.86966e+06 287847
21130.5 8.61723e+06 765224
21140.2 2.14941e+06 343186
21150.2 9.52398e+06 826544
21160.6 5.99692e+06 400997
21170.4 1.89696e+06 608424
21180.1 1.04987e+07 691380
21192.9 5.23134e+06 645890
21200.1 8.28338e+06 959187
21210.1 6.77694e+06 906180
21220 3.06234e+06 387046
21230 9.44464e+06 1.05267e+06
21242.8 4.60588e+06 430160
21250 7.71357e+06 648569
21260 6.19064e+06 627062
21270.1 4.24628e+06 301977
21280 8.79961e+06 806239
21293.1 6.07008e+06 399062
21300.2 4.96756e+06 278425
21312.4 6.81197e+06 559931
21320 8.05978e+06 358268
21330 6.37302e+06 409564
21341.5 4.21433e+06 224446
21350.1 8.49771e+06 517196
21360.1 3.07162e+06 168872
21370 9.65587e+06 629030
21380.1 6.4637e+06 373029
21390.2 2.83978e+06 327362
21400 9.9856e+06 522290
21410 2.61618e+06 186636
21420.1 9.86402e+06 554334
21430.4 6.45236e+06 337147
21440 2.41835e+06 256861
21451.1 9.24269e+06 475487
21460 3.41759e+06 311939
21470.2 9.87662e+06 723717
21480 6.52243e+06 630687
21490.5 2.95828e+06 391724
21500.6 9.29626e+06 744539
21510.2 2.6914e+06 519344
21520.5 9.71358e+06 1.06253e+06
21530 6.51316e+06 518055
21540.2 3.16848e+06 511128
21550.8 8.93769e+06 888844
21560.4 4.04741e+06 514788
21570 8.58735e+06 853755
21583.4 5.21279e+06 382741
21590.1 6.80991e+06 530555
