# TimeStamp(s) Sum Stdev
0 8.65021e+06 0
10 8.87174e+06 0
20 8.2195e+06 0
30 8.64506e+06 0
40 8.66257e+06 0
50 8.93023e+06 0
60 8.0353e+06 0
70 7.81970e+06 0
80 9.19529e+06 0
90 9.09019e+06 0
100 8.60899e+06 0
110 9.02424e+06 0
120 8.83465e+06 0
130 8.10719e+06 0
140 8.20198e+06 0
150 8.31224e+06 0
160 8.3854e+06 0
170 8.79446e+06 0
180 8.47813e+06 0
190 8.42249e+06 0
200 8.8872e+06 0
210 9.85578e+06 0
220 9.62188e+06 0
230 9.26226e+06 0
240 9.03455e+06 0
250 9.36118e+06 0
260 9.22517e+06 0
270 9.16541e+06 0
280 9.68782e+06 0
290 9.50132e+06 0
300 9.15922e+06 0
310 9.18086e+06 0
320 9.25299e+06 0
330 8.3957e+06 0
340 8.6162e+06 0
350 7.91965e+06 0
360 9.14274e+06 0
370 8.97375e+06 0
380 9.67752e+06 0
390 9.53635e+06 0
400 8.93254e+06 0
410 8.8872e+06 0
420 8.29163e+06 0
430 8.77076e+06 0
440 8.88284e+06 0
450 9.64066e+06 0
460 9.26536e+06 0
470 9.24475e+06 0
480 9.37664e+06 0
490 9.48792e+06 0
500 9.68473e+06 0
510 9.31378e+06 0
520 9.21359e+06 0
530 8.99254e+06 0
540 9.26536e+06 0
550 8.71718e+06 0
560 8.91993e+06 0
570 9.70867e+06 0
580 8.77592e+06 0
590 9.35191e+06 0
600 9.47041e+06 0
610 9.16026e+06 0
620 9.287e+06 0
630 1.02638e+07 0
640 9.51884e+06 0
650 9.57242e+06 0
660 9.70716e+06 0
670 9.02655e+06 0
680 9.05618e+06 0
690 9.29215e+06 0
700 8.77489e+06 0
710 9.03146e+06 0
720 8.39364e+06 0
730 9.19917e+06 0
740 9.79316e+06 0
750 9.56932e+06 0
760 9.45598e+06 0
770 9.44671e+06 0
780 9.12934e+06 0
790 8.90781e+06 0
800 9.3684e+06 0
810 9.96912e+06 0
820 9.55799e+06 0
830 9.30863e+06 0
840 9.73831e+06 0
850 1.0372e+07 0
860 9.48998e+06 0
870 9.60024e+06 0
880 9.81662e+06 0
890 1.01237e+07 0
900 9.79704e+06 0
910 9.90008e+06 0
920 1.07491e+07 0
930 1.00454e+07 0
940 9.09019e+06 0
950 9.7074e+06 0
960 9.64042e+06 0
970 9.10152e+06 0
980 9.99591e+06 0
990 1.02906e+07 0
1000 9.92275e+06 0
1010 9.19323e+06 0
1020 9.40961e+06 0
1030 9.7651e+06 0
1040 9.26433e+06 0
1050 9.57757e+06 0
1060 8.60487e+06 0
1070 9.54872e+06 0
1080 1.07873e+07 0
1090 9.75274e+06 0
1100 9.58684e+06 0
1110 9.41682e+06 0
1120 9.28493e+06 0
1130 9.72388e+06 0
1140 9.65382e+06 0
1150 1.01822e+07 0
1160 9.91063e+06 0
1170 1.06368e+07 0
1180 1.0576e+07 0
1190 9.69606e+06 0
1200 9.37458e+06 0
1210 9.68164e+06 0
1220 1.00217e+07 0
1230 9.37252e+06 0
1240 9.01909e+06 0
1250 8.94593e+06 0
1260 8.36788e+06 0
1270 9.27978e+06 0
1280 9.965e+06 0
1290 9.321e+06 0
1300 8.76149e+06 0
1310 9.55593e+06 0
1320 9.60951e+06 0
1330 9.8362e+06 0
1340 9.84959e+06 0
1350 1.02793e+07 0
1360 9.35912e+06 0
1370 1.00072e+07 0
1380 9.48998e+06 0
1390 1.01989e+07 0
1400 9.44774e+06 0
1410 1.0133e+07 0
1420 1.02731e+07 0
1430 9.84753e+06 0
1440 1.05358e+07 0
1450 9.36634e+06 0
1460 9.7785e+06 0
1470 9.14892e+06 0
1480 9.73522e+06 0
1490 9.76304e+06 0
1500 9.33542e+06 0
1510 9.77644e+06 0
1520 9.75686e+06 0
1530 9.11183e+06 0
1540 8.8738e+06 0
1550 8.71203e+06 0
1560 8.68833e+06 0
1570 1.04998e+07 0
1580 9.63836e+06 0
1590 9.63115e+06 0
1600 1.03329e+07 0
1610 1.0235e+07 0
1620 9.63733e+06 0
1630 9.28081e+06 0
1640 9.86917e+06 0
1650 1.04112e+07 0
1660 1.01371e+07 0
1670 9.93306e+06 0
1680 9.18086e+06 0
1690 9.84753e+06 0
1700 1.09913e+07 0
1710 1.03133e+07 0
1720 9.83723e+06 0
1730 8.48637e+06 0
1740 8.39673e+06 0
1750 9.22311e+06 0
1760 9.06958e+06 0
1770 8.55747e+06 0
1780 9.01806e+06 0
1790 1.01422e+07 0
1800 9.60642e+06 0
1810 9.32924e+06 0
1820 1.02144e+07 0
1830 9.43537e+06 0
1840 9.49823e+06 0
1850 9.65485e+06 0
1860 1.01546e+07 0
1870 9.07164e+06 0
1880 8.84804e+06 0
1890 9.45804e+06 0
1900 9.11389e+06 0
1910 9.34367e+06 0
1920 1.0339e+07 0
1930 1.00155e+07 0
1940 1.02319e+07 0
1950 9.25402e+06 0
1960 1.00639e+07 0
1970 9.35191e+06 0
1980 8.21126e+06 0
1990 8.7924e+06 0
2000 8.86041e+06 0
2010 8.97788e+06 0
2020 8.58632e+06 0
2030 8.34006e+06 0
2040 9.34985e+06 0
2050 9.34058e+06 0
2060 1.04699e+07 0
2070 9.00054e+06 0
2080 9.29112e+06 0
2090 9.01188e+06 0
2100 9.37767e+06 0
2110 8.99745e+06 0
2120 9.23857e+06 0
2130 8.41528e+06 0
2140 9.51574e+06 0
2150 9.92275e+06 0
2160 1.08676e+07 0
2170 9.36403e+06 0
2180 9.46653e+06 0
2190 9.46216e+06 0
2200 9.27978e+06 0
2210 1.06956e+07 0
2220 9.80632e+06 0
2230 8.97066e+06 0
2240 1.07285e+07 0
2250 1.02947e+07 0
2260 9.97221e+06 0
2270 9.4127e+06 0
2280 9.9073e+06 0
2290 1.0509e+07 0
2300 8.95314e+06 0
2310 8.82641e+06 0
2320 8.92223e+06 0
2330 9.3921e+06 0
2340 1.00619e+07 0
2350 9.81456e+06 0
2360 9.46422e+06 0
2370 9.01188e+06 0
2380 9.72801e+06 0
2390 1.00083e+07 0
2400 9.66618e+06 0
2410 9.5549e+06 0
2420 8.42249e+06 0
2430 8.79962e+06 0
2440 9.12728e+06 0
2450 9.17777e+06 0
2460 1.00526e+07 0
2470 9.39725e+06 0
2480 9.75068e+06 0
2490 1.03359e+07 0
2500 8.76973e+06 0
2510 7.61466e+06 0
2520 8.11749e+06 0
2530 9.16644e+06 0
2540 8.78725e+06 0
2550 7.00363e+06 0
2560 7.86504e+06 0
2570 8.01754e+06 0
2580 7.23341e+06 0
2590 7.33748e+06 0
2600 7.57447e+06 0
2610 8.26896e+06 0
2620 8.74913e+06 0
2630 9.50647e+06 0
2640 8.99745e+06 0
2650 8.2906e+06 0
2660 9.23754e+06 0
2670 8.77386e+06 0
2680 7.97608e+06 0
2690 9.24911e+06 0
2700 8.72337e+06 0
2710 8.75222e+06 0
2720 8.84701e+06 0
2730 8.23986e+06 0
2740 8.88744e+06 0
2750 9.29833e+06 0
2760 9.4364e+06 0
2770 9.26948e+06 0
2780 8.14531e+06 0
2790 7.96602e+06 0
2800 9.27566e+06 0
2810 8.95005e+06 0
2820 9.43846e+06 0
2830 9.81147e+06 0
2840 8.26072e+06 0
2850 8.89235e+06 0
2860 7.51677e+06 0
2870 7.17055e+06 0
2880 8.69967e+06 0
2890 8.66257e+06 0
2900 7.40652e+06 0
2910 7.084e+06 0
2920 7.55901e+06 0
2930 8.14943e+06 0
2940 7.7177e+06 0
2950 8.56056e+06 0
2960 8.49977e+06 0
2970 8.68833e+06 0
2980 8.82228e+06 0
2990 7.94438e+06 0
3000 8.12986e+06 0
3010 9.29524e+06 0
3020 8.68833e+06 0
3030 8.41322e+06 0
3040 9.81456e+06 0
3050 1.05317e+07 0
3060 8.77901e+06 0
3070 9.61775e+06 0
3080 7.98251e+06 0
3090 8.73882e+06 0
3100 8.57396e+06 0
3110 8.86659e+06 0
3120 9.16335e+06 0
3130 9.32924e+06 0
3140 8.74191e+06 0
3150 9.10152e+06 0
3160 9.72182e+06 0
3170 8.42352e+06 0
3180 8.43279e+06 0
3190 9.66721e+06 0
3200 8.5111e+06 0
3210 9.88875e+06 0
3220 9.43743e+06 0
3230 9.02321e+06 0
3240 9.77746e+06 0
3250 7.71666e+06 0
3260 9.08092e+06 0
3270 8.9346e+06 0
3280 8.35242e+06 0
3290 9.10977e+06 0
3300 9.85165e+06 0
3310 8.93254e+06 0
3320 8.20610e+06 0
3330 8.73985e+06 0
3340 8.63475e+06 0
3350 8.71409e+06 0
3360 8.31224e+06 0
3370 8.20610e+06 0
3380 8.92326e+06 0
3390 8.98175e+06 0
3400 8.87199e+06 0
3410 7.61466e+06 0
3420 7.81661e+06 0
3430 8.346e+06 0
3440 9.49332e+06 0
3450 9.1314e+06 0
3460 8.08143e+06 0
3470 7.70739e+06 0
3480 7.8434e+06 0
3490 8.21126e+06 0
3500 7.62702e+06 0
3510 9.00776e+06 0
3520 8.07628e+06 0
3530 8.3009e+06 0
3540 7.73418e+06 0
3550 8.06906e+06 0
3560 8.54923e+06 0
3570 8.22362e+06 0
3580 8.7244e+06 0
3590 7.27668e+06 0
3600 8.13604e+06 0
3610 7.93408e+06 0
3620 9.6363e+06 0
3630 8.79319e+06 0
3640 8.68033e+06 0
3650 8.20610e+06 0
3660 8.9449e+06 0
3670 8.60693e+06 0
3680 8.72543e+06 0
3690 9.86814e+06 0
3700 9.07267e+06 0
3710 8.60693e+06 0
3720 8.8975e+06 0
3730 9.86378e+06 0
3740 9.99409e+06 0
3750 8.32563e+06 0
3760 8.29678e+06 0
3770 8.54202e+06 0
3780 9.39931e+06 0
3790 9.51884e+06 0
3800 9.94233e+06 0
3810 8.90781e+06 0
3820 9.34573e+06 0
3830 9.17571e+06 0
3840 9.19323e+06 0
3850 9.36530e+06 0
3860 8.37818e+06 0
3870 8.42558e+06 0
3880 9.98458e+06 0
3890 9.72492e+06 0
3900 9.81971e+06 0
3910 9.01703e+06 0
3920 8.99642e+06 0
3930 8.60384e+06 0
3940 9.39931e+06 0
3950 8.8975e+06 0
3960 9.66206e+06 0
3970 8.79034e+06 0
3980 9.22699e+06 0
3990 1.02218e+07 0
4000 8.89956e+06 0
4010 1.0068e+07 0
4020 1.00536e+07 0
4030 9.8125e+06 0
4040 9.8702e+06 0
4050 9.31172e+06 0
4060 9.12007e+06 0
4070 9.94954e+06 0
4080 7.80734e+06 0
4090 8.45031e+06 0
4100 9.34161e+06 0
4110 8.8738e+06 0
4120 8.72028e+06 0
4130 8.99206e+06 0
4140 9.19656e+06 0
4150 1.01853e+07 0
4160 1.02661e+07 0
4170 8.36376e+06 0
4180 8.72955e+06 0
4190 7.98045e+06 0
4200 9.49308e+06 0
4210 8.69348e+06 0
4220 9.39828e+06 0
4230 1.04544e+07 0
4240 9.77953e+06 0
4250 8.6296e+06 0
4260 7.80631e+06 0
4270 7.2705e+06 0
4280 8.80683e+06 0
4290 9.72698e+06 0
4300 1.0506e+07 0
4310 9.45804e+06 0
4320 9.41167e+06 0
4330 8.24732e+06 0
4340 9.58684e+06 0
4350 9.98664e+06 0
4360 8.60899e+06 0
4370 8.53274e+06 0
4380 9.22414e+06 0
4390 9.20044e+06 0
4400 8.99642e+06 0
4410 8.11337e+06 0
4420 1.02947e+07 0
4430 1.07254e+07 0
4440 9.08092e+06 0
4450 7.59199e+06 0
4460 8.21641e+06 0
4470 8.74294e+06 0
4480 1.1082e+07 0
4490 8.15046e+06 0
4500 7.65769e+06 0
4510 7.97451e+06 0
4520 8.28751e+06 0
4530 7.61338e+06 0
4540 8.04354e+06 0
4550 8.09379e+06 0
4560 8.17107e+06 0
4570 8.16901e+06 0
4580 8.07628e+06 0
4590 8.4297e+06 0
4600 7.8805e+06 0
4610 8.46886e+06 0
4620 8.51316e+06 0
4630 8.20301e+06 0
4640 8.69967e+06 0
4650 1.01288e+07 0
4660 9.13037e+06 0
4670 1.01278e+07 0
4680 8.94387e+06 0
4690 9.35294e+06 0
4700 9.30657e+06 0
4710 9.28802e+06 0
4720 1.0744e+07 0
4730 1.02113e+07 0
4740 8.95624e+06 0
4750 9.61981e+06 0
4760 9.09304e+06 0
4770 8.95236e+06 0
4780 8.94387e+06 0
4790 9.25172e+06 0
4800 9.7468e+06 0
4810 8.56468e+06 0
4820 7.8568e+06 0
4830 7.91862e+06 0
4840 8.338e+06 0
4850 8.99436e+06 0
4860 7.90523e+06 0
4870 8.06185e+06 0
4880 8.33697e+06 0
4890 7.8465e+06 0
4900 8.96242e+06 0
4910 9.04897e+06 0
4920 8.55232e+06 0
4930 7.87432e+06 0
4940 8.32048e+06 0
4950 8.32563e+06 0
4960 9.05309e+06 0
4970 8.30812e+06 0
4980 7.55798e+06 0
4990 7.31893e+06 0
5000 7.20456e+06 0
5010 9.16541e+06 0
5020 1.00464e+07 0
5030 8.53765e+06 0
5040 8.34648e+06 0
5050 9.18086e+06 0
5060 8.56881e+06 0
5070 8.74706e+06 0
5080 8.47195e+06 0
5090 6.89132e+06 0
5100 8.56674e+06 0
5110 8.29163e+06 0
5120 7.55901e+06 0
5130 8.73676e+06 0
5140 8.44722e+06 0
5150 8.47813e+06 0
5160 8.50801e+06 0
5170 8.37303e+06 0
5180 8.02269e+06 0
5190 8.8738e+06 0
5200 8.86247e+06 0
5210 8.45031e+06 0
5220 8.033e+06 0
5230 8.3483e+06 0
5240 8.13192e+06 0
5250 8.67185e+06 0
5260 9.26639e+06 0
5270 9.25093e+06 0
5280 9.34573e+06 0
5290 8.97684e+06 0
5300 8.21538e+06 0
5310 8.37303e+06 0
5320 8.65306e+06 0
5330 1.06422e+07 0
5340 1.00124e+07 0
5350 9.11389e+06 0
5360 8.79962e+06 0
5370 9.04794e+06 0
5380 8.37509e+06 0
5390 9.11492e+06 0
5400 8.48613e+06 0
5410 8.21253e+06 0
5420 7.84959e+06 0
5430 8.66154e+06 0
5440 8.17828e+06 0
5450 8.82434e+06 0
5460 1.06049e+07 0
5470 1.03236e+07 0
5480 9.2396e+06 0
5490 8.54202e+06 0
5500 7.51574e+06 0
5510 8.28751e+06 0
5520 8.83568e+06 0
5530 1.01711e+07 0
5540 9.00466e+06 0
5550 9.31585e+06 0
5560 8.65742e+06 0
5570 8.75737e+06 0
5580 9.18189e+06 0
5590 7.71873e+06 0
5600 9.41373e+06 0
5610 9.96706e+06 0
5620 9.53738e+06 0
5630 8.62445e+06 0
5640 7.82692e+06 0
5650 7.82692e+06 0
5660 9.17777e+06 0
5670 8.3483e+06 0
5680 9.84032e+06 0
5690 9.07576e+06 0
5700 8.66463e+06 0
5710 9.37046e+06 0
5720 9.70122e+06 0
5730 9.02218e+06 0
5740 8.79343e+06 0
5750 8.4668e+06 0
5760 8.9109e+06 0
5770 8.82744e+06 0
5780 8.66978e+06 0
5790 8.52759e+06 0
5800 8.67288e+06 0
5810 7.85268e+06 0
5820 8.03197e+06 0
5830 8.13501e+06 0
5840 8.26484e+06 0
5850 7.94644e+06 0
5860 8.98509e+06 0
5870 9.84238e+06 0
5880 8.93048e+06 0
5890 9.00879e+06 0
5900 9.03558e+06 0
5910 8.88696e+06 0
5920 7.86116e+06 0
5930 8.01342e+06 0
5940 8.59432e+06 0
5950 9.69837e+06 0
5960 8.69142e+06 0
5970 8.73264e+06 0
5980 7.4601e+06 0
5990 8.53583e+06 0
6000 9.17262e+06 0
6010 9.5415e+06 0
6020 8.97684e+06 0
6030 7.70739e+06 0
6040 8.04845e+06 0
6050 8.36376e+06 0
6060 8.54717e+06 0
6070 9.31791e+06 0
6080 9.42404e+06 0
6090 8.79113e+06 0
6100 8.69476e+06 0
6110 9.59921e+06 0
6120 9.27257e+06 0
6130 9.77644e+06 0
6140 9.13346e+06 0
6150 9.1345e+06 0
6160 8.71306e+06 0
6170 9.79601e+06 0
6180 8.78313e+06 0
6190 8.85114e+06 0
6200 9.45598e+06 0
6210 9.80116e+06 0
6220 1.04596e+07 0
6230 8.13604e+06 0
6240 8.87896e+06 0
6250 8.87277e+06 0
6260 9.24269e+06 0
6270 8.26484e+06 0
6280 8.92842e+06 0
6290 9.26948e+06 0
6300 9.2159e+06 0
6310 7.95469e+06 0
6320 7.94232e+06 0
6330 8.2669e+06 0
6340 8.87793e+06 0
6350 9.12419e+06 0
6360 7.98972e+06 0
6370 8.93872e+06 0
6380 7.65999e+06 0
6390 9.49514e+06 0
6400 9.2919e+06 0
6410 9.21923e+06 0
6420 8.33490e+06 0
6430 8.37715e+06 0
6440 8.41528e+06 0
6450 8.08452e+06 0
6460 9.04073e+06 0
6470 9.00364e+06 0
6480 9.59612e+06 0
6490 1.00701e+07 0
6500 9.58969e+06 0
6510 8.3877e+06 0
6520 9.31997e+06 0
6530 8.66051e+06 0
6540 8.66257e+06 0
6550 9.41786e+06 0
6560 8.92532e+06 0
6570 9.93718e+06 0
6580 9.67236e+06 0
6590 9.35912e+06 0
6600 9.2839e+06 0
6610 9.26845e+06 0
6620 9.06649e+06 0
6630 9.06134e+06 0
6640 8.17107e+06 0
6650 8.46268e+06 0
6660 7.97736e+06 0
6670 9.51059e+06 0
6680 8.59148e+06 0
6690 9.90524e+06 0
6700 1.02442e+07 0
6710 8.45134e+06 0
6720 7.35602e+06 0
6730 7.88153e+06 0
6740 7.94541e+06 0
6750 8.2669e+06 0
6760 7.67339e+06 0
6770 9.58993e+06 0
6780 9.53738e+06 0
6790 1.00042e+07 0
6800 7.7146e+06 0
6810 7.95366e+06 0
6820 8.04227e+06 0
6830 8.16489e+06 0
6840 9.50956e+06 0
6850 8.87586e+06 0
6860 8.97169e+06 0
6870 9.16232e+06 0
6880 9.4158e+06 0
6890 8.89647e+06 0
6900 8.43794e+06 0
6910 8.96551e+06 0
6920 1.02123e+07 0
6930 9.25608e+06 0
6940 8.80374e+06 0
6950 8.35424e+06 0
6960 1.02754e+07 0
6970 9.9753e+06 0
6980 9.04667e+06 0
6990 8.09404e+06 0
7000 8.14222e+06 0
7010 8.17519e+06 0
7020 7.43330e+06 0
7030 9.92069e+06 0
7040 8.2906e+06 0
7050 7.56210e+06 0
7060 8.59226e+06 0
7070 8.86684e+06 0
7080 8.25969e+06 0
7090 8.05876e+06 0
7100 7.95366e+06 0
7110 7.53119e+06 0
7120 8.55644e+06 0
7130 8.70997e+06 0
7140 9.79807e+06 0
7150 8.04948e+06 0
7160 7.67545e+06 0
7170 8.48534e+06 0
7180 1.07677e+07 0
7190 1.07337e+07 0
7200 9.63836e+06 0
7210 1.00804e+07 0
7220 9.58375e+06 0
7230 9.016e+06 0
7240 9.66515e+06 0
7250 9.52296e+06 0
7260 9.02424e+06 0
7270 9.63836e+06 0
7280 9.12007e+06 0
7290 8.77386e+06 0
7300 8.99848e+06 0
7310 9.10049e+06 0
7320 9.19014e+06 0
7330 1.00361e+07 0
7340 9.35912e+06 0
7350 9.35191e+06 0
7360 9.64557e+06 0
7370 8.99436e+06 0
7380 9.31378e+06 0
7390 1.03772e+07 0
7400 9.1582e+06 0
7410 9.11595e+06 0
7420 9.49617e+06 0
7430 9.9042e+06 0
7440 9.23857e+06 0
7450 9.05722e+06 0
7460 9.04564e+06 0
7470 9.62624e+06 0
7480 9.20559e+06 0
7490 8.98097e+06 0
7500 8.45958e+06 0
7510 9.11183e+06 0
7520 1.0811e+07 0
7530 9.37767e+06 0
7540 9.88463e+06 0
7550 9.10461e+06 0
7560 8.52862e+06 0
7570 8.64402e+06 0
7580 8.80992e+06 0
7590 9.17777e+06 0
7600 9.07885e+06 0
7610 8.68009e+06 0
7620 8.59250e+06 0
7630 9.22105e+06 0
7640 9.57138e+06 0
7650 8.69245e+06 0
7660 9.05618e+06 0
7670 9.18396e+06 0
7680 8.86247e+06 0
7690 9.52914e+06 0
7700 9.68473e+06 0
7710 9.7834e+06 0
7720 9.49847e+06 0
7730 9.79704e+06 0
7740 9.64454e+06 0
7750 9.52708e+06 0
7760 9.43846e+06 0
7770 9.09946e+06 0
7780 8.32151e+06 0
7790 8.56159e+06 0
7800 8.89956e+06 0
7810 9.36015e+06 0
7820 8.84701e+06 0
7830 9.35603e+06 0
7840 9.98458e+06 0
7850 9.06958e+06 0
7860 1.02885e+07 0
7870 1.01216e+07 0
7880 1.00175e+07 0
7890 9.06855e+06 0
7900 9.19941e+06 0
7910 9.1685e+06 0
7920 9.58763e+06 0
7930 9.14813e+06 0
7940 9.98664e+06 0
7950 9.41476e+06 0
7960 9.07473e+06 0
7970 9.31276e+06 0
7980 8.99848e+06 0
7990 8.61826e+06 0
8000 9.70843e+06 0
8010 9.93615e+06 0
8020 1.02669e+07 0
8030 9.62188e+06 0
8040 9.30221e+06 0
8050 9.86117e+06 0
8060 8.57087e+06 0
8070 9.63218e+06 0
8080 9.13862e+06 0
8090 8.97272e+06 0
8100 8.53583e+06 0
8110 8.62445e+06 0
8120 8.40497e+06 0
8130 8.78004e+06 0
8140 8.79962e+06 0
8150 8.92532e+06 0
8160 8.17416e+06 0
8170 9.61157e+06 0
8180 9.56829e+06 0
8190 8.95727e+06 0
8200 9.96809e+06 0
8210 9.71358e+06 0
8220 1.09614e+07 0
8230 1.03802e+07 0
8240 9.37252e+06 0
8250 9.26639e+06 0
8260 9.67958e+06 0
8270 1.00361e+07 0
8280 9.95366e+06 0
8290 9.77334e+06 0
8300 9.47247e+06 0
8310 9.20972e+06 0
8320 9.53841e+06 0
8330 9.03764e+06 0
8340 9.68473e+06 0
8350 8.92405e+06 0
8360 9.25426e+06 0
8370 9.69812e+06 0
8380 9.26639e+06 0
8390 8.22877e+06 0
8400 8.2535e+06 0
8410 8.3903e+06 0
8420 9.01933e+06 0
8430 9.06134e+06 0
8440 9.99694e+06 0
8450 1.03772e+07 0
8460 9.29396e+06 0
8470 9.279e+06 0
8480 9.47865e+06 0
8490 9.53944e+06 0
8500 8.72028e+06 0
8510 9.41167e+06 0
8520 9.84547e+06 0
8530 9.5889e+06 0
8540 9.53738e+06 0
8551 9.26948e+06 0
8560 8.85114e+06 0
8570 8.80889e+06 0
8580 8.71512e+06 0
8590 9.14559e+06 0
8600 7.79419e+06 0
8610 8.03918e+06 0
8620 8.83156e+06 0
8630 8.48019e+06 0
8640 8.90369e+06 0
8650 8.67906e+06 0
8660 8.71385e+06 0
8670 9.15741e+06 0
8680 8.58632e+06 0
8690 8.39364e+06 0
8700 9.11904e+06 0
8710 9.75789e+06 0
8720 9.59405e+06 0
8730 9.65588e+06 0
8740 1.01484e+07 0
8750 9.50132e+06 0
8760 9.53841e+06 0
8770 9.57448e+06 0
8780 1.06554e+07 0
8790 1.03205e+07 0
8800 9.79989e+06 0
8810 8.02088e+06 0
8820 1.04171e+07 0
8830 1.01425e+07 0
8840 1.00454e+07 0
8850 9.15922e+06 0
8860 9.91142e+06 0
8870 8.88823e+06 0
8880 8.87896e+06 0
8890 1.027e+07 0
8900 9.64764e+06 0
8910 8.32048e+06 0
8920 9.31069e+06 0
8930 9.17056e+06 0
8940 9.66618e+06 0
8950 1.05688e+07 0
8960 9.74964e+06 0
8970 8.36376e+06 0
8980 9.56108e+06 0
8990 7.74449e+06 0
9000 1.02381e+07 0
9010 9.965e+06 0
9020 9.88050e+06 0
9030 9.41682e+06 0
9040 9.0634e+06 0
9050 9.4364e+06 0
9060 1.02195e+07 0
9070 9.1108e+06 0
9080 8.52553e+06 0
9090 8.98818e+06 0
9100 8.5008e+06 0
9110 8.10925e+06 0
9120 9.87535e+06 0
9130 9.79292e+06 0
9140 9.67133e+06 0
9150 9.68576e+06 0
9160 9.25917e+06 0
9170 9.09843e+06 0
9180 8.05052e+06 0
9190 8.21435e+06 0
9200 8.19374e+06 0
9210 9.80941e+06 0
9220 9.43743e+06 0
9230 9.70225e+06 0
9240 8.40703e+06 0
9250 8.6193e+06 0
9260 8.03094e+06 0
9270 9.65176e+06 0
9280 8.98509e+06 0
9290 9.83414e+06 0
9300 8.96551e+06 0
9310 8.41425e+06 0
9320 8.86968e+06 0
9330 9.25917e+06 0
9340 8.62754e+06 0
9350 8.94181e+06 0
9360 9.54562e+06 0
9370 9.92687e+06 0
9380 1.00052e+07 0
9390 9.71049e+06 0
9400 8.23496e+06 0
9410 9.44671e+06 0
9420 8.73264e+06 0
9430 8.06082e+06 0
9440 8.75325e+06 0
9450 8.20404e+06 0
9460 9.07473e+06 0
9470 8.39776e+06 0
9480 8.89235e+06 0
9490 8.677e+06 0
9500 8.02166e+06 0
9510 8.85732e+06 0
9520 9.19529e+06 0
9530 8.2566e+06 0
9540 9.63218e+06 0
9550 8.55747e+06 0
9560 9.71255e+06 0
9570 1.04524e+07 0
9580 1.02514e+07 0
9590 9.5392e+06 0
9600 8.55565e+06 0
9610 7.53944e+06 0
9620 9.33027e+06 0
9630 9.6497e+06 0
9640 7.96602e+06 0
9650 7.99384e+06 0
9660 7.9516e+06 0
9670 8.40703e+06 0
9680 8.83568e+06 0
9690 7.96293e+06 0
9700 8.60075e+06 0
9710 9.42301e+06 0
9720 9.70946e+06 0
9730 1.08563e+07 0
9740 8.13604e+06 0
9750 8.41734e+06 0
9760 7.93408e+06 0
9770 8.45443e+06 0
9780 7.73624e+06 0
9790 8.18447e+06 0
9800 8.63863e+06 0
9810 8.51032e+06 0
9820 9.38591e+06 0
9830 9.2839e+06 0
9840 8.97581e+06 0
9850 8.57087e+06 0
9860 9.38694e+06 0
9870 8.59148e+06 0
9880 7.66412e+06 0
9890 8.72646e+06 0
9900 8.07730e+06 0
9910 7.90832e+06 0
9920 8.08349e+06 0
9930 8.99024e+06 0
9940 8.42352e+06 0
9950 8.88205e+06 0
9960 8.8398e+06 0
9970 9.55696e+06 0
9980 8.3009e+06 0
9990 7.56314e+06 0
10000 8.43382e+06 0
10010 9.38076e+06 0
10020 8.8769e+06 0
10030 9.31894e+06 0
10040 9.83105e+06 0
10050 8.81919e+06 0
10060 8.07937e+06 0
10070 8.12058e+06 0
10080 8.56674e+06 0
10090 8.79446e+06 0
10100 7.8465e+06 0
10110 8.36066e+06 0
10120 8.45855e+06 0
10130 8.34315e+06 0
10140 8.39673e+06 0
10150 8.48328e+06 0
10160 7.67751e+06 0
10170 7.83722e+06 0
10180 8.25144e+06 0
10190 8.24938e+06 0
10200 8.22671e+06 0
10210 8.89544e+06 0
10220 8.84162e+06 0
10230 8.48765e+06 0
10240 1.05791e+07 0
10250 1.04173e+07 0
10260 1.06994e+07 0
10270 9.47065e+06 0
10280 8.88411e+06 0
10290 1.03751e+07 0
10300 8.26381e+06 0
10310 8.84701e+06 0
10320 1.0339e+07 0
10330 1.00083e+07 0
10340 1.02916e+07 0
10350 9.80735e+06 0
10360 8.88823e+06 0
10370 8.92945e+06 0
10380 8.77282e+06 0
10390 8.03094e+06 0
10400 8.8872e+06 0
10410 8.76046e+06 0
10420 1.09676e+07 0
10430 9.52914e+06 0
10440 8.0987e+06 0
10450 1.01373e+07 0
10460 1.02937e+07 0
10470 1.10727e+07 0
10480 9.05285e+06 0
10490 7.55617e+06 0
10500 8.51522e+06 0
10510 9.29936e+06 0
10520 8.22053e+06 0
10530 9.47532e+06 0
10540 7.62726e+06 0
10550 7.63629e+06 0
10560 8.65021e+06 0
10570 7.54459e+06 0
10580 8.9109e+06 0
10590 8.82125e+06 0
10600 8.74191e+06 0
10610 8.66051e+06 0
10620 9.01703e+06 0
10630 1.10747e+07 0
10640 9.43434e+06 0
10650 8.08143e+06 0
10660 9.20662e+06 0
10670 9.69606e+06 0
10680 9.64557e+06 0
10690 8.651e+06 0
10700 9.38513e+06 0
10710 9.10049e+06 0
10720 7.71642e+06 0
10730 9.24087e+06 0
10740 8.4534e+06 0
10750 8.32975e+06 0
10760 8.48534e+06 0
10770 7.72466e+06 0
10780 8.60511e+06 0
10790 8.61002e+06 0
10800 9.31585e+06 0
10810 8.90781e+06 0
10820 8.41322e+06 0
10830 8.711e+06 0
10840 7.89596e+06 0
10850 8.1618e+06 0
10860 8.66154e+06 0
10870 7.66618e+06 0
10880 9.57654e+06 0
10890 8.77386e+06 0
10900 6.88513e+06 0
10910 7.34572e+06 0
10920 9.46216e+06 0
10930 1.05564e+07 0
10940 9.62394e+06 0
10950 8.43461e+06 0
10960 8.51341e+06 0
10970 9.3787e+06 0
10980 9.31688e+06 0
10990 8.78622e+06 0
11000 9.56623e+06 0
11010 1.00227e+07 0
11020 9.77334e+06 0
11030 9.82486e+06 0
11040 9.8939e+06 0
11050 9.40137e+06 0
11060 9.47556e+06 0
11070 9.03867e+06 0
11080 8.46061e+06 0
11090 9.8228e+06 0
11100 8.80168e+06 0
11110 8.23496e+06 0
11120 9.03867e+06 0
11130 8.85192e+06 0
11140 9.20172e+06 0
11150 9.16232e+06 0
11160 9.36324e+06 0
11170 7.60229e+06 0
11180 8.14119e+06 0
11190 8.21641e+06 0
11200 9.61157e+06 0
11210 9.16129e+06 0
11220 7.18807e+06 0
11230 8.67082e+06 0
11240 9.98354e+06 0
11250 1.09521e+07 0
11260 9.00133e+06 0
11270 8.19810e+06 0
11280 8.6533e+06 0
11290 9.11801e+06 0
11300 7.75685e+06 0
11310 7.75067e+06 0
11320 8.00002e+06 0
11330 8.55953e+06 0
11340 8.87999e+06 0
11350 7.42403e+06 0
11360 7.71048e+06 0
11370 8.48122e+06 0
11380 8.56881e+06 0
11390 8.05464e+06 0
11400 9.36943e+06 0
11410 8.4431e+06 0
11420 6.08839e+06 0
11430 9.19965e+06 0
11440 8.29472e+06 0
11450 9.28081e+06 0
11460 7.82383e+06 0
11470 7.45804e+06 0
11480 8.00827e+06 0
11490 7.55901e+06 0
11500 6.8367e+06 0
11510 7.70842e+06 0
11520 8.38024e+06 0
11530 8.36376e+06 0
11540 7.29911e+06 0
11550 8.11567e+06 0
11560 8.26999e+06 0
11570 8.74706e+06 0
11580 8.09585e+06 0
11590 7.66618e+06 0
11600 8.80889e+06 0
11610 1.05369e+07 0
11620 1.04503e+07 0
11630 1.00649e+07 0
11640 9.28081e+06 0
11650 8.58941e+06 0
11660 8.01651e+06 0
11670 7.64248e+06 0
11680 8.08555e+06 0
11690 8.24217e+06 0
11700 9.10358e+06 0
11710 9.28493e+06 0
11720 8.21023e+06 0
11730 9.60642e+06 0
11740 8.94181e+06 0
11750 8.27205e+06 0
11760 9.44052e+06 0
11770 1.01546e+07 0
11780 1.01165e+07 0
11790 8.39879e+06 0
11800 9.42198e+06 0
11810 8.99951e+06 0
11820 7.65072e+06 0
11830 9.52296e+06 0
11840 1.03504e+07 0
11850 1.06832e+07 0
11860 8.31121e+06 0
11870 9.67624e+06 0
11880 9.49641e+06 0
11890 8.90575e+06 0
11900 1.00237e+07 0
11910 8.72028e+06 0
11920 8.41425e+06 0
11930 9.13759e+06 0
11940 9.22002e+06 0
11950 8.93357e+06 0
11960 9.58581e+06 0
11970 9.38591e+06 0
11980 9.08916e+06 0
11990 9.49308e+06 0
12000 9.33336e+06 0
12010 9.44568e+06 0
12020 9.89905e+06 0
12030 1.03895e+07 0
12040 9.52708e+06 0
12050 9.19735e+06 0
12060 9.48071e+06 0
12070 9.13759e+06 0
12080 8.45007e+06 0
12090 7.27281e+06 0
12100 7.53119e+06 0
12110 7.81764e+06 0
12120 8.1618e+06 0
12130 7.65278e+06 0
12140 8.06803e+06 0
12150 8.42043e+06 0
12160 8.43898e+06 0
12170 9.27978e+06 0
12180 9.20662e+06 0
12190 9.61672e+06 0
12200 9.92996e+06 0
12210 9.10874e+06 0
12220 9.53326e+06 0
12230 8.93769e+06 0
12240 7.80013e+06 0
12250 8.14016e+06 0
12260 8.61208e+06 0
12270 7.99487e+06 0
12280 8.80452e+06 0
12290 1.07391e+07 0
12300 1.00402e+07 0
12310 9.64351e+06 0
12320 9.17159e+06 0
12330 8.83774e+06 0
12340 7.55695e+06 0
12350 8.34418e+06 0
12360 8.72543e+06 0
12370 8.24708e+06 0
12380 7.49846e+06 0
12390 9.8702e+06 0
12400 9.34985e+06 0
12410 8.24114e+06 0
12420 8.44001e+06 0
12430 8.33388e+06 0
12440 8.65845e+06 0
12450 8.1618e+06 0
12460 9.67442e+06 0
12470 8.73573e+06 0
12480 9.37355e+06 0
12490 8.68421e+06 0
12500 8.97169e+06 0
12510 8.58117e+06 0
12520 8.2329e+06 0
12530 9.34161e+06 0
12540 8.67288e+06 0
12550 9.94027e+06 0
12560 8.73779e+06 0
12570 9.29112e+06 0
12580 7.41579e+06 0
12590 8.63681e+06 0
12600 8.8058e+06 0
12610 8.53171e+06 0
12620 9.87741e+06 0
12630 8.77798e+06 0
12640 8.88926e+06 0
12650 7.85886e+06 0
12660 7.58786e+06 0
12670 7.37972e+06 0
12680 6.94284e+06 0
12690 8.21126e+06 0
12700 8.95521e+06 0
12710 1.11314e+07 0
12720 9.30554e+06 0
12730 8.62857e+06 0
12740 9.88748e+06 0
12750 7.72618e+06 0
12760 7.35912e+06 0
12770 8.45546e+06 0
12780 1.08326e+07 0
12790 1.00042e+07 0
12800 9.65279e+06 0
12810 1.10376e+07 0
12820 7.9516e+06 0
12830 9.20868e+06 0
12840 8.87484e+06 0
12850 9.31378e+06 0
12860 1.10696e+07 0
12870 1.05101e+07 0
12880 9.98664e+06 0
12890 8.92223e+06 0
12900 9.18602e+06 0
12910 8.43898e+06 0
12920 6.85319e+06 0
12930 9.1448e+06 0
12940 8.80477e+06 0
12950 9.89287e+06 0
12960 8.86041e+06 0
12970 1.01804e+07 0
12980 9.22517e+06 0
12990 9.75686e+06 0
13000 1.01484e+07 0
13010 8.77695e+06 0
13020 7.78261e+06 0
13030 8.56778e+06 0
13040 9.74449e+06 0
13050 9.7311e+06 0
13060 8.69245e+06 0
13070 7.37124e+06 0
13080 8.13937e+06 0
13090 8.76767e+06 0
13100 8.90781e+06 0
13110 8.99745e+06 0
13120 8.95624e+06 0
13130 9.06134e+06 0
13140 9.04485e+06 0
13150 9.04176e+06 0
13160 8.53377e+06 0
13170 8.5956e+06 0
13180 1.01742e+07 0
13190 1.08862e+07 0
13200 1.09511e+07 0
13210 9.05825e+06 0
13220 8.21847e+06 0
13230 9.33542e+06 0
13240 8.78313e+06 0
13250 8.68421e+06 0
13260 8.94593e+06 0
13270 8.24732e+06 0
13280 8.77798e+06 0
13290 9.92378e+06 0
13300 9.52399e+06 0
13310 1.01041e+07 0
13320 9.0871e+06 0
13330 9.1211e+06 0
13340 9.73316e+06 0
13350 1.03246e+07 0
13360 9.18396e+06 0
13370 9.67752e+06 0
13380 1.10026e+07 0
13390 9.34985e+06 0
13400 9.71976e+06 0
13410 9.0057e+06 0
13420 8.38746e+06 0
13430 8.84804e+06 0
13440 1.01525e+07 0
13450 9.17159e+06 0
13460 8.99539e+06 0
13470 9.43228e+06 0
13480 1.03699e+07 0
13490 9.89699e+06 0
13500 8.17004e+06 0
13510 8.43382e+06 0
13520 9.54872e+06 0
13530 9.69194e+06 0
13540 9.55593e+06 0
13550 9.60024e+06 0
13560 9.86814e+06 0
13570 9.21384e+06 0
13580 9.0263e+06 0
13590 7.97324e+06 0
13600 9.19529e+06 0
13610 9.66721e+06 0
13620 8.11028e+06 0
13630 8.41734e+06 0
13640 9.90936e+06 0
13650 9.71255e+06 0
13660 7.73212e+06 0
13670 8.57705e+06 0
13680 1.05286e+07 0
13690 1.0743e+07 0
13700 9.04794e+06 0
13710 8.92945e+06 0
13720 8.3009e+06 0
13730 7.9856e+06 0
13740 8.11337e+06 0
13750 8.70276e+06 0
13760 8.96139e+06 0
13770 1.00031e+07 0
13780 9.52502e+06 0
13790 9.15407e+06 0
13800 8.74397e+06 0
13810 9.89802e+06 0
13820 9.90524e+06 0
13830 9.14068e+06 0
13840 8.80992e+06 0
13850 8.76664e+06 0
13860 9.11286e+06 0
13870 8.16489e+06 0
13880 8.76252e+06 0
13890 1.03153e+07 0
13900 1.01639e+07 0
13910 9.57448e+06 0
13920 9.94439e+06 0
13930 1.0136e+07 0
13940 9.46113e+06 0
13950 8.84186e+06 0
13960 9.41786e+06 0
13970 1.017e+07 0
13980 8.26484e+06 0
13990 8.23908e+06 0
14000 9.22105e+06 0
14010 9.74861e+06 0
14020 9.54356e+06 0
14030 8.42764e+06 0
14040 8.95314e+06 0
14050 8.96345e+06 0
14060 9.59921e+06 0
14070 9.29936e+06 0
14080 8.75428e+06 0
14090 8.89235e+06 0
14100 7.75788e+06 0
14110 8.65021e+06 0
14120 8.87999e+06 0
14130 7.65587e+06 0
14140 9.28802e+06 0
14150 8.38642e+06 0
14160 8.70688e+06 0
14170 7.76382e+06 0
14180 8.57214e+06 0
14190 9.31482e+06 0
14200 9.38282e+06 0
14210 9.58993e+06 0
14220 9.05516e+06 0
14230 9.0397e+06 0
14240 9.03558e+06 0
14250 7.28905e+06 0
14260 8.38333e+06 0
14270 8.09585e+06 0
14280 8.38127e+06 0
14290 9.00776e+06 0
14300 8.93254e+06 0
14310 8.64093e+06 0
14320 8.48844e+06 0
14330 8.53274e+06 0
14340 8.75428e+06 0
14350 8.32151e+06 0
14360 7.96087e+06 0
14370 9.4735e+06 0
14380 8.66154e+06 0
14390 8.84598e+06 0
14400 8.62033e+06 0
14410 8.24938e+06 0
14420 9.09946e+06 0
14430 9.51574e+06 0
14440 1.06502e+07 0
14450 9.17365e+06 0
14460 8.51935e+06 0
14470 9.42198e+06 0
14480 9.84856e+06 0
14490 1.017e+07 0
14500 1.06337e+07 0
14510 9.9176e+06 0
14520 8.70482e+06 0
14530 9.71152e+06 0
14540 8.28338e+06 0
14550 7.91759e+06 0
14560 8.24526e+06 0
14570 9.58272e+06 0
14580 1.00866e+07 0
14590 9.6466e+06 0
14600 9.35603e+06 0
14610 8.75737e+06 0
14620 8.15149e+06 0
14630 9.30554e+06 0
14640 8.66257e+06 0
14650 8.00312e+06 0
14660 8.30708e+06 0
14670 9.16953e+06 0
14680 9.03352e+06 0
14690 7.95444e+06 0
14700 1.01095e+07 0
14710 8.50183e+06 0
14720 9.87226e+06 0
14730 1.13251e+07 0
14740 1.03627e+07 0
14750 8.92223e+06 0
14760 9.11492e+06 0
14770 8.31842e+06 0
14780 8.21435e+06 0
14790 9.59302e+06 0
14800 8.13604e+06 0
14810 8.47401e+06 0
14820 9.33542e+06 0
14830 8.8398e+06 0
14840 7.92687e+06 0
14850 9.28081e+06 0
14860 9.74243e+06 0
14870 8.6059e+06 0
14880 9.04073e+06 0
14890 8.3957e+06 0
14900 8.27308e+06 0
14910 8.86865e+06 0
14920 8.9006e+06 0
14930 8.15046e+06 0
14940 7.95469e+06 0
14950 9.09122e+06 0
14960 9.80941e+06 0
14970 9.52811e+06 0
14980 9.22208e+06 0
14990 9.56005e+06 0
15000 1.04184e+07 0
15010 8.70997e+06 0
15020 1.01556e+07 0
15030 1.08017e+07 0
15040 9.73007e+06 0
15050 7.71151e+06 0
15060 7.39518e+06 0
15070 8.66669e+06 0
15080 8.61724e+06 0
15090 8.82228e+06 0
15100 7.74655e+06 0
15110 9.35809e+06 0
15120 1.02834e+07 0
15130 9.27051e+06 0
15140 1.12922e+07 0
15150 8.71409e+06 0
15160 9.16541e+06 0
15170 9.39622e+06 0
15180 8.64609e+06 0
15190 1.00155e+07 0
15200 9.4364e+06 0
15210 9.18911e+06 0
15220 8.72234e+06 0
15230 8.63554e+06 0
15240 8.28157e+06 0
15250 8.30708e+06 0
15260 8.39467e+06 0
15270 8.91811e+06 0
15280 8.8295e+06 0
15290 8.6533e+06 0
15300 8.65742e+06 0
15310 8.25762e+06 0
15320 8.37097e+06 0
15330 8.55747e+06 0
15340 8.83568e+06 0
15350 9.18086e+06 0
15360 9.32512e+06 0
15370 9.45289e+06 0
15380 7.87329e+06 0
15390 8.2432e+06 0
15400 8.72337e+06 0
15410 7.38178e+06 0
15420 7.95469e+06 0
15430 8.17004e+06 0
15440 8.83156e+06 0
15450 8.66051e+06 0
15460 8.79034e+06 0
15470 8.79446e+06 0
15480 7.79188e+06 0
15490 9.05825e+06 0
15500 9.01909e+06 0
15510 7.27153e+06 0
15520 8.58117e+06 0
15530 8.79962e+06 0
15540 9.86505e+06 0
15550 9.59714e+06 0
15560 9.91142e+06 0
15570 8.56159e+06 0
15580 7.8908e+06 0
15590 7.86401e+06 0
15600 8.17107e+06 0
15610 8.03918e+06 0
15620 8.47504e+06 0
15630 9.31997e+06 0
15640 9.70018e+06 0
15650 9.67958e+06 0
15660 8.9583e+06 0
15670 9.53532e+06 0
15680 9.38282e+06 0
15690 8.72234e+06 0
15700 8.65639e+06 0
15710 8.88617e+06 0
15720 8.15974e+06 0
15730 8.38127e+06 0
15740 8.48328e+06 0
15750 9.91966e+06 0
15760 9.10564e+06 0
15770 8.26587e+06 0
15780 8.60796e+06 0
15790 8.8769e+06 0
15800 1.00804e+07 0
15810 1.0475e+07 0
15820 8.41734e+06 0
15830 9.23032e+06 0
15840 9.63115e+06 0
15850 8.49565e+06 0
15860 8.38952e+06 0
15870 9.03661e+06 0
15880 8.55335e+06 0
15890 8.60899e+06 0
15900 9.13244e+06 0
15910 8.48844e+06 0
15920 9.67236e+06 0
15930 9.88463e+06 0
15940 1.05111e+07 0
15950 9.59612e+06 0
15960 9.53326e+06 0
15970 9.89493e+06 0
15980 8.84186e+06 0
15990 9.60848e+06 0
16000 8.63269e+06 0
16010 8.09173e+06 0
16020 9.18292e+06 0
16030 8.82022e+06 0
16040 8.71718e+06 0
16050 7.11697e+06 0
16060 7.45082e+06 0
16070 8.89441e+06 0
16080 8.27514e+06 0
16090 8.17828e+06 0
16100 7.52295e+06 0
16110 9.4601e+06 0
16120 9.50132e+06 0
16130 9.76098e+06 0
16140 9.41476e+06 0
16150 8.8532e+06 0
16160 8.27102e+06 0
16170 9.04691e+06 0
16180 9.38591e+06 0
16190 8.99951e+06 0
16200 9.67236e+06 0
16210 1.00876e+07 0
16220 8.55335e+06 0
16230 7.60744e+06 0
16240 7.96087e+06 0
16250 1.02576e+07 0
16260 9.25299e+06 0
16270 8.41916e+06 0
16280 8.6319e+06 0
16290 9.33645e+06 0
16300 1.09583e+07 0
16310 9.95778e+06 0
16320 8.96139e+06 0
16330 9.0397e+06 0
16340 9.78959e+06 0
16350 8.31042e+06 0
16360 7.63629e+06 0
16370 8.53996e+06 0
16380 8.48019e+06 0
16390 7.69915e+06 0
16400 7.86813e+06 0
16410 8.55026e+06 0
16420 8.83877e+06 0
16430 1.01659e+07 0
16440 8.73264e+06 0
16450 8.5245e+06 0
16460 7.74036e+06 0
16470 8.77282e+06 0
16480 7.50956e+06 0
16490 8.37818e+06 0
16500 8.34006e+06 0
16510 9.32924e+06 0
16520 8.90884e+06 0
16530 8.93769e+06 0
16540 1.02216e+07 0
16550 1.07244e+07 0
16560 1.01577e+07 0
16570 9.26433e+06 0
16580 8.71409e+06 0
16590 7.68678e+06 0
16600 9.19323e+06 0
16610 7.11491e+06 0
16620 8.4431e+06 0
16630 7.40652e+06 0
16640 8.56468e+06 0
16650 8.4874e+06 0
16660 8.15252e+06 0
16670 8.40497e+06 0
16680 9.03146e+06 0
16690 8.84804e+06 0
16700 8.10616e+06 0
16710 8.78931e+06 0
16720 9.68988e+06 0
16730 8.55438e+06 0
16740 8.71615e+06 0
16750 8.26896e+06 0
16760 8.33284e+06 0
16770 8.40394e+06 0
16780 7.31996e+06 0
16790 7.75273e+06 0
16800 8.76149e+06 0
16810 8.24423e+06 0
16820 7.51574e+06 0
16830 8.44722e+06 0
16840 7.02321e+06 0
16850 7.98251e+06 0
16860 7.8465e+06 0
16870 8.29266e+06 0
16880 9.30039e+06 0
16890 8.75943e+06 0
16900 8.12264e+06 0
16910 8.78392e+06 0
16920 8.90702e+06 0
16930 9.10977e+06 0
16940 9.9042e+06 0
16950 7.82589e+06 0
16960 9.74037e+06 0
16970 9.72698e+06 0
16980 9.86196e+06 0
16990 9.56108e+06 0
17000 8.39261e+06 0
17010 9.29215e+06 0
17020 1.00217e+07 0
17030 8.80271e+06 0
17040 8.13604e+06 0
17050 7.89905e+06 0
17060 7.09121e+06 0
17070 8.33078e+06 0
17080 7.32305e+06 0
17090 8.80477e+06 0
17100 9.65691e+06 0
17110 9.10564e+06 0
17120 8.50389e+06 0
17130 9.35397e+06 0
17140 8.99642e+06 0
17150 8.41322e+06 0
17160 8.76561e+06 0
17170 8.72130e+06 0
17180 8.99848e+06 0
17190 7.88771e+06 0
17200 8.53789e+06 0
17210 8.36066e+06 0
17220 9.34676e+06 0
17230 9.1685e+06 0
17240 8.7007e+06 0
17250 8.68936e+06 0
17260 8.66566e+06 0
17270 8.45443e+06 0
17280 9.15922e+06 0
17290 9.73728e+06 0
17300 9.27772e+06 0
17310 9.19117e+06 0
17320 8.06494e+06 0
17330 9.25196e+06 0
17340 9.04588e+06 0
17350 8.37715e+06 0
17360 9.56108e+06 0
17370 9.43434e+06 0
17380 9.92378e+06 0
17390 9.35397e+06 0
17400 9.31069e+06 0
17410 8.80683e+06 0
17420 1.0373e+07 0
17430 9.1582e+06 0
17440 1.04266e+07 0
17450 1.00917e+07 0
17460 9.40755e+06 0
17470 7.66927e+06 0
17480 7.36427e+06 0
17490 9.31688e+06 0
17500 9.21978e+06 0
17510 8.0961e+06 0
17520 9.09225e+06 0
17530 9.45907e+06 0
17540 8.46989e+06 0
17550 8.60281e+06 0
17560 1.01515e+07 0
17570 9.09431e+06 0
17580 7.84031e+06 0
17590 9.12522e+06 0
17600 8.94593e+06 0
17610 9.50132e+06 0
17620 7.9145e+06 0
17630 7.73521e+06 0
17640 7.69090e+06 0
17650 8.12882e+06 0
17660 8.96654e+06 0
17670 9.98664e+06 0
17680 7.84856e+06 0
17690 8.75325e+06 0
17700 8.77901e+06 0
17710 8.16386e+06 0
17720 8.52862e+06 0
17730 8.5822e+06 0
17740 7.8094e+06 0
17750 7.52604e+06 0
17760 8.29987e+06 0
17770 7.34778e+06 0
17780 8.71306e+06 0
17790 8.59972e+06 0
17800 8.69348e+06 0
17810 7.77334e+06 0
17820 8.02269e+06 0
17830 8.82744e+06 0
17840 8.04536e+06 0
17850 7.61466e+06 0
17860 7.01496e+06 0
17870 7.09533e+06 0
17880 7.78982e+06 0
17890 7.88256e+06 0
17900 7.92687e+06 0
17910 8.80374e+06 0
17920 9.02733e+06 0
17930 7.80013e+06 0
17940 8.067e+06 0
17950 8.29266e+06 0
17960 9.04279e+06 0
17970 9.93512e+06 0
17980 9.7651e+06 0
17990 1.03432e+07 0
18000 8.98175e+06 0
18010 9.20378e+06 0
18020 9.60127e+06 0
18030 7.89802e+06 0
18040 8.84701e+06 0
18050 8.67906e+06 0
18060 8.37818e+06 0
18070 8.69452e+06 0
18080 8.69039e+06 0
18090 7.65484e+06 0
18100 8.18859e+06 0
18110 9.06649e+06 0
18120 9.02012e+06 0
18130 8.81095e+06 0
18140 9.05825e+06 0
18150 7.78776e+06 0
18160 7.89698e+06 0
18170 9.98664e+06 0
18180 9.4158e+06 0
18190 8.95418e+06 0
18200 1.01896e+07 0
18210 8.41837e+06 0
18220 7.42094e+06 0
18230 9.38385e+06 0
18240 9.12007e+06 0
18250 8.54305e+06 0
18260 8.70482e+06 0
18270 8.38333e+06 0
18280 9.38385e+06 0
18290 7.67854e+06 0
18300 8.93048e+06 0
18310 9.60642e+06 0
18320 1.05163e+07 0
18330 8.24811e+06 0
18340 8.43304e+06 0
18350 1.01525e+07 0
18360 1.07223e+07 0
18370 9.37458e+06 0
18380 9.37021e+06 0
18390 9.2419e+06 0
18400 9.82796e+06 0
18410 8.4534e+06 0
18420 8.72337e+06 0
18430 8.79137e+06 0
18440 9.27875e+06 0
18450 8.47607e+06 0
18460 8.78828e+06 0
18470 8.20610e+06 0
18480 8.84392e+06 0
18490 9.01394e+06 0
18500 9.2396e+06 0
18510 9.10977e+06 0
18520 9.60539e+06 0
18530 9.05722e+06 0
18540 8.72337e+06 0
18550 9.20972e+06 0
18560 9.74552e+06 0
18570 8.3617e+06 0
18580 7.52192e+06 0
18590 8.93151e+06 0
18600 8.76973e+06 0
18610 8.83362e+06 0
18620 9.64145e+06 0
18630 9.33027e+06 0
18640 8.46783e+06 0
18650 9.22414e+06 0
18660 9.25402e+06 0
18670 9.13346e+06 0
18680 8.8738e+06 0
18690 9.94954e+06 0
18700 9.14892e+06 0
18710 8.0093e+06 0
18720 8.97890e+06 0
18730 7.90111e+06 0
18740 8.76561e+06 0
18750 8.64093e+06 0
18760 8.95521e+06 0
18770 9.46525e+06 0
18780 7.97324e+06 0
18790 9.63115e+06 0
18800 9.03661e+06 0
18810 8.61208e+06 0
18820 1.05049e+07 0
18830 8.65021e+06 0
18840 8.80786e+06 0
18850 9.72388e+06 0
18860 9.58066e+06 0
18870 9.30427e+06 0
18880 9.86941e+06 0
18890 9.30863e+06 0
18900 1.0712e+07 0
18910 1.03895e+07 0
18920 8.79962e+06 0
18930 8.09894e+06 0
18940 7.12418e+06 0
18950 7.94541e+06 0
18960 1.01597e+07 0
18970 1.00145e+07 0
18980 8.99951e+06 0
18990 9.58581e+06 0
19000 8.37612e+06 0
19010 8.41116e+06 0
19020 7.9753e+06 0
19030 8.61311e+06 0
19040 8.85938e+06 0
19050 9.17468e+06 0
19060 9.26742e+06 0
19070 9.44052e+06 0
19080 9.22311e+06 0
19090 9.36221e+06 0
19100 9.4972e+06 0
19110 8.46268e+06 0
19120 8.20895e+06 0
19130 8.67003e+06 0
19140 8.15252e+06 0
19150 9.77128e+06 0
19160 9.04176e+06 0
19170 9.27669e+06 0
19180 8.75016e+06 0
19190 8.76149e+06 0
19200 9.17365e+06 0
19210 8.83156e+06 0
19220 8.32563e+06 0
19230 8.34521e+06 0
19240 9.83105e+06 0
19250 9.7414e+06 0
19260 8.90162e+06 0
19270 9.94621e+06 0
19280 9.64994e+06 0
19290 9.22723e+06 0
19300 8.56468e+06 0
19310 9.84238e+06 0
19320 9.41476e+06 0
19330 8.8532e+06 0
19340 8.43073e+06 0
19350 9.18602e+06 0
19360 1.02133e+07 0
19370 9.80838e+06 0
19380 9.20868e+06 0
19390 9.41476e+06 0
19400 9.46938e+06 0
19410 8.77076e+06 0
19420 7.85062e+06 0
19430 7.85062e+06 0
19440 8.63166e+06 0
19450 8.30708e+06 0
19460 7.84237e+06 0
19470 9.21178e+06 0
19480 9.64557e+06 0
19490 8.55747e+06 0
19500 9.99385e+06 0
19510 9.91451e+06 0
19520 8.97066e+06 0
19530 8.58426e+06 0
19540 8.23702e+06 0
19550 9.06134e+06 0
19560 1.02247e+07 0
19570 9.78571e+06 0
19580 9.29627e+06 0
19590 8.92636e+06 0
19600 9.30657e+06 0
19610 8.55644e+06 0
19620 7.99178e+06 0
19630 9.22105e+06 0
19640 9.04382e+06 0
19650 8.39467e+06 0
19660 7.97117e+06 0
19670 8.29163e+06 0
19680 8.338e+06 0
19690 8.69761e+06 0
19700 1.02999e+07 0
19710 8.47916e+06 0
19720 8.5585e+06 0
19730 8.25866e+06 0
19740 9.30451e+06 0
19750 8.37509e+06 0
19760 9.69606e+06 0
19770 1.00464e+07 0
19780 9.97839e+06 0
19790 9.48483e+06 0
19800 9.32306e+06 0
19810 1.00608e+07 0
19820 1.05379e+07 0
19830 1.08151e+07 0
19840 8.90884e+06 0
19850 8.28957e+06 0
19860 9.05928e+06 0
19870 9.78983e+06 0
19880 1.05688e+07 0
19890 1.05204e+07 0
19900 9.17262e+06 0
19910 8.0567e+06 0
19920 7.24371e+06 0
19930 7.82383e+06 0
19940 8.9346e+06 0
19950 8.3617e+06 0
19960 8.37818e+06 0
19970 9.5549e+06 0
19980 9.81353e+06 0
19990 7.61878e+06 0
20000 7.70224e+06 0
20010 8.56778e+06 0
20020 9.76613e+06 0
20030 9.965e+06 0
20040 8.30708e+06 0
20050 9.38694e+06 0
20060 9.2973e+06 0
20070 9.79395e+06 0
20080 9.88050e+06 0
20090 7.84856e+06 0
20100 9.66206e+06 0
20110 9.31378e+06 0
20120 9.56417e+06 0
20130 9.23444e+06 0
20140 1.0134e+07 0
20150 9.35809e+06 0
20160 8.65845e+06 0
20170 8.73367e+06 0
20180 9.81456e+06 0
20190 8.94902e+06 0
20200 7.99796e+06 0
20210 8.57396e+06 0
20220 9.97118e+06 0
20230 9.46525e+06 0
20240 9.35809e+06 0
20250 1.0677e+07 0
20260 1.0407e+07 0
20270 1.01639e+07 0
20280 1.04143e+07 0
20290 1.01979e+07 0
20300 1.05163e+07 0
20310 1.08048e+07 0
20320 9.20456e+06 0
20330 8.46886e+06 0
20340 9.95676e+06 0
20350 9.26124e+06 0
20360 8.80271e+06 0
20370 8.34006e+06 0
20380 8.16077e+06 0
20390 9.1108e+06 0
20400 8.0093e+06 0
20410 9.15304e+06 0
20420 9.97839e+06 0
20430 9.2602e+06 0
20440 9.25917e+06 0
20450 9.94518e+06 0
20460 9.83953e+06 0
20470 9.83002e+06 0
20480 1.01865e+07 0
20490 7.57756e+06 0
20500 9.44052e+06 0
20510 8.32666e+06 0
20520 9.14789e+06 0
20530 9.70946e+06 0
20540 8.79137e+06 0
20550 7.97117e+06 0
20560 8.09276e+06 0
20570 8.37097e+06 0
20580 9.00673e+06 0
20590 1.06152e+07 0
20600 9.77231e+06 0
20610 1.03092e+07 0
20620 1.07677e+07 0
20630 1.02896e+07 0
20640 8.83774e+06 0
20650 1.01144e+07 0
20660 9.59508e+06 0
20670 9.86608e+06 0
20680 8.81713e+06 0
20690 7.50337e+06 0
20700 8.77901e+06 0
20710 9.29706e+06 0
20720 9.91166e+06 0
20730 8.59766e+06 0
20740 9.42198e+06 0
20750 9.95263e+06 0
20760 1.02391e+07 0
20770 9.78468e+06 0
20780 1.05719e+07 0
20790 1.08697e+07 0
20800 9.47247e+06 0
20810 9.14274e+06 0
20820 8.79652e+06 0
20830 8.57705e+06 0
20840 8.23908e+06 0
20850 7.37869e+06 0
20860 8.34624e+06 0
20870 7.45082e+06 0
20880 6.99848e+06 0
20890 7.69915e+06 0
20900 8.53892e+06 0
20910 8.12573e+06 0
20920 8.32872e+06 0
20930 8.85732e+06 0
20940 9.53635e+06 0
20950 9.61878e+06 0
20960 9.75377e+06 0
20970 9.15201e+06 0
20980 8.69452e+06 0
20990 1.02216e+07 0
21000 9.19014e+06 0
21010 8.75737e+06 0
21020 8.63269e+06 0
21030 9.60127e+06 0
21040 8.57911e+06 0
21050 8.81404e+06 0
21060 9.25196e+06 0
21070 1.06646e+07 0
21080 8.8161e+06 0
21090 9.21074e+06 0
21100 9.54744e+06 0
21110 9.02655e+06 0
21120 8.40909e+06 0
21130 8.78313e+06 0
21140 8.07937e+06 0
21150 8.03197e+06 0
21160 7.19322e+06 0
21170 7.43537e+06 0
21180 7.45391e+06 0
21190 8.04845e+06 0
21200 8.07009e+06 0
21210 8.25144e+06 0
21220 7.57138e+06 0
21230 8.04433e+06 0
21240 7.999e+06 0
21250 8.67391e+06 0
21260 1.03483e+07 0
21270 9.93821e+06 0
21280 8.59148e+06 0
21290 8.90266e+06 0
21300 8.338e+06 0
21310 8.91399e+06 0
21320 8.83053e+06 0
21330 9.34058e+06 0
21340 7.9516e+06 0
21350 8.6296e+06 0
21360 9.21487e+06 0
21370 8.03585e+06 0
21380 8.94721e+06 0
21390 7.8568e+06 0
21400 7.22413e+06 0
21410 8.16592e+06 0
21420 8.71615e+06 0
21430 7.1891e+06 0
21440 7.67212e+06 0
21450 8.01882e+06 0
21460 9.33209e+06 0
21470 9.74474e+06 0
21480 8.29266e+06 0
21490 9.18705e+06 0
21500 9.56005e+06 0
21510 9.90936e+06 0
21520 9.90833e+06 0
21530 9.04049e+06 0
21540 9.67879e+06 0
21550 9.43331e+06 0
21560 9.22287e+06 0
21570 9.07885e+06 0
21580 8.13319e+06 0
21590 7.84959e+06 0
