# TimeStamp(s) Sum Stdev
0 12.768 3.021 3
10 12.813 3.019 4
20 12.82 3.089 5
30 12.791 3.023 6
40 12.781 3.023 7
50 12.859 3.07 3
60 12.854 3.079 4
70 12.859 3.081 5
80 12.866 3.079 6
90 12.875 3.067 7
100 12.8 3.074 3
110 12.788 3.081 4
120 12.794 3.077 5
130 12.804 3.079 6
140 12.768 3.066 7
150 12.84 3.101 3
160 12.854 3.107 4
170 12.848 3.106 5
180 12.864 3.102 6
190 12.86 3.101 7
200 12.909 3.147 3
210 12.914 3.146 4
220 12.9 3.151 5
230 12.913 3.147 6
240 12.917 3.15 7
250 12.911 3.144 3
260 12.902 3.145 4
270 12.895 3.144 5
280 12.915 3.152 6
290 12.898 3.147 7
300 12.965 3.203 3
310 12.966 3.188 4
320 12.95 3.19 5
330 12.981 3.201 6
340 12.966 3.2 7
350 12.921 3.184 3
360 12.913 3.192 4
370 12.928 3.171 5
380 12.945 3.182 6
390 12.936 3.178 7
400 12.795 3.04 3
410 12.79 3.049 4
420 12.785 3.05 5
430 12.798 3.065 6
440 12.8 3.065 7
450 12.774 3.054 3
460 12.787 3.053 4
470 12.751 3.043 5
480 12.764 3.053 6
490 12.765 3.048 7
500 12.845 3.064 3
510 12.858 3.06 4
520 12.84 3.063 5
530 12.84 3.06 6
540 12.85 3.06 7
550 12.787 3.024 3
560 12.823 3.074 4
570 12.779 3.021 5
580 12.79 3.026 6
590 12.784 3.023 7
600 12.915 3.155 3
610 12.91 3.147 4
620 12.908 3.149 5
630 12.913 3.148 6
640 12.895 3.141 7
650 12.936 3.107 3
660 12.922 3.107 4
670 12.9 3.111 5
680 12.893 3.101 6
690 12.913 3.11 7
700 12.962 3.215 3
710 12.979 3.226 4
720 12.962 3.217 5
730 12.97 3.23 6
740 12.957 3.209 7
750 12.911 3.148 3
760 12.939 3.135 4
770 12.938 3.141 5
780 12.929 3.14 6
790 12.947 3.138 7
800 12.955 3.208 3
810 12.962 3.197 4
820 12.957 3.208 5
830 12.971 3.199 6
840 12.956 3.202 7
850 12.96 3.223 3
860 12.954 3.223 4
870 12.95 3.233 5
880 12.959 3.224 6
890 12.956 3.225 7
900 12.681 3.01 3
910 12.677 3.007 4
920 12.685 3.008 5
930 12.676 3.009 6
940 12.687 3.002 7
950 12.789 3.048 3
960 12.813 3.047 4
970 12.793 3.04 5
980 12.811 3.039 6
990 12.809 3.04 7
1000 12.86 3.08 3
1010 12.862 3.072 4
1020 12.88 3.073 5
1030 12.872 3.079 6
1040 12.864 3.071 7
1050 12.851 3.027 3
1060 12.872 3.029 4
1070 12.865 3.029 5
1080 12.864 3.032 6
1090 12.853 3.03 7
1100 12.907 3.098 3
1110 12.892 3.102 4
1120 12.909 3.099 5
1130 12.899 3.086 6
1140 12.872 3.087 7
1150 12.937 3.13 3
1160 12.918 3.142 4
1170 12.903 3.137 5
1180 12.929 3.137 6
1190 12.931 3.136 7
1200 12.987 3.207 3
1210 12.989 3.207 4
1220 12.994 3.204 5
1230 12.996 3.208 6
1240 12.986 3.208 7
1250 12.935 3.198 3
1260 12.948 3.192 4
1270 12.967 3.213 5
1280 12.945 3.192 6
1290 12.967 3.212 7
1300 12.967 3.176 3
1310 12.959 3.17 4
1320 12.982 3.182 5
1330 12.983 3.178 6
1340 12.98 3.177 7
1350 12.819 3.067 3
1360 12.831 3.067 4
1370 12.823 3.065 5
1380 12.822 3.081 6
1390 12.837 3.061 7
1400 12.778 3.041 3
1410 12.791 3.056 4
1420 12.777 3.058 5
1430 12.786 3.058 6
1440 12.796 3.049 7
1450 12.896 3.06 3
1460 12.862 3.067 4
1470 12.847 3.072 5
1480 12.848 3.077 6
1490 12.865 3.066 7
1500 12.908 3.044 3
1510 12.905 3.049 4
1520 12.885 3.037 5
1530 12.891 3.048 6
1540 12.909 3.045 7
1550 12.93 3.09 3
1560 12.925 3.067 4
1570 12.937 3.074 5
1580 12.923 3.078 6
1590 12.933 3.072 7
1600 12.95 3.108 3
1610 12.951 3.103 4
1620 12.946 3.1 5
1630 12.946 3.11 6
1640 12.937 3.102 7
1650 13.009 3.172 3
1660 13.01 3.179 4
1670 13.017 3.17 5
1680 12.997 3.173 6
1690 13.016 3.169 7
1700 12.916 3.191 3
1710 12.922 3.223 4
1720 12.941 3.219 5
1730 12.936 3.205 6
1740 12.93 3.225 7
1750 12.97 3.174 3
1760 12.936 3.168 4
1770 12.959 3.173 5
1780 12.96 3.174 6
1790 12.986 3.171 7
1800 13.012 3.265 3
1810 13.014 3.271 4
1820 13.008 3.232 5
1830 13.034 3.267 6
1840 13.036 3.261 7
1850 12.739 3.013 3
1860 12.716 3.01 4
1870 12.715 2.993 5
1880 12.716 2.977 6
1890 12.724 2.99 7
1900 12.881 3.054 3
1910 12.882 3.069 4
1920 12.911 3.06 5
1930 12.907 3.059 6
1940 12.883 3.053 7
1950 12.963 3.127 3
1960 12.955 3.129 4
1970 12.943 3.129 5
1980 12.954 3.124 6
1990 12.95 3.131 7
2000 12.967 3.082 3
2010 12.964 3.076 4
2020 12.968 3.072 5
2030 12.953 3.09 6
2040 12.945 3.088 7
2050 12.968 3.097 3
2060 12.982 3.096 4
2070 12.97 3.1 5
2080 12.966 3.104 6
2090 12.977 3.095 7
2100 12.962 3.082 3
2110 12.974 3.092 4
2120 12.97 3.103 5
2130 12.964 3.106 6
2140 12.977 3.098 7
2150 13.024 3.186 3
2160 13 3.152 4
2170 13.023 3.17 5
2180 12.999 3.161 6
2190 13.018 3.168 7
2200 13.022 3.1 3
2210 13.015 3.107 4
2220 13.001 3.109 5
2230 13.025 3.108 6
2240 12.997 3.095 7
2250 13.095 3.289 3
2260 13.082 3.285 4
2270 13.09 3.291 5
2280 13.093 3.287 6
2290 13.101 3.283 7
2300 12.966 3.134 3
2310 12.942 3.131 4
2320 12.969 3.116 5
2330 12.962 3.118 6
2340 12.98 3.127 7
2350 12.951 3.061 3
2360 12.936 3.059 4
2370 12.91 3.057 5
2380 12.906 3.078 6
2390 12.907 3.074 7
2400 13.061 3.173 3
2410 13.071 3.181 4
2420 13.045 3.168 5
2430 13.059 3.182 6
2440 13.061 3.177 7
2450 13.628 7.158 3
2460 13.61 7.141 4
2470 13.609 7.097 5
2480 13.624 7.073 6
2490 13.622 7.153 7
2500 13.107 3.179 3
2510 13.104 3.202 4
2520 13.126 3.209 5
2530 13.121 3.206 6
2540 13.135 3.202 7
2550 13.444 5.418 3
2560 13.358 4.752 4
2570 13.432 5.437 5
2580 13.435 5.417 6
2590 13.358 4.751 7
2600 13.076 3.148 3
2610 13.081 3.146 4
2620 13.109 3.161 5
2630 13.119 3.161 6
2640 13.126 3.152 7
2650 13.199 3.24 3
2660 13.206 3.24 4
2670 13.216 3.231 5
2680 13.192 3.231 6
2690 13.202 3.241 7
2700 13.195 3.24 3
2710 13.201 3.248 4
2720 13.187 3.244 5
2730 13.191 3.236 6
2740 13.212 3.235 7
2750 13.19 3.237 3
2760 13.178 3.251 4
2770 13.192 3.242 5
2780 13.197 3.243 6
2790 13.205 3.25 7
2800 12.991 3.051 3
2810 13.001 3.052 4
2820 13.002 3.05 5
2830 13.004 3.048 6
2840 12.984 3.056 7
2850 13.058 3.058 3
2860 13.066 3.062 4
2870 13.06 3.035 5
2880 13.078 3.046 6
2890 13.06 3.032 7
2900 13.094 3.04 3
2910 13.076 3.044 4
2920 13.067 3.053 5
2930 13.087 3.042 6
2940 13.092 3.041 7
2950 13.13 3.044 3
2960 13.151 3.078 4
2970 13.16 3.078 5
2980 13.148 3.085 6
2990 13.141 3.077 7
3000 13.178 3.065 3
3010 13.173 3.049 4
3020 13.151 3.054 5
3030 13.168 3.054 6
3040 13.17 3.066 7
3050 13.231 3.158 3
3060 13.214 3.131 4
3070 13.213 3.154 5
3080 13.213 3.159 6
3090 13.21 3.16 7
3100 13.26 3.235 3
3110 13.277 3.231 4
3120 13.283 3.234 5
3130 13.276 3.238 6
3140 13.262 3.218 7
3150 13.283 3.227 3
3160 13.272 3.22 4
3170 13.269 3.215 5
3180 13.286 3.229 6
3190 13.279 3.225 7
3200 13.145 3.283 3
3210 13.179 3.297 4
3220 13.147 3.293 5
3230 13.178 3.287 6
3240 13.153 3.281 7
3250 13.132 3.126 3
3260 13.134 3.129 4
3270 13.151 3.132 5
3280 13.129 3.14 6
3290 13.153 3.131 7
3300 13.104 3.05 3
3310 13.105 3.047 4
3320 13.101 3.055 5
3330 13.119 3.057 6
3340 13.103 3.058 7
3350 13.22 3.111 3
3360 13.231 3.128 4
3370 13.205 3.094 5
3380 13.195 3.103 6
3390 13.22 3.104 7
3400 13.218 3.055 3
3410 13.213 3.061 4
3420 13.238 3.06 5
3430 13.228 3.089 6
3440 13.241 3.077 7
3450 13.257 3.096 3
3460 13.276 3.131 4
3470 13.28 3.127 5
3480 13.273 3.132 6
3490 13.276 3.127 7
3500 13.222 3.077 3
3510 13.219 3.078 4
3520 13.217 3.08 5
3530 13.228 3.076 6
3540 13.234 3.095 7
3550 13.323 3.169 3
3560 13.284 3.154 4
3570 13.302 3.153 5
3580 13.316 3.179 6
3590 13.31 3.145 7
3600 13.311 3.176 3
3610 13.314 3.167 4
3620 13.32 3.167 5
3630 13.321 3.174 6
3640 13.306 3.15 7
3650 13.385 3.218 3
3660 13.374 3.212 4
3670 13.365 3.222 5
3680 13.379 3.227 6
3690 13.382 3.215 7
3700 13.333 3.141 3
3710 13.335 3.138 4
3720 13.337 3.153 5
3730 13.343 3.17 6
3740 13.336 3.143 7
3750 13.206 3.071 3
3760 13.206 3.076 4
3770 13.229 3.083 5
3780 13.232 3.072 6
3790 13.208 3.073 7
3800 13.147 3.069 3
3810 13.14 3.06 4
3820 13.154 3.061 5
3830 13.168 3.065 6
3840 13.163 3.061 7
3850 13.293 3.085 3
3860 13.268 3.086 4
3870 13.26 3.071 5
3880 13.274 3.068 6
3890 13.282 3.059 7
3900 13.328 3.12 3
3910 13.322 3.135 4
3920 13.325 3.119 5
3930 13.356 3.14 6
3940 13.32 3.102 7
3950 13.383 3.201 3
3960 13.393 3.197 4
3970 13.386 3.201 5
3980 13.397 3.219 6
3990 13.389 3.216 7
4000 13.439 3.152 3
4010 13.438 3.15 4
4020 13.446 3.149 5
4030 13.472 3.203 6
4040 13.434 3.148 7
4050 13.384 3.133 3
4060 13.374 3.134 4
4070 13.353 3.126 5
4080 13.356 3.132 6
4090 13.387 3.131 7
4100 13.415 3.179 3
4110 13.447 3.182 4
4120 13.416 3.155 5
4130 13.388 3.172 6
4140 13.415 3.175 7
4150 13.49 3.292 3
4160 13.534 3.295 4
4170 13.514 3.3 5
4180 13.506 3.295 6
4190 13.5 3.264 7
4200 13.374 3.128 3
4210 13.361 3.086 4
4220 13.357 3.098 5
4230 13.38 3.132 6
4240 13.378 3.124 7
4250 13.27 3.048 3
4260 13.258 3.052 4
4270 13.231 3.058 5
4280 13.239 3.062 6
4290 13.257 3.047 7
4300 13.297 3.043 3
4310 13.288 3.044 4
4320 13.299 3.042 5
4330 13.289 3.043 6
4340 13.288 3.038 7
4350 13.412 3.046 5
4360 13.399 3.04 6
4370 13.406 3.039 7
4380 13.414 3.057 3
4390 13.391 3.044 4
4400 13.388 3.05 3
4410 13.384 3.046 4
4420 13.403 3.064 5
4430 13.406 3.067 6
4440 13.399 3.063 7
4450 13.484 3.136 3
4460 13.465 3.135 4
4470 13.482 3.139 5
4480 13.473 3.147 6
4490 13.498 3.141 7
4500 13.5 3.17 3
4510 13.522 3.171 4
4520 13.512 3.171 5
4530 13.513 3.177 6
4540 13.515 3.162 7
4550 13.541 3.135 3
4560 13.537 3.145 4
4570 13.553 3.182 5
4580 13.545 3.159 6
4590 13.546 3.155 7
4600 13.594 3.183 3
4610 13.6 3.181 4
4620 13.572 3.168 5
4630 13.575 3.192 6
4640 13.587 3.182 7
4650 13.438 3.291 3
4660 13.447 3.298 4
4670 13.454 3.288 5
4680 13.469 3.29 6
4690 13.457 3.3 7
4700 13.339 3.073 3
4710 13.314 3.073 4
4720 13.327 3.073 5
4730 13.327 3.072 6
4740 13.33 3.079 7
4750 13.337 3.036 3
4760 13.303 3.044 4
4770 13.28 3.049 5
4780 13.31 3.04 6
4790 13.287 3.043 7
4800 13.511 3.07 3
4810 13.462 3.085 4
4820 13.48 3.076 5
4830 13.484 3.075 6
4840 13.499 3.068 7
4850 13.563 3.147 3
4860 13.569 3.154 4
4870 13.569 3.161 5
4880 13.578 3.153 6
4890 13.541 3.143 7
4900 13.482 3.037 3
4910 13.484 3.042 4
4920 13.476 3.044 5
4930 13.472 3.037 6
4940 13.474 3.04 7
4950 13.574 3.118 3
4960 13.557 3.114 4
4970 13.563 3.112 5
4980 13.567 3.122 6
4990 13.583 3.109 7
5000 13.57 3.163 3
5010 13.564 3.156 4
5020 13.571 3.155 5
5030 13.565 3.165 6
5040 13.577 3.167 7
5050 13.645 3.286 3
5060 13.625 3.249 4
5070 13.676 3.279 5
5080 13.651 3.294 6
5090 13.648 3.285 7
5100 13.673 3.248 3
5110 13.696 3.241 4
5120 13.674 3.227 5
5130 13.686 3.253 6
5140 13.683 3.224 7
5150 13.592 3.164 3
5160 13.618 3.197 4
5170 13.594 3.185 5
5180 13.645 3.21 6
5190 13.619 3.2 7
5200 13.44 3.099 3
5210 13.464 3.125 4
5220 13.45 3.103 5
5230 13.473 3.121 6
5240 13.468 3.143 7
5250 13.47 2.942 3
5260 13.469 2.978 4
5270 13.46 2.945 5
5280 13.456 2.952 6
5290 13.478 2.953 7
5300 13.598 3.123 3
5310 13.608 3.134 4
5320 13.599 3.128 5
5330 13.606 3.135 6
5340 13.603 3.13 7
5350 13.56 3.084 3
5360 13.564 3.079 4
5370 13.571 3.085 5
5380 13.58 3.085 6
5390 13.575 3.065 7
5400 13.613 3.095 3
5410 13.633 3.094 4
5420 13.618 3.102 5
5430 13.625 3.098 6
5440 13.615 3.101 7
5450 13.658 3.085 3
5460 13.648 3.063 4
5470 13.654 3.073 5
5480 13.654 3.09 6
5490 13.645 3.072 7
5500 13.676 3.139 3
5510 13.683 3.14 4
5520 13.665 3.129 5
5530 13.684 3.14 6
5540 13.688 3.135 7
5550 13.737 3.177 3
5560 13.726 3.176 4
5570 13.724 3.187 5
5580 13.721 3.181 6
5590 13.733 3.183 7
5600 13.687 3.165 3
5610 13.721 3.169 4
5620 13.689 3.154 5
5630 13.661 3.14 6
5640 13.698 3.165 7
5650 13.656 3.128 3
5660 13.646 3.132 4
5670 13.668 3.136 5
5680 13.657 3.127 6
5690 13.645 3.114 7
5700 13.512 3.028 3
5710 13.523 3.023 4
5720 13.516 3.028 5
5730 13.519 3.028 6
5740 13.509 3.015 7
5750 13.674 3.032 3
5760 13.705 3.044 4
5770 13.686 3.048 5
5780 13.704 3.044 6
5790 13.685 3.05 7
5800 13.641 3.035 3
5810 13.641 3.038 4
5820 13.642 3.037 5
5830 13.654 3.041 6
5840 13.631 3.037 7
5850 13.717 3.092 3
5860 13.72 3.116 4
5870 13.69 3.089 5
5880 13.722 3.089 6
5890 13.699 3.089 7
5900 13.771 3.182 3
5910 13.797 3.176 4
5920 13.776 3.182 5
5930 13.78 3.169 6
5940 13.789 3.18 7
5950 13.786 3.226 3
5960 13.808 3.215 4
5970 13.809 3.218 5
5980 13.804 3.221 6
5990 13.794 3.225 7
6000 13.847 3.249 3
6010 13.854 3.261 4
6020 13.873 3.248 5
6030 13.871 3.245 6
6040 13.87 3.242 7
6050 13.86 3.214 3
6060 13.821 3.188 4
6070 13.842 3.212 5
6080 13.838 3.217 6
6090 13.862 3.218 7
6100 13.803 3.231 3
6110 13.829 3.273 4
6120 13.822 3.26 5
6130 13.833 3.279 6
6140 13.832 3.246 7
6150 13.658 3.055 3
6160 13.668 3.057 4
6170 13.672 3.063 5
6180 13.64 3.047 6
6190 13.688 3.053 7
6200 13.572 3.01 3
6210 13.587 3.009 4
6220 13.586 3.002 5
6230 13.599 3.003 6
6240 13.587 3.002 7
6250 13.677 3.052 3
6260 13.709 3.061 4
6270 13.669 3.033 5
6280 13.682 3.046 6
6290 13.722 3.057 7
6300 13.78 3.098 3
6310 13.774 3.099 4
6320 13.783 3.097 5
6330 13.775 3.1 6
6340 13.792 3.093 7
6350 13.805 3.143 3
6360 13.802 3.148 4
6370 13.819 3.146 5
6380 13.81 3.146 6
6390 13.814 3.138 7
6400 13.793 3.098 3
6410 13.792 3.101 4
6420 13.795 3.096 5
6430 13.798 3.095 6
6440 13.775 3.095 7
6450 13.935 3.209 3
6460 13.93 3.209 4
6470 13.922 3.2 5
6480 13.94 3.221 6
6490 13.929 3.22 7
6500 13.887 3.172 3
6510 13.907 3.219 4
6520 13.892 3.207 5
6530 13.91 3.217 6
6540 13.911 3.213 7
6550 13.896 3.242 3
6560 13.912 3.237 4
6570 13.9 3.236 5
6580 13.894 3.238 6
6590 13.903 3.237 7
6600 13.799 3.109 3
6610 13.8 3.116 4
6620 13.802 3.112 5
6630 13.809 3.118 6
6640 13.821 3.107 7
6650 13.739 3.093 3
6660 13.749 3.082 4
6670 13.739 3.097 5
6680 13.742 3.096 6
6690 13.76 3.089 7
6700 13.874 3.093 3
6710 13.865 3.092 4
6720 13.882 3.086 5
6730 13.872 3.094 6
6740 13.864 3.093 7
6750 13.858 3.128 3
6760 13.861 3.122 4
6770 13.842 3.13 5
6780 13.842 3.137 6
6790 13.829 3.13 7
6800 14.027 3.315 3
6810 14.04 3.314 4
6820 13.995 3.287 5
6830 14.018 3.297 6
6840 14.031 3.33 7
6850 13.861 3.055 3
6860 13.829 3.035 4
6870 13.834 3.064 5
6880 13.872 3.061 6
6890 13.851 3.064 7
6900 13.928 3.161 3
6910 13.916 3.174 4
6920 13.909 3.165 5
6930 13.912 3.173 6
6940 13.919 3.166 7
6950 13.972 3.194 3
6960 13.953 3.197 4
6970 13.973 3.19 5
6980 13.939 3.182 6
6990 13.939 3.171 7
7000 13.94 3.163 3
7010 13.96 3.162 4
7020 13.937 3.16 5
7030 13.939 3.146 6
7040 13.944 3.156 7
7050 14.026 3.295 3
7060 14.005 3.308 4
7070 13.976 3.302 5
7080 14.009 3.306 6
7090 14.002 3.303 7
7100 13.809 3.049 3
7110 13.802 3.063 4
7120 13.811 3.047 5
7130 13.804 3.042 6
7140 13.802 3.049 7
7150 13.83 3.061 3
7160 13.816 3.066 4
7170 13.848 3.071 5
7180 13.841 3.065 6
7190 13.84 3.066 7
7200 13.918 3.092 3
7210 13.92 3.097 4
7220 13.919 3.104 5
7230 13.914 3.092 6
7240 13.89 3.081 7
7250 13.984 3.127 3
7260 13.971 3.121 4
7270 13.978 3.134 5
7280 13.998 3.125 6
7290 13.989 3.12 7
7300 14.031 3.176 3
7310 14.021 3.175 4
7320 14.037 3.171 5
7330 14.022 3.174 6
7340 14.026 3.177 7
7350 14.102 3.161 3
7360 14.083 3.17 4
7370 14.095 3.167 5
7380 14.096 3.169 6
7390 14.09 3.17 7
7400 14.013 3.135 3
7410 14.035 3.136 4
7420 14.033 3.132 5
7430 14.025 3.133 6
7440 14.014 3.13 7
7450 14.055 3.137 3
7460 14.048 3.15 4
7470 14.08 3.146 5
7480 14.044 3.154 6
7490 14.06 3.142 7
7500 14.074 3.184 3
7510 14.076 3.188 4
7520 14.079 3.189 5
7530 14.072 3.186 6
7540 14.064 3.194 7
7550 14.007 3.129 3
7560 14 3.135 4
7570 13.987 3.138 5
7580 14.001 3.136 6
7590 14.006 3.137 7
7600 13.932 3.064 3
7610 13.944 3.064 4
7620 13.912 3.056 5
7630 13.946 3.071 6
7640 13.92 3.052 7
7650 14.024 3.097 3
7660 14.034 3.095 4
7670 14.037 3.085 5
7680 14.017 3.092 6
7690 14.026 3.085 7
7700 14.029 3.092 3
7710 14.038 3.09 4
7720 14.019 3.079 5
7730 14.039 3.085 6
7740 14.004 3.079 7
7750 14.12 3.081 3
7760 14.108 3.088 4
7770 14.119 3.081 5
7780 14.103 3.089 6
7790 14.111 3.092 7
7800 14.189 3.179 3
7810 14.197 3.198 4
7820 14.186 3.195 5
7830 14.183 3.192 6
7840 14.207 3.187 7
7850 14.16 3.158 3
7860 14.154 3.173 4
7870 14.152 3.183 5
7880 14.144 3.179 6
7890 14.153 3.182 7
7900 14.206 3.194 3
7910 14.208 3.198 4
7920 14.208 3.181 5
7930 14.181 3.18 6
7940 14.211 3.195 7
7950 14.233 3.202 3
7960 14.246 3.193 4
7970 14.245 3.2 5
7980 14.242 3.2 6
7990 14.235 3.2 7
8000 14.196 3.273 3
8010 14.21 3.273 4
8020 14.2 3.272 5
8030 14.194 3.274 6
8040 14.211 3.262 7
8050 13.98 3.049 3
8060 13.974 3.042 4
8070 14.01 3.05 5
8080 13.988 3.059 6
8090 14 3.044 7
8100 14.067 3.076 3
8110 14.065 3.069 4
8120 14.069 3.078 5
8130 14.06 3.08 6
8140 14.078 3.072 7
8150 14.119 3.004 3
8160 14.126 2.99 4
8170 14.077 2.986 5
8180 14.138 2.981 6
8190 14.101 2.987 7
8200 14.178 3.089 3
8210 14.166 3.103 4
8220 14.193 3.095 5
8230 14.172 3.111 6
8240 14.173 3.082 7
8250 14.178 3.087 3
8260 14.153 3.079 4
8270 14.174 3.094 5
8280 14.167 3.079 6
8290 14.169 3.075 7
8300 14.198 3.126 3
8310 14.205 3.128 4
8320 14.187 3.11 5
8330 14.211 3.127 6
8340 14.209 3.126 7
8350 14.268 3.206 3
8360 14.255 3.206 4
8370 14.267 3.207 5
8380 14.265 3.208 6
8390 14.259 3.21 7
8400 14.284 3.217 3
8410 14.29 3.214 4
8420 14.265 3.197 5
8430 14.293 3.214 6
8440 14.29 3.21 7
8450 14.317 3.186 3
8460 14.29 3.197 4
8470 14.295 3.175 5
8480 14.291 3.197 6
8490 14.306 3.191 7
8500 14.186 3.119 3
8510 14.174 3.129 4
8520 14.183 3.126 5
8530 14.199 3.123 6
8540 14.163 3.13 7
8550 14.088 3.111 3
8560 14.105 3.109 4
8570 14.123 3.109 5
8580 14.089 3.104 6
8590 14.119 3.106 7
8600 14.213 3.133 3
8610 14.243 3.125 4
8620 14.231 3.132 5
8630 14.229 3.138 6
8640 14.219 3.126 7
8650 14.246 3.077 3
8660 14.284 3.079 4
8670 14.283 3.081 5
8680 14.284 3.08 6
8690 14.305 3.065 7
8700 14.284 3.132 3
8710 14.258 3.121 4
8720 14.264 3.121 5
8730 14.244 3.12 6
8740 14.28 3.128 7
8750 14.246 3.044 3
8760 14.249 3.044 4
8770 14.221 3.048 5
8780 14.249 3.049 6
8790 14.253 3.043 7
8800 14.381 3.164 3
8810 14.377 3.155 4
8820 14.377 3.159 5
8830 14.37 3.167 6
8840 14.383 3.164 7
8850 14.348 3.166 3
8860 14.348 3.172 4
8870 14.338 3.168 5
8880 14.337 3.169 6
8890 14.321 3.159 7
8900 14.371 3.209 3
8910 14.37 3.214 4
8920 14.382 3.205 5
8930 14.364 3.204 6
8940 14.377 3.201 7
8950 14.405 3.249 3
8960 14.406 3.258 4
8970 14.404 3.252 5
8980 14.415 3.254 6
8990 14.402 3.256 7
9000 14.199 2.997 3
9010 14.222 2.994 4
9020 14.208 3.005 5
9030 14.209 3.009 6
9040 14.206 3.006 7
9050 14.235 3.003 3
9060 14.233 3.023 4
9070 14.249 3.031 5
9080 14.244 3.034 6
9090 14.259 3.029 7
9100 14.308 3.009 3
9110 14.301 3.01 4
9120 14.281 3.017 5
9130 14.293 3.015 6
9140 14.289 3.013 7
9150 14.374 3.13 3
9160 14.403 3.117 4
9170 14.383 3.129 5
9180 14.406 3.126 6
9190 14.385 3.124 7
9200 14.23 3.067 3
9210 14.225 3.072 4
9220 14.245 3.069 5
9230 14.241 3.065 6
9240 14.219 3.071 7
9250 14.448 3.174 3
9260 14.396 3.134 4
9270 14.41 3.19 5
9280 14.41 3.13 6
9290 14.431 3.18 7
9300 14.468 3.183 4
9310 14.481 3.188 3
9320 14.472 3.178 5
9330 14.475 3.198 6
9340 14.488 3.184 7
9350 14.501 3.208 4
9360 14.519 3.208 5
9370 14.506 3.207 6
9380 14.49 3.218 7
9390 14.496 3.208 3
9400 14.512 3.237 3
9410 14.534 3.25 4
9420 14.536 3.25 5
9430 14.544 3.249 6
9440 14.526 3.253 7
9450 14.522 3.251 3
9460 14.543 3.252 4
9470 14.533 3.264 5
9480 14.532 3.266 6
9490 14.522 3.261 7
9500 14.263 3.016 3
9510 14.27 3 4
9520 14.252 2.993 5
9530 14.245 3.003 6
9540 14.261 3.011 7
9550 14.345 3.064 3
9560 14.361 3.067 4
9570 14.353 3.058 5
9580 14.35 3.059 6
9590 14.379 3.067 7
9600 14.434 3.075 3
9610 14.426 3.085 4
9620 14.436 3.087 5
9630 14.43 3.089 6
9640 14.428 3.084 7
9650 14.464 3.175 3
9660 14.492 3.176 4
9670 14.491 3.176 5
9680 14.486 3.178 6
9690 14.486 3.174 7
9700 14.49 3.134 3
9710 14.5 3.136 4
9720 14.487 3.124 5
9730 14.506 3.129 6
9740 14.504 3.131 7
9750 15.12 7.557 3
9760 15.112 7.539 4
9770 15.136 7.564 5
9780 15.093 7.553 6
9790 15.13 7.552 7
9800 14.503 3.101 3
9810 14.509 3.101 4
9820 14.499 3.109 5
9830 14.508 3.109 6
9840 14.513 3.101 7
9850 14.673 3.278 3
9860 14.666 3.277 4
9870 14.66 3.273 5
9880 14.673 3.274 6
9890 14.667 3.274 7
9900 14.574 3.191 3
9910 14.59 3.184 4
9920 14.579 3.191 5
9930 14.576 3.191 6
9940 14.556 3.174 7
9950 14.523 3.126 3
9960 14.518 3.126 4
9970 14.511 3.124 5
9980 14.515 3.136 6
9990 14.494 3.117 7
10000 14.489 3.122 3
10010 14.461 3.121 4
10020 14.477 3.125 5
10030 14.466 3.108 6
10040 14.47 3.119 7
10050 14.458 2.947 3
10060 14.435 2.95 4
10070 14.449 2.951 5
10080 14.459 2.946 6
10090 14.44 2.966 7
10100 14.583 3.126 3
10110 14.581 3.124 4
10120 14.575 3.131 5
10130 14.566 3.128 6
10140 14.578 3.124 7
10150 14.543 3.057 3
10160 14.524 3.063 4
10170 14.528 3.065 5
10180 14.536 3.059 6
10190 14.522 3.063 7
10200 14.613 3.122 3
10210 14.623 3.113 4
10220 14.609 3.123 5
10230 14.632 3.136 6
10240 14.59 3.128 7
10250 14.637 3.154 3
10260 14.64 3.148 4
10270 14.651 3.171 5
10280 14.647 3.17 6
10290 14.639 3.151 7
10300 14.656 3.198 3
10310 14.641 3.204 4
10320 14.654 3.197 5
10330 14.664 3.213 6
10340 14.655 3.197 7
10350 14.659 3.155 3
10360 14.651 3.156 4
10370 14.642 3.161 5
10380 14.67 3.159 6
10390 14.665 3.156 7
10400 14.671 3.16 3
10410 14.665 3.152 4
10420 14.656 3.167 5
10430 14.669 3.158 6
10440 14.655 3.177 7
10450 14.54 3.14 3
10460 14.538 3.133 4
10470 14.564 3.14 5
10480 14.535 3.135 6
10490 14.546 3.164 7
10500 14.517 3.008 3
10510 14.497 3.008 4
10520 14.515 3.008 5
10530 14.513 3.007 6
10540 14.493 2.994 7
10550 14.941 5.084 3
10560 14.928 5.093 4
10570 15.001 5.8 5
10580 15.053 5.829 6
10590 15.001 5.801 7
10600 14.639 3.092 3
10610 14.618 3.094 4
10620 14.62 3.085 5
10630 14.605 3.087 6
10640 14.63 3.114 7
10650 14.741 3.175 3
10660 14.737 3.186 4
10670 14.746 3.185 5
10680 14.742 3.196 6
10690 14.769 3.179 7
10700 15.037 6.113 3
10710 14.912 5.364 4
10720 15.03 6.109 5
10730 14.942 5.371 6
10740 15.024 6.127 7
10750 14.684 3.176 3
10760 14.68 3.177 4
10770 14.68 3.188 5
10780 14.684 3.185 6
10790 14.671 3.179 7
10800 14.776 3.219 3
10810 14.779 3.231 4
10820 14.777 3.231 5
10830 14.78 3.232 6
10840 14.765 3.222 7
10850 14.766 3.216 3
10860 14.781 3.206 4
10870 14.776 3.222 5
10880 14.784 3.199 6
10890 14.78 3.215 7
10900 14.65 3.102 3
10910 14.646 3.102 4
10920 14.638 3.085 5
10930 14.649 3.103 6
10940 14.661 3.09 7
10950 14.616 3.083 3
10960 14.61 3.076 4
10970 14.622 3.073 5
10980 14.631 3.081 6
10990 14.626 3.074 7
11000 14.63 3.028 3
11010 14.63 3.046 4
11020 14.626 3.028 5
11030 14.632 3.027 6
11040 14.64 3.022 7
11050 14.737 3.075 3
11060 14.738 3.08 4
11070 14.735 3.08 5
11080 14.751 3.078 6
11090 14.733 3.081 7
11100 14.715 3.083 3
11110 14.685 3.088 4
11120 14.709 3.079 5
11130 14.71 3.083 6
11140 14.696 3.077 7
11150 14.76 3.121 3
11160 14.765 3.118 4
11170 14.739 3.108 5
11180 14.747 3.107 6
11190 14.766 3.113 7
11200 14.761 3.126 3
11210 14.76 3.146 4
11220 14.776 3.144 5
11230 14.77 3.128 6
11240 14.759 3.129 7
11250 14.787 3.117 3
11260 14.795 3.125 4
11270 14.81 3.111 5
11280 14.793 3.121 6
11290 14.803 3.117 7
11300 14.867 3.246 3
11310 14.881 3.25 4
11320 14.886 3.241 5
11330 14.885 3.239 6
11340 14.883 3.241 7
11350 14.997 4.543 3
11360 15.003 4.539 4
11370 14.977 4.545 5
11380 15.005 4.538 6
11390 14.994 4.536 7
11400 15.221 5.884 3
11410 15.181 5.904 4
11420 15.191 5.896 5
11430 15.21 5.881 6
11440 15.211 5.911 7
11450 14.764 3.051 3
11460 14.726 3.07 4
11470 14.729 3.068 5
11480 14.744 3.066 6
11490 14.727 3.062 7
11500 14.789 3.07 3
11510 14.774 3.075 4
11520 14.784 3.067 5
11530 14.782 3.069 6
11540 14.781 3.07 7
11550 14.711 3.027 3
11560 14.683 3.008 4
11570 14.71 3.029 5
11580 14.709 3.022 6
11590 14.707 3.022 7
11600 14.801 3.126 3
11610 14.803 3.121 4
11620 14.784 3.107 5
11630 14.781 3.106 6
11640 14.789 3.128 7
11650 14.797 3.094 3
11660 14.814 3.1 4
11670 14.791 3.1 5
11680 14.785 3.103 6
11690 14.814 3.09 7
11700 14.924 3.2 3
11710 14.909 3.193 4
11720 14.929 3.224 5
11730 14.91 3.211 6
11740 14.928 3.203 7
11750 14.861 3.174 3
11760 14.872 3.167 4
11770 14.846 3.178 5
11780 14.858 3.178 6
11790 14.877 3.191 7
11800 14.951 3.233 3
11810 14.931 3.237 4
11820 14.95 3.235 5
11830 14.965 3.235 6
11840 14.963 3.23 7
11850 14.925 3.233 3
11860 14.917 3.232 4
11870 14.938 3.232 5
11880 14.926 3.235 6
11890 14.927 3.23 7
11900 14.735 3.062 3
11910 14.727 3.06 4
11920 14.737 3.062 5
11930 14.731 3.063 6
11940 14.745 3.058 7
11950 14.809 3.052 3
11960 14.839 3.056 4
11970 14.813 3.061 5
11980 14.816 3.07 6
11990 14.831 3.062 7
12000 14.853 3.065 3
12010 14.86 3.058 4
12020 14.849 3.061 5
12030 14.84 3.064 6
12040 14.824 3.053 7
12050 14.922 3.129 3
12060 14.907 3.137 4
12070 14.912 3.14 5
12080 14.913 3.133 6
12090 14.91 3.133 7
12100 15.309 5.858 3
12110 15.321 5.844 4
12120 15.324 5.854 5
12130 15.324 5.859 6
12140 15.307 5.859 7
12150 14.979 3.172 3
12160 14.945 3.175 4
12170 14.943 3.171 5
12180 14.938 3.174 6
12190 14.958 3.172 7
12200 14.832 3.163 3
12210 14.838 3.164 4
12220 14.823 3.163 5
12230 14.82 3.17 6
12240 14.821 3.166 7
12250 14.956 3.192 3
12260 14.982 3.209 4
12270 14.977 3.21 5
12280 14.974 3.213 6
12290 14.971 3.209 7
12300 15.007 3.247 3
12310 15.013 3.255 4
12320 15.022 3.256 5
12330 15.029 3.236 6
12340 15.003 3.248 7
12350 14.909 3.137 3
12360 14.904 3.129 4
12370 14.901 3.136 5
12380 14.901 3.137 6
12390 14.904 3.128 7
12400 14.763 3.085 3
12410 14.754 3.069 4
12420 14.763 3.069 5
12430 14.76 3.071 6
12440 14.748 3.06 7
12450 14.894 3.062 3
12460 14.891 3.071 4
12470 14.886 3.065 5
12480 14.892 3.065 6
12490 14.886 3.062 7
12500 14.876 3.025 3
12510 14.868 3.023 4
12520 14.883 3.018 5
12530 14.887 3.017 6
12540 14.883 3.013 7
12550 14.926 3.069 3
12560 14.902 3.063 4
12570 14.905 3.069 5
12580 14.913 3.05 6
12590 14.92 3.065 7
12600 15.032 3.17 3
12610 15.01 3.165 4
12620 15.016 3.166 5
12630 15.023 3.161 6
12640 15.005 3.174 7
12650 15.529 6.078 3
12660 15.527 6.062 4
12670 15.551 6.082 5
12680 15.546 6.077 6
12690 15.518 6.062 7
12700 15.024 3.171 3
12710 15.043 3.187 4
12720 15.024 3.176 5
12730 15.039 3.19 6
12740 15.02 3.186 7
12750 15.053 3.204 3
12760 15.076 3.204 4
12770 15.081 3.198 5
12780 15.063 3.205 6
12790 15.076 3.193 7
12800 15.047 3.19 3
12810 15.049 3.183 4
12820 15.036 3.179 5
12830 15.036 3.188 6
12840 15.047 3.183 7
12850 14.842 3.043 3
12860 14.837 3.046 4
12870 14.825 3.047 5
12880 14.847 3.042 6
12890 14.844 3.038 7
12900 14.927 3.08 3
12910 14.915 3.062 4
12920 14.935 3.085 5
12930 14.939 3.063 6
12940 14.93 3.08 7
12950 14.973 3.06 3
12960 14.966 3.05 4
12970 14.969 3.056 5
12980 14.971 3.061 6
12990 14.967 3.059 7
13000 14.992 3.103 3
13010 15.002 3.113 4
13020 15.013 3.12 5
13030 15.008 3.116 6
13040 15.006 3.117 7
13050 15.037 3.096 3
13060 15.018 3.097 4
13070 15.04 3.101 5
13080 15.038 3.099 6
13090 15.045 3.095 7
13100 15.012 3.087 3
13110 15.011 3.086 4
13120 15.011 3.09 5
13130 15.03 3.076 6
13140 15.021 3.076 7
13150 15.501 6.185 3
13160 15.509 6.192 4
13170 15.498 6.202 5
13180 15.508 6.199 6
13190 15.503 6.202 7
13200 15.038 3.182 3
13210 15.064 3.178 4
13220 15.049 3.178 5
13230 15.048 3.183 6
13240 15.032 3.178 7
13250 15.104 3.219 3
13260 15.098 3.212 4
13270 15.109 3.217 5
13280 15.113 3.219 6
13290 15.111 3.215 7
13300 14.936 3.123 3
13310 14.933 3.112 4
13320 14.969 3.122 5
13330 14.972 3.114 6
13340 14.948 3.118 7
13350 14.834 3.003 3
13360 14.809 3.003 4
13370 14.837 3.002 5
13380 14.832 2.994 6
13390 14.834 2.992 7
13400 14.939 3.035 3
13410 14.921 3.036 4
13420 14.943 3.033 5
13430 14.914 3.034 6
13440 14.936 3.038 7
13450 14.942 3.049 3
13460 14.971 3.051 4
13470 14.962 3.053 5
13480 14.959 3.051 6
13490 14.955 3.049 7
13500 14.957 3.097 3
13510 14.952 3.109 4
13520 14.956 3.098 5
13530 14.964 3.101 6
13540 14.943 3.106 7
13550 14.996 3.088 3
13560 14.999 3.088 4
13570 14.974 3.098 5
13580 14.968 3.097 6
13590 14.975 3.089 7
13600 15.05 3.184 3
13610 15.054 3.182 4
13620 15.049 3.177 5
13630 15.055 3.18 6
13640 15.038 3.17 7
13650 15.014 3.17 3
13660 15.026 3.172 4
13670 15.019 3.177 5
13680 15.018 3.184 6
13690 15.018 3.173 7
13700 14.99 3.184 3
13710 14.979 3.184 4
13720 14.977 3.186 5
13730 14.986 3.187 6
13740 14.972 3.186 7
13750 15.076 3.21 3
13760 15.066 3.219 4
13770 15.064 3.218 5
13780 15.077 3.216 6
13790 15.073 3.215 7
13800 14.806 3.043 3
13810 14.806 3.034 4
13820 14.823 3.038 5
13830 14.809 3.042 6
13840 14.802 3.042 7
13850 14.882 3.012 3
13860 14.863 3.01 4
13870 14.875 3.009 5
13880 14.864 3.017 6
13890 14.856 3.002 7
13900 14.928 3.071 3
13910 14.935 3.069 4
13920 14.93 3.067 5
13930 14.941 3.061 6
13940 14.925 3.064 7
13950 14.958 3.083 3
13960 14.973 3.093 4
13970 14.971 3.091 5
13980 14.971 3.094 6
13990 14.961 3.09 7
14000 14.963 3.091 3
14010 14.972 3.095 4
14020 14.998 3.084 5
14030 14.968 3.095 6
14040 14.969 3.087 7
14050 15.606 7.463 3
14060 15.594 7.502 4
14070 15.587 7.463 5
14080 15.612 7.485 6
14090 15.597 7.473 7
14100 14.99 3.111 3
14110 14.991 3.104 4
14120 15.01 3.112 5
14130 15.01 3.108 6
14140 14.999 3.106 7
14150 15.017 3.151 3
14160 15.012 3.148 4
14170 15.013 3.152 5
14180 15.028 3.15 6
14190 15.006 3.149 7
14200 14.977 3.183 4
14210 15.005 3.183 5
14220 14.985 3.193 6
14230 14.987 3.19 7
14240 14.981 3.188 3
14250 14.929 3.147 3
14260 14.928 3.148 4
14270 14.939 3.145 5
14280 14.931 3.14 6
14290 14.937 3.142 7
14300 14.748 3.006 3
14310 14.768 3.002 4
14320 14.769 3 5
14330 14.774 3.007 6
14340 14.77 3.005 7
14350 14.894 3.025 3
14360 14.878 3.027 4
14370 14.888 3.025 5
14380 14.877 3.035 6
14390 14.898 3.022 7
14400 15.003 3.128 3
14410 14.993 3.116 4
14420 14.986 3.117 5
14430 14.987 3.116 6
14440 14.979 3.099 7
14450 14.86 3.076 3
14460 14.867 3.068 4
14470 14.841 3.064 5
14480 14.856 3.083 6
14490 14.858 3.071 7
14500 15.014 3.144 3
14510 15.021 3.145 4
14520 15.007 3.151 5
14530 15.021 3.15 6
14540 15.028 3.144 7
14550 15.003 3.108 3
14560 14.995 3.097 4
14570 15.007 3.111 5
14580 15.02 3.103 6
14590 14.973 3.101 7
14600 15.032 3.227 3
14610 15.037 3.214 4
14620 15.02 3.204 5
14630 15.038 3.22 6
14640 15.014 3.226 7
14650 15.044 3.178 3
14660 15.068 3.168 4
14670 15.059 3.166 5
14680 15.049 3.169 6
14690 15.06 3.169 7
14700 15.05 3.217 3
14710 15.07 3.228 4
14720 15.074 3.223 5
14730 15.075 3.219 6
14740 15.056 3.216 7
14750 14.884 3.068 3
14760 14.88 3.055 4
14770 14.887 3.061 5
14780 14.883 3.057 6
14790 14.873 3.053 7
14800 14.89 3.08 3
14810 14.899 3.06 4
14820 14.89 3.063 5
14830 14.869 3.065 6
14840 14.89 3.056 7
14850 14.994 3.055 3
14860 14.979 3.054 4
14870 14.97 3.054 5
14880 14.996 3.057 6
14890 14.97 3.062 7
14900 15.003 3.103 3
14910 15.009 3.129 4
14920 15.018 3.121 5
14930 14.992 3.107 6
14940 15.007 3.123 7
14950 14.984 3.032 3
14960 14.987 3.06 4
14970 14.981 3.063 5
14980 14.987 3.062 6
14990 15.006 3.054 7
15000 13.998 3.376 3
15010 13.997 3.37 4
15020 13.997 3.381 5
15030 13.999 3.378 6
