# TimeStamp(s) Sum Stdev
0 2.11747e+06 0
10 2.39671e+06 0
20 1.75065e+06 0
30 2.0134e+06 0
40 2.00207e+06 0
50 2.13499e+06 0
60 2.23803e+06 0
70 2.32355e+06 0
80 1.60433e+06 0
90 1.54457e+06 0
100 1.9423e+06 0
110 1.70531e+06 0
120 1.56312e+06 0
130 1.60742e+06 0
141 1.79496e+06 0
151 1.76895e+06 0
160 1.59118e+06 0
170 2.11438e+06 0
180 1.85472e+06 0
190 2.39053e+06 0
200 1.82381e+06 0
210 2.04637e+06 0
220 1.90418e+06 0
230 2.21124e+06 0
240 2.19372e+06 0
250 1.37249e+06 0
260 1.7455e+06 0
270 2.42556e+06 0
280 2.18033e+06 0
290 1.57342e+06 0
300 1.7795e+06 0
310 2.40289e+06 0
320 1.81144e+06 0
330 1.85369e+06 0
340 1.85369e+06 0
350 1.80526e+06 0
360 2.0474e+06 0
370 2.07189e+06 0
381 2.10226e+06 0
390 1.81762e+06 0
401 2.16487e+06 0
410 1.24472e+06 0
420 2.0031e+06 0
430 2.05359e+06 0
440 1.85987e+06 0
450 1.91757e+06 0
460 1.99073e+06 0
470 2.10098e+06 0
480 1.91139e+06 0
490 2.05977e+06 0
500 2.3895e+06 0
510 1.75477e+06 0
520 2.09274e+06 0
530 1.75477e+06 0
540 1.86193e+06 0
550 1.46317e+06 0
560 1.73004e+06 0
570 1.90315e+06 0
580 2.08862e+06 0
591 2.06389e+06 0
600 1.68161e+06 0
610 1.53736e+06 0
620 1.78465e+06 0
630 2.09274e+06 0
640 1.98455e+06 0
650 1.98146e+06 0
660 2.0134e+06 0
670 1.85575e+06 0
680 2.42144e+06 0
690 2.3318e+06 0
700 1.56827e+06 0
710 1.38383e+06 0
720 1.58578e+06 0
730 1.6878e+06 0
740 1.5456e+06 0
750 1.70634e+06 0
760 1.85575e+06 0
770 2.0268e+06 0
780 1.64452e+06 0
790 1.7898e+06 0
800 2.08656e+06 0
810 2.05565e+06 0
820 1.8269e+06 0
830 2.25864e+06 0
840 1.82793e+06 0
850 1.80114e+06 0
860 1.57033e+06 0
870 1.5559e+06 0
880 1.40237e+06 0
890 1.62391e+06 0
900 2.23391e+06 0
910 2.02474e+06 0
920 2.10098e+06 0
930 2.11129e+06 0
940 1.93612e+06 0
950 1.25090e+06 0
960 1.68573e+06 0
970 1.91964e+06 0
980 2.08553e+06 0
990 2.36683e+06 0
1000 1.92066e+06 0
1010 2.01237e+06 0
1020 1.83617e+06 0
1030 2.01546e+06 0
1040 1.93406e+06 0
1050 1.83308e+06 0
1060 1.56621e+06 0
1070 1.99382e+06 0
1080 1.6744e+06 0
1090 2.10923e+06 0
1100 2.04431e+06 0
1110 2.09789e+06 0
1120 2.11026e+06 0
1130 2.25039e+06 0
1140 2.03504e+06 0
1150 1.87018e+06 0
1160 2.18651e+06 0
1170 1.8372e+06 0
1180 1.80732e+06 0
1190 2.27924e+06 0
1200 1.81041e+06 0
1210 1.7929e+06 0
1220 1.12829e+06 0
1230 1.70222e+06 0
1240 2.43793e+06 0
1250 2.13602e+06 0
1260 2.0742e+06 0
1270 2.41010e+06 0
1280 1.75374e+06 0
1290 2.00825e+06 0
1300 1.96188e+06 0
1310 1.9794e+06 0
1320 2.11438e+06 0
1330 2.01958e+06 0
1340 2.203e+06 0
1350 1.87121e+06 0
1360 1.54045e+06 0
1370 1.66719e+06 0
1380 2.0711e+06 0
1390 1.70737e+06 0
1400 1.47038e+06 0
1410 1.8032e+06 0
1420 1.82072e+06 0
1430 1.94642e+06 0
1440 1.66513e+06 0
1450 1.8166e+06 0
1460 1.30552e+06 0
1470 1.57445e+06 0
1480 1.32509e+06 0
1490 2.01649e+06 0
1500 1.88563e+06 0
1510 1.54663e+06 0
1520 1.54148e+06 0
1530 1.94436e+06 0
1540 1.64246e+06 0
1550 1.98867e+06 0
1560 1.77538e+06 0
1570 1.90212e+06 0
1580 1.29006e+06 0
1590 1.68161e+06 0
1600 2.27409e+06 0
1610 1.51778e+06 0
1620 2.04225e+06 0
1630 1.76095e+06 0
1640 1.6167e+06 0
1650 1.81969e+06 0
1660 1.72695e+06 0
1670 1.94024e+06 0
1680 1.78053e+06 0
1690 1.7558e+06 0
1700 2.12674e+06 0
1710 2.01958e+06 0
1720 1.90315e+06 0
1730 2.36271e+06 0
1740 1.84854e+06 0
1750 1.55693e+06 0
1760 2.09377e+06 0
1770 1.90727e+06 0
1780 2.08141e+06 0
1790 1.5116e+06 0
1801 1.75065e+06 0
1810 1.55384e+06 0
1820 1.68573e+06 0
1830 1.95467e+06 0
1840 2.34416e+06 0
1850 2.2844e+06 0
1860 1.61258e+06 0
1870 1.67646e+06 0
1880 1.7558e+06 0
1890 1.57239e+06 0
1901 1.94849e+06 0
1910 1.49717e+06 0
1920 1.50541e+06 0
1930 1.82793e+06 0
1940 1.45389e+06 0
1950 2.22154e+06 0
1960 2.29264e+06 0
1970 1.75374e+06 0
1980 1.97218e+06 0
1990 2.06286e+06 0
2000 1.73828e+06 0
2010 1.81866e+06 0
2020 1.76508e+06 0
2030 1.7795e+06 0
2040 1.09325e+06 0
2050 1.8743e+06 0
2060 1.76508e+06 0
2071 1.73004e+06 0
2080 1.89078e+06 0
2090 1.70222e+06 0
2100 1.90521e+06 0
2110 1.9897e+06 0
2120 1.58785e+06 0
2131 1.85472e+06 0
2140 1.627e+06 0
2150 1.86296e+06 0
2160 1.50954e+06 0
2170 1.43432e+06 0
2181 1.70737e+06 0
2190 1.6847e+06 0
2201 1.98249e+06 0
2210 1.57239e+06 0
2220 1.54148e+06 0
2230 1.75477e+06 0
2240 1.80938e+06 0
2250 1.54354e+06 0
2260 2.17724e+06 0
2270 2.59146e+06 0
2280 1.40856e+06 0
2290 2.0608e+06 0
2300 1.53942e+06 0
2310 1.90624e+06 0
2320 1.78774e+06 0
2330 1.63834e+06 0
2340 1.73828e+06 0
2350 1.76508e+06 0
2360 1.66204e+06 0
2370 1.96394e+06 0
2380 1.96188e+06 0
2390 1.85266e+06 0
2400 2.13087e+06 0
2410 1.48172e+06 0
2420 1.39001e+06 0
2430 1.9794e+06 0
2440 1.34879e+06 0
2450 1.2303e+06 0
2460 1.67337e+06 0
2470 2.14323e+06 0
2480 1.44565e+06 0
2490 1.56106e+06 0
2500 1.11489e+06 0
2510 1.40959e+06 0
2520 1.5559e+06 0
2530 1.37043e+06 0
2540 1.90109e+06 0
2550 1.39207e+06 0
2561 1.88975e+06 0
2570 1.56002e+06 0
2580 1.40959e+06 0
2590 1.24988e+06 0
2600 1.7321e+06 0
2610 2.01855e+06 0
2620 1.81247e+06 0
2630 1.80629e+06 0
2640 1.68161e+06 0
2650 1.593e+06 0
2660 1.40444e+06 0
2670 1.7558e+06 0
2680 1.70222e+06 0
2690 1.94024e+06 0
2700 1.39413e+06 0
2711 1.45389e+06 0
2720 2.02061e+06 0
2730 1.57754e+06 0
2740 1.80629e+06 0
2750 1.56415e+06 0
2760 1.88254e+06 0
2770 1.61773e+06 0
2780 1.6878e+06 0
2790 1.35807e+06 0
2800 1.81762e+06 0
2810 1.19011e+06 0
2820 1.56724e+06 0
2830 1.57754e+06 0
2840 1.45802e+06 0
2850 1.9217e+06 0
2860 2.11644e+06 0
2870 1.86812e+06 0
2880 1.65585e+06 0
2890 1.9083e+06 0
2900 1.5796e+06 0
2910 1.26533e+06 0
2920 1.77744e+06 0
2930 1.53633e+06 0
2940 1.55281e+06 0
2950 1.87533e+06 0
2960 1.53839e+06 0
2970 1.4879e+06 0
2980 1.84648e+06 0
2990 1.38692e+06 0
3000 1.36116e+06 0
3010 1.72386e+06 0
3020 1.29212e+06 0
3030 1.65997e+06 0
3040 1.72798e+06 0
3050 1.73519e+06 0
3060 1.33952e+06 0
3070 1.66616e+06 0
3080 1.87121e+06 0
3090 1.23442e+06 0
3100 1.28079e+06 0
3110 1.42607e+06 0
3120 1.64143e+06 0
3130 1.2406e+06 0
3140 1.37043e+06 0
3150 1.33746e+06 0
3160 1.74034e+06 0
3170 1.58063e+06 0
3180 1.5693e+06 0
3190 1.78053e+06 0
3200 1.74653e+06 0
3210 1.48068e+06 0
3221 1.88666e+06 0
3230 1.40134e+06 0
3240 1.75683e+06 0
3250 1.41371e+06 0
3260 1.3694e+06 0
3270 1.68573e+06 0
3280 1.68986e+06 0
3290 1.5219e+06 0
3300 1.43122e+06 0
3310 1.47141e+06 0
3320 1.40546e+06 0
3330 1.75168e+06 0
3340 1.59403e+06 0
3350 1.59815e+06 0
3360 1.68367e+06 0
3370 1.87327e+06 0
3380 1.44565e+06 0
3390 2.11541e+06 0
3400 1.50850e+06 0
3410 1.51263e+06 0
3420 1.60536e+06 0
3430 1.74138e+06 0
3440 1.70943e+06 0
3450 2.02370e+06 0
3460 1.32716e+06 0
3470 1.69192e+06 0
3480 1.63628e+06 0
3490 1.43122e+06 0
3500 1.29727e+06 0
3510 1.21381e+06 0
3520 1.13344e+06 0
3530 1.44771e+06 0
3540 1.1695e+06 0
3550 1.35704e+06 0
3560 956211 0
3570 1.30655e+06 0
3580 1.7898e+06 0
3590 1.66616e+06 0
3600 1.32303e+06 0
3610 1.31273e+06 0
3620 1.40753e+06 0
3631 1.69501e+06 0
3640 1.3354e+06 0
3650 1.82072e+06 0
3660 1.69398e+06 0
3670 1.83411e+06 0
3680 1.62906e+06 0
3690 2.15250e+06 0
3700 1.36425e+06 0
3710 1.57239e+06 0
3720 1.80217e+06 0
3730 1.73107e+06 0
3740 1.24781e+06 0
3750 1.74859e+06 0
3760 1.95673e+06 0
3770 1.40546e+06 0
3780 1.66925e+06 0
3790 1.63628e+06 0
3801 1.2746e+06 0
3810 1.81223e+06 0
3820 2.1713e+06 0
3830 1.73313e+06 0
3840 1.5693e+06 0
3850 1.62185e+06 0
3860 1.15199e+06 0
3870 1.73416e+06 0
3880 1.50129e+06 0
3890 1.7692e+06 0
3900 1.65791e+06 0
3910 1.64555e+06 0
3920 1.70943e+06 0
3930 1.68264e+06 0
3941 1.64555e+06 0
3950 1.90212e+06 0
3960 1.35292e+06 0
3970 1.62803e+06 0
3980 1.35601e+06 0
3990 1.60536e+06 0
4000 1.4745e+06 0
4010 1.57754e+06 0
4020 1.68573e+06 0
4030 1.58476e+06 0
4040 1.23854e+06 0
4050 1.19526e+06 0
4060 1.5353e+06 0
4070 1.39722e+06 0
4080 1.38589e+06 0
4090 1.24678e+06 0
4100 1.30758e+06 0
4110 1.8032e+06 0
4120 1.30036e+06 0
4130 1.33231e+06 0
4140 1.67337e+06 0
4150 1.26224e+06 0
4160 1.24988e+06 0
4170 1.7084e+06 0
4180 1.73828e+06 0
4190 1.56518e+06 0
4200 2.05153e+06 0
4210 1.59712e+06 0
4221 1.7321e+06 0
4230 1.71356e+06 0
4240 1.6404e+06 0
4250 1.36219e+06 0
4260 1.60227e+06 0
4270 1.68573e+06 0
4280 1.37249e+06 0
4290 1.51057e+06 0
4300 1.28491e+06 0
4310 1.25090e+06 0
4320 1.12108e+06 0
4330 1.49717e+06 0
4340 1.31273e+06 0
4351 1.42813e+06 0
4360 1.51984e+06 0
4371 1.46086e+06 0
4380 1.24394e+06 0
4390 1.65379e+06 0
4400 1.23236e+06 0
4410 1.12314e+06 0
4420 1.39516e+06 0
4430 1.37146e+06 0
4440 1.06028e+06 0
4450 1.23133e+06 0
4460 1.32716e+06 0
4470 1.36528e+06 0
4480 1.60227e+06 0
4490 1.37970e+06 0
4500 1.55487e+06 0
4510 1.40959e+06 0
4520 1.5116e+06 0
4530 1.5796e+06 0
4540 1.64452e+06 0
4550 1.50232e+06 0
4560 1.3591e+06 0
4570 1.3931e+06 0
4580 1.75889e+06 0
4590 1.64967e+06 0
4600 1.48378e+06 0
4610 1.84751e+06 0
4620 1.41474e+06 0
4630 1.38486e+06 0
4640 1.36425e+06 0
4650 1.57548e+06 0
4660 1.47965e+06 0
4670 1.47244e+06 0
4680 1.72592e+06 0
4690 1.87018e+06 0
4700 1.57033e+06 0
4710 1.51881e+06 0
4720 1.31891e+06 0
4730 1.35292e+06 0
4740 1.3591e+06 0
4750 1.39928e+06 0
4760 1.63318e+06 0
4770 1.71871e+06 0
4780 1.72592e+06 0
4790 1.23751e+06 0
4800 1.64967e+06 0
4810 1.8032e+06 0
4820 1.48068e+06 0
4830 1.627e+06 0
4840 1.64555e+06 0
4850 1.33025e+06 0
4860 1.52808e+06 0
4870 1.49923e+06 0
4880 1.44874e+06 0
4890 1.38383e+06 0
4901 1.22102e+06 0
4910 1.27357e+06 0
4920 1.62082e+06 0
4930 1.78774e+06 0
4940 1.40031e+06 0
4950 1.30655e+06 0
4960 1.4271e+06 0
4970 1.78259e+06 0
4980 1.5322e+06 0
4990 1.54354e+06 0
5000 1.70943e+06 0
5010 1.88872e+06 0
5021 1.36425e+06 0
5030 1.70119e+06 0
5040 1.55281e+06 0
5050 1.45698e+06 0
5060 1.59197e+06 0
5071 1.70737e+06 0
5080 1.40546e+06 0
5090 1.60536e+06 0
5100 1.7218e+06 0
5110 1.627e+06 0
5120 1.48584e+06 0
5130 1.17981e+06 0
5140 1.25812e+06 0
5150 1.80423e+06 0
5160 1.05101e+06 0
5170 1.58888e+06 0
5180 1.49202e+06 0
5190 1.44977e+06 0
5200 1.4034e+06 0
5210 1.45389e+06 0
5220 1.29727e+06 0
5230 1.39001e+06 0
5240 1.64555e+06 0
5251 1.27048e+06 0
5260 1.13447e+06 0
5270 1.37249e+06 0
5280 1.94127e+06 0
5290 1.41783e+06 0
5300 1.36837e+06 0
5310 1.78774e+06 0
5320 1.50438e+06 0
5330 1.48481e+06 0
5340 1.48068e+06 0
5350 1.52602e+06 0
5360 1.39104e+06 0
5370 1.52808e+06 0
5380 1.38177e+06 0
5390 1.39104e+06 0
5400 1.43741e+06 0
5410 1.79084e+06 0
5420 1.62803e+06 0
5430 1.55693e+06 0
5440 1.49511e+06 0
5450 1.30861e+06 0
5460 1.49511e+06 0
5470 1.86193e+06 0
5480 1.93818e+06 0
5490 1.53942e+06 0
5500 1.44565e+06 0
5510 1.64658e+06 0
5520 1.57651e+06 0
5530 1.33746e+06 0
5540 1.82175e+06 0
5550 1.56827e+06 0
5560 1.50026e+06 0
5570 1.47553e+06 0
5580 1.03246e+06 0
5590 1.41989e+06 0
5600 1.2406e+06 0
5610 1.26121e+06 0
5620 1.31479e+06 0
5630 1.5456e+06 0
5640 1.50850e+06 0
5650 1.86605e+06 0
5660 1.50438e+06 0
5670 1.20866e+06 0
5680 1.29933e+06 0
5690 1.35292e+06 0
5701 1.32612e+06 0
5710 1.71562e+06 0
5720 1.63112e+06 0
5730 1.40031e+06 0
5740 1.3694e+06 0
5750 1.65482e+06 0
5760 1.322e+06 0
5770 1.95055e+06 0
5780 1.57239e+06 0
5790 1.43535e+06 0
5800 1.39619e+06 0
5810 1.91242e+06 0
5820 1.80114e+06 0
5830 1.52911e+06 0
5840 1.17775e+06 0
5850 1.52087e+06 0
5860 1.39825e+06 0
5870 1.5219e+06 0
5881 1.2777e+06 0
5890 1.30655e+06 0
5900 1.3694e+06 0
5910 1.08707e+06 0
5920 1.20042e+06 0
5930 1.01804e+06 0
5940 1.29933e+06 0
5950 1.61258e+06 0
5960 995366 0
5970 1.12004e+06 0
5980 1.29727e+06 0
5990 1.27873e+06 0
6000 1.07471e+06 0
6010 1.34364e+06 0
6020 1.25812e+06 0
6030 1.66616e+06 0
6040 1.3591e+06 0
6050 1.44153e+06 0
6060 1.41783e+06 0
6070 1.6167e+06 0
6080 1.1829e+06 0
6091 1.27151e+06 0
6101 1.42401e+06 0
6110 1.26636e+06 0
6120 1.1592e+06 0
6130 1.43638e+06 0
6140 1.2777e+06 0
6150 1.6167e+06 0
6160 1.51263e+06 0
6170 1.43535e+06 0
6180 1.51263e+06 0
6190 1.46317e+06 0
6200 1.35085e+06 0
6210 1.39516e+06 0
6220 1.33849e+06 0
6230 1.50850e+06 0
6240 1.36219e+06 0
6250 1.46214e+06 0
6261 1.53426e+06 0
6270 1.0407e+06 0
6280 1.32303e+06 0
6290 1.44977e+06 0
6300 1.17156e+06 0
6310 1.9897e+06 0
6320 1.14271e+06 0
6331 1.49717e+06 0
6340 1.52087e+06 0
6350 1.56002e+06 0
6360 1.28079e+06 0
6370 1.22412e+06 0
6381 1.44153e+06 0
6390 1.53426e+06 0
6400 1.35188e+06 0
6411 1.35188e+06 0
6421 1.41989e+06 0
6430 1.39413e+06 0
6440 1.1489e+06 0
6450 1.40237e+06 0
6460 1.6641e+06 0
6470 1.67646e+06 0
6480 1.47656e+06 0
6490 1.3591e+06 0
6500 1.19011e+06 0
6510 1.38795e+06 0
6520 1.56106e+06 0
6530 1.22514e+06 0
6540 1.19836e+06 0
6550 1.53942e+06 0
6560 1.9557e+06 0
6570 1.40237e+06 0
6580 934572 0
6590 1.41886e+06 0
6600 1.6404e+06 0
6610 1.61979e+06 0
6620 1.10356e+06 0
6630 1.71974e+06 0
6640 2.01134e+06 0
6650 1.39928e+06 0
6660 1.28285e+06 0
6670 1.29933e+06 0
6680 1.38692e+06 0
6691 1.26636e+06 0
6700 1.5322e+06 0
6710 1.21587e+06 0
6720 1.58888e+06 0
6730 1.29727e+06 0
6740 1.47347e+06 0
6750 1.39825e+06 0
6760 1.44977e+06 0
6770 1.5559e+06 0
6780 1.46214e+06 0
6790 1.19423e+06 0
6800 1.28594e+06 0
6810 1.46626e+06 0
6820 1.61464e+06 0
6830 1.56518e+06 0
6840 1.47862e+06 0
6850 1.09016e+06 0
6860 1.80938e+06 0
6870 1.48068e+06 0
6880 1.25812e+06 0
6890 1.19629e+06 0
6901 1.47656e+06 0
6910 1.35188e+06 0
6920 1.64658e+06 0
6930 1.7898e+06 0
6940 1.30964e+06 0
6950 1.23442e+06 0
6960 1.61773e+06 0
6970 1.51778e+06 0
6980 1.48893e+06 0
6991 1.5116e+06 0
7000 1.33025e+06 0
7010 1.41886e+06 0
7020 1.72283e+06 0
7030 1.45596e+06 0
7040 1.53117e+06 0
7050 1.53324e+06 0
7060 1.2746e+06 0
7070 1.19732e+06 0
7080 1.18702e+06 0
7090 1.61464e+06 0
7100 1.80835e+06 0
7110 1.83102e+06 0
7120 1.40856e+06 0
7130 1.33025e+06 0
7140 1.54663e+06 0
7150 1.42504e+06 0
7160 1.61154e+06 0
7170 1.69089e+06 0
7181 1.57342e+06 0
7190 1.55178e+06 0
7200 1.36837e+06 0
7210 1.58166e+06 0
7220 1.23648e+06 0
7230 1.32406e+06 0
7240 1.14684e+06 0
7250 1.36322e+06 0
7260 1.46626e+06 0
7270 1.39001e+06 0
7280 1.64246e+06 0
7290 1.40753e+06 0
7300 1.70428e+06 0
7311 1.35782e+06 0
7320 1.40571e+06 0
7330 1.64349e+06 0
7340 1.07162e+06 0
7350 1.36322e+06 0
7360 1.45905e+06 0
7370 1.29933e+06 0
7380 1.36116e+06 0
7390 1.24266e+06 0
7400 1.46935e+06 0
7410 1.47347e+06 0
7420 1.3457e+06 0
7430 1.66925e+06 0
7440 1.30758e+06 0
7450 1.627e+06 0
7460 1.24472e+06 0
7470 1.29212e+06 0
7481 1.22412e+06 0
7490 1.28079e+06 0
7500 1.6641e+06 0
7510 1.72489e+06 0
7520 1.45183e+06 0
7530 1.15714e+06 0
7540 1.38692e+06 0
7550 1.44668e+06 0
7560 1.48481e+06 0
7570 1.3014e+06 0
7580 1.52911e+06 0
7590 1.39619e+06 0
7600 1.6744e+06 0
7610 1.61154e+06 0
7620 1.26121e+06 0
7630 1.49408e+06 0
7640 1.5796e+06 0
7650 1.72077e+06 0
7660 1.64143e+06 0
7670 1.38177e+06 0
7680 1.75889e+06 0
7691 1.54663e+06 0
7700 1.31891e+06 0
7710 1.21999e+06 0
7720 1.22514e+06 0
7730 1.53633e+06 0
7740 1.37249e+06 0
7750 1.50541e+06 0
7760 1.33437e+06 0
7771 1.29624e+06 0
7780 1.48996e+06 0
7790 1.41989e+06 0
7800 1.38177e+06 0
7810 1.56106e+06 0
7820 1.40444e+06 0
7830 1.62494e+06 0
7841 1.62288e+06 0
7850 1.27254e+06 0
7860 1.60021e+06 0
7870 1.54148e+06 0
7880 1.31479e+06 0
7890 1.26224e+06 0
7900 1.61258e+06 0
7910 1.13241e+06 0
7920 1.46317e+06 0
7930 1.53014e+06 0
7940 1.51675e+06 0
7950 1.20557e+06 0
7960 1.254e+06 0
7970 1.32097e+06 0
7980 1.33746e+06 0
7990 1.64555e+06 0
8000 1.23957e+06 0
8010 1.74138e+06 0
8020 1.44977e+06 0
8030 1.02319e+06 0
8040 943846 0
8051 1.0778e+06 0
8060 1.25812e+06 0
8070 1.3931e+06 0
8080 1.34261e+06 0
8090 1.94127e+06 0
8100 1.56621e+06 0
8110 1.44153e+06 0
8120 1.55178e+06 0
8130 1.33128e+06 0
8140 1.66822e+06 0
8150 1.1932e+06 0
8160 1.57445e+06 0
8170 1.254e+06 0
8180 1.46008e+06 0
8191 1.22412e+06 0
8200 1.09016e+06 0
8210 1.28388e+06 0
8220 1.49614e+06 0
8230 1.64761e+06 0
8240 1.58476e+06 0
8250 1.66925e+06 0
8261 1.50026e+06 0
8270 1.19011e+06 0
8280 1.89490e+06 0
8290 1.34158e+06 0
8300 1.17569e+06 0
8310 1.08398e+06 0
8320 1.65894e+06 0
8330 1.3694e+06 0
8340 1.27254e+06 0
8350 1.28285e+06 0
8360 1.5116e+06 0
8370 1.45389e+06 0
8380 1.23545e+06 0
8390 1.30036e+06 0
8400 1.74344e+06 0
8410 1.62185e+06 0
8420 1.24369e+06 0
8430 1.26121e+06 0
8440 1.45389e+06 0
8450 1.50438e+06 0
8460 1.51469e+06 0
8470 1.53942e+06 0
8480 1.44153e+06 0
8490 1.62494e+06 0
8500 1.4405e+06 0
8510 1.25297e+06 0
8520 1.07162e+06 0
8530 1.33231e+06 0
8540 1.28903e+06 0
8550 2.01752e+06 0
8560 1.39722e+06 0
8570 1.75065e+06 0
8580 1.55796e+06 0
8590 1.55487e+06 0
8600 1.36734e+06 0
8610 1.44668e+06 0
8620 1.4405e+06 0
8630 1.37764e+06 0
8640 1.4508e+06 0
8650 1.17362e+06 0
8660 1.53942e+06 0
8670 1.86914e+06 0
8680 1.47038e+06 0
8690 1.51984e+06 0
8700 1.27357e+06 0
8710 1.52705e+06 0
8720 1.72901e+06 0
8730 1.30242e+06 0
8740 1.44256e+06 0
8750 1.37661e+06 0
8761 1.36013e+06 0
8770 1.37970e+06 0
8780 1.26636e+06 0
8790 1.59918e+06 0
8800 1.41371e+06 0
8810 1.60948e+06 0
8820 1.24988e+06 0
8830 1.30346e+06 0
8840 1.57033e+06 0
8850 1.38383e+06 0
8860 1.6847e+06 0
8870 1.45183e+06 0
8880 1.48378e+06 0
8890 1.2746e+06 0
8900 1.40031e+06 0
8910 1.47965e+06 0
8920 1.45286e+06 0
8930 1.68882e+06 0
8940 2.12056e+06 0
8950 1.32097e+06 0
8960 2.03401e+06 0
8970 2.11644e+06 0
8980 2.13499e+06 0
8990 2.10717e+06 0
9000 1.63112e+06 0
9010 2.33282e+06 0
9020 1.89594e+06 0
9030 2.15869e+06 0
9040 2.24112e+06 0
9050 2.3081e+06 0
9060 1.96497e+06 0
9071 2.03195e+06 0
9080 1.96497e+06 0
9090 1.57857e+06 0
9100 1.85884e+06 0
9110 1.54251e+06 0
9120 2.04946e+06 0
9130 2.08553e+06 0
9140 2.0371e+06 0
9150 2.00104e+06 0
9160 2.01134e+06 0
9170 2.20402e+06 0
9180 2.34004e+06 0
9190 2.11335e+06 0
9200 1.73725e+06 0
9210 1.89078e+06 0
9220 1.80835e+06 0
9230 1.29315e+06 0
9240 1.0881e+06 0
9250 1.89594e+06 0
9260 1.55281e+06 0
9271 1.73622e+06 0
9280 1.66204e+06 0
9290 1.559e+06 0
9300 1.57342e+06 0
9310 1.627e+06 0
9320 1.51572e+06 0
9330 1.82793e+06 0
9340 2.18033e+06 0
9350 2.20918e+06 0
9360 2.12365e+06 0
9370 2.05565e+06 0
9380 1.66925e+06 0
9390 1.96188e+06 0
9400 2.37507e+06 0
9410 2.0948e+06 0
9420 2.06492e+06 0
9430 2.3287e+06 0
9440 1.84442e+06 0
9450 1.89490e+06 0
9460 1.99588e+06 0
9470 2.11438e+06 0
9480 1.86605e+06 0
9490 1.80011e+06 0
9500 1.85678e+06 0
9510 1.90624e+06 0
9520 1.80526e+06 0
9530 2.05771e+06 0
9540 1.79908e+06 0
9550 1.7321e+06 0
9560 1.60536e+06 0
9570 1.69295e+06 0
9580 1.96703e+06 0
9590 2.51933e+06 0
9600 2.46575e+06 0
9610 2.06183e+06 0
9620 1.56312e+06 0
9630 1.98661e+06 0
9640 1.87636e+06 0
9650 2.15250e+06 0
9660 2.20093e+06 0
9670 2.27203e+06 0
9680 2.18651e+06 0
9690 1.86502e+06 0
9701 2.06801e+06 0
9710 2.01958e+06 0
9720 1.8372e+06 0
9730 2.46987e+06 0
9740 2.28234e+06 0
9750 2.05462e+06 0
9760 1.66719e+06 0
9770 1.68058e+06 0
9780 1.62082e+06 0
9790 1.88975e+06 0
9800 2.20712e+06 0
9810 1.98352e+06 0
9820 1.92994e+06 0
9830 1.89903e+06 0
9840 2.22978e+06 0
9850 1.97631e+06 0
9861 1.67337e+06 0
9870 1.75271e+06 0
9880 1.9897e+06 0
9890 2.18857e+06 0
9900 2.05771e+06 0
9910 1.89490e+06 0
9920 2.02164e+06 0
9930 1.7084e+06 0
9940 1.87018e+06 0
9950 2.04534e+06 0
9960 2.02886e+06 0
9970 2.33282e+06 0
9980 2.21639e+06 0
9991 2.22566e+06 0
10000 1.73107e+06 0
10010 2.3998e+06 0
10020 1.93921e+06 0
10030 1.62906e+06 0
10040 1.69913e+06 0
10050 1.93509e+06 0
10060 1.71974e+06 0
10070 2.02577e+06 0
10080 1.92788e+06 0
10090 2.06389e+06 0
10100 2.47605e+06 0
10110 1.80938e+06 0
10120 2.16384e+06 0
10130 1.71871e+06 0
10140 1.89284e+06 0
10150 2.00001e+06 0
10160 2.07213e+06 0
10170 1.81969e+06 0
10180 2.09789e+06 0
10190 2.0948e+06 0
10200 2.65122e+06 0
10210 2.16075e+06 0
10220 2.33282e+06 0
10230 1.98352e+06 0
10240 1.80114e+06 0
10250 1.76301e+06 0
10260 1.77847e+06 0
10270 2.49769e+06 0
10280 1.85369e+06 0
10290 2.28646e+06 0
10300 1.91964e+06 0
10310 1.85987e+06 0
10320 2.17002e+06 0
10330 1.76301e+06 0
10341 1.69501e+06 0
10350 2.09274e+06 0
10360 1.73313e+06 0
10370 1.82278e+06 0
10380 2.02577e+06 0
10390 1.71046e+06 0
10400 1.89594e+06 0
10410 2.12881e+06 0
10420 1.56106e+06 0
10430 1.593e+06 0
10441 1.80217e+06 0
10450 1.79084e+06 0
10460 1.98764e+06 0
10470 2.16384e+06 0
10480 1.76198e+06 0
10491 2.32252e+06 0
10500 1.78568e+06 0
10510 1.94024e+06 0
10520 2.21124e+06 0
10530 1.96806e+06 0
10540 2.06389e+06 0
10550 2.40083e+06 0
10560 1.57445e+06 0
10570 2.1793e+06 0
10580 1.80732e+06 0
10590 1.80938e+06 0
10600 1.78156e+06 0
10610 1.81144e+06 0
10620 2.18857e+06 0
10630 1.9454e+06 0
10640 1.94642e+06 0
10650 1.74859e+06 0
10660 2.1185e+06 0
10670 1.33952e+06 0
10680 1.51572e+06 0
10690 2.46678e+06 0
10700 2.27821e+06 0
10710 2.36065e+06 0
10720 2.52963e+06 0
10730 2.08347e+06 0
10740 2.11644e+06 0
10750 1.97322e+06 0
10760 2.02989e+06 0
10770 2.21536e+06 0
10780 1.98146e+06 0
10790 1.57033e+06 0
10800 1.68367e+06 0
10810 1.80011e+06 0
10820 1.88151e+06 0
10830 1.27976e+06 0
10840 1.97322e+06 0
10850 1.74653e+06 0
10860 1.93303e+06 0
10870 1.96703e+06 0
10880 2.2133e+06 0
10890 1.90933e+06 0
10900 2.12753e+06 0
10910 1.86321e+06 0
10920 1.93097e+06 0
10930 2.29573e+06 0
10940 1.92273e+06 0
10950 1.58578e+06 0
10960 1.72695e+06 0
10970 1.80423e+06 0
10980 1.58372e+06 0
10990 1.64761e+06 0
11000 1.71356e+06 0
11010 1.898e+06 0
11020 1.54972e+06 0
11030 1.36219e+06 0
11040 1.84854e+06 0
11050 2.04844e+06 0
11060 2.17002e+06 0
11070 2.23082e+06 0
11080 1.84236e+06 0
11090 1.62494e+06 0
11100 1.52293e+06 0
11110 1.7929e+06 0
11121 1.64658e+06 0
11130 1.74138e+06 0
11140 1.63834e+06 0
11150 1.96188e+06 0
11160 1.91654e+06 0
11170 1.76508e+06 0
11180 1.47759e+06 0
11190 1.62082e+06 0
11200 1.34879e+06 0
11210 1.76095e+06 0
11220 1.67234e+06 0
11230 1.50438e+06 0
11240 2.18136e+06 0
11250 1.78877e+06 0
11260 1.40546e+06 0
11270 1.48378e+06 0
11280 1.90315e+06 0
11290 2.26379e+06 0
11300 1.72386e+06 0
11310 1.74859e+06 0
11320 2.13705e+06 0
11330 1.83617e+06 0
11340 1.7084e+06 0
11350 1.63421e+06 0
11360 1.54972e+06 0
11371 1.35601e+06 0
11380 2.03401e+06 0
11390 1.62906e+06 0
11400 1.84236e+06 0
11410 1.6033e+06 0
11420 1.43844e+06 0
11430 1.41165e+06 0
11440 2.13705e+06 0
11450 2.10511e+06 0
11460 1.84132e+06 0
11470 2.32046e+06 0
11480 1.88048e+06 0
11490 1.82587e+06 0
11500 1.69398e+06 0
11510 1.94436e+06 0
11520 1.75065e+06 0
11530 1.7795e+06 0
11540 1.661e+06 0
11550 1.90315e+06 0
11560 1.99279e+06 0
11570 2.09377e+06 0
11580 1.79805e+06 0
11590 2.71201e+06 0
11600 2.32973e+06 0
11610 1.90727e+06 0
11620 1.88769e+06 0
11630 1.85987e+06 0
11640 2.12056e+06 0
11650 1.50748e+06 0
11660 2.16487e+06 0
11670 1.8609e+06 0
11680 1.62906e+06 0
11690 1.67852e+06 0
11700 1.96394e+06 0
11710 1.62494e+06 0
11720 1.81969e+06 0
11730 1.69913e+06 0
11741 1.89466e+06 0
11750 2.0291e+06 0
11761 2.11105e+06 0
11770 2.03734e+06 0
11780 2.14838e+06 0
11790 1.98764e+06 0
11800 2.32561e+06 0
11811 1.92685e+06 0
11820 1.99485e+06 0
11830 1.63834e+06 0
11841 2.04637e+06 0
11850 1.48584e+06 0
11860 2.13602e+06 0
11870 2.29573e+06 0
11880 2.35652e+06 0
11890 2.42659e+06 0
11900 2.05565e+06 0
11910 1.80835e+06 0
11920 1.43535e+06 0
11930 1.91757e+06 0
11940 1.74447e+06 0
11950 1.72695e+06 0
11960 2.34313e+06 0
11970 2.15663e+06 0
11980 2.23082e+06 0
11990 2.11026e+06 0
12000 2.13396e+06 0
12010 2.39156e+06 0
12020 2.21845e+06 0
12030 1.80629e+06 0
12040 1.96703e+06 0
12050 1.89284e+06 0
12060 1.89490e+06 0
12070 1.627e+06 0
12080 1.84957e+06 0
12090 2.00104e+06 0
12100 2.2844e+06 0
12110 2.12262e+06 0
12120 1.72695e+06 0
12130 1.57136e+06 0
12140 1.69398e+06 0
12151 2.06389e+06 0
12160 1.82793e+06 0
12170 1.71149e+06 0
12180 1.62906e+06 0
12190 1.92066e+06 0
12200 2.32046e+06 0
12210 2.07626e+06 0
12220 2.11438e+06 0
12230 2.28234e+06 0
12240 1.25194e+06 0
12250 1.72386e+06 0
12260 1.91551e+06 0
12270 1.26533e+06 0
12280 1.56415e+06 0
12290 1.81247e+06 0
12300 2.14529e+06 0
12310 1.84545e+06 0
12320 2.49048e+06 0
12330 1.99073e+06 0
12340 2.33489e+06 0
12350 2.237e+06 0
12360 2.14426e+06 0
12370 2.21536e+06 0
12380 2.16178e+06 0
12390 1.8166e+06 0
12401 1.94849e+06 0
12410 1.65173e+06 0
12420 1.53839e+06 0
12430 1.65173e+06 0
12440 1.91654e+06 0
12450 1.73313e+06 0
12460 2.13705e+06 0
12470 1.92685e+06 0
12480 1.62185e+06 0
12491 2.14735e+06 0
12500 1.68986e+06 0
12510 1.85678e+06 0
12520 1.8506e+06 0
12530 1.63318e+06 0
12540 2.3421e+06 0
12550 2.15457e+06 0
12560 1.75683e+06 0
12570 1.74447e+06 0
12580 1.89078e+06 0
12590 1.83617e+06 0
12600 1.7692e+06 0
12610 1.9897e+06 0
12620 2.29676e+06 0
12630 1.81247e+06 0
12640 1.55487e+06 0
12650 2.23906e+06 0
12660 1.72695e+06 0
12670 1.67028e+06 0
12680 1.7795e+06 0
12690 2.25864e+06 0
12700 1.84648e+06 0
12710 1.96188e+06 0
12720 1.71665e+06 0
12730 1.42813e+06 0
12740 1.90418e+06 0
12750 2.00413e+06 0
12760 2.18754e+06 0
12770 2.00516e+06 0
12780 2.00619e+06 0
12790 2.03504e+06 0
12800 1.63112e+06 0
12810 2.32561e+06 0
12820 1.91345e+06 0
12830 2.10717e+06 0
12840 1.84132e+06 0
12850 2.04534e+06 0
12860 2.10202e+06 0
12870 2.17826e+06 0
12880 1.96085e+06 0
12890 1.6167e+06 0
12900 1.52293e+06 0
12910 1.67543e+06 0
12920 1.91036e+06 0
12930 2.17724e+06 0
12940 1.96291e+06 0
12950 2.203e+06 0
12960 1.95364e+06 0
12970 2.15663e+06 0
12980 2.38641e+06 0
12990 2.3658e+06 0
13000 2.07522e+06 0
13010 2.03092e+06 0
13020 2.35962e+06 0
13030 1.34776e+06 0
13040 2.07729e+06 0
13050 1.81041e+06 0
13060 1.88254e+06 0
13070 1.2643e+06 0
13080 1.85987e+06 0
13090 1.82484e+06 0
13100 2.09996e+06 0
13110 2.28852e+06 0
13120 2.28646e+06 0
13130 2.20712e+06 0
13140 2.11335e+06 0
13150 2.14529e+06 0
13160 2.13911e+06 0
13170 1.48584e+06 0
13180 2.1793e+06 0
13190 2.58527e+06 0
13200 1.99794e+06 0
13210 2.09068e+06 0
13220 1.84442e+06 0
13230 1.84132e+06 0
13240 2.18239e+06 0
13250 2.20093e+06 0
13260 2.01546e+06 0
13271 1.41268e+06 0
13280 1.71665e+06 0
13290 2.07213e+06 0
13300 1.83514e+06 0
13310 1.84442e+06 0
13320 1.82484e+06 0
13330 2.04328e+06 0
13340 1.80835e+06 0
13350 2.06801e+06 0
13360 1.70325e+06 0
13370 1.47038e+06 0
13380 1.6641e+06 0
13390 1.93406e+06 0
13400 1.98146e+06 0
13410 2.15457e+06 0
13421 2.10305e+06 0
13430 1.80011e+06 0
13440 1.73828e+06 0
13450 2.23391e+06 0
13460 2.576e+06 0
13470 2.92530e+06 0
13480 2.203e+06 0
13490 2.45338e+06 0
13500 1.81453e+06 0
13510 2.34828e+06 0
13520 2.46781e+06 0
13530 2.26791e+06 0
13540 2.18754e+06 0
13550 2.09068e+06 0
13560 1.92891e+06 0
13570 1.67028e+06 0
13580 1.87224e+06 0
13590 2.41114e+06 0
13601 2.09686e+06 0
13610 1.4745e+06 0
13620 1.9557e+06 0
13630 1.90212e+06 0
13640 2.16487e+06 0
13650 1.95673e+06 0
13660 1.97528e+06 0
13670 2.23597e+06 0
13680 2.21948e+06 0
13690 1.30861e+06 0
13700 2.19578e+06 0
13710 2.53890e+06 0
13720 1.76301e+06 0
13730 2.20093e+06 0
13741 1.7558e+06 0
13751 1.59918e+06 0
13760 2.43999e+06 0
13770 2.33386e+06 0
13780 2.04534e+06 0
13790 1.95261e+06 0
13800 2.13911e+06 0
13810 2.65328e+06 0
13820 1.88769e+06 0
13830 1.78156e+06 0
13840 1.88357e+06 0
13850 1.98764e+06 0
13860 2.04637e+06 0
13870 2.14529e+06 0
13880 2.25245e+06 0
13890 2.11335e+06 0
13900 2.44102e+06 0
13910 2.19166e+06 0
13920 2.52448e+06 0
13931 2.49872e+06 0
13940 2.59558e+06 0
13950 2.44205e+06 0
13960 2.22257e+06 0
13970 1.72077e+06 0
13980 1.73313e+06 0
13990 2.02370e+06 0
14000 1.99382e+06 0
14010 1.4065e+06 0
14020 1.59918e+06 0
14030 1.38177e+06 0
14040 1.1829e+06 0
14051 1.61773e+06 0
14060 1.07677e+06 0
14070 1.67028e+06 0
14080 1.96909e+06 0
14090 1.63628e+06 0
14100 1.60227e+06 0
14110 1.52705e+06 0
14120 1.3931e+06 0
14130 1.94952e+06 0
14140 1.86399e+06 0
14150 1.61258e+06 0
14160 1.71871e+06 0
14170 1.88151e+06 0
14180 2.14941e+06 0
14190 1.90933e+06 0
14200 2.11541e+06 0
14210 1.79084e+06 0
14220 1.88563e+06 0
14230 1.92788e+06 0
14240 1.86502e+06 0
14250 1.51057e+06 0
14260 1.74447e+06 0
14270 1.37868e+06 0
14280 1.78259e+06 0
14290 1.84442e+06 0
14300 2.08759e+06 0
14310 2.2133e+06 0
14320 2.06389e+06 0
14330 1.54869e+06 0
14340 1.72386e+06 0
14350 1.78053e+06 0
14360 1.6847e+06 0
14370 1.32097e+06 0
14380 1.60742e+06 0
14390 1.29109e+06 0
14400 2.01546e+06 0
14410 2.37919e+06 0
14420 1.75477e+06 0
14430 1.82278e+06 0
14440 1.73622e+06 0
14450 2.13911e+06 0
14461 1.84029e+06 0
14471 1.6113e+06 0
14480 1.653e+06 0
14490 1.84132e+06 0
14500 2.10614e+06 0
14511 2.26997e+06 0
14520 2.27409e+06 0
14530 2.10305e+06 0
14540 2.40804e+06 0
14550 2.05256e+06 0
14560 2.0742e+06 0
14570 2.09996e+06 0
14580 2.06698e+06 0
14590 1.52602e+06 0
14600 1.64246e+06 0
14611 1.63937e+06 0
14621 1.78156e+06 0
14630 2.1185e+06 0
14640 2.08244e+06 0
14650 1.61464e+06 0
14660 1.78465e+06 0
14670 1.4745e+06 0
14680 1.55693e+06 0
14690 1.44874e+06 0
14700 1.83205e+06 0
14710 2.41629e+06 0
14720 1.91448e+06 0
14730 1.87018e+06 0
14740 1.59609e+06 0
14750 1.54045e+06 0
14760 1.89078e+06 0
14770 1.81556e+06 0
14780 1.99588e+06 0
14790 1.76817e+06 0
14800 1.78156e+06 0
14810 1.92066e+06 0
14820 2.1319e+06 0
14830 2.1422e+06 0
14840 1.61773e+06 0
14850 2.08965e+06 0
14860 1.6033e+06 0
14870 2.22257e+06 0
14880 2.3524e+06 0
14890 2.31428e+06 0
14900 2.25761e+06 0
14911 2.52114e+06 0
14920 2.21148e+06 0
14930 2.11953e+06 0
14940 1.56209e+06 0
14950 1.9217e+06 0
14960 1.72901e+06 0
14970 1.51881e+06 0
14980 1.37558e+06 0
14990 1.2777e+06 0
15000 1.49511e+06 0
15010 1.74447e+06 0
15020 1.71562e+06 0
15030 2.18239e+06 0
15040 1.69398e+06 0
15050 1.39825e+06 0
15060 2.54097e+06 0
15070 2.35756e+06 0
15080 1.91757e+06 0
15090 1.75889e+06 0
15100 1.51366e+06 0
15110 1.86399e+06 0
15120 2.24009e+06 0
15130 2.38538e+06 0
15140 2.27306e+06 0
15150 1.93509e+06 0
15160 1.92994e+06 0
15170 1.34982e+06 0
15180 1.49511e+06 0
15190 1.85678e+06 0
15200 1.66925e+06 0
15210 1.80629e+06 0
15220 1.61876e+06 0
15230 1.81556e+06 0
15240 1.6507e+06 0
15250 1.98146e+06 0
15260 1.89697e+06 0
15270 1.88563e+06 0
15280 2.11541e+06 0
15290 1.75992e+06 0
15300 1.61052e+06 0
15310 1.70531e+06 0
15320 1.91448e+06 0
15330 1.58888e+06 0
15340 1.39825e+06 0
15350 1.88048e+06 0
15360 1.99073e+06 0
15370 1.34055e+06 0
15380 1.3354e+06 0
15390 1.63834e+06 0
15400 2.1082e+06 0
15410 2.08141e+06 0
15420 1.92066e+06 0
15430 2.0608e+06 0
15440 2.16075e+06 0
15450 1.97322e+06 0
15460 2.02577e+06 0
15470 2.1999e+06 0
15480 1.60742e+06 0
15490 1.5693e+06 0
15500 1.61876e+06 0
15510 1.80835e+06 0
15520 1.7455e+06 0
15530 1.96909e+06 0
15541 2.50981e+06 0
15550 2.21148e+06 0
15560 2.36374e+06 0
15570 2.0474e+06 0
15580 1.93097e+06 0
15590 1.7692e+06 0
15601 1.8269e+06 0
15610 1.38898e+06 0
15620 1.13653e+06 0
15630 1.81556e+06 0
15640 1.14477e+06 0
15650 1.34055e+06 0
15660 1.61361e+06 0
15670 2.18342e+06 0
15680 2.11644e+06 0
15690 1.91448e+06 0
15700 1.59403e+06 0
15710 1.4642e+06 0
15720 1.76508e+06 0
15730 2.01031e+06 0
15740 1.73107e+06 0
15750 1.89388e+06 0
15760 1.47553e+06 0
15770 1.53324e+06 0
15780 1.40237e+06 0
15790 1.37661e+06 0
15800 1.11077e+06 0
15810 1.31994e+06 0
15820 2.32664e+06 0
15830 2.42865e+06 0
15840 2.22257e+06 0
15850 1.76095e+06 0
15860 2.16487e+06 0
15870 2.26894e+06 0
15880 2.18239e+06 0
15890 1.67028e+06 0
15900 1.84545e+06 0
15910 2.00001e+06 0
15920 2.29367e+06 0
15930 2.20196e+06 0
15940 1.78053e+06 0
15950 2.33076e+06 0
15960 2.67389e+06 0
15970 2.0505e+06 0
15980 2.32973e+06 0
15990 2.36271e+06 0
16000 2.26688e+06 0
16010 2.0134e+06 0
16020 2.27306e+06 0
16030 2.48842e+06 0
16040 2.22154e+06 0
16050 1.7218e+06 0
16060 2.58012e+06 0
16070 1.91036e+06 0
16080 2.22978e+06 0
16090 1.95261e+06 0
16101 2.07522e+06 0
16110 2.12468e+06 0
16120 2.11232e+06 0
16130 2.15869e+06 0
16140 1.69604e+06 0
16150 1.56415e+06 0
16160 2.0474e+06 0
16170 1.47965e+06 0
16180 1.86296e+06 0
16190 1.50438e+06 0
16200 2.07832e+06 0
16210 2.25554e+06 0
16220 1.88666e+06 0
16230 2.11129e+06 0
16240 2.03401e+06 0
16250 2.17311e+06 0
16260 2.18239e+06 0
16270 1.54354e+06 0
16280 1.62391e+06 0
16290 1.58063e+06 0
16300 1.79599e+06 0
16310 1.81041e+06 0
16320 2.41010e+06 0
16330 2.16178e+06 0
16340 2.14323e+06 0
16350 1.98352e+06 0
16360 1.84854e+06 0
16370 2.00104e+06 0
16380 1.51366e+06 0
16390 2.18342e+06 0
16400 1.6878e+06 0
16410 1.9423e+06 0
16420 1.90624e+06 0
16430 2.32664e+06 0
16440 1.82484e+06 0
16450 2.00516e+06 0
16460 1.90006e+06 0
16470 2.271e+06 0
16480 2.0031e+06 0
16490 2.09171e+06 0
16500 2.17414e+06 0
16510 1.31067e+06 0
16520 1.67955e+06 0
16530 1.64349e+06 0
16540 1.63009e+06 0
16550 1.94849e+06 0
16560 1.966e+06 0
16570 1.67646e+06 0
16580 1.72671e+06 0
16590 1.75708e+06 0
16600 1.99073e+06 0
16610 1.94333e+06 0
16620 2.27409e+06 0
16630 1.40031e+06 0
16640 1.56312e+06 0
16650 1.88254e+06 0
16660 1.29727e+06 0
16670 1.53426e+06 0
16680 2.06698e+06 0
16690 2.16281e+06 0
16700 1.97218e+06 0
16710 2.0371e+06 0
16720 1.9794e+06 0
16730 1.7929e+06 0
16740 2.11335e+06 0
16750 2.22978e+06 0
16760 1.84338e+06 0
16770 2.10614e+06 0
16780 2.11232e+06 0
16790 1.77204e+06 0
16800 1.58088e+06 0
16810 1.5353e+06 0
16820 1.64555e+06 0
16830 1.15199e+06 0
16840 1.37455e+06 0
16850 1.51057e+06 0
16860 1.50438e+06 0
16870 1.86193e+06 0
16880 1.94333e+06 0
16891 1.82793e+06 0
16900 1.16641e+06 0
16910 1.85884e+06 0
16920 2.40083e+06 0
16930 1.87018e+06 0
16940 2.27203e+06 0
16950 1.81866e+06 0
16960 1.53324e+06 0
16970 1.42813e+06 0
16980 1.90624e+06 0
16990 1.61154e+06 0
17000 1.7795e+06 0
17010 1.2746e+06 0
17020 1.77641e+06 0
17030 1.8269e+06 0
17040 1.9423e+06 0
17050 1.71974e+06 0
17060 1.91345e+06 0
17070 1.3354e+06 0
17080 1.67543e+06 0
17090 1.97116e+06 0
17100 1.8269e+06 0
17110 1.58063e+06 0
17120 1.49099e+06 0
17130 1.91036e+06 0
17140 2.22154e+06 0
17150 2.03607e+06 0
17160 1.7455e+06 0
17170 1.55796e+06 0
17180 1.49305e+06 0
17190 1.63112e+06 0
17200 1.57754e+06 0
17210 1.59197e+06 0
17220 2.1556e+06 0
17230 1.99692e+06 0
17240 2.13602e+06 0
17250 1.88151e+06 0
17260 2.05359e+06 0
17270 1.62391e+06 0
17280 1.64452e+06 0
17290 1.60433e+06 0
17301 1.89903e+06 0
17310 2.16281e+06 0
17320 2.14632e+06 0
17330 2.00104e+06 0
17340 1.99382e+06 0
17350 2.14014e+06 0
17360 1.69089e+06 0
17370 1.79702e+06 0
17380 1.77229e+06 0
17390 1.09222e+06 0
17400 1.54354e+06 0
17410 1.8135e+06 0
17420 1.53117e+06 0
17430 1.60433e+06 0
17440 1.74241e+06 0
17450 1.77538e+06 0
17460 1.69913e+06 0
17470 2.01752e+06 0
17480 1.57136e+06 0
17490 1.73313e+06 0
17500 1.69913e+06 0
17510 1.57239e+06 0
17520 1.62391e+06 0
17531 2.02164e+06 0
17540 1.79084e+06 0
17550 1.33746e+06 0
17560 1.61361e+06 0
17570 1.36013e+06 0
17580 2.03401e+06 0
17590 1.19732e+06 0
17600 1.37661e+06 0
17610 1.97322e+06 0
17620 2.04328e+06 0
17630 1.75992e+06 0
17640 1.5559e+06 0
17650 2.29985e+06 0
17660 2.37301e+06 0
17670 1.78259e+06 0
17680 1.88048e+06 0
17690 1.63937e+06 0
17700 2.16384e+06 0
17710 1.87739e+06 0
17720 1.79186e+06 0
17730 2.11438e+06 0
17740 1.68676e+06 0
17750 1.40856e+06 0
17760 2.10614e+06 0
17770 2.14941e+06 0
17780 1.98558e+06 0
17790 1.84442e+06 0
17800 2.25761e+06 0
17810 2.04225e+06 0
17820 2.05153e+06 0
17830 2.39362e+06 0
17840 1.78053e+06 0
17850 1.5116e+06 0
17860 1.8372e+06 0
17870 2.31634e+06 0
17880 1.8506e+06 0
17890 1.58785e+06 0
17900 1.87327e+06 0
17910 1.26739e+06 0
17920 1.54457e+06 0
17930 1.40031e+06 0
17940 1.81762e+06 0
17950 1.7898e+06 0
17960 1.67234e+06 0
17970 1.74756e+06 0
17980 1.6033e+06 0
17990 1.68573e+06 0
18000 1.86502e+06 0
18010 2.04844e+06 0
18020 2.23906e+06 0
18030 2.03916e+06 0
18040 1.76508e+06 0
18050 2.51521e+06 0
18060 2.4235e+06 0
18070 2.06801e+06 0
18080 2.26276e+06 0
18091 1.70943e+06 0
18100 1.89284e+06 0
18111 1.79908e+06 0
18120 1.84236e+06 0
18130 1.86399e+06 0
18140 1.62288e+06 0
18150 1.57136e+06 0
18160 1.69398e+06 0
18171 1.49511e+06 0
18180 1.82381e+06 0
18190 2.26482e+06 0
18200 2.49975e+06 0
18210 2.0031e+06 0
18221 2.61825e+06 0
18230 1.76095e+06 0
18240 2.07832e+06 0
18250 2.58836e+06 0
18260 2.28337e+06 0
18270 1.966e+06 0
18280 1.96497e+06 0
18290 2.19063e+06 0
18300 2.25967e+06 0
18310 2.08244e+06 0
18320 2.08347e+06 0
18330 1.81969e+06 0
18340 1.33231e+06 0
18350 1.44359e+06 0
18360 1.47656e+06 0
18370 1.51984e+06 0
18380 1.42916e+06 0
18390 1.63112e+06 0
18400 1.65276e+06 0
18410 1.78259e+06 0
18420 1.55075e+06 0
18430 2.00825e+06 0
18440 1.53633e+06 0
18450 1.86193e+06 0
18460 1.61154e+06 0
18470 1.59712e+06 0
18480 1.92582e+06 0
18490 1.70634e+06 0
18500 1.49408e+06 0
18510 1.34673e+06 0
18520 1.79496e+06 0
18530 1.78053e+06 0
18540 1.72901e+06 0
18550 1.99485e+06 0
18561 1.98764e+06 0
18571 1.52911e+06 0
18580 1.71665e+06 0
18590 2.29058e+06 0
18600 2.23082e+06 0
18610 1.73828e+06 0
18620 1.39928e+06 0
18630 1.73622e+06 0
18640 1.593e+06 0
18650 1.52911e+06 0
18661 1.70943e+06 0
18670 1.53736e+06 0
18680 1.59094e+06 0
18690 1.84442e+06 0
18700 1.9794e+06 0
18710 1.52602e+06 0
18720 1.82175e+06 0
18730 2.29882e+06 0
18740 1.54148e+06 0
18750 1.75374e+06 0
18760 1.45596e+06 0
18770 1.09325e+06 0
18780 995366 0
18790 1.52705e+06 0
18800 1.57857e+06 0
18810 1.54972e+06 0
18820 1.52911e+06 0
18830 2.25452e+06 0
18841 2.36168e+06 0
18850 1.7558e+06 0
18860 1.58991e+06 0
18870 1.66306e+06 0
18880 1.87533e+06 0
18890 1.98661e+06 0
18900 1.79496e+06 0
18910 1.93303e+06 0
18920 1.82587e+06 0
18930 1.64864e+06 0
18940 1.38486e+06 0
18950 1.73828e+06 0
18960 1.12210e+06 0
18970 1.9217e+06 0
18980 1.44977e+06 0
18990 1.67749e+06 0
19000 1.58785e+06 0
19010 2.00928e+06 0
19020 1.68264e+06 0
19030 1.69192e+06 0
19040 1.82484e+06 0
19050 1.26224e+06 0
19060 1.84029e+06 0
19070 1.71356e+06 0
19080 1.98352e+06 0
19090 1.7084e+06 0
19100 1.29006e+06 0
19110 1.58166e+06 0
19120 1.84338e+06 0
19130 1.5559e+06 0
19140 1.75683e+06 0
19150 1.50232e+06 0
19160 1.4879e+06 0
19171 1.82999e+06 0
19180 1.966e+06 0
19190 1.49511e+06 0
19200 1.67234e+06 0
19210 1.80835e+06 0
19220 1.94849e+06 0
19230 1.40959e+06 0
19240 1.8372e+06 0
19250 1.82484e+06 0
19260 1.88151e+06 0
19270 1.60948e+06 0
19280 2.09068e+06 0
19290 1.93612e+06 0
19300 1.99279e+06 0
19311 1.68264e+06 0
19321 1.80938e+06 0
19330 1.91448e+06 0
19340 2.25039e+06 0
19350 1.68573e+06 0
19360 1.63009e+06 0
19370 2.06595e+06 0
19380 1.89697e+06 0
19390 1.98146e+06 0
19400 1.77332e+06 0
19410 1.82793e+06 0
19421 2.43562e+06 0
19430 2.00643e+06 0
19440 2.23288e+06 0
19450 2.24627e+06 0
19460 1.87533e+06 0
19470 1.7929e+06 0
19480 1.85163e+06 0
19490 2.05771e+06 0
19500 1.34055e+06 0
19510 1.54251e+06 0
19520 1.57754e+06 0
19530 1.4642e+06 0
19540 1.81866e+06 0
19550 1.79908e+06 0
19560 2.10408e+06 0
19570 2.17517e+06 0
19580 2.18857e+06 0
19590 1.8166e+06 0
19600 1.73828e+06 0
19610 1.95261e+06 0
19620 2.12365e+06 0
19630 1.9186e+06 0
19640 1.60742e+06 0
19650 2.09789e+06 0
19660 1.94849e+06 0
19670 2.24009e+06 0
19680 1.81866e+06 0
19690 1.96188e+06 0
19700 1.67131e+06 0
19710 1.97734e+06 0
19720 2.10305e+06 0
19730 1.93612e+06 0
19740 1.84211e+06 0
19750 1.98994e+06 0
19760 1.73416e+06 0
19770 2.11129e+06 0
19780 1.98455e+06 0
19790 1.8166e+06 0
19800 1.97322e+06 0
19810 2.06286e+06 0
19820 1.98146e+06 0
19830 2.13396e+06 0
19840 2.13705e+06 0
19850 2.14632e+06 0
19860 2.38022e+06 0
19870 1.76714e+06 0
19880 1.84957e+06 0
19890 1.16538e+06 0
19901 1.7875e+06 0
19910 1.45723e+06 0
19920 1.62391e+06 0
19930 2.08862e+06 0
19940 1.57136e+06 0
19950 1.90727e+06 0
19960 1.92582e+06 0
19970 2.2133e+06 0
19980 2.2236e+06 0
19990 1.92891e+06 0
20000 1.42813e+06 0
20010 1.49408e+06 0
20020 1.18702e+06 0
20030 1.82175e+06 0
20040 1.62391e+06 0
20050 1.46111e+06 0
20061 1.288e+06 0
20070 1.50954e+06 0
20080 1.90006e+06 0
20090 1.79084e+06 0
20100 1.73828e+06 0
20110 1.67543e+06 0
20120 1.98043e+06 0
20130 1.93303e+06 0
20140 1.8166e+06 0
20150 1.94333e+06 0
20160 2.00516e+06 0
20170 2.20712e+06 0
20180 2.07522e+06 0
20190 2.03298e+06 0
20200 2.07213e+06 0
20210 1.99382e+06 0
20220 1.9794e+06 0
20230 2.22566e+06 0
20240 2.2607e+06 0
20250 1.98455e+06 0
20260 2.14735e+06 0
20270 1.9897e+06 0
20280 1.83823e+06 0
20290 2.13293e+06 0
20300 2.03813e+06 0
20310 1.88563e+06 0
20320 2.45956e+06 0
20330 2.72644e+06 0
20340 2.15663e+06 0
20350 1.79702e+06 0
20360 1.91345e+06 0
20370 2.16796e+06 0
20380 1.81144e+06 0
20390 1.7084e+06 0
20400 1.73004e+06 0
20410 1.61773e+06 0
20420 1.84957e+06 0
20430 2.21536e+06 0
20442 2.21639e+06 0
20450 2.12572e+06 0
20460 2.12159e+06 0
20470 1.99073e+06 0
20480 2.00928e+06 0
20490 1.91964e+06 0
20500 1.74344e+06 0
20510 1.54766e+06 0
20520 1.54869e+06 0
20530 1.69501e+06 0
20540 1.95673e+06 0
20550 2.42762e+06 0
20560 2.16796e+06 0
20570 1.94746e+06 0
20580 1.37352e+06 0
20590 1.49099e+06 0
20600 1.92376e+06 0
20610 2.15044e+06 0
20620 2.09583e+06 0
20630 1.76301e+06 0
20640 1.69501e+06 0
20650 1.82175e+06 0
20660 1.87121e+06 0
20670 1.81866e+06 0
20680 2.39028e+06 0
20690 1.87351e+06 0
20700 2.04225e+06 0
20710 1.88563e+06 0
20720 2.05874e+06 0
20730 1.95776e+06 0
20740 1.79702e+06 0
20750 1.99898e+06 0
20760 2.26173e+06 0
20770 2.35446e+06 0
20780 1.64143e+06 0
20790 1.32818e+06 0
20800 1.86914e+06 0
20810 1.82999e+06 0
20820 1.35807e+06 0
20830 1.43226e+06 0
20840 1.65791e+06 0
20850 1.92066e+06 0
20860 1.42813e+06 0
20870 1.31582e+06 0
20880 1.73622e+06 0
20891 1.81017e+06 0
20900 1.52936e+06 0
20910 1.30036e+06 0
20920 1.4271e+06 0
20930 2.00928e+06 0
20940 2.27924e+06 0
20950 1.559e+06 0
20960 1.5456e+06 0
20970 1.68367e+06 0
20980 1.7084e+06 0
20990 1.69604e+06 0
21000 2.30397e+06 0
21010 2.1556e+06 0
21020 1.38795e+06 0
21030 1.7321e+06 0
21040 1.98352e+06 0
21050 2.06904e+06 0
21060 2.2607e+06 0
21070 2.09892e+06 0
21080 1.71252e+06 0
21090 2.04946e+06 0
21100 1.90418e+06 0
21110 1.92066e+06 0
21120 2.0474e+06 0
21130 1.48274e+06 0
21140 1.8372e+06 0
21150 1.94333e+06 0
21160 2.04328e+06 0
21170 1.65173e+06 0
21180 2.11129e+06 0
21190 1.73004e+06 0
21200 2.12984e+06 0
21210 1.75992e+06 0
21220 1.94024e+06 0
21230 2.32561e+06 0
21240 2.3895e+06 0
21250 2.3658e+06 0
21260 2.06389e+06 0
21270 2.16487e+06 0
21280 1.85781e+06 0
21290 2.12778e+06 0
21300 1.90418e+06 0
21310 2.00104e+06 0
21320 2.16281e+06 0
21330 1.29521e+06 0
21340 1.2066e+06 0
21350 1.66719e+06 0
21360 1.71665e+06 0
21371 1.6033e+06 0
21380 2.06698e+06 0
21390 2.05153e+06 0
21400 1.71974e+06 0
21410 1.89284e+06 0
21420 1.3591e+06 0
21430 2.22463e+06 0
21440 1.89697e+06 0
21450 2.3761e+06 0
21460 1.93921e+06 0
21470 2.1896e+06 0
21480 2.49357e+06 0
21490 2.4709e+06 0
21500 2.271e+06 0
21510 1.86193e+06 0
21520 2.35858e+06 0
21530 2.22463e+06 0
21540 1.66513e+06 0
21550 1.54869e+06 0
21560 1.65585e+06 0
21570 1.72592e+06 0
21580 1.98043e+06 0
21590 1.99073e+06 0
