# TimeStamp(s) Sum Stdev
1 319420 31414.6
12.25 423491 75436.9
20.875 192681 32122.7
31.875 520348 83537.7
40.875 475011 72259.8
51.75 509015 113060
63.25 376092 95510.3
72.625 180316 70436.4
81.625 493559 144773
92 25758 9929.71
102.625 410096 111928
112.25 512108 99756.7
122 425553 111331
131.375 617208 197527
141.5 611024 149358
152.5 225654 79999.2
162.375 146313 28582.7
172.875 724368 194057
182 636540 316649
191.75 524715 140252
201.75 352393 105753
211.75 182379 89703
223.125 147345 93049.5
231.875 77278 40197.2
241.375 371972 300348
251.625 1.09301e+06 223163
262.375 443311 138314
271.875 432765 88698.5
282.125 441010 146375
291.5 897475 236249
302.625 302934 93735.5
312.75 100978 90096.2
322.125 93766 86614.2
332.875 510046 189736
342.75 784131 262367
352.625 177227 111359
362.625 250385 98087.6
372.75 670789 177127
382.25 804740 211088
392.875 450282 160980
402.375 356515 141969
412.625 427613 146313
423.125 157650 146370
431.25 337968 102845
442.125 258628 70564.3
452 322512 159605
462.875 476043 173534
471.875 512107 126596
482.25 361669 99618.4
491.5 333846 63917.8
502.625 796496 191637
512 358576 69044.6
522.25 471676 109754
532.375 396945 125529
542.375 325603 138787
552.625 61823 50352.6
562.625 115403 89532.4
572.875 173105 95354.9
582.5 362697 112657
592.25 492529 162377
601.25 277175 111063
611.5 1.03658e+06 273069
622.75 445128 122665
632.5 196803 84120.2
641.875 259657 78621.5
653 395671 135183
662 294691 112966
671.75 331542 130248
681.875 288753 174314
691.375 223594 88619.3
702.5 453371 149738
712.625 411126 114346
723 428643 92953.2
732.25 150435 50996.6
741 453373 164303
752.5 267901 67425.9
762 414216 124714
771.375 390519 88326.1
781.625 318390 62811
791.25 226684 26631
800.5 335907 56131.3
811.75 248323 52306.5
820.625 269962 58537.7
830.875 359607 83327.5
840.5 373002 85103.3
850.625 567746 96719.8
861.875 444099 98815.5
871.375 573930 196020
882.125 348272 111909
892.125 64913 48863.3
902.625 90672 58904
912.125 507984 172160
922.75 320451 144362
932.75 512105 225709
943 152496 57277.2
951.625 342878 155734
960.875 775102 228821
971.375 526532 123746
981.75 732610 164918
992.625 409064 109202
1001.88 550230 169799
1012 328694 168724
1022 512106 215653
1033 427614 204183
1042.5 18545 9962.7
1053 132921 124336
1062.25 110251 92413.5
1072.5 435856 214929
1082.5 494591 321448
1091.25 477072 231652
1101.62 666666 252262
1112.75 627512 404343
1123.38 143225 81862.3
1133.25 426584 255908
1142.38 425552 132901
1153.62 273054 180572
1162.88 159710 56266.7
1172.88 941784 301563
1181.5 335907 106722
1191.62 583204 312491
1202.25 280265 79334.6
1211.75 757342 197957
1222.62 804739 178095
1230.75 612055 131187
1241.75 694485 229392
1252.12 297784 116862
1262.5 7212 6746.21
1272.38 10304 9638.51
1283.12 54611 51083.9
1292.62 316330 120745
1302.62 31942 29879
1313 887171 332252
1322.25 1.6847e+06 754641
1332.38 411127 108564
1341.25 760431 174109
1352.12 509015 201737
1362.88 209169 134355
1372.62 89643 70149.2
1382.75 496651 207869
1393.12 118495 76927.4
1402.25 252446 186334
1412 607934 368660
1421.62 1.32612e+06 370490
1431.62 507984 112214
1442.62 144254 73614.2
1452.75 73158 55516
1463.12 751946 147971
1472.25 575203 175482
1482 325603 102326
1492.75 534775 155550
1502.5 70065 30704.9
1512.12 22668 20125.5
1521.88 764553 260024
1532.12 435855 123445
1542.62 435857 216293
1552.88 217412 109542
1562.75 102008 62878.5
1572.75 422460 79571.3
1581.62 692426 245175
1591.62 679031 126306
1601.75 417308 77697.3
1612.75 325603 151907
1622.25 491498 154154
1632.88 219472 98992.4
1640.88 706851 257087
1651.62 759402 162434
1662.12 218442 41164.1
1672.38 584233 155002
1682.38 173104 67363.1
1691.75 247052 108115
1702.5 354697 72872.7
1712.38 123646 72757.4
1721.38 48427 33687.3
1732 1.00155e+06 260490
1741.62 417309 72215.7
1751.62 609993 123054
1761.62 391550 65623.2
1771.88 520349 174057
1781.62 459555 99493.4
1791.62 478103 108010
1801.75 463677 132819
1812.88 170012 52092.2
1821.38 116433 48667.3
1831.38 373001 112646
1842.38 222564 72582.6
1850.75 1.051e+06 268818
1861.62 382274 61668.4
1871.12 583203 87551.2
1881.75 297783 73461.3
1891 689335 149901
1902.25 382274 69625.3
1913.12 50487 34650.2
1923.5 2060 1926.95
1933.25 3090 2027.56
1942.75 220504 93270
1953 1.05076e+06 247866
1962.12 1.06258e+06 370781
1972.12 180318 120460
1983.75 334878 112431
1993.25 364515 109864
2002.25 508227 181478
2011 764311 167858
2023 565930 55231.5
2033 9271 3397.23
2043.38 752189 106553
2051.62 619266 77511.9
2061.38 370941 93033.2
2072.12 397731 103274
2082 72126 42378.3
2090.75 429675 146356
2101.62 537866 86304.8
2111.5 615146 108656
2122 386397 74978.1
2132.5 302936 67705.1
2142.88 652240 128486
2151.88 298814 60289
2160.5 655331 65800.6
2172 214321 23855.1
2181 504893 52149.4
2191.88 428641 79387.7
2202.25 277174 36689.6
2212.12 434825 99451.2
2222.62 350332 61823.8
2231.12 426584 93064.7
2242.62 255537 63551.4
2251.38 485316 119876
2261.5 319420 71636.9
2272.12 325604 82109.3
2282 262749 63974.9
2291.12 523441 213071
2301.38 454404 114735
2312.38 537867 138386
2322.75 312208 105368
2332.12 234928 97470.1
2342 928388 237556
2351.5 572898 110267
2362.38 258626 62861.9
2372.25 31941 19735.9
2382.38 1.10252e+06 206429
2391.75 518287 158310
2401.25 803709 209908
2412 613086 169906
2422.25 233898 113399
2431.88 403915 144087
2442.25 125708 66566.2
2452 318393 195727
2462 537868 259349
2472.38 2060 1926.95
2482.12 107161 93805.9
2491.62 14424 10380.6
2502.75 646058 302428
2513 667698 497923
2521.75 181348 92964
2532.25 1.21896e+06 332952
2541.75 890264 486036
2552.38 608964 249831
2562.88 394641 142996
2572.38 394642 234444
2582.38 833590 518424
2592.88 168984 142075
2603 547141 267677
2613.62 1.051e+06 553537
2622.38 517260 258451
2632.38 188561 101570
2642 114373 54395.4
2652.62 244204 201194
2662.88 145286 134805
2672.12 604841 290175
2681.25 757098 239802
2692.5 442283 293446
2701.75 280267 127136
2711.88 609995 444104
2722.62 417310 149545
2732.12 6181 4055.94
2742.75 97887 61001.5
2752.62 74188 68302.1
2763 493559 305278
2772.75 224626 187434
2783 247295 190001
2793.25 892080 280645
2802.5 530897 222764
2812.25 815043 380502
2821.5 699638 165722
2831.88 670787 161809
2842.5 524470 226195
2853 319420 74627.7
2863.25 727459 343346
2872.38 468828 110531
2882.5 116434 95271
2893.12 700671 535566
2902.38 138072 77653.2
2912.62 192684 180239
2922.12 426582 191198
2931.38 1.39492e+06 242043
2941.75 445374 386130
2951.75 75218 37955.5
2962.5 63883 33633.5
2972.62 1030 963.477
2982 812983 440148
2993 467799 148189
3003.12 264812 247709
3012.12 722064 173527
3022 390762 227178
3032.5 530654 225716
3043 310149 218944
3053.38 526533 198150
3062.12 1.06646e+06 431269
3072.25 269961 162279
3082.62 31941 25756.7
3092.88 572898 196993
3102.62 851107 310739
3111.75 634723 182174
3122 612055 217767
3131.88 231836 70315.5
3142 60791 39503.9
3152.12 663575 208487
3162.12 1.24163e+06 559671
3172.12 622358 163363
3181.88 489437 221294
3192.38 319422 131082
3202 360639 145500
3212.25 121586 94017.5
3223 171046 144188
3233.25 21637 17052.1
3241.88 107160 81028.8
3252.12 51519 46028.9
3262.12 16486 15421.2
3271.62 30912 28915.5
3282 308088 157775
3291.75 63883 56488.6
3302.25 963422 353685
3313 64914 58550.3
3323 503621 215237
3332.5 855474 441256
3342.12 615691 310480
3351.75 1.06592e+06 398321
3361.75 186500 106674
3372.25 260446 119556
3382.75 165107 154443
3392.62 37093 28256.4
3402.38 660241 321218
3412.75 616178 243528
3422.38 1.21199e+06 586578
3432.5 56671 27741.9
3441.88 420402 285288
3452.75 398764 250151
3462.88 681092 238838
3472.5 158437 97721.7
3482.5 389731 212631
3492.25 373002 186264
3502.38 272022 96945.3
3511.62 1.39104e+06 461478
3521.38 206077 82740.6
3531.5 269962 99833.9
3542.25 1.34261e+06 334683
3551.38 505924 163259
3561.75 445131 181391
3572.38 391549 155900
3582.38 128799 78499.1
3592.5 462647 240330
3602.75 234930 121631
3611.62 188562 128196
3621.88 619267 225106
3631.38 219474 176357
3641.88 1.31479e+06 348085
3652.75 956209 244415
3663.38 95826 46217.6
3672.75 91704 61469.7
3682.38 231838 153674
3692.5 795464 288645
3702.88 605871 276478
3712 183166 97946.4
3722 1.10998e+06 230367
3732.25 243172 81681.4
3741.62 231592 94179.2
3752.38 244446 101311
3763.38 437917 122842
3772.12 283358 136844
3782.38 697578 373289
3792.62 511077 152833
3801.5 848014 111574
3812.88 262749 101446
3822.5 575990 141495
3832.12 314268 145381
3843.12 204016 73494.7
3852.5 975785 348623
3862.88 386397 179026
3872.25 18547 17349.1
3881.88 75218 67086
3892.62 164861 65607.1
3902.75 1.36219e+06 531762
3912.5 452341 167035
3922.38 654058 208773
3931.88 647331 223531
3941.12 374032 135770
3952 155588 36326
3962.5 541989 396967
3972.38 262748 95181.2
3982 389489 178642
3991.5 739581 291065
4001.38 710187 239125
4012.5 340029 97107.1
4021.25 889233 419668
4032.38 309118 85318.3
4042.12 1030 963.477
4052.75 123646 94797
4062.25 916024 385473
4072.12 932265 267274
4082.5 919357 252925
4091.62 705820 155723
4101.88 450282 223542
4111.62 491498 226697
4123.38 288511 131859
4132.62 139890 98519.6
4142.38 444344 413448
4151.62 107160 92701
4163.12 401855 262182
4173.5 275902 149814
4183.62 1.66331e+06 608940
4192.62 985846 259534
4203.25 840017 413864
4212 380215 207002
4222.75 194742 78064.7
4232.75 107161 100240
4243.12 357548 242479
4253 0 0
4262.38 174135 105145
4273.12 409068 307581
4282.75 9272 6746.13
4293.12 10303 7676.05
4302.25 273841 113685
4312.12 994578 531920
4322.38 289541 203542
4332.25 324330 146665
4342.62 1.44977e+06 486085
4352.12 999728 414345
4362.38 455435 131356
4372.62 945905 526922
4381.75 1.13344e+06 323903
4392.88 638844 185008
4402.88 57702 52882.8
4413.5 18546 13255.2
4422.5 7212 6746.21
4433 0 0
4443.75 28850 13513.1
4452.88 311178 147795
4462.12 571868 200575
4471.75 1.50826e+06 447488
4482.88 958512 339190
4492 551260 235511
4502 562596 206135
4512.25 193713 78863.8
4521.5 48428 45300.2
4531.88 0 0
4542.25 284390 266022
4552.38 1.0384e+06 264093
4562.75 833833 247510
4573.38 656362 297859
4581.75 494589 349115
4591.75 148375 64661.1
4601.12 62853 31148.7
4611.75 659455 337405
4622.38 1.15095e+06 327894
4632.62 77280 72288.8
4642.75 149407 111306
4651.38 1.01494e+06 349287
4661.5 909840 217284
4672.75 495618 170814
4683.38 269963 98711.2
4692.12 242142 101962
4702.88 337969 285340
4712.38 299845 218181
4722 844927 346769
4733.5 196804 80982.2
4742.5 197836 155976
4752.38 188562 118109
4762.5 458527 296568
4773.25 319179 147486
4782.5 667940 341868
4792.62 251416 218910
4802.5 921176 427020
4812.88 764555 265338
4823.25 176197 102077
4832.88 662545 346291
4842.75 323544 203387
4853.25 455434 264007
4862.62 545081 209465
4870.5 1.37146e+06 401470
4882.12 920145 287439
4892.12 529624 156096
4901.88 120555 79866.4
4912.88 560537 208125
4922.5 1.31479e+06 596552
4931.75 546108 236237
4941.12 346213 152541
4952 578053 253932
4961.38 883050 403278
4971.88 1.11489e+06 468572
4981.88 535805 356982
4991.88 267902 220168
5003 229778 120952
5012.12 2060 1261.49
5021.88 0 0
5032.25 0 0
5042.25 1030 963.477
5052.5 564657 425311
5062.62 0 0
5072.5 313240 192312
5082.5 1.91448e+06 706303
5092.75 555384 401636
5102.38 746008 445261
5112.5 185471 149773
5122.38 407006 243239
5131.88 0 0
5142.12 0 0
5151.75 281297 219774
5162.38 931479 362885
5172.25 840805 318872
5182 386398 239671
5192.38 0 0
5202.25 234687 121295
5212.5 1.14605e+06 819538
5222.5 207109 132889
5231.88 947722 380517
5242.5 1.20581e+06 467267
5253.12 795467 483494
5264.12 156618 99079.2
5272.88 150194 96494.8
5282.75 268145 131978
5292.88 287480 212898
5302.62 690366 303857
5312.25 121586 110448
5322 307056 132058
5332.25 161772 95075.2
5342.12 144254 72421.5
5351.38 1.2066e+06 608503
5361.88 1.52087e+06 470836
5372.62 288508 113166
5382.75 218443 128316
5393 92734 57936.1
5402.88 442041 219564
5412.75 603568 177606
5422.12 448465 272127
5431.5 1.11077e+06 349574
5442.25 599691 243448
5452.75 262751 112039
5462.38 37093 27801.1
5472.25 114374 106987
5482.62 4121 3854.84
5491.88 250385 206614
5502.12 246264 103958
5511.88 478104 149198
5522.62 860382 295287
5531.75 868624 543861
5542.12 482223 194378
5551.62 877897 258559
5562.12 546110 164501
5572.75 435857 203531
5582.75 739824 201045
5592.75 493559 174509
5603.38 230808 121325
5613.62 82431 68720.1
5623.38 422462 220783
5633.38 361426 169567
5642.62 583448 249028
5653 1.11489e+06 317917
5662.5 565688 393915
5671.88 908810 473932
5682.88 144255 71149.7
5692.62 378156 319944
5701.62 5151 3237.48
5712.25 1.03864e+06 516878
5721.75 701701 322920
5731.75 379186 235323
5742.88 277177 142389
5752.38 297541 175144
5762.5 392823 183096
5772.12 160497 95338.6
5782 643210 253746
5792.88 140133 128894
5801.62 600722 392401
5812.88 850077 373993
5822.5 1.21072e+06 848234
5832.38 433797 152895
5842.38 295724 192310
5852.75 3090 2027.56
5862.75 151467 84466.4
5873.38 394640 273113
5882 534777 388949
5891.88 630902 86443.2
5901.75 1.24442e+06 385226
5912.5 575991 252048
5922.5 393610 240764
5933 215352 187269
5942.38 15456 14457.8
5952 1.11798e+06 598564
5961.75 1.09119e+06 365352
5973.12 435857 148230
5981.75 161526 98482.6
5990.88 1.00076e+06 299960
6001.12 804741 495021
6012.25 144254 85255.3
6022.75 5151 3837.57
6033.12 0 0
6042.75 361669 283910
6053.5 823288 240445
6062.5 189348 97560.4
6072.5 744189 318456
6082.12 469862 362440
6093 70066 44485.8
6102.5 9273 7632.78
6110.62 274872 124884
6121.75 983243 502505
6131.62 69035 58104.4
6142.12 288511 235007
6153 826377 315453
6162.62 247293 110958
6172.38 1.22514e+06 519616
6181.38 871716 307421
6192 533745 181781
6202.5 143223 78403.9
6212.38 272023 105152
6222.62 412158 193967
6231.5 793405 176585
6242.62 568779 131834
6252.62 162801 89458.4
6263.88 114372 48558.3
6272.25 249354 94603
6283.12 641935 302564
6293 428643 98228.8
6302.12 389487 97988
6313.5 680061 219970
6320.62 373000 93144.9
6331 704789 135135
6342.62 435856 90586.8
6351.25 379970 181270
6362.12 650421 69028.1
6372.5 553323 121294
6382.75 649149 225263
6392.88 398763 198719
6403.5 20606 15073.1
6412.62 72128 67469.6
6421.62 332817 126020
6431.75 536836 163950
6440.88 1.56105e+06 565827
6452.12 696546 151766
6463.12 230808 67818.4
6471.62 110252 54891.2
6482 512107 254983
6492.12 773828 384620
6502.75 201956 136721
6511.75 217413 141963
6521.62 1.46007e+06 304429
6531.25 777948 233261
6542.62 364758 63279.8
6553 218442 66777.2
6561.88 338998 153515
6573 771766 270319
6582.88 670788 449618
6593 139103 54454.3
6602.62 260690 206141
6612.88 286450 154461
6622.12 775890 335845
6633.12 780011 553983
6641.88 1.43843e+06 434270
6651.88 338998 100973
6662.38 193714 114981
6673 264812 215599
6681.88 214322 164909
6692.12 522411 358824
6703 464709 262653
6713.12 1030 963.477
6722 573931 253687
6731.88 244990 124245
6741.62 404945 197425
6751.62 1.15223e+06 504879
6761.62 245232 119657
6773 1.35909e+06 360832
6782.5 733642 311528
6792.38 510833 182236
6803.12 607145 250749
6812.38 30910 21404.1
6822.25 20607 16226
6832.12 0 0
6842.62 379186 206270
6853.38 1.52705e+06 470988
6862.5 134982 104248
6872.75 79340 72038.8
6882 619268 341299
6891.75 1.32691e+06 200053
6901.38 599933 169134
6911.75 914992 296039
6922.38 177226 63568.3
6932.38 27820 21806.3
6941.75 0 0
6952.88 170014 94526.1
6964.38 9272 5724.98
6974 0 0
6983.25 439980 246129
6993.88 187532 85971.7
7002.88 202744 103211
7011.75 636785 265981
7022.62 1.42013e+06 447658
7032.12 616963 284492
7041.62 1.03682e+06 159759
7052.88 223593 49058.9
7062.12 208139 85960
7071.75 997180 189180
7082.5 438161 120758
7092.5 89644 57396.5
7101.38 998212 188914
7112.62 717398 146942
7122.38 190622 115740
7131.38 724367 124661
7141.25 819165 342390
7151.75 637816 199679
7162.75 205049 129785
7171.62 134981 76512.8
7182.25 177227 95821.1
7191.75 107947 97692
7203.38 707096 178996
7211.88 4120 2522.97
7222.25 289541 190412
7232.5 719217 512807
7241.38 104068 57756
7251.88 100978 66820.9
7262.12 630603 487413
7272.62 715882 226073
7282.38 199109 91528.7
7293.25 5152 4819.25
7302.5 303967 227550
7311.75 477072 149855
7322.75 1.60124e+06 588024
7331.5 579082 128555
7341.88 793406 361762
7350.88 374033 138801
7362.88 207108 91461.3
7373.12 282329 174090
7382.5 154559 92514.9
7392.62 859351 203805
7401.75 683153 205855
7411.5 715095 302298
7422.25 683152 129416
7432.25 311179 126154
7443.25 32972 21015.8
7453.12 12364 8113.02
7461.88 1.26739e+06 313044
7471 856259 340070
7480.88 643998 165310
7492.25 778980 188735
7502.5 379185 148091
7511.88 320453 205453
7522 379185 145253
7532.12 332573 137460
7543.12 483499 313202
7552.88 148376 89627.1
7563 152255 101705
7572.62 1.02961e+06 495268
7582.25 921176 594438
7592.38 217412 124469
7603.25 311180 160046
7612.62 14424 11357.1
7623.12 231838 130283
7633 566718 361200
7643.25 0 0
7652.25 205048 117632
7662.5 722308 453345
7672 196806 182997
7681.62 0 0
7691.62 29880 25818.5
7701.62 761464 366019
7712.38 995366 522517
7722.25 152498 138273
7731.38 643997 224969
7742.5 852137 283845
7753 424523 163233
7762.88 282328 143346
7772 715095 129902
7783 392579 155736
7792.88 253475 100015
7802.38 337969 67394.8
7812 674908 158142
7823.25 491498 107686
7832 536835 124908
7843.12 304995 66602.3
7851.75 622359 161231
7861.88 696547 109077
7872.38 518288 125594
7882.62 400820 168330
7891.75 897475 208688
7901.12 286448 58791.9
7911.38 875838 174754
7921.38 469860 126903
7932.75 470889 116106
7942.88 136010 64922.8
7952.12 996394 361106
7962.62 602782 254776
7972.25 201957 174006
7982.62 158681 148432
7992.25 448222 172037
8003.75 1.05204e+06 406432
8013.38 261720 118346
8022.88 228747 125545
8032.62 1.10665e+06 196397
8041.25 815042 309107
8052 544050 173835
8062.25 454405 170496
8072.12 61822 38608.2
8082.12 105100 65407.6
8092.75 615147 266054
8102.62 895416 412170
8112.62 168739 95152.1
8122 522654 221831
8132.12 1.16847e+06 347633
8141.38 297783 147051
8151.5 593507 158634
8162.25 427613 298543
8172.25 77278 27646
8183.12 142194 84627.2
8192.25 253477 232732
8201.88 323543 155168
8212 546110 255691
8222.12 60792 28737.8
8231.5 234930 114407
8242.38 456222 288394
8252.5 420644 128932
8262.12 851108 264079
8272 1.02628e+06 299551
8282.5 551018 115859
8291.38 436099 91026.6
8302.25 211229 72023.6
8311.88 168983 98725.1
8321.75 631633 93816.7
8331.25 861411 168966
8341.12 388457 64733.9
8351.38 449250 133221
8362.5 859350 204906
8371.12 550232 92664.3
8381.62 202988 73106.5
8392.25 285420 114313
8402 341061 163946
8412.5 288511 228381
8421.62 288266 155417
8431.75 695762 202258
8441.25 487132 155521
8451.12 312452 143778
8461.88 431734 214050
8471.62 966513 303560
8481.88 304995 165282
8492.25 476044 218958
8502.25 696547 302558
8512.25 343122 123226
8520.88 840803 185575
8532.62 498711 142456
8543.62 148377 81094.5
8553.75 1030 963.477
8564.38 309117 148449
8572.75 356517 156815
8581.75 223595 87340
8591.5 867593 213210
8602.5 505925 167692
8612.12 74187 60697
8621.12 490225 150288
8631.88 538108 74204.5
8642.12 484285 253582
8652.38 226685 76817.7
8661.62 385124 99204.6
8672.12 446401 188951
8681.38 291601 140784
8690.62 473981 115662
8701.88 546110 91174.6
8713 611023 76463.9
8721.75 154557 64870.3
8732 735703 136789
8742.88 136011 59940.2
8751.88 156619 55755.4
8763.12 578052 165690
8772.38 78308 46856.9
8781.38 163831 83359
8792.12 1.09737e+06 210143
8802.25 505923 102170
8811.5 256567 94554.8
8822.12 490467 117013
8832 515196 163992
8841.5 768675 191454
8852 92733 35804.9
8862.12 383308 93398
8871.5 1.23108e+06 287949
8882.5 253719 72652
8892.75 117464 59865
8904.12 412945 170095
8912 66186 32022.1
8922.12 15455 13389.7
8931.88 933539 256859
8941.38 1.48686e+06 557611
8951.5 646058 131326
8961.62 650180 187484
8971.75 595568 195633
8981.62 552292 191460
8991.62 459556 135533
9001.62 91704 50277.3
9012.38 146314 82363.7
9022.75 0 0
9033.12 75219 70360.9
9042.75 401854 290597
9052.75 830499 451620
9062.12 1.16744e+06 628894
9073.12 940753 178253
9082 240081 184032
9091.75 455434 300332
9101.88 973482 572497
9112.38 1.13883e+06 508071
9122.38 375063 141003
9132.12 215352 90457
9142.25 167954 135307
9152.88 349304 124562
9162.62 618238 392247
9172.25 41214 28997.9
9182.25 544048 415771
9192.12 222565 178404
9203 119526 74630.9
9212.5 951057 460363
9222.62 364759 249419
9232.75 444101 300578
9242.38 723339 339337
9252.25 766615 424119
9262.5 900567 392889
9272.12 529623 259582
9282.62 434826 112825
9291.38 601751 369450
9303.12 661514 277251
9313.38 4121 3854.84
9322.12 112312 70292.5
9333 595567 204984
9342.5 456466 172671
9353 23698 20056.1
9363.25 105099 44504.2
9373.62 168983 82367.4
9382.5 414219 197098
9392.62 414220 190341
9401.88 1.34158e+06 237800
9412.62 238020 92155.1
9421.88 151466 62421.3
9431.25 482224 121849
9442.25 122615 57930.8
9452.12 387185 128912
9463.88 865776 383030
9472.75 341060 87710.3
9482.25 520350 155317
9492.12 248322 89013.9
9501.38 493559 137027
9510.88 527561 90146.6
9520.62 698608 87137
9531.75 672848 111730
9542.62 336938 77840.3
9554 139101 59038.3
9563 450282 183114
9571.62 513922 196413
9581.75 99159 43795.1
9593.12 311179 134251
9601.38 541744 189720
9611.88 1.28103e+06 301267
9622.5 727459 177939
9631.88 455435 150951
9643.12 511075 149802
9653.25 479133 242069
9660.75 175166 83197.5
9672.25 293662 175064
9681.75 836682 364257
9692.25 75217 25215.7
9701.62 75218 49532.3
9711.88 771767 546234
9722.25 284389 261644
9732.5 0 0
9743.12 175167 73797.4
9752 783101 296068
9762.62 671574 388350
9772.62 1.01312e+06 340591
9780.75 591446 189738
9791 756310 164508
9802.62 224624 65164
9812 246262 90691.7
9822 812983 272279
9831.38 639875 213419
9841.88 550231 175469
9852.38 151467 73685.2
9863 193714 132172
9873 362697 176737
9882.25 1.3117e+06 350786
9893.38 201958 121150
9903.5 153285 100190
9913.38 119768 77164.9
9922.38 103037 58922.1
9932.25 796495 180187
9942.62 1.01906e+06 306855
9952 366821 129650
9963 555383 206167
9973.5 78309 46310.5
9982.38 66975 60477.2
9992 647876 124482
10001.4 354456 158285
10011.1 695761 136860
10021.6 1.28903e+06 371010
10031.6 561565 161923
10042.6 245231 45867.5
10052.8 105100 81222
10062.5 149407 78031.1
10072.4 205047 125077
10082.6 112313 101795
10092.5 52549 31149.2
10101.9 752189 312813
10112 1.69501e+06 385772
10123 240080 66497.2
10133 10302 6637.1
10142.2 361666 110483
10152 770737 263097
10162 717155 169337
10172.2 299843 110613
10182.6 193711 62997.5
10192.5 225655 87650.1
10202.6 249354 80394.3
10212.8 284386 124725
10222.1 507985 258812
10232.5 471921 176627
10244 119525 93374.8
10252.4 443067 183688
10262 392578 89626.5
10272.2 479133 182944
10281 600720 130755
10291.6 475010 65815.6
10301.4 151466 40091.5
10312.5 502832 65848.5
10322 458525 65541.1
10331.6 521378 61094.3
10340.5 612054 236601
10351.5 872746 236666
10360.8 705820 355528
10372.4 721277 322777
10382.9 418339 258951
10392.4 693458 391247
10401.9 669758 349446
10413.5 216381 77366.1
10423 156619 96692.7
10433.2 0 0
10442.8 85522 76720.8
10452 429673 130152
10463.1 1.08913e+06 472468
10472.5 1.63627e+06 1.18212e+06
10482 106129 77113.5
10492.2 257597 109073
10501.8 23698 20003.1
10512.1 794436 420580
10521.4 769707 435156
10532 871281 655546
10542.2 141163 75513.7
10551.2 879715 366379
10562.8 875050 288418
10573.5 923237 577013
10582.9 32972 28703.7
10593 41216 38554
10602.2 23699 22168.4
10611.9 388459 130625
10622.5 78310 73252.3
10632 97888 91565.8
10641.8 398518 188382
10652.1 1.33873e+06 661148
10661.6 1.82277e+06 523111
10671.1 802678 214234
10682 552291 108511
10691.9 193713 94863.5
10702.2 133951 70801.8
10712.6 29880 19218.3
10722.9 400823 148748
10731 634725 242383
10742.4 640906 251133
10753 973726 400838
10761.5 501802 219547
10772.6 789284 399003
10782.4 165893 81985.6
10793 68005 45751.2
10803.2 3091 2891.37
10812.2 219474 116548
10821.6 1.03761e+06 294346
10831.8 524470 199572
10842.2 1.00052e+06 482678
10852.1 239049 77093.7
10862 684183 300435
10872.4 455434 202791
10882.9 535806 215509
10892 131890 95566.2
10903 221534 113254
10913.5 20607 15352.2
10923.2 298572 125711
10931.8 541201 237504
10942 1.44153e+06 379115
10951.8 281295 107591
10962.8 343121 202095
10972.2 130859 65985.1
10982.6 168982 62336.3
10991.8 566717 193972
11002.2 338999 117198
11012 546108 261449
11021.1 320450 133081
11032 632662 140458
11042 217413 90908.6
11051.6 569807 151931
11060.6 355485 109741
11071.9 541987 159374
11082.2 274083 69439
11092.4 538895 131931
11102.9 171043 86660.5
11111.6 929419 238985
11120.9 743947 132251
11132.6 408035 127037
11142.2 190621 95936.8
11151.9 323542 164055
11162.9 380215 149109
11172.2 109220 70320.5
11182.6 267658 98612.9
11192.1 1.34079e+06 396561
11202.1 136011 80661.5
11211.8 212260 88921.9
11221 444100 158289
11231.9 851108 254673
11242.5 583204 261777
11253.2 117463 76259.6
11263 99948 93492.8
11272.2 225656 89234
11281.5 75217 44473.1
11292 478888 228517
11301.9 666667 132352
11311.5 1.27563e+06 337695
11321.8 400036 118596
11332.2 249355 177203
11342.4 560535 134601
11351.1 789284 211248
11361.6 774856 119135
11371.1 635754 150272
11382.1 760432 209983
11392.6 739825 208165
11401.4 877898 331958
11412.5 655331 291201
11422.4 584235 235682
11432.8 721277 309048
11442.2 655332 273369
11451.6 652242 461735
11462.4 407006 187000
11472.4 1.06955e+06 532536
11482.2 295722 174630
11492.4 37094 24900.6
11502.2 344153 174322
11512.6 105100 93984
11523 0 0
11532.9 31942 29879
11541.6 99948 61227.5
11551.6 914994 770666
11562 0 0
11571.9 240082 118181
11582.6 887173 686709
11592.5 1.01803e+06 411247
11602.8 188562 88006
11612.1 854199 476202
11621.8 1.23339e+06 831807
11632.8 102008 74215.7
11641.5 397733 245791
11651.2 239051 154827
11661.8 1.81556e+06 741701
11672.5 839775 565994
11682.1 821227 411409
11692.6 631634 431379
11702.1 1.70634e+06 741758
11713 773828 457888
11723.1 820197 522186
11733.1 211231 103235
11741.9 69034 49328.3
11751.4 1.31376e+06 1.19499e+06
11761.9 329727 157088
11772.1 363730 214117
11782.5 195774 140231
11792.6 179289 167710
11803 163831 140167
11813.2 559505 326769
11821.5 0 0
11831.1 0 0
11841.6 129830 121445
11851.9 0 0
11861.9 289541 268645
11872.1 180320 168674
11881.8 210200 147286
11892.6 571870 274539
11902.8 678002 591314
11912.4 226687 210947
11921.9 200927 123896
11932.6 293663 201873
11942.9 70066 58215
11952.9 232870 143346
11963.2 3091 2891.37
11972.8 24728 15761.6
11982.9 575992 288841
11992.9 1.57445e+06 1.02045e+06
12003.5 298814 227952
12013.4 569809 233473
12023.1 4121 3854.84
12032.4 624178 326069
12042.2 2.34131e+06 1.67096e+06
12052.4 531685 315261
12061.8 822256 388532
12071.9 1.37249e+06 658183
12081.4 1.09531e+06 380539
12092.2 334877 127027
12102.9 329727 156478
12112.6 37093 22480.2
12122.8 222565 115119
12132.6 1.10974e+06 218784
12142.9 1.35679e+06 795666
12152 645270 204381
12162.2 653270 130220
12171.8 826379 366361
12182.4 292631 136418
12192.2 90675 84818.7
12201.6 141163 57985.4
12212 300876 137796
12222.4 83462 78071.6
12232.8 20608 19277
12243 993304 364668
12253.4 435859 330505
12263.9 912932 543212
12272.4 216139 119392
12282.9 702975 597266
12291.8 459312 218015
12302.4 2.24548e+06 971449
12311.4 455436 347756
12322 501803 392189
12332.2 870687 706991
12342.9 55640 28096
12352.4 49457 39853.3
12362.2 57701 35425
12372.2 61823 37970.7
12382.2 76249 71324.4
12392.5 9273 8674.1
12403 100979 91197.7
12413.4 0 0
12423.8 7212 6746.21
12433.4 0 0
12444 150438 106742
12453.5 27820 26023.2
12462.2 0 0
12473 925298 739027
12481.8 1.1252e+06 444323
12492.6 623391 418038
12502.2 1.52499e+06 770944
12513.5 431737 319822
12523.6 0 0
12533.5 6182 5782.73
12543.1 448223 331276
12552.9 302693 196675
12562.6 419616 392515
12572.2 0 0
12581.9 1.09325e+06 585999
12592.5 1.89442e+06 1.29783e+06
12602.5 680062 426446
12611.2 889233 353724
12623.4 1.36425e+06 528853
12633.5 309118 198346
12642 80370 57365.7
12651.9 541988 216309
12661.9 204017 97084.5
12672 891293 210385
12682.5 1.38589e+06 726099
12693.5 700670 203326
12702.4 517258 102200
12712.2 615146 171777
12722.1 600721 301548
12732.6 892324 328033
12741.9 450284 242141
12752 626481 391346
12761.6 315302 157127
12772.4 122616 95892.8
12782.8 231839 144156
12793 0 0
12802.9 107948 97713.6
12813.1 597874 296643
12822.1 1.80114e+06 751705
12832.8 156375 94599.4
12843.8 467014 410007
12853.9 217414 203372
12861.9 221534 109905
12872.2 1.30860e+06 456635
12882.8 581143 337767
12892.4 6182 5782.73
12902.8 226686 184196
12912.8 74188 69396.5
12922.6 1.78647e+06 498556
12932.2 1.96006e+06 490354
12941.5 788255 273609
12951.4 413188 146363
12961.9 554353 205924
12971.6 345183 217566
12982.2 411127 285803
12992.6 45337 38194.4
13002.5 23698 21087.9
13012.9 82432 77108.1
13022.2 76249 71324.4
13032.8 394641 191988
13042.2 563626 290579
13052.9 223595 94386
13062.4 612599 368436
13072.6 1.19472e+06 618557
13082.6 778979 411027
13092.2 585265 513947
13102.1 114373 97451.8
13112 117464 80631.2
13122.4 214321 95332.3
13132.2 2060 1926.95
13142.2 935601 386107
13152.2 374821 148103
13162.2 265055 125148
13172.2 2060 1926.95
13181.9 1.25914e+06 458202
13192 1.03349e+06 370789
13202.2 859350 210816
13212.6 452342 128063
13222.6 668728 286356
13231.9 239050 117564
13241.5 524471 193994
13252.6 215350 88942
13262.8 60792 44028.9
13272.8 104068 60975.2
13282 465739 196436
13292.6 449252 306145
13302.4 151468 141685
13312.5 407006 197885
13322.9 773827 308158
13331.2 987120 357273
13341.5 942813 94133.4
13352.2 799588 98455.6
13362.8 371972 109683
13373.2 177227 99794
13383 634724 227450
13392.5 567748 182095
13402 519320 232483
13413 286449 189692
13422.8 274085 230978
13431.5 1.44977e+06 300239
13441 749099 239733
13452.9 585265 172042
13462.9 396701 168680
13472 58732 52771
13482 137042 120666
13492.1 55641 38297.9
13502.5 3091 2891.37
13512.8 167953 97653.8
13522 403915 259624
13531.5 273056 255420
13542.4 53579 30704.4
13553 214079 131132
13563.6 1.03888e+06 443084
13573 297785 252364
13583.8 873779 541265
13592.6 433795 220885
13602.5 392579 204170
13612.1 164861 53719.4
13621.5 349304 221058
13631.5 429673 144133
13641.6 430705 202151
13651.9 183411 171565
13662.2 96857 90601.4
13671.8 497682 306706
13680.8 186500 92321.8
13691.9 988152 229746
13701.9 429430 135125
13713 628785 163869
13721.6 235958 72990.7
13732.5 127767 38937.7
13741.8 505924 130889
13752.6 276145 118938
13762.4 532714 169838
13772.9 298813 84149.4
13781.4 490468 62303.6
13792.6 268931 69838.8
13801.2 356515 61905.2
13811.8 290570 86488.8
13821.6 448221 84416.6
13831.5 476042 69055.8
13842.5 475012 87964
13852.4 490466 96879.2
13862.8 239049 63048.2
13872.6 266870 70489.3
13882.9 69035 58104.4
13892.8 343119 198179
13901.9 417065 114550
13912.2 643210 152815
13922.2 335907 115117
13931.5 335907 111261
13941.8 208137 54907.1
13951.8 583202 177772
13962.1 501802 96003.4
13972.8 294691 85190.3
13981.8 743946 241689
13991.5 819165 257220
14002.4 281296 54101.8
14012.1 21637 16090.5
14021.5 342090 98595.9
14031.6 226685 145742
14042.5 197835 91095.6
14051.1 1.74034e+06 622668
14062.6 197835 86271.2
14073 34002 21830.1
14082.4 147346 84711.5
14092.6 622360 240187
14101.5 287480 122642
14112.8 643997 208332
14121.4 281052 115987
14131.5 757584 223538
14142.4 796496 175960
14152.1 452342 119779
14161.8 93764 40276.2
14172.4 256568 130625
14182.5 269962 173858
14193.1 301905 155559
14203.2 253475 62875
14213.8 663574 182256
14222.6 418341 109123
14233.2 350331 140972
14242.2 517257 135385
14252 221533 58749.6
14261.6 364760 84162.5
14271.6 565686 105523
14281.1 297782 85498
14292 781039 202120
14302.6 484285 170964
14312.2 104070 60151.4
14321.4 234929 69900.1
14332.6 884079 501072
14342.4 828439 295676
14352.6 119522 60276.1
14361.9 98916 38691.1
14371.4 725399 279540
14382.8 702730 317883
14392.8 290325 117222
14401.8 875050 176291
14411.9 484286 79664.9
14422.4 103039 53699.5
14433 32971 18489.7
14442.1 616175 173454
14451.8 438948 114525
14461.2 1.0407e+06 358051
14471.9 174135 57285.7
14481.9 28850 10708.2
14491.9 94795 41676.8
14502.9 188562 87352.6
14512.8 640663 162890
14522.2 189834 108321
14531.6 299844 51765.4
14541.8 360637 91360.8
14551 377123 89101.3
14561.2 315300 47883.1
14571.2 436886 76235.6
14582.4 298812 58899.6
14591.8 489438 76582.3
14602.2 438947 83643.7
14611.8 512106 170464
14622.8 378153 125061
14633 92734 72695.5
14642.8 816860 271382
14652.1 352637 103596
14662.1 338998 246679
14672.5 603810 116154
14681.4 616176 242263
14691.2 837712 139860
14702.1 754248 171654
14712.4 539926 105585
14721.9 230808 88829.4
14732 254506 143077
14743.1 346213 159116
14752.1 866562 337041
14762.6 270991 115657
14771.9 932510 545286
14782.1 384094 147500
14791.6 998697 299592
14803 766615 377469
14811.9 79339 38414.5
14822.4 43275 31950.2
14833 128800 120481
14842.6 165894 155180
14853.6 206080 192770
14862.5 393611 178504
14871.4 1.05719e+06 424561
14881.6 152499 142650
14892.4 824075 478947
14903.9 546354 245253
14913.1 342091 198677
14923.1 398763 356607
14933.1 774858 565744
14941.6 347243 180278
14952.8 127769 78459
14961.6 162559 103362
14972.2 881232 337325
14983.1 47397 21502.9
14992.4 165650 105535
15002.9 559747 338560
15013.2 1.55281e+06 756327
15022.4 541987 266671
15032.6 48428 41072.3
15042.4 140921 99061.9
15052.4 570051 247858
15062.9 574717 206996
15073.2 119768 88412.9
15081.9 863474 321579
15092.2 619268 331531
15101.4 187531 82105.7
15112 579080 112967
15120.9 466770 183642
15132.5 572899 290679
15142.8 514166 156648
15152.1 300875 104096
15162.5 232866 55826.8
15172.1 618236 107922
15181.8 611023 234630
15192 502832 124929
15202 379184 119402
15212.9 580113 235044
15221.6 364760 140918
15231.9 22667 12598.6
15243 317362 210736
15252.9 232869 130098
15263.4 27820 15069
15273.1 319423 295502
15281.9 851108 257347
15292.6 1.06337e+06 254628
15301.9 658421 298757
15313 400821 145633
15322.6 369912 189159
15332.9 625449 253082
15343.5 202987 94907.6
15352.4 561565 227527
15362.2 923236 464433
15372.8 167953 80092.1
15383.2 107160 72904
15392.5 938691 165342
15401.4 798558 375477
15412.5 705822 195493
15422 205047 68075.7
15431.4 261477 119739
15442 1.01724e+06 395340
15452.8 299844 62096.9
15462 702487 281002
15471.6 698852 250745
15481.6 360638 136439
15491.4 171043 70906.4
15502.1 177227 97904
15513.4 510047 317849
15521.9 166679 99706.5
15532.4 798558 327094
15542.4 469074 209643
15552.2 410098 287091
15562.6 5151 3237.48
15572.6 13395 12529.9
15582.6 62854 57701.3
15592.1 507985 160252
15602.5 553323 206401
15611.6 1.45056e+06 501899
15622 1.37788e+06 722150
15633.8 620298 105702
15642.5 301905 143080
15653.6 393611 144320
15662.8 233899 173584
15671.5 502833 174043
15682.2 417309 195732
15692.2 1.322e+06 553053
15703.5 501803 225322
15711.6 352395 197996
15723 316331 164599
15732.2 109221 81038.9
15742.8 672606 367979
15752.4 251659 183323
15761.8 2060 1926.95
15772.2 661515 362424
15782.6 0 0
15792.2 294693 153074
15802.1 785163 279125
15811.5 345182 135696
15821.8 1.2169e+06 477894
15832 1.31272e+06 603453
15842.5 436887 140089
15851.5 436886 198592
15861.5 492529 178332
15871.6 1.01494e+06 263615
15882.4 473981 206640
15891.9 342092 136060
15901.9 322513 131112
15912.6 670788 534361
15922.6 358577 160405
15932.8 165892 54414.9
15942.9 515198 380986
15952.8 1.26533e+06 576162
15962.9 121586 71011.3
15973.5 376094 228841
15982.9 269964 251429
15992.9 30912 28915.5
16002.2 0 0
16012.1 38123 26548.9
16023.1 1.06337e+06 347561
16032.6 625451 301857
16043.1 831532 374622
16052.5 50487 39704.9
16063.6 1.24369e+06 610027
16072.5 4121 2914.16
16081.9 321483 152220
16092.4 21637 10800.4
16102 477073 411452
16112.1 606904 184110
16121.9 1.68264e+06 377318
16131.5 383307 192847
16142 72126 50913.2
16152.5 10303 7676.05
16162.1 82430 43030.2
16171.6 839529 46412.5
16182.2 930690 193460
16192.9 559505 128832
16203.1 79340 53420.9
16211.5 178256 136473
16222.5 1.07058e+06 178711
16231.8 798555 146415
16242.6 373002 105230
16252.9 61823 42384.4
16262.4 265842 161997
16272.8 577021 184846
16284 215352 131926
16292.5 286205 114220
16302.1 528834 277260
16311.9 1.20247e+06 295139
16321.9 355485 100509
16332 617206 122383
16341.9 244202 85005.8
16352.6 495134 203204
16361.9 172562 75580
16372 48427 36790.4
16382 1.35394e+06 222322
16391.9 241112 44048.7
16402.6 318390 137495
16412.5 490224 156736
16422.8 452344 92654.1
16431.5 715338 109451
16442 600720 117035
16452.2 292630 98939.6
16462.6 408035 111045
16472 368879 175754
16481.6 429673 219078
16491.5 477071 171439
16501.1 859352 208792
16512.2 456464 109280
16523 167952 83886.5
16531.5 250384 97294.1
16542.9 943843 316274
16551.9 852137 149233
16561.8 621328 243370
16571.9 411127 175564
16582.1 495619 214365
16592.8 487377 278904
16603.4 466770 371001
16614 347243 253831
16622.2 258385 111923
16632.4 206320 85300.1
16641.9 1030 963.477
16652 72127 48652.7
16662.8 1.2746e+06 422861
16672.1 1.74859e+06 1.37074e+06
16681.9 543018 112303
16693.5 251414 110074
16702.8 111281 74759.3
16712.6 550232 475598
16722.8 5152 4819.25
16732.9 129830 94457.2
16742.5 0 0
16752.9 177228 165782
16762.9 278207 127143
16773 462648 279485
16783 646058 247883
16791.4 261477 169827
16801.8 655576 388889
16811.2 9273 8674.1
16822 239052 209660
16832.6 957240 886622
16842.6 381002 165761
16852 953360 275296
16862.4 1.27563e+06 766157
16871.1 389245 119623
16882.6 711217 383036
16892.8 207108 139644
16902.8 183409 78941.1
16913.1 177227 103060
16922.4 307842 107010
16932 322758 184812
16942.1 720247 181916
16951.9 1.27357e+06 637866
16961.2 529622 148261
16972.4 719217 122646
16981.8 403914 115433
16992.5 606903 191449
17001.8 252446 168544
17011.9 105099 73089.4
17021.8 607934 258672
17032.9 469859 181221
17042.9 162802 98279.9
17053.6 324576 262341
17062.6 457493 138564
17072 1.04482e+06 276734
17082.1 458526 93146.1
17091.9 719216 236614
17102.2 352395 81755.9
17111.9 29880 20758.2
17121.9 317118 125801
17132.6 110495 53094
17142.4 284388 182063
17154 103039 45942.4
17162.5 171831 102423
17171.5 781284 299479
17183 1.07961e+06 344527
17191.4 744190 264878
17201.9 734428 154235
17213.1 386641 115310
17223.4 116434 101319
17233.8 549201 204554
17241.8 172074 74708.7
17251.1 1.47553e+06 202536
17262.4 417308 125683
17271.8 220504 68189.2
17281.4 541988 171169
17291.9 79339 29177.8
17301.9 313238 142799
17311.9 1.02294e+06 224377
17322.4 616420 160778
17331.8 338998 112521
17342.2 607934 148554
17351.4 871715 249045
17362.4 481194 92827
17372.8 29880 16801.1
17382.5 182380 102279
17392.5 274083 137871
17402 1.32406e+06 503131
17412.2 764553 282607
17422.5 167952 92137.8
17433.5 196805 81256.6
17442 307844 129709
17451.9 660728 262120
17460.8 1.2249e+06 258003
17472.6 380458 190135
17483 85522 57829.4
17493.4 20608 19277
17502.5 245232 106314
17512.4 390518 130107
17522.5 264812 112521
17532.5 199896 111137
17543 193714 119668
17552.5 706852 481841
17562.9 523440 187107
17572.1 489438 218148
17582.5 342090 131205
17592 286205 109658
17602.6 874019 258327
17612.2 531682 122829
17621.8 301905 35453.3
17631.8 415248 95053.6
17641.8 679030 100641
17652.5 434826 80499.9
17662.8 231838 91135.9
17671.4 671817 161592
17681.5 761463 148969
17691.8 604842 146054
17702.4 730549 72611.1
17711.9 399793 173052
17722.5 363729 120239
17732.5 5151 3837.57
17741.2 1.14271e+06 402350
17752.2 833592 314815
17762.4 240081 63691.9
17772 213289 132377
17781.6 304997 187414
17792.2 514167 192632
17802.1 728489 232948
17812.9 190624 178312
17822 172074 112492
17831.6 969604 357687
17841.6 1030 963.477
17852.1 221535 118522
17862.1 262750 174806
17872.4 359609 251586
17882.2 1.51572e+06 381850
17891.8 596600 242514
17902.1 452341 293403
17913 175166 109521
17922.4 1.2746e+06 237014
17931.8 649149 86514.1
17942 524226 124332
17952.8 314513 106988
17961.9 281297 144605
17971.5 776918 310490
17982.6 381245 201219
17992.1 104069 58685.7
18002.9 497680 270479
18013 40184 28235.2
18021 550232 277577
18032.2 1.66306e+06 534041
18042.8 835651 161375
18051.1 758371 300612
18062.5 676969 127773
18072.5 111282 55219.7
18081.9 54610 45662.8
18091.6 218444 151177
18102.5 412159 199770
18112.8 205048 161884
18122.9 764553 462510
18132.1 369912 189276
18142 50488 41840.3
18152.9 29881 22096.4
18162.1 897233 697484
18172.1 675153 304271
18182.1 0 0
18192.9 223595 140266
18202.2 566719 308035
18212.5 577021 284953
18222.5 675940 425551
18232.8 213292 103106
18241.8 346213 164928
18252.6 300874 127744
18262.2 1.04173e+06 513587
18272.8 1.47941e+06 583907
18282.8 804982 160959
18292.5 729520 355355
18301.1 401853 178814
18313.1 484286 129435
18322.4 4120 1456.64
18333.1 245232 148268
18343.2 0 0
18352.4 784918 283779
18361.1 1.41807e+06 515571
18372.1 661514 199975
18382.5 378153 161950
18392.1 17516 15313.3
18402.4 2060 1926.95
18412.9 0 0
18421.8 153528 101052
18431.9 980695 303627
18442.9 294936 117130
18453.2 124677 82347.2
18462.9 106917 97828.1
18472.5 621571 289890
18481.6 191653 74027.3
18491.9 0 0
18501.8 885654 141181
18511.2 1.69446e+06 552081
18522 529623 82493.2
18531 785161 254213
18541.9 289539 80032.4
18552.6 46366 19051.6
18562.1 0 0
18571.4 1.47941e+06 343800
18581.2 837956 219921
18591.6 650179 137429
18602.6 516227 157856
18611.1 247293 130239
18623.2 140132 55392.6
18633.1 75218 68168.9
18642.5 196805 115666
18653 227717 121061
18662.9 14425 9301.7
18673.6 487378 335724
18683.2 0 0
18692 273055 181756
18702.8 653272 264580
18713.2 355487 170794
18722.5 403913 243571
18731.8 1.30321e+06 552544
18740.8 1.30473e+06 348982
18752.8 530653 158165
18762.6 218441 67708.6
18773.1 69035 36572.9
18782.4 213292 120336
18792.6 519317 123450
18800.6 1.19811e+06 278288
18811.2 523684 70844.4
18822 142193 58100.7
18831.2 679574 137779
18841.1 979363 122158
18851.5 697577 84730.3
18861.4 623390 203430
18871.4 608965 181294
18881.5 720246 217558
18892.9 630602 197374
18901.8 459556 263564
18912.9 248324 85534.8
18921.5 204018 88886.3
18931.9 193714 122284
18942.4 155589 82629.9
18952.9 376095 341999
18961.2 118494 48482.1
18971.8 1.40546e+06 739346
18981.9 215351 81634.7
18992.1 1.39516e+06 806465
19002.1 461618 234293
19011.6 248324 87594.6
19022.1 312209 201112
19032.2 316330 143532
19042.8 824317 543244
19052.5 13395 8488.93
19062.2 12364 11565.5
19072 22668 21204
19082.4 330758 309396
19092 152498 116157
19102.6 1.36837e+06 597792
19112.6 2.13498e+06 617323
19122.5 264812 118352
19133.1 285420 178690
19142.9 47397 42176.7
19153 368882 259385
19162.2 210198 157351
19172.5 718186 283622
19181.8 1.01082e+06 927984
19191.8 1.72798e+06 548380
19201.4 396701 183546
19212 618239 303148
19221.5 35033 19041
19231.2 326635 112260
19242.2 254508 107027
19252.5 303966 198262
19262.1 301906 183989
19272.4 928389 812664
19282.9 354456 163674
19292 1.22102e+06 671626
19302.5 848017 262949
19311.5 475013 307222
19322.2 56671 33147.4
19333 23698 20056.1
19342.5 0 0
19353 2060 1926.95
19362.4 430705 317663
19372.4 279235 82527.7
19382 80369 34690
19393 131891 117961
19403 138860 98696.2
19411.9 650423 245696
19423.6 1.65148e+06 759762
19432.1 862685 320693
19441.8 452344 204572
19451.6 71097 62216.7
19460.8 1.05925e+06 253839
19471.4 1.02318e+06 304209
19481.9 700669 110882
19490.9 818135 111652
19503.4 327664 60989.5
19512.8 196805 105528
19523.4 181349 117338
19532.5 306813 124208
19542.1 667940 380666
19551.5 629573 315527
19562.6 787223 374068
19572.9 132920 116762
19581.4 0 0
19591.5 110252 103131
19603.2 303966 148323
19611.9 638846 297063
19622 316331 176856
19632.9 99948 48776.5
19642.9 554353 317913
19652.9 471921 230757
19662.6 533745 329073
19672.2 1.30036e+06 245930
19681 1.11362e+06 321027
19692 509260 188576
19702.6 592477 149287
19713.1 417309 141978
19722.4 245234 148825
19732 181347 77204.5
19741 780010 167039
19751.8 280267 169993
19762.1 484286 282076
19772.2 161772 76234.6
19782.2 1.28775e+06 512718
19792.4 412401 134179
19801.5 463677 162161
19811 933539 330287
19823 970633 384423
19832.2 268931 66680.8
19841.2 639877 225499
19851.4 491499 115597
19861.5 1.38898e+06 354419
19873.6 307057 135008
19883.9 1030 963.477
19892.9 3091 2891.37
19902.6 0 0
19912.9 0 0
19923.2 0 0
19933.2 0 0
19943.8 138071 46716.3
19952.2 50487 38620.9
19963.2 124678 110166
19973.4 0 0
19982.9 0 0
19992.8 1.09737e+06 340089
20002.4 1.91939e+06 579641
20012.6 211473 99949.3
20022.1 1.6981e+06 819831
20032.4 616177 289924
20042.1 300875 189336
20052.1 403915 189605
20062.4 275114 216040
20072.8 139102 82449.7
20082.9 550232 149934
20093.4 414220 179750
20103.4 136012 125040
20112.8 35033 32770.4
20121.1 650179 304812
20132.8 252446 70969
20142.5 94794 55602.9
20152 715096 194081
20161.6 903658 260872
20171.8 71097 42232.2
20181.8 104068 68441.2
20191.8 142193 39793.4
20201.4 851894 203791
20211.8 142436 84866.1
20221.6 902383 250791
20231.5 422703 78295.2
20243.5 264810 65500.5
20252.5 194742 73857.6
20262.5 682122 83325.4
20271.1 467798 62161.9
20281.2 513137 67877.3
20293.6 266871 98433.4
20302.6 373002 105863
20311.6 74187 40039.9
20321.1 667696 232483
20330.6 472950 127595
20342 534775 112615
20351.5 553321 152537
20361.2 761462 187556
20372.5 320452 69020.7
20382.9 105099 35716
20393 555384 222031
20401.6 675940 333961
20411.9 210198 100653
20422.5 292632 149162
20432.2 770737 327414
20442 283358 128250
20452.9 342091 160007
20463.1 987119 381881
20472.8 400824 244198
20481.9 249354 110371
20492.5 423250 159462
20501.4 886143 229842
20512.5 1.0801e+06 371947
20521.2 385367 123783
20531.4 416279 119899
20542.4 569807 137900
20551.1 1.08913e+06 401469
20561.4 462646 144604
20572.6 412158 151100
20582.5 261719 71770
20592.9 211231 186681
20603.4 61824 43716.2
20613 2060 1926.95
20622.2 294692 154049
20631.5 49458 26026.1
20642.4 755038 357429
20652.2 356761 315929
20661.6 1.82071e+06 624020
20672.4 352394 195601
20683.4 431736 276857
20693.5 170016 107191
20701.5 475011 153055
20711.8 1.18599e+06 212195
20722.4 904688 496402
20731.8 513137 140125
20742.2 156618 61789.3
20752.9 184440 113362
20763.2 28851 26987.6
20772.9 340030 216172
20782.4 821226 243863
20791.9 1.14889e+06 301000
20801.8 850078 85124.4
20811.5 770735 106387
20823 653271 155702
20833.1 119523 45710.4
20843 149408 103024
20852.6 8242 6677.01
20861.4 753221 269882
20871.9 1.38382e+06 415902
20882.2 666664 236527
20892.8 147345 57839
20903.1 3091 2891.37
20912.2 8242 5047.17
20922 273054 140870
20932.5 208139 105159
20942.6 709943 237200
20951.9 521380 202130
20962 1.29109e+06 507536
20971.6 165892 87218.6
20981.8 420402 385570
20992 146316 134669
21002.1 1.13756e+06 251008
21011.2 1.16641e+06 182767
21021.4 685214 71898.4
21032.9 267901 52215.8
21043 353425 158824
21051.8 740856 208759
21061.4 587326 183433
21071.4 932509 147785
21081.8 341060 151569
21092 53580 49027.7
21101.9 222565 115854
21112.8 422461 142596
21121.6 708912 316847
21132.9 344151 206588
21143.2 666668 355902
21151.2 826137 220393
21162.5 270204 140235
21172.1 593507 285936
21182.6 154559 126892
21192 538898 333410
21202.6 1.46935e+06 219074
21212.9 50488 23561.2
21222.6 39154 25228.8
21232 521379 253724
21241.2 1.30654e+06 234773
21251.2 148373 55717.6
21262 509015 202655
21272.5 11334 10602
21282.5 732610 208896
21292.8 419369 123178
21300.9 697579 135009
21311.9 904689 285042
21323.2 204017 47638.7
21331.8 232866 76022.5
21342.4 588356 194688
21352.1 569809 133136
21361.9 187531 80881
21372.4 404945 173990
21381.6 628540 158405
21391.8 744975 128721
21401.9 331786 80037
21412.4 176195 137356
21422.6 499740 158245
21431.5 302936 86439.8
21440.8 925295 174559
21451.8 751157 105960
21461.6 521379 124527
21472.1 342090 87128.1
21482.8 119525 85690.1
21492.6 313239 149311
21501.2 16485 9554.95
21510.9 563381 91177.6
21522.4 1.19138e+06 305512
21532.8 258627 63148.3
21542.5 31941 25632.8
21551.5 284388 121944
21562.1 1.08707e+06 264030
21573.5 221533 60653.4
21581.5 290569 85091
