# TimeStamp(s) Sum Stdev
0 1.94745e+06 121436
10 2.00516e+06 264722
20 2.14941e+06 264401
30 2.17723e+06 273802
40 2.02782e+06 157446
50 1.69191e+06 186071
60 1.73519e+06 321012
70 1.88666e+06 202879
80.125 1.69913e+06 140539
90 2.14014e+06 240413
100 1.68985e+06 229754
110.375 1.71458e+06 230718
120 2.09892e+06 231081
130 1.8135e+06 179265
140 1.78774e+06 187614
150.125 1.69191e+06 220817
160 1.44668e+06 198816
170 1.67028e+06 179939
180 1.78362e+06 242514
190 1.93921e+06 185230
200 1.55796e+06 148927
210 1.75168e+06 156940
220.25 1.48274e+06 165516
230 1.38692e+06 200998
240 1.91242e+06 338399
250 1.86193e+06 157233
260 2.09068e+06 322303
270.125 1.71664e+06 145069
280.125 1.9186e+06 187481
290 1.98764e+06 360588
300 1.75477e+06 202250
310 1.91345e+06 150865
320 1.38898e+06 179834
330 1.80114e+06 243283
340 1.59712e+06 140685
350.125 1.84338e+06 228498
360 1.5796e+06 228971
370 2.12777e+06 140410
380 1.70531e+06 278960
390 1.88872e+06 162564
400 1.91036e+06 144129
410 2.06698e+06 144944
420.25 1.68264e+06 117668
430 2.01855e+06 197183
440.625 1.99073e+06 343249
450.125 1.60742e+06 212522
460 1.96291e+06 272994
470 1.91345e+06 231707
480 1.67646e+06 251087
490.25 1.9423e+06 240443
500 1.76507e+06 190150
510 1.61875e+06 202929
520 1.4611e+06 210312
530 1.71974e+06 191908
540 2.06183e+06 329585
550 2.10716e+06 89068.2
560 1.81041e+06 182686
570 2.14014e+06 238915
580.125 1.98764e+06 153481
590.375 1.55075e+06 130128
601 1.64555e+06 160947
610 2.15972e+06 444482
620 2.20608e+06 199653
630.125 1.9423e+06 301197
640 1.8475e+06 253015
650 1.97734e+06 251178
660.5 2.17723e+06 160752
670.25 1.85368e+06 117587
680 1.52293e+06 209857
690.375 1.60124e+06 215266
700 1.90006e+06 197692
710 1.62082e+06 144079
720 1.80217e+06 128341
730.125 1.78259e+06 261254
740 1.86502e+06 184656
750.125 1.89696e+06 130706
760 1.95982e+06 354205
770 2.10613e+06 322632
780 2.18857e+06 214249
790 1.97115e+06 169422
800 2.19681e+06 366625
810 1.60536e+06 197637
820.125 1.47759e+06 225513
830 1.34879e+06 185981
840.25 1.29006e+06 211636
850 899536 35707
860.5 1.33334e+06 124416
870 1.53838e+06 156858
880 1.89696e+06 235095
890 1.7898e+06 179954
900.125 1.50541e+06 139526
910 1.29418e+06 66856.9
920 1.51468e+06 144357
930.125 1.62906e+06 268466
940 1.72592e+06 119063
950 1.90933e+06 187832
960 1.37558e+06 152216
970 1.71252e+06 280169
980 1.5899e+06 322462
990 1.95776e+06 424890
1000.12 1.99897e+06 380693
1010 1.92582e+06 243545
1020.12 1.98455e+06 248870
1030 1.70222e+06 153291
1040 1.57651e+06 150986
1050 1.94952e+06 261303
1060.12 1.79392e+06 251476
1070 1.593e+06 201120
1080 1.59918e+06 181783
1090 1.94024e+06 234994
1100 1.64555e+06 128556
1110 1.51778e+06 501741
1120 1.89696e+06 407602
1130 2.02576e+06 239047
1140 2.30706e+06 225972
1150.12 1.82792e+06 226218
1160 1.75477e+06 138361
1170 1.661e+06 246073
1180 2.16693e+06 333707
1190 1.4745e+06 162597
1200 1.61051e+06 172351
1210 1.7084e+06 272122
1220 1.91448e+06 260012
1230 1.96806e+06 215286
1240 1.53942e+06 133426
1250.12 1.86708e+06 260127
1260 1.53323e+06 184358
1270 2.05358e+06 376753
1280 2.01134e+06 394168
1290 1.66615e+06 431299
1300.12 1.62494e+06 236438
1310 1.60021e+06 181675
1320 1.82793e+06 181443
1330 1.68985e+06 213429
1340.62 1.43534e+06 165952
1350 1.48892e+06 279437
1360.12 1.48171e+06 130985
1370 1.6136e+06 169787
1380.88 1.5662e+06 244037
1390 1.70634e+06 151899
1400 2.21845e+06 377366
1410 2.28955e+06 380260
1420 1.92272e+06 196392
1430 1.93921e+06 177065
1440 2.05255e+06 213430
1450.62 1.73622e+06 204398
1460 1.52293e+06 297697
1470 1.93921e+06 262886
1480.88 936629 98573.5
1490 1.67543e+06 371055
1500 2.09377e+06 130141
1510 1.93921e+06 220394
1520 1.89799e+06 293050
1530 1.74343e+06 253696
1540 1.81247e+06 258741
1550 1.85163e+06 253185
1560 2.33488e+06 186487
1570 1.61669e+06 212804
1580.12 1.73725e+06 351062
1590 1.88872e+06 91970.8
1600 1.54766e+06 234265
1610.12 1.44668e+06 203117
1620 1.83102e+06 175383
1630.25 1.54663e+06 84717.9
1640 1.95776e+06 217749
1651.75 1.80938e+06 281550
1660.25 1.91448e+06 430139
1670.38 1.55281e+06 149355
1680 1.66924e+06 175410
1690 1.7795e+06 254992
1700 1.89181e+06 284536
1710.38 1.47553e+06 301906
1720.38 1.18393e+06 152965
1730 1.28594e+06 155450
1740 1.5559e+06 179021
1750 1.40237e+06 179227
1760 1.60433e+06 438912
1770 2.07625e+06 191319
1780.12 2.21536e+06 199833
1790 1.92066e+06 187545
1800 1.77744e+06 243924
1810 1.72283e+06 196203
1820.12 2.02988e+06 228176
1830 2.60485e+06 459295
1840 2.61206e+06 218393
1850.12 1.83205e+06 273395
1860 1.66409e+06 197161
1870 1.60433e+06 301905
1880.25 1.78053e+06 195168
1890 1.64452e+06 318349
1900 1.50026e+06 205523
1910 1.62082e+06 152638
1920 1.4745e+06 157361
1930 1.60536e+06 108293
1940 1.35394e+06 222818
1950.25 1.75374e+06 200749
1960 2.48532e+06 277581
1970 1.73622e+06 258841
1980 2.18857e+06 208843
1990 1.73519e+06 258541
2000 2.19681e+06 362127
2010.12 1.64348e+06 388563
2020.5 1.4745e+06 211563
2030.12 1.38176e+06 162398
2040 1.29933e+06 171752
2050 1.53838e+06 163226
2060 2.00722e+06 169857
2070.12 2.01443e+06 272548
2080 2.03401e+06 148039
2090 1.70016e+06 197803
2100.38 1.32818e+06 105871
2110.12 1.70016e+06 222236
2120 1.80011e+06 378487
2130.25 1.57342e+06 154378
2140 1.8743e+06 212532
2150 1.79495e+06 209010
2160.25 1.84956e+06 181344
2170.12 1.62494e+06 136515
2180 1.22823e+06 92656.2
2190 1.25915e+06 68917.2
2200 1.2406e+06 104594
2210 1.17259e+06 177455
2220 1.26636e+06 73584.5
2230.5 1.67955e+06 211935
2240 1.24369e+06 181798
2250 1.67131e+06 278817
2260.25 1.81247e+06 150088
2270 1.53323e+06 172474
2280 1.78671e+06 109782
2290.5 1.69500e+06 168992
2300 1.93303e+06 399484
2310 2.06492e+06 183983
2320.12 2.22772e+06 342632
2330 2.1999e+06 299917
2340.38 2.40701e+06 373236
2350 1.98455e+06 194769
2360.25 2.18342e+06 190769
2370 1.37352e+06 146382
2380.12 1.58166e+06 263744
2390 1.82484e+06 314290
2400.12 2.11541e+06 239030
2410 1.95673e+06 315100
2420.12 1.8032e+06 124680
2430 2.00825e+06 164231
2440 1.81453e+06 113413
2450 2.17002e+06 252277
2460.12 1.50232e+06 147342
2470 1.48996e+06 146344
2480 1.00567e+06 46424.8
2490 1.26224e+06 101330
2500.12 1.42607e+06 119491
2510.12 1.34467e+06 57489.7
2520 1.70222e+06 282401
2530 1.6033e+06 233821
2540 2.07522e+06 238820
2550 2.44926e+06 367061
2560 1.7795e+06 505155
2570 2.29779e+06 248357
2580 1.96394e+06 268718
2590 1.76301e+06 141698
2600.12 1.61772e+06 174103
2610 1.57651e+06 131195
2620 1.62906e+06 221783
2630 1.33849e+06 162156
2640 1.4405e+06 154750
2650 1.91757e+06 238207
2660.12 2.03607e+06 520502
2670 1.71355e+06 327723
2680.25 2.21124e+06 233657
2690.12 1.89078e+06 236525
2700 1.81556e+06 200262
2710 2.04225e+06 143709
2720 2.15456e+06 424810
2730.25 1.8475e+06 213387
2740 1.90212e+06 309071
2750 1.7424e+06 540185
2760 1.77126e+06 236936
2770 1.39104e+06 119897
2780 1.48996e+06 167349
2790.38 1.54250e+06 136981
2800.38 1.53838e+06 139488
2810 1.65379e+06 673568
2820 1.65688e+06 297503
2830 1.91242e+06 132958
2840 1.57857e+06 171090
2850 1.91551e+06 189565
2860 2.14117e+06 168266
2870 2.35446e+06 276761
2880.12 1.58578e+06 260441
2890 2.08656e+06 225911
2900 1.87223e+06 296485
2910.5 1.62082e+06 236736
2920 2.01855e+06 266766
2930 1.74446e+06 152352
2940 1.86605e+06 301427
2950 1.95879e+06 373260
2960 1.9423e+06 296952
2970 1.58269e+06 231393
2980 1.43741e+06 238830
2990 1.43740e+06 310319
3000 1.7661e+06 262673
3010 1.75889e+06 166134
3020.75 1.27975e+06 80473.8
3030.12 1.08295e+06 179035
3040.12 1.71664e+06 81522.4
3050 1.77022e+06 144342
3060.12 1.7424e+06 139176
3070 1.25502e+06 138471
3080 1.90418e+06 125158
3090.25 1.79392e+06 234125
3100 2.10407e+06 448425
3110.88 1.93406e+06 508658
3120 1.92478e+06 275470
3130.12 1.81144e+06 154613
3140.25 2.03401e+06 171138
3150.12 1.55693e+06 211197
3160.25 1.50335e+06 164413
3170.12 1.78465e+06 255165
3180 2.07831e+06 402453
3190 1.91551e+06 178673
3200 2.04946e+06 85068.1
3210 1.89696e+06 247182
3220.38 2.03092e+06 183092
3230.12 1.24678e+06 154311
3240 1.34158e+06 140541
3250 1.70737e+06 225488
3260 1.59197e+06 188219
3270 2.15868e+06 248053
3280 1.61669e+06 237387
3290.12 1.71767e+06 194890
3300 1.18599e+06 78031.3
3310 1.42504e+06 151237
3320.38 1.75065e+06 330763
3330.25 1.61566e+06 326563
3340 1.3354e+06 212553
3350.75 1.3797e+06 106843
3360 1.12932e+06 151815
3370 1.8846e+06 221611
3380.12 1.4982e+06 99130
3390 1.35806e+06 108292
3400 2.33694e+06 211747
3410 2.34107e+06 176875
3420 2.51623e+06 394283
3430.12 2.27306e+06 250634
3440 2.12468e+06 371887
3450 2.08037e+06 270735
3460.12 2.12674e+06 261372
3470 1.51572e+06 204261
3480 2.08037e+06 273030
3490 1.98249e+06 156641
3500 2.02061e+06 134989
3510 1.7558e+06 209483
3520.12 1.56724e+06 152982
3530 1.27872e+06 154116
3540 1.60845e+06 140690
3550 1.31685e+06 110342
3560.12 1.50129e+06 74095.2
3570 1.29727e+06 130686
3580 1.69501e+06 142657
3590 1.51777e+06 191618
3600.5 1.5559e+06 144651
3610.12 1.54663e+06 163934
3620.38 1.45904e+06 150319
3630.25 1.70531e+06 242350
3640.38 1.5322e+06 245799
3650 1.66203e+06 314385
3660 1.82277e+06 149457
3670 1.70016e+06 155681
3680.38 1.44359e+06 180478
3690 1.58063e+06 212281
3700 1.83411e+06 179709
3710 1.87017e+06 131556
3720 1.79392e+06 139435
3730 1.7424e+06 250329
3740 1.70531e+06 224865
3750 1.72386e+06 187745
3760 1.99794e+06 252824
3770 2.28749e+06 227170
3780.12 1.89181e+06 252669
3790 2.01546e+06 234877
3800 1.83617e+06 180616
3810 1.99794e+06 279799
3820 1.88666e+06 207817
3830 1.56208e+06 165468
3840 1.46626e+06 200112
3850 1.33024e+06 132565
3860.38 1.44256e+06 91711.4
3870 1.75271e+06 121543
3880.12 1.627e+06 132654
3890.25 1.67955e+06 176128
3900.12 2.02267e+06 196949
3911 1.54354e+06 299334
3920.38 1.51159e+06 441949
3930 1.91448e+06 353398
3940.12 1.39413e+06 155447
3950.12 1.74652e+06 143337
3960 1.84029e+06 197233
3970 1.75477e+06 185079
3980 1.68882e+06 166156
3990 1.30551e+06 126197
4000 1.64554e+06 240151
4010 1.40237e+06 218864
4020 1.44771e+06 191288
4030 1.49099e+06 155829
4040 1.51572e+06 178462
4050 1.61978e+06 131068
4060.25 1.38795e+06 197407
4070 1.41164e+06 216648
4080.12 1.71252e+06 197798
4090 1.76198e+06 290309
4100.38 1.5116e+06 78553.1
4110 1.67130e+06 112618
4120.25 1.71252e+06 198719
4130.12 2.2133e+06 310511
4140 1.66615e+06 219586
4150 1.34467e+06 148001
4160 1.79495e+06 149594
4170 1.09016e+06 91325.5
4180.12 1.96394e+06 220571
4190 1.78774e+06 203114
4200 1.74137e+06 144872
4210.25 1.68367e+06 177545
4220.5 1.20144e+06 187887
4230 1.33333e+06 154558
4240.12 1.39104e+06 225484
4250 1.47656e+06 119796
4260 1.51468e+06 158023
4270.12 1.46626e+06 217160
4280.38 1.4405e+06 136720
4290.25 1.40031e+06 165317
4300 1.01597e+06 117834
4310.12 1.2303e+06 81117.9
4320 1.40546e+06 157661
4330 888202 101427
4340 1.06234e+06 141952
4350.12 1.67027e+06 384542
4360 1.68573e+06 288158
4370.62 1.64967e+06 144126
4380 1.38176e+06 110929
4390 1.77332e+06 142348
4400 1.35806e+06 105482
4410.25 1.25502e+06 134992
4420.25 837712 120982
4430.12 1.06028e+06 199153
4440 1.05204e+06 155798
4450 1.2406e+06 144770
4460 1.3117e+06 113545
4470 1.38898e+06 122066
4480 1.31891e+06 156030
4490 1.12622e+06 264148
4500 1.28594e+06 216060
4510 1.30242e+06 159423
4520 1.90108e+06 213235
4530 1.84029e+06 230726
4540 1.81968e+06 231236
4550.12 1.46626e+06 184918
4560 1.65894e+06 199960
4570 1.65585e+06 282300
4580 1.69707e+06 321582
4590.25 1.39928e+06 303301
4600.12 1.57033e+06 211827
4610 1.93818e+06 262170
4620.25 1.86193e+06 200663
4630.38 1.25502e+06 168184
4640.12 1.79186e+06 174621
4650.25 1.31376e+06 121578
4660 1.31479e+06 147854
4670.25 1.53632e+06 179862
4680 1.41474e+06 84755.2
4690.12 1.89181e+06 224239
4700 1.95363e+06 201031
4710.12 1.70428e+06 262349
4720.12 1.932e+06 211962
4730 1.80938e+06 290349
4740 2.19269e+06 296085
4750 2.31221e+06 297891
4760.12 2.11541e+06 497342
4770.25 1.93818e+06 216857
4780 1.64555e+06 175761
4790 1.82071e+06 192248
4800.12 1.60433e+06 349863
4810.12 968574 98294
4820.25 1.84544e+06 145104
4830 1.61463e+06 162440
4840.12 1.7898e+06 125391
4850 2.00516e+06 253808
4860 2.03504e+06 152579
4870 1.6981e+06 162685
4880 2.26482e+06 453387
4890 2.69758e+06 415347
4900 1.83926e+06 267425
4910 1.54148e+06 155560
4920 2.06492e+06 166950
4930 1.69088e+06 216293
4940 1.83617e+06 301352
4950 2.15662e+06 314655
4960 1.47862e+06 296379
4970.12 2.21226e+06 256286
4980 2.15353e+06 194173
4990.5 1.59609e+06 114796
5000 2.04225e+06 237930
5010 1.86605e+06 282532
5021.12 1.81556e+06 154070
5030 1.48892e+06 237359
5040.5 1.62597e+06 153247
5050.12 1.44565e+06 245931
5060.12 1.90108e+06 227333
5070 1.70531e+06 112086
5080.38 1.71046e+06 120570
5090 1.83411e+06 146222
5100 1.38279e+06 134551
5110 1.71768e+06 100504
5120.38 2.19475e+06 249177
5130 1.97836e+06 250953
5140 1.89696e+06 236626
5150 1.84338e+06 173487
5160.38 2.00309e+06 115882
5170 1.45183e+06 116106
5180.12 1.43225e+06 128620
5190.12 1.61876e+06 336866
5200.25 2.11644e+06 277642
5210 1.60433e+06 127686
5220 1.55693e+06 220349
5230 1.16641e+06 120807
5240 1.38691e+06 99940.8
5250 1.42504e+06 41201.1
5261.38 1.59506e+06 156193
5270 1.16126e+06 188985
5280 1.49614e+06 152680
5290 1.21484e+06 137233
5300.5 1.38176e+06 153802
5310 1.1798e+06 173893
5320.62 1.63009e+06 145777
5330 1.40546e+06 203967
5340 1.48789e+06 72437
5350.12 1.63936e+06 196859
5360.25 1.82277e+06 284142
5370.12 1.76816e+06 263509
5380 1.97527e+06 268327
5390 1.8372e+06 282286
5400.12 1.38073e+06 133651
5410 1.44256e+06 142321
5420.5 1.08707e+06 130283
5430 1.35703e+06 211510
5440.5 1.66409e+06 108779
5450.12 1.43947e+06 133603
5460.62 935600 94100.3
5470 1.27357e+06 79186.7
5480 2.00103e+06 385455
5490 2.06698e+06 276921
5500.25 1.33746e+06 160244
5510 1.36012e+06 107981
5520 1.91345e+06 273766
5530 2.49666e+06 276410
5540.12 1.78465e+06 312536
5550.12 2.28954e+06 138164
5560 1.86605e+06 132710
5570 1.97218e+06 225795
5580 1.73931e+06 331312
5590 1.54766e+06 195296
5600 2.1659e+06 217664
5610.12 1.9423e+06 206316
5620 1.75683e+06 279967
5630 1.64658e+06 215212
5640 1.58887e+06 231704
5650.12 1.34673e+06 102895
5660 1.84029e+06 232458
5670 1.52705e+06 161301
5680.25 1.27872e+06 280498
5690.12 1.81556e+06 266026
5700.12 1.68882e+06 201186
5710.12 1.94539e+06 233030
5720.12 1.62184e+06 241991
5730 1.57342e+06 120856
5740 1.48171e+06 130912
5750 1.6167e+06 162721
5760.12 1.71046e+06 182384
5770 1.88254e+06 200290
5780 1.8372e+06 117406
5790 1.57136e+06 281199
5800 1.11901e+06 126557
5810.12 1.82896e+06 174740
5820.12 1.74137e+06 372916
5830.12 1.593e+06 114367
5840 1.25296e+06 184715
5850 1.17465e+06 122916
5860.25 1.28696e+06 219374
5870.25 1.2169e+06 106455
5880 1.61154e+06 162640
5890.88 1.53735e+06 182732
5900 889232 100372
5910 1.51984e+06 129510
5920 1.64555e+06 178124
5930.12 1.25502e+06 118400
5940 1.61051e+06 277849
5950 1.72489e+06 212332
5960 2.18650e+06 237362
5970 2.12983e+06 240509
5980 1.95673e+06 182314
5990 2.14014e+06 241149
6000 2.24112e+06 200282
6010 2.21948e+06 265646
6020 1.11798e+06 102357
6030.12 1.79495e+06 179584
6040.25 1.60124e+06 198243
6050 1.11695e+06 107991
6060 1.82380e+06 128918
6070.5 1.65276e+06 201110
6080 1.22514e+06 123269
6090 1.43225e+06 151645
6100 1.25502e+06 209258
6110 1.3354e+06 178125
6120.12 1.61463e+06 148596
6130 1.20041e+06 118302
6140 1.5085e+06 202573
6150 1.55487e+06 179656
6160 1.55693e+06 180325
6170.25 1.39001e+06 106545
6180.12 1.44668e+06 137989
6190.12 2.05770e+06 225504
6200 2.23287e+06 182060
6210 1.78362e+06 193835
6220 2.03195e+06 204845
6230 1.627e+06 128018
6240.12 1.4168e+06 184400
6250 1.44359e+06 297407
6260 1.64761e+06 243185
6270 1.86502e+06 176098
6280 1.26739e+06 117354
6290.62 1.43328e+06 148674
6300 1.63833e+06 266516
6310 1.88975e+06 145878
6320 2.1999e+06 242297
6330.12 1.93921e+06 227412
6340 1.93097e+06 328993
6350 1.6744e+06 186251
6360.12 1.89387e+06 205025
6370 2.14117e+06 178088
6380 1.93097e+06 95574.7
6390 1.97115e+06 214984
6400 1.89902e+06 204974
6410 2.26378e+06 107121
6420.25 1.55796e+06 81603.7
6430 1.38382e+06 87243
6440 1.09531e+06 163138
6450.12 1.34776e+06 107765
6460.12 1.36528e+06 152220
6470 1.61772e+06 185035
6480 2.01752e+06 168625
6490 1.90108e+06 192721
6500.12 1.98558e+06 434711
6510 1.30963e+06 238513
6520.12 1.73313e+06 179785
6530 1.88357e+06 189750
6540 1.40443e+06 158922
6550.62 1.70737e+06 412707
6560 1.60124e+06 245356
6570.12 1.70119e+06 210216
6580 1.59094e+06 137380
6590 1.88872e+06 344352
6600.12 2.49356e+06 297759
6610 1.76198e+06 312154
6620 2.0814e+06 284080
6630.38 1.70531e+06 200255
6640.12 1.6981e+06 89840.1
6650 1.61463e+06 154488
6660 1.92890e+06 261819
6670.12 1.79289e+06 181824
6680 1.55281e+06 266393
6690 1.12004e+06 115877
6700.5 1.67749e+06 220924
6710 1.74137e+06 388492
6720 1.57239e+06 254259
6730 1.23751e+06 77279.2
6740 1.53632e+06 155940
6750 1.64658e+06 180369
6760.25 1.68058e+06 191801
6770.12 1.58166e+06 108993
6780 1.35497e+06 131277
6790.12 1.53014e+06 123716
6800.5 1.54045e+06 150534
6810 1.85678e+06 164630
6820.12 1.97321e+06 158024
6830 1.35394e+06 146119
6840.12 989181 112837
6850 1.36734e+06 225972
6860 1.50438e+06 192208
6870.12 1.59197e+06 184234
6880 1.53014e+06 137904
6890 1.73416e+06 212192
6900 1.37146e+06 121656
6910 1.40546e+06 105956
6920 1.49202e+06 267920
6930 2.09274e+06 338735
6940 1.67028e+06 129789
6950 1.45389e+06 267796
6960.5 1.39413e+06 239015
6970 1.2066e+06 284031
6980.12 1.59918e+06 208991
6990 1.38176e+06 190799
7000.12 1.44358e+06 96577
7010 1.7898e+06 193367
7020 1.68161e+06 232222
7030.25 2.10098e+06 379860
7040 1.51984e+06 96439.5
7050 1.66409e+06 188839
7060 1.45904e+06 223233
7070 1.35188e+06 139383
7080 1.36631e+06 171207
7090 1.81144e+06 153199
7100 1.77847e+06 159021
7110 2.05667e+06 173854
7120 2.08553e+06 441740
7130 2.02782e+06 214174
7140.12 1.80010e+06 146730
7150.12 1.95157e+06 158593
7160 2.0845e+06 525250
7170 1.8712e+06 279153
7180.12 2.12674e+06 242610
7190 1.7558e+06 226369
7200 1.50026e+06 170518
7210 1.61154e+06 177713
7220.12 2.06183e+06 293031
7230 1.94642e+06 389699
7240 1.7084e+06 200427
7250.12 1.77744e+06 235328
7260.5 1.356e+06 87188.7
7270.12 1.39207e+06 221488
7280 1.64761e+06 126075
7290.12 1.64864e+06 156526
7300 1.51881e+06 203621
7310.12 1.66615e+06 261910
7320 2.1319e+06 270110
7330 1.73416e+06 172880
7340 2.08553e+06 250928
7350 2.09583e+06 261733
7360 1.65276e+06 201711
7370.5 1.82278e+06 187694
7380.25 2.271e+06 408730
7390 2.25245e+06 169034
7400 1.93715e+06 246642
7410 2.41526e+06 159922
7420 2.33385e+06 241326
7430 1.98661e+06 168489
7440 2.18754e+06 183051
7450 2.08965e+06 199722
7460 1.93818e+06 261508
7470.25 1.70222e+06 255123
7480 1.91139e+06 222144
7490.12 2.07728e+06 293601
7500.12 1.51984e+06 124980
7510 1.10768e+06 94819.2
7520 1.28594e+06 110719
7530 1.5456e+06 171505
7540 1.40958e+06 177474
7550.12 1.57136e+06 214001
7560 1.77022e+06 135370
7570.25 1.76095e+06 178886
7580 1.9763e+06 432743
7590 2.06698e+06 312935
7600.75 1.86399e+06 207049
7610 1.89387e+06 400370
7620.12 2.07419e+06 176322
7630 2.09068e+06 92654.7
7640 1.48686e+06 181806
7650 1.89593e+06 320880
7660.12 1.75374e+06 148447
7670 1.75271e+06 295569
7680 1.91757e+06 161151
7690 1.81865e+06 202939
7701.25 1.88563e+06 172793
7710.12 1.40237e+06 198707
7720.62 1.28388e+06 187355
7730 931480 133420
7740 1.73828e+06 169553
7750 1.90211e+06 145879
7760 1.74343e+06 182168
7770 1.77125e+06 160461
7780 1.7084e+06 366955
7790 1.92375e+06 222981
7800 1.69191e+06 160218
7810 1.61773e+06 137849
7820.12 2.21433e+06 296780
7830 1.95982e+06 213816
7840 1.78877e+06 317042
7850 2.25245e+06 277355
7860 1.96703e+06 354999
7870 1.56826e+06 208165
7880 1.99382e+06 387306
7890 1.75374e+06 198419
7900.25 1.99897e+06 206266
7910 2.02989e+06 159455
7920 2.07728e+06 238190
7930 1.98042e+06 219530
7940 1.87842e+06 132881
7950.25 2.01855e+06 228677
7960 2.24627e+06 262382
7970 1.98352e+06 261839
7980.12 2.12571e+06 146320
7990.38 1.71046e+06 316412
8000.25 1.83617e+06 170298
8010.12 1.61463e+06 185755
8020 1.75477e+06 275278
8030 1.81968e+06 74669.8
8040 1.77744e+06 227530
8050 1.66512e+06 328321
8060 1.67543e+06 233238
8070.12 2.32149e+06 316187
8080 1.84338e+06 205951
8090 1.83617e+06 132580
8100 1.61773e+06 238081
8110.75 2.06595e+06 240761
8120 1.63318e+06 227392
8130.38 1.83514e+06 264027
8140 1.63833e+06 196840
8150 1.56311e+06 206481
8160 1.37764e+06 228936
8170.38 1.69294e+06 173143
8180.12 1.56002e+06 153836
8190 1.43740e+06 208593
8200 2.305e+06 390382
8210.38 2.1288e+06 203914
8220 1.77022e+06 142365
8230 2.10098e+06 161174
8240 2.28027e+06 91374.2
8250 1.94951e+06 194574
8260 1.71458e+06 202698
8270.25 1.61978e+06 229166
8280 1.52911e+06 88591
8290 1.71149e+06 233508
8300 1.98764e+06 238183
8310.12 1.81865e+06 220004
8320 2.04637e+06 261846
8330 1.59402e+06 292288
8340 1.84441e+06 298171
8350 1.57548e+06 290252
8360 1.95673e+06 254114
8370 2.38125e+06 265677
8380 2.18548e+06 272826
8390 2.00309e+06 283867
8400 1.44565e+06 175186
8410 1.51366e+06 338448
8420.12 1.80217e+06 191881
8430 1.69191e+06 191370
8440.12 2.28439e+06 243530
8450 1.51572e+06 270089
8460 1.53632e+06 77230.9
8470.62 1.55281e+06 284450
8480 1.60124e+06 209259
8490.75 2.1525e+06 218534
8500.38 1.87842e+06 359152
8510.5 1.60021e+06 176390
8520 1.932e+06 262697
8530.12 1.86811e+06 154766
8540 1.43947e+06 159369
8550 1.40443e+06 115680
8560.25 1.51159e+06 190632
8570 1.44462e+06 130530
8580 1.72489e+06 192405
8590 2.08759e+06 239858
8600.25 2.14632e+06 277302
8610 1.593e+06 163108
8620 1.356e+06 136613
8631 1.70737e+06 294141
8640.12 1.72386e+06 260948
8650.12 2.09892e+06 317236
8660 2.15353e+06 227594
8670.38 2.15868e+06 320639
8680 1.8506e+06 276873
8690.25 1.98042e+06 476960
8700 1.51777e+06 202926
8710 1.74137e+06 184437
8720 1.26224e+06 146625
8730.38 1.75271e+06 196658
8740.12 2.17517e+06 127673
8750 2.04637e+06 181787
8760 2.13808e+06 245382
8770 1.45286e+06 172565
8780 1.56724e+06 173667
8790 1.87739e+06 132979
8800 2.21639e+06 256375
8810 2.27924e+06 220409
8820 2.28027e+06 172554
8830 2.20299e+06 181893
8840.25 1.95260e+06 207827
8850 1.966e+06 205420
8860 1.92788e+06 126142
8870 2.13911e+06 245135
8880 1.99382e+06 109256
8890 1.99073e+06 226191
8900.75 2.26688e+06 297631
8910 1.87223e+06 213083
8920 1.75477e+06 241569
8930 1.69397e+06 197143
8940 1.92685e+06 331308
8950.12 1.84544e+06 135876
8960 1.69088e+06 139416
8970 1.41577e+06 151638
8980 1.99073e+06 342047
8990 1.83411e+06 257246
9000 1.60227e+06 161500
9010 1.82793e+06 171361
9020.12 2.20711e+06 178386
9030.12 2.06904e+06 224329
9040 2.19887e+06 188941
9050 2.1051e+06 143370
9060 1.92272e+06 285094
9070 1.76198e+06 177143
9080 1.94539e+06 302531
9090 1.77228e+06 261770
9100 1.80010e+06 272743
9110.38 2.05255e+06 255074
9120 1.5456e+06 218483
9130.12 1.85163e+06 123939
9140 1.898e+06 216701
9150.12 1.62906e+06 140942
9160 1.95158e+06 253477
9170 1.8372e+06 182607
9180 1.18393e+06 164431
9190 1.37867e+06 176664
9200.38 1.47553e+06 164786
9210 1.94539e+06 221452
9220.38 1.66615e+06 164370
9230.38 1.68058e+06 260034
9240 1.70222e+06 270939
9250 1.63421e+06 368623
9260.62 1.6713e+06 143863
9270 2.38434e+06 722050
9280 2.22154e+06 355304
9290 1.95054e+06 210302
9300 1.60227e+06 100409
9310 2.3658e+06 289489
9320 2.42144e+06 279658
9330.12 1.89902e+06 208767
9340 1.57445e+06 83149.9
9350 2.07522e+06 244627
9360.12 1.93715e+06 250092
9370 1.84647e+06 294081
9380 1.96703e+06 181163
9390 2.15766e+06 267510
9400 2.05255e+06 161395
9410 1.80526e+06 239195
9420 1.39104e+06 106523
9430 1.75271e+06 162391
9440.12 1.52087e+06 125979
9450 1.56208e+06 201827
9460.12 1.69088e+06 230797
9470.12 1.12622e+06 164960
9480.12 1.43637e+06 217347
9490 1.50644e+06 198708
9500 1.65379e+06 140474
9510.25 1.53632e+06 182785
9520 1.44668e+06 136145
9530 1.79083e+06 117337
9540.12 1.322e+06 207553
9550.12 1.55178e+06 92342.5
9560 1.45286e+06 127043
9570.12 1.45904e+06 62012.9
9580 1.60639e+06 147879
9590 1.66203e+06 137015
9600.5 1.18805e+06 89951.8
9610.12 1.33849e+06 95365.6
9620 1.4879e+06 154058
9630 1.29212e+06 288172
9640 1.59094e+06 150375
9650 1.62082e+06 253650
9660.12 1.55075e+06 175854
9670 1.76095e+06 153415
9680 2.14632e+06 247579
9690.12 2.08037e+06 320151
9700 2.17414e+06 188396
9710.12 2.11129e+06 171904
9720.12 1.63833e+06 149935
9730 1.72798e+06 145465
9740 1.55487e+06 166236
9750 1.70943e+06 254523
9760 1.56517e+06 113899
9770.12 1.65585e+06 298789
9780 1.37558e+06 228640
9790 1.46626e+06 214627
9800 1.47862e+06 160425
9810 1.78362e+06 240889
9820 1.55487e+06 170711
9830.25 1.61566e+06 159602
9840 1.79804e+06 183136
9850.12 1.86914e+06 225885
9860 2.01649e+06 157223
9870 1.7218e+06 136047
9880 2.42556e+06 248853
9890 2.21536e+06 225758
9900.12 2.03195e+06 243693
9910 1.66925e+06 94291.4
9920.12 1.71664e+06 232175
9930 1.55487e+06 154772
9940.25 1.84544e+06 298733
9950.12 2.18548e+06 256283
9960.12 1.82380e+06 244519
9970 1.82999e+06 149305
9980 1.81453e+06 165401
9990 1.72592e+06 240761
10000 1.63009e+06 178296
10010 1.84750e+06 108954
10020.1 1.75168e+06 195728
10030.2 1.76507e+06 229747
10040 1.09944e+06 167464
10050.1 1.43225e+06 152442
10060 1.97836e+06 164928
10070.1 2.02061e+06 225596
10080 1.99073e+06 293225
10090 2.02267e+06 245283
10100.2 2.29367e+06 227883
10110 1.83308e+06 259403
10120 2.23906e+06 511859
10130 2.34106e+06 183758
10140 1.85472e+06 112611
10150 1.53632e+06 125843
10160.5 1.41576e+06 243269
10170.1 1.34982e+06 134220
10180 1.42813e+06 178713
10190.2 1.47038e+06 282419
10200.2 1.43431e+06 172067
10210 1.68985e+06 169944
10220.1 1.5219e+06 180998
10230 1.4982e+06 169210
10241.4 1.64452e+06 378472
10250.1 1.62597e+06 329247
10260 1.67234e+06 295624
10270.5 2.00412e+06 150470
10280 1.82793e+06 147594
10290 1.63627e+06 185655
10300 1.20144e+06 128489
10310 1.2746e+06 172395
10320.4 1.13035e+06 128956
10330 1.06131e+06 91511.8
10340 1.06337e+06 123820
10350.5 1.28284e+06 168015
10360 1.11283e+06 152471
10370 1.50438e+06 146462
10380.4 1.59609e+06 118419
10390 1.21072e+06 71304.9
10400 1.47965e+06 139116
10410 1.56414e+06 117346
10420 1.82999e+06 227618
10430 1.55487e+06 140474
10440 1.45492e+06 106825
10450 1.57033e+06 124988
10460 1.4848e+06 151174
10470.1 1.76198e+06 265754
10480 1.66718e+06 94018.4
10490 1.46316e+06 103112
10500 1.83102e+06 314576
10510 1.76198e+06 223379
10520.1 1.40649e+06 140384
10530 1.33024e+06 109813
10540 2.0845e+06 307478
10550 1.63421e+06 136944
10560.1 1.4508e+06 258941
10570 1.06337e+06 201916
10580 1.48996e+06 225400
10590 1.41576e+06 144607
10600 1.36322e+06 148606
10610 1.60742e+06 128697
10620 1.966e+06 309154
10630.2 2.00928e+06 153476
10640 1.92169e+06 226202
10650.2 1.79083e+06 349856
10660 1.81865e+06 199227
10670 2.11129e+06 198781
10680.1 1.89181e+06 188645
10690 1.88872e+06 246170
10700 2.10716e+06 277708
10710.2 2.08244e+06 229185
10720.4 1.33436e+06 135508
10730.2 1.41577e+06 195786
10740 1.47553e+06 116257
10750 1.37661e+06 190654
10760 2.20196e+06 264981
10770.1 1.92066e+06 137496
10780.2 1.65276e+06 131351
10790 1.63009e+06 197164
10800 1.54251e+06 138882
10810.6 1.58784e+06 205238
10820 1.69913e+06 201798
10830 1.76919e+06 233157
10840.5 1.93921e+06 283275
10850 2.38434e+06 260403
10860 2.12983e+06 192571
10870 2.28954e+06 303224
10880 1.83205e+06 155729
10890 2.05977e+06 348020
10900.1 2.03504e+06 171873
10910 1.8949e+06 188344
10920 1.60639e+06 317879
10930 1.80835e+06 177246
10940.4 1.47553e+06 187697
10950 1.21381e+06 91569.4
10960 1.43122e+06 171913
10970 1.68573e+06 191593
10980 1.19217e+06 143251
10990 1.41061e+06 136078
11000 1.57445e+06 111273
11010 1.8269e+06 268367
11020 1.82896e+06 313311
11030 2.40495e+06 396429
11041 2.27512e+06 474128
11050.2 1.74034e+06 509044
11060 1.80216e+06 154560
11070 1.88048e+06 185966
11080 1.24781e+06 142939
11090.5 1.12519e+06 121158
11100 1.38795e+06 70760.2
11110 1.96497e+06 133690
11120 1.92582e+06 219303
11130 1.68676e+06 239935
11140.1 1.65688e+06 173450
11150 1.60536e+06 244944
11160 1.82793e+06 286798
11170 2.19166e+06 241164
11180 1.94024e+06 148770
11190 1.78259e+06 217157
11200 1.72076e+06 165164
11210.1 1.2035e+06 184760
11220 1.80217e+06 153457
11230.1 1.8949e+06 94611.4
11240.2 2.19063e+06 374569
11250 1.62185e+06 210675
11260.2 1.59196e+06 183876
11270 1.51468e+06 229465
11280 1.97218e+06 237080
11290.1 2.02061e+06 167676
11300 1.95158e+06 121033
11312.1 1.66718e+06 180563
11320.2 1.59918e+06 331475
11330.1 2.40392e+06 272310
11340 1.83926e+06 171867
11350 1.96188e+06 159276
11360 1.74446e+06 174110
11370 1.75271e+06 129404
11380.1 1.63215e+06 184277
11390.1 1.64864e+06 255381
11400 1.59299e+06 93531.3
11410 1.8032e+06 226138
11420 1.74034e+06 159259
11430 1.77022e+06 179330
11440.2 1.71355e+06 149201
11450.4 1.69604e+06 207997
11460 2.06595e+06 336074
11470 2.24215e+06 162777
11480 1.55384e+06 153471
11490 1.40031e+06 213606
11500 1.56518e+06 87377.1
11510 1.3354e+06 125742
11520 1.47965e+06 207210
11530 1.24472e+06 91676.4
11540.1 1.27151e+06 175868
11550 1.37661e+06 136636
11560 1.41370e+06 158199
11570.2 1.70634e+06 333366
11580 1.75271e+06 215193
11590 2.04946e+06 326134
11600.1 1.79804e+06 189304
11610 1.83926e+06 218058
11620 1.55281e+06 184421
11630 1.53426e+06 198541
11640 1.72695e+06 180770
11650.1 2.31530e+06 347618
11660 1.84544e+06 206684
11670 1.95364e+06 202652
11680.4 1.66615e+06 122876
11690 1.71149e+06 158306
11700 1.45492e+06 128358
11710 1.21175e+06 157668
11720.2 1.39825e+06 258394
11730 1.19732e+06 191392
11740 1.34055e+06 95798.8
11750 1.8372e+06 139675
11760 1.49408e+06 257318
11770.1 1.92890e+06 270786
11780 1.52602e+06 125966
11790 2.08862e+06 222117
11800 1.76816e+06 168161
11810 1.67955e+06 303931
11820 1.95364e+06 192102
11830.1 1.45595e+06 173926
11840 1.34054e+06 218697
11850 1.2035e+06 182355
11860 831530 121678
11870 1.58166e+06 117478
11880.1 1.77435e+06 118202
11890.1 2.1288e+06 157916
11900.4 2.19475e+06 219602
11910 2.16281e+06 199600
11920 2.14735e+06 313821
11930 2.10614e+06 218843
11940 1.92169e+06 257436
11950.5 2.01649e+06 269555
11960.2 1.84132e+06 195890
11970.2 1.57445e+06 138381
11980 2.29367e+06 228989
11990 2.56466e+06 351100
12000 1.91345e+06 235331
12010 1.99485e+06 122622
12020 2.2607e+06 189144
12030 2.28954e+06 256600
12040 1.69706e+06 137731
12050 1.44977e+06 137135
12060 1.77538e+06 155628
12070 1.47965e+06 195933
12080.2 1.68985e+06 225193
12090 1.47862e+06 221029
12100 1.42195e+06 177612
12110.1 2.03607e+06 304740
12120 1.96291e+06 162251
12130.1 2.1422e+06 312256
12140 2.09789e+06 222337
12150.4 1.99382e+06 154803
12160 1.48996e+06 127318
12170.2 1.8712e+06 181555
12180 1.59403e+06 224002
12190 1.84750e+06 190551
12200 1.74549e+06 159060
12210 1.48892e+06 190593
12220 1.93096e+06 265746
12230 1.69192e+06 185734
12240 1.88151e+06 160152
12250 2.29058e+06 295005
12260 2.16075e+06 185721
12270 1.99382e+06 224412
12280 2.06904e+06 251684
12290 2.18650e+06 164849
12300.1 2.2813e+06 383477
12310 1.77434e+06 292273
12320 2.08656e+06 267949
12330 1.83411e+06 127670
12340.1 1.44565e+06 156600
12350 1.82999e+06 81381.8
12360 1.85781e+06 179514
12370 1.7795e+06 209496
12380 1.56002e+06 103510
12390 1.68676e+06 239274
12400.2 1.88357e+06 216849
12410 2.19578e+06 251806
12420 1.76507e+06 203427
12430 1.92684e+06 258918
12440 1.96085e+06 188889
12450 1.91551e+06 170897
12460 1.87429e+06 127052
12470.1 1.51469e+06 110178
12480 1.42813e+06 175947
12490.1 1.46522e+06 157154
12500 2.02782e+06 243881
12510 1.932e+06 205083
12520 1.72282e+06 172899
12530 1.65173e+06 193638
12540 1.60639e+06 247996
12550 1.58578e+06 238252
12560.1 1.95466e+06 142011
12570 1.88769e+06 169625
12580.2 1.52087e+06 193611
12590 1.51675e+06 166440
12600.1 1.60124e+06 157538
12610.1 1.47244e+06 106704
12620 1.73004e+06 126235
12630 1.82896e+06 213168
12640.1 1.9186e+06 214079
12650 1.96291e+06 278617
12660.1 1.64658e+06 95918.6
12670.6 1.51778e+06 181768
12680 1.51880e+06 250647
12690 1.80835e+06 150459
12700 1.82174e+06 188138
12710 1.77332e+06 247937
12720 2.17105e+06 215164
12730 1.70737e+06 210451
12740.1 1.54457e+06 85912.5
12750 1.21896e+06 99404.4
12760 1.43328e+06 171087
12770 1.7218e+06 190317
12780 1.41783e+06 196442
12790 1.41164e+06 231451
12800 1.53838e+06 361266
12810 1.95673e+06 344976
12820 2.07625e+06 184718
12830 2.12674e+06 211299
12840 2.39362e+06 192427
12850 2.25966e+06 278324
12860 2.0031e+06 324966
12870 1.87326e+06 325139
12880 2.0845e+06 239977
12890 1.76198e+06 271114
12900 1.74343e+06 483259
12910 1.43638e+06 191969
12920 1.65997e+06 161072
12930.2 1.51984e+06 146758
12940.1 1.83102e+06 233014
12950 1.45904e+06 172782
12960.1 1.84750e+06 150962
12970 1.81762e+06 393075
12980 1.94642e+06 255233
12990.2 1.58063e+06 156808
13000.1 1.74343e+06 158668
13010.2 1.46522e+06 197561
13020.4 1.23545e+06 175147
13030.1 1.07264e+06 148517
13040 1.56518e+06 235628
13050 1.25399e+06 261797
13060 1.27769e+06 227245
13070 1.64555e+06 367444
13080 1.66718e+06 263475
13090 1.41886e+06 181247
13100.4 1.34261e+06 208576
13110 1.53735e+06 131189
13120 2.14014e+06 187470
13130.4 2.34313e+06 210276
13140 1.72901e+06 252193
13150 2.0948e+06 373094
13160 1.96085e+06 412884
13170.1 2.02061e+06 259691
13180.1 1.43946e+06 153789
13190 1.58372e+06 169089
13200 1.35085e+06 159172
13210 1.81247e+06 285256
13220 2.1659e+06 208802
13230.2 1.7795e+06 180237
13240.1 1.63112e+06 240555
13250 1.81968e+06 222107
13260 1.91345e+06 291523
13270 1.69294e+06 131415
13280 1.83926e+06 222378
13290 1.49614e+06 172475
13300.1 1.87842e+06 189999
13310 2.03401e+06 200628
13320 2.41422e+06 162100
13330 2.10922e+06 254922
13340 2.1288e+06 259692
13350 1.78259e+06 262943
13360 1.90418e+06 134150
13370 1.50747e+06 190406
13380 1.81762e+06 209569
13390.5 1.25296e+06 123192
13400 1.21999e+06 143636
13410 1.37764e+06 124336
13420 2.30603e+06 140647
13430 2.51005e+06 248760
13440 2.44617e+06 316555
13450 2.36889e+06 227683
13460.2 1.82586e+06 181070
13470 2.05152e+06 207346
13480 2.27306e+06 213697
13490.2 1.72076e+06 130375
13500 1.90727e+06 221409
13510 1.73931e+06 280894
13520 2.25657e+06 279037
13530 1.37249e+06 148213
13540 1.65688e+06 216344
13550 1.6373e+06 153947
13560 1.10768e+06 137264
13570 1.46935e+06 168190
13580 1.37867e+06 127535
13590 1.72695e+06 294641
13600 1.65173e+06 257154
13610 1.74446e+06 169380
13620 2.11644e+06 410453
13630.8 2.12571e+06 127931
13640 1.38898e+06 276750
13650 1.91345e+06 507878
13660 1.98249e+06 296257
13670 2.30294e+06 231012
13680 2.02061e+06 242398
13690 1.60742e+06 160842
13700.1 1.76816e+06 215627
13710.1 1.76198e+06 323552
13720.5 1.44359e+06 210381
13730.1 1.6167e+06 255711
13740 1.91551e+06 384625
13750.1 1.8712e+06 168922
13760 1.92375e+06 327777
13770.5 1.83411e+06 162562
13780 1.65894e+06 122992
13790 1.88563e+06 266588
13800.1 1.31685e+06 93428.7
13810.1 1.10665e+06 82659.9
13820 1.57033e+06 305628
13830 1.68264e+06 213148
13840 1.54147e+06 207763
13850.2 1.54972e+06 156002
13860 1.63112e+06 176956
13870 2.18548e+06 505584
13880.4 2.00722e+06 190806
13890 1.93715e+06 185248
13900 2.10923e+06 192558
13910 2.04843e+06 219845
13920 2.09274e+06 178777
13930 2.09789e+06 240222
13940 1.56208e+06 247918
13950 2.28955e+06 196586
13960 2.24833e+06 243745
13970 1.93612e+06 221689
13980 2.60588e+06 308605
13990 2.40289e+06 271827
14000 2.31118e+06 253222
14010.2 2.05255e+06 218683
14020 2.05771e+06 194104
14030 2.17826e+06 284725
14040 2.06286e+06 276334
14050.1 2.01134e+06 161881
14060 1.97321e+06 183590
14070 2.13086e+06 196831
14080.1 2.28852e+06 286069
14090 2.06904e+06 146983
14100 1.91139e+06 231496
14110 1.78053e+06 160458
14120 1.80011e+06 226520
14130 1.95054e+06 271396
14140 2.01546e+06 223205
14150 1.7218e+06 149308
14160 1.73107e+06 104574
14170.1 1.82278e+06 251250
14180 1.96394e+06 266457
14190 1.49099e+06 196227
14200 1.56105e+06 208741
14210.1 2.01546e+06 298496
14220.1 1.91654e+06 313527
14230.1 1.90418e+06 199313
14240 2.12365e+06 199413
14250 1.89181e+06 199217
14260 1.86605e+06 151696
14270 1.83514e+06 191199
14280 2.42144e+06 189715
14290.1 2.48841e+06 268551
14300 2.39568e+06 207487
14310.1 2.53272e+06 287294
14320 2.1422e+06 217903
14330.1 1.90521e+06 172919
14340 2.21536e+06 253624
14350 2.37713e+06 188109
14360 2.03298e+06 243166
14370 1.97424e+06 223405
14380.2 1.83411e+06 167939
14390 1.22514e+06 123767
14400 1.67027e+06 292779
14410.1 1.70428e+06 200575
14420 2.01752e+06 194469
14430 1.95158e+06 194425
14440.1 1.9557e+06 181396
14450.1 2.0711e+06 366778
14460 2.41938e+06 373702
14470 2.28645e+06 363470
14480 1.92169e+06 214806
14490 2.02782e+06 228907
14500.1 1.99176e+06 213688
14510 2.6471e+06 237052
14520 1.92994e+06 166742
14530.4 1.7187e+06 305072
14540 1.56311e+06 216472
14550 1.90005e+06 189218
14560 1.65173e+06 104034
14570.2 2.22978e+06 303466
14580 1.81968e+06 150902
14590.1 1.82380e+06 74314
14600 1.84544e+06 269584
14610 1.8135e+06 163636
14620 1.50747e+06 96423
14630 1.31788e+06 266659
14640 1.57032e+06 141724
14650 1.69707e+06 144134
14660.2 1.87429e+06 175150
14670 1.67955e+06 107653
14680.1 2.34725e+06 279562
14690 2.11953e+06 305956
14700.2 2.06492e+06 421163
14710 2.25142e+06 114150
14720.5 1.99176e+06 227889
14730.1 2.23802e+06 352376
14740.1 2.39258e+06 227845
14750 2.07625e+06 183657
14760 1.98867e+06 173191
14770 2.19475e+06 183166
14780 1.95672e+06 250711
14790.1 1.61772e+06 98161.9
14800.1 1.56724e+06 132833
14810 1.95157e+06 236242
14820.1 1.84132e+06 108891
14830 1.52499e+06 144726
14840 1.57239e+06 105089
14850 1.68779e+06 268742
14860 1.61669e+06 336594
14870.2 1.71046e+06 326645
14880 2.01855e+06 212415
14890.1 1.92478e+06 114063
14900 1.57651e+06 129288
14910 1.38692e+06 247583
14920 2.38434e+06 213284
14930 1.86193e+06 106560
14940.1 1.78774e+06 160249
14950 1.74756e+06 110316
14960 1.77744e+06 213797
14970.2 1.92685e+06 180833
14980 1.76404e+06 241874
14990 1.66203e+06 186778
15000.2 2.08656e+06 270355
15010 2.07522e+06 327443
15020 1.88666e+06 183714
15030.8 1.7898e+06 148231
15040.1 1.40855e+06 204515
15050 1.79805e+06 278053
15060 2.23596e+06 290257
15070 1.98352e+06 224722
15080 2.15044e+06 207345
15090 1.76095e+06 175162
15100 1.93612e+06 211729
15110 1.68779e+06 385708
15120.1 1.64555e+06 311975
15130.2 1.70119e+06 244176
15140 1.61257e+06 229564
15150 1.59815e+06 189350
15160 1.78671e+06 142290
15170 2.1185e+06 257583
15180 2.17929e+06 310138
15190 1.68264e+06 138070
15200.2 1.82381e+06 109307
15210 2.03813e+06 197981
15220 1.67749e+06 162653
15230 1.7321e+06 139180
15240.1 1.68882e+06 155071
15250 1.48686e+06 160999
15260.1 1.69294e+06 283852
15270 1.57548e+06 241990
15280.1 1.44565e+06 272831
15290 1.89387e+06 196581
15300 1.76816e+06 164212
15310.2 2.03504e+06 143262
15320 1.8846e+06 202005
15330 1.81247e+06 122435
15340 1.48171e+06 196500
15350 1.37352e+06 177055
15360 1.41577e+06 139518
15370 1.63421e+06 140170
15380.1 1.94436e+06 231959
15390 1.98146e+06 258833
15400.2 1.22411e+06 214784
15410.5 2.13396e+06 213596
15420.8 2.07213e+06 264546
15430 1.69500e+06 338310
15440 2.34312e+06 272504
15450.8 1.43328e+06 269798
15460 1.37764e+06 239534
15470 1.57239e+06 172325
15480 1.73004e+06 253116
15490 1.79083e+06 164236
15500.1 1.67234e+06 176859
15510 1.4508e+06 131326
15520 1.22411e+06 177390
15530 1.85369e+06 335874
15540 2.1422e+06 371292
15550 2.12262e+06 278380
15560 2.38846e+06 309174
15570 2.15662e+06 274276
15580.1 1.99897e+06 278197
15590 1.86193e+06 368980
15600 1.51778e+06 310010
15610 1.83617e+06 321860
15620 1.97527e+06 228441
15630.2 994333 78943.8
15640 1.36425e+06 174768
15650.4 1.43328e+06 247247
15660 1.21484e+06 164464
15670.4 1.71458e+06 208166
15680.2 1.61978e+06 196815
15690 1.41370e+06 188058
15700 1.26636e+06 171851
15710 1.59712e+06 88311.4
15720.2 1.0644e+06 115519
15730 1.40546e+06 141559
15740.2 1.37249e+06 140709
15750 1.62288e+06 129891
15760 1.34982e+06 143280
15770.2 1.54457e+06 238928
15780 1.40855e+06 107532
15790.4 1.38382e+06 228746
15800 1.52499e+06 277776
15810 1.39413e+06 161477
15820 1.38073e+06 173952
15830.1 1.64658e+06 128422
15840 1.8032e+06 259864
15850.1 1.8001e+06 222547
15860 1.93097e+06 266696
15870.4 2.02885e+06 252645
15880 1.72798e+06 319261
15890.5 2.01649e+06 337777
15900 1.78156e+06 194979
15910 1.91757e+06 230727
15920.9 1.73519e+06 191305
15930 1.29624e+06 211158
15940 1.74034e+06 189327
15950 2.00206e+06 273972
15960.2 1.66615e+06 143188
15970 1.92684e+06 193439
15980.1 1.72901e+06 122369
15990 1.55899e+06 259470
16000.1 1.82999e+06 109154
16010 1.91242e+06 216771
16020 1.69706e+06 228509
16030.5 2.0474e+06 284629
16040 1.69295e+06 129453
16050 1.20969e+06 97346.4
16060 2.20814e+06 510452
16070.1 2.22772e+06 302804
16080 1.89902e+06 158768
16090 1.97115e+06 174873
16100.1 1.75786e+06 129698
16110 1.13034e+06 182416
16120.1 1.62185e+06 213562
16130 1.54250e+06 174478
16140.4 1.33436e+06 142973
16150.2 1.14683e+06 103466
16160 1.26739e+06 122403
16170.1 1.51984e+06 259980
16180 1.68882e+06 239994
16190.1 1.78362e+06 198757
16200.2 1.56208e+06 113353
16210 1.32097e+06 176056
16220 1.62597e+06 187174
16230 1.47553e+06 248572
16240 1.59403e+06 260901
16250.1 1.32303e+06 146389
16260 1.14477e+06 118424
16270.4 1.4168e+06 199288
16280 1.21896e+06 185400
16290 1.22308e+06 144388
16300 1.36528e+06 239159
16310.8 1.27151e+06 108938
16320 1.3117e+06 212270
16330 1.5219e+06 238288
16340 1.36218e+06 161545
16350.1 2.06286e+06 154394
16360 1.45183e+06 165207
16370 1.30448e+06 99023.1
16380 1.27769e+06 155273
16390 1.25193e+06 135625
16400 1.20350e+06 64348.7
16410.2 1.19732e+06 131259
16420 1.43225e+06 185722
16430.1 1.57548e+06 104466
16440.5 2.09789e+06 204342
16450 2.09068e+06 490230
16460.1 1.52087e+06 128027
16470 1.74034e+06 131645
16480 1.62803e+06 207021
16490 1.68573e+06 202179
16500 2.02886e+06 231876
16510 1.66822e+06 180763
16520 1.7187e+06 201537
16530 1.63215e+06 147113
16540.4 1.7795e+06 72486.3
16550 1.97115e+06 145264
16560 1.41886e+06 187088
16570 1.65997e+06 105231
16580 1.14786e+06 163367
16590 1.62494e+06 106140
16600.6 1.51778e+06 214330
16610.4 1.57239e+06 133266
16620 1.49305e+06 215768
16630 1.47038e+06 135002
16640 1.72488e+06 125148
16650 1.5219e+06 186641
16660 2.0845e+06 140485
16670.2 1.06852e+06 238278
16680 2.17208e+06 292242
16690.5 2.1319e+06 214348
16700 1.71046e+06 125218
16710.2 1.44771e+06 153989
16720.1 1.96291e+06 235204
16730 1.41061e+06 215969
16740 1.62494e+06 165657
16750 1.35703e+06 161342
16760.1 1.38588e+06 124089
16770 1.81762e+06 257995
16780 1.89799e+06 200384
16790 1.72592e+06 159576
16800 1.78671e+06 135314
16810 1.55075e+06 92143.9
16820 1.76095e+06 174651
16830 1.1458e+06 162653
16840.1 1.21896e+06 79833.3
16850 1.10665e+06 77994.4
16860.2 1.25812e+06 255068
16870.5 1.1695e+06 183709
16880.2 1.20041e+06 151345
16890.2 1.2035e+06 202000
16900 1.81453e+06 251039
16910.2 1.89387e+06 315254
16920 1.80114e+06 272286
16930.5 1.82380e+06 245831
16940 1.47038e+06 146585
16950 1.36734e+06 152322
16960.1 1.24987e+06 167825
16970 1.26327e+06 171602
16980.1 1.39104e+06 184040
16990 1.40443e+06 143050
17000 1.44565e+06 187934
17010 1.88666e+06 219121
17020.1 2.15662e+06 426675
17030 1.23648e+06 160279
17040 1.74756e+06 201574
17050 2.01958e+06 208222
17060 2.0711e+06 211771
17070.4 2.1896e+06 256634
17080 1.63009e+06 202136
17090 1.2983e+06 154807
17100 1.09016e+06 148768
17110.1 1.03349e+06 60134
17120 861411 99559.9
17130 961359 134221
17140 1.56724e+06 186326
17150 1.56518e+06 201545
17160.1 1.93818e+06 453992
17170 1.99073e+06 287451
17180 2.25039e+06 389641
17190.1 2.16178e+06 575815
17200.1 2.08759e+06 281564
17210 1.91551e+06 205972
17222 1.7218e+06 214246
17230.1 1.81968e+06 253753
17240 2.09789e+06 309920
17250.1 2.09068e+06 243047
17260 1.76919e+06 310898
17270.1 2.18857e+06 351151
17280 1.98043e+06 233306
17290 1.75168e+06 218187
17300.4 2.33797e+06 376475
17310 2.17929e+06 338118
17320 1.94333e+06 355698
17330 1.80423e+06 166914
17340 1.95466e+06 184412
17350 1.88151e+06 227669
17360 2.13292e+06 172091
17370 1.76816e+06 109348
17380 1.66409e+06 201371
17390 1.75889e+06 378433
17400 1.9526e+06 244800
17410 1.84029e+06 103910
17420 1.65791e+06 159931
17430 2.07831e+06 261553
17440 2.09686e+06 264141
17450 2.40804e+06 329301
17461.6 1.92272e+06 207281
17470 1.73519e+06 354924
17480 1.56312e+06 133308
17490.2 1.64142e+06 228695
17500 1.61257e+06 298254
17510 1.71252e+06 197233
17520 2.19269e+06 345600
17530.1 1.95467e+06 552470
17540.1 1.61979e+06 302183
17550 1.96291e+06 199410
17560 1.45286e+06 63813.4
17570 1.40649e+06 93146.5
17580.1 1.63009e+06 182609
17590 1.83205e+06 77283.3
17600 2.1896e+06 102066
17610 2.26997e+06 208386
17620 2.14735e+06 421603
17630.4 2.07316e+06 247412
17640.2 1.69191e+06 129558
17650 1.6404e+06 210485
17660 2.02885e+06 266981
17670 2.34004e+06 221114
17680 2.40804e+06 157422
17690 2.04019e+06 103338
17700 2.37404e+06 276850
17710 1.74653e+06 196768
17720.1 1.73107e+06 213175
17730 1.8001e+06 387603
17740.1 2.21021e+06 342585
17750 2.237e+06 367597
17760 1.75889e+06 330339
17770 1.94848e+06 118285
17780 1.59196e+06 88619.6
17790.9 1.5085e+06 346971
17800.5 1.81453e+06 388769
17810.1 1.83926e+06 373336
17820 1.78671e+06 232258
17830 1.5796e+06 166032
17840 1.54354e+06 271098
17850 1.79702e+06 220202
17860 1.71458e+06 255735
17870.2 2.01546e+06 264193
17880 1.66615e+06 174356
17890 1.80423e+06 271937
17900 1.81762e+06 258866
17910 1.65276e+06 159456
17920.2 2.05667e+06 332610
17930.1 1.81762e+06 215362
17940.2 2.02473e+06 211485
17950.2 1.91345e+06 314377
17960 2.3184e+06 268303
17970.1 2.22051e+06 156593
17980.1 2.12365e+06 250750
17990 1.67646e+06 182488
18000 1.99485e+06 235604
18010 1.78671e+06 137833
18020 1.96806e+06 195704
18030 1.52293e+06 261786
18040 1.6136e+06 145317
18050.1 1.45801e+06 148610
18060 1.37249e+06 132622
18070 1.33643e+06 137042
18080 1.68058e+06 216715
18090 1.5796e+06 139937
18100.1 1.82277e+06 166501
18110 1.37249e+06 308253
18120 1.42401e+06 193143
18130 1.64039e+06 198046
18140 1.74446e+06 123622
18150 1.4168e+06 138530
18160 1.58578e+06 634082
18170 2.09171e+06 267705
18180 2.08037e+06 156261
18190 2.1762e+06 292648
18200 1.56002e+06 222455
18210 1.84854e+06 267049
18220 1.67130e+06 115550
18230.1 1.60021e+06 315859
18240 1.87945e+06 200645
18250 2.14117e+06 178540
18260 2.22154e+06 111598
18270 1.36425e+06 186130
18280.6 1.81247e+06 243133
18290 1.98249e+06 262774
18300 1.85266e+06 178689
18310.1 1.8269e+06 265054
18320 1.7558e+06 388003
18330 1.52602e+06 186832
18340 2.19578e+06 271028
18350 2.09789e+06 293272
18360 1.42092e+06 156131
18370 1.79805e+06 288863
18380 1.80114e+06 206805
18390.1 1.76507e+06 173966
18400.4 1.42916e+06 218406
18410 1.57239e+06 275669
18420.1 2.09789e+06 274555
18430.1 1.92375e+06 309593
18440 1.7187e+06 355672
18450.8 2.13396e+06 169521
18460 1.95260e+06 220190
18470 2.36889e+06 418919
18480 1.63936e+06 191751
18490 1.78053e+06 263790
18500.2 1.5796e+06 81615.8
18510.1 1.52293e+06 120082
18520 1.81968e+06 249565
18530 1.46523e+06 233420
18540.1 1.60639e+06 193936
18550.1 1.26018e+06 199566
18560 1.02834e+06 78293.9
18570 1.51468e+06 153081
18580.4 1.47141e+06 122310
18590.1 1.74652e+06 230748
18600 1.17053e+06 161006
18610.2 1.51056e+06 201779
18620.1 1.86296e+06 269425
18630 1.80011e+06 139062
18640 2.1896e+06 232720
18650.1 2.15766e+06 202031
18660 2.04534e+06 227466
18670 1.98558e+06 428340
18680 1.8135e+06 351938
18690 1.94127e+06 185523
18700 1.50541e+06 197702
18710 1.58269e+06 232752
18720 2.18857e+06 210696
18730.4 2.04946e+06 260779
18740 1.9526e+06 273848
18750.1 2.17723e+06 245682
18760 1.63524e+06 231658
18770 1.83102e+06 203605
18780 1.97012e+06 168533
18790.1 1.7558e+06 133872
18800.1 1.90521e+06 204313
18810 1.99382e+06 180613
18820 1.90005e+06 114898
18830 2.19269e+06 257798
18840 1.93818e+06 202837
18850.1 2.22875e+06 167407
18860 2.10201e+06 245439
18870 2.1422e+06 280107
18880.2 2.54406e+06 353648
18890.5 2.20196e+06 353258
18900 1.51881e+06 179944
18910 1.95673e+06 310436
18920 1.6136e+06 220716
18930 1.41886e+06 258783
18940 1.46522e+06 248981
18950.9 1.75271e+06 159496
18960 1.2746e+06 180475
18970 1.22823e+06 134521
18980 1.50953e+06 55687.5
18990 1.77332e+06 311363
19000 1.62494e+06 177094
19010.6 1.87017e+06 260181
19020 1.63524e+06 119028
19030 1.71355e+06 107837
19040.1 2.02164e+06 437477
19050.2 1.64761e+06 215678
19060 1.76713e+06 149915
19070 1.49717e+06 105201
19080.1 1.29315e+06 212589
19090 1.5559e+06 203945
19100.1 1.74652e+06 392244
19110 1.64142e+06 213476
19120.1 1.77332e+06 148016
19130.1 1.71767e+06 207870
19140 2.1525e+06 253745
19150 1.87636e+06 261027
19160.2 1.94952e+06 159449
19170 1.85884e+06 280450
19180 1.79083e+06 230532
19190 1.26945e+06 227688
19200.1 1.8609e+06 228241
19210.1 1.86914e+06 186646
19220 2.18238e+06 415351
19230 1.80423e+06 269001
19240 2.10304e+06 165131
19250 1.57239e+06 162024
19260.2 1.22205e+06 163978
19270 1.74034e+06 271610
19280 1.89593e+06 336245
19290.1 2.0845e+06 423412
19300 2.13499e+06 236454
19310 1.67749e+06 219371
19320.1 1.84647e+06 157580
19330 1.98455e+06 272520
19340 2.07728e+06 242751
19350 1.49408e+06 118454
19360 1.60021e+06 156074
19370.1 1.58475e+06 100153
19380 1.61978e+06 130865
19390 1.63421e+06 228149
19400.1 2.03195e+06 208043
19410.1 2.14426e+06 273987
19420.2 2.36373e+06 650312
19430 1.57033e+06 303028
19440 2e+06 262875
19450 1.94848e+06 188104
19460.1 1.94333e+06 344751
19470 2.05668e+06 273194
19480 2.04946e+06 170013
19490.1 2.03194e+06 184686
19500 2.08553e+06 204897
19510 2.54612e+06 204588
19520 2.20711e+06 294105
19530 2.10304e+06 274413
19540.1 2.40804e+06 353668
19550.5 1.98867e+06 370831
19560 2.02576e+06 376260
19570 1.98249e+06 244632
19580.1 1.81865e+06 267896
19590.2 1.81968e+06 263846
19600.1 1.64658e+06 286031
19610 2.01546e+06 109203
19620 2.0814e+06 212367
19630 1.62082e+06 192825
19640 1.44977e+06 124951
19650 2.03401e+06 191415
19660 2.31943e+06 255302
19670 2.04328e+06 322258
19680 1.75271e+06 137093
19690 2.05564e+06 83264.6
19700.1 1.90005e+06 276178
19710 1.74652e+06 226174
19720.1 1.61463e+06 169603
19730 2.03607e+06 254336
19740 1.64554e+06 154264
19750.6 1.77435e+06 249122
19760 1.81041e+06 202672
19770 2.07213e+06 238795
19780 2.1422e+06 152293
19790 2.14323e+06 537975
19800.2 1.59403e+06 306713
19810 1.66821e+06 180788
19820.1 1.82380e+06 113790
19830 1.75271e+06 193726
19840 1.65482e+06 162383
19850 2.04431e+06 166320
19861.2 2.07419e+06 233939
19870.1 1.2509e+06 175185
19880 1.75786e+06 237089
19890 1.31582e+06 83721.7
19900 2.06698e+06 341340
19910 2.04328e+06 252759
19920 1.98661e+06 210192
19930 1.76507e+06 178776
19940 1.71767e+06 160643
19950 1.92272e+06 127626
19960 1.70428e+06 171479
19970 1.97218e+06 186686
19980 1.90418e+06 242899
19990 1.82380e+06 265558
20000 1.65894e+06 221100
20010 1.94024e+06 168040
20020 1.75889e+06 221063
20030 1.75683e+06 162636
20040 1.58475e+06 154373
20050 2.08244e+06 165218
20060 1.79186e+06 222642
20070 2.14323e+06 330952
20080.1 1.14786e+06 117978
20090 1.91448e+06 166656
20100.5 1.97837e+06 147697
20110 1.8372e+06 121914
20120 2.0711e+06 302421
20130 1.88666e+06 146161
20140 1.84441e+06 98204.6
20150 1.77022e+06 103746
20160 1.74034e+06 144392
20170 2.08244e+06 165968
20180 1.75683e+06 186258
20191.1 2.0711e+06 329060
20200 1.71664e+06 235350
20210 2.17929e+06 245456
20220.1 2.04534e+06 257322
20230 1.58269e+06 141971
20240 1.96291e+06 240525
20250 1.74962e+06 183520
20260.8 1.87326e+06 225842
20271.1 1.50026e+06 183914
20280.5 1.96497e+06 407632
20290.4 1.59608e+06 263697
20300.2 1.661e+06 189229
20310 1.25915e+06 217621
20320.2 1.932e+06 186704
20330 1.51675e+06 97524.1
20340 1.64967e+06 216018
20350 1.82586e+06 277333
20360 2.07934e+06 389823
20370.1 2.31634e+06 203701
20380 1.81247e+06 260768
20390 2.13499e+06 229786
20400 1.51984e+06 210307
20410.1 1.79392e+06 317817
20420 2.04328e+06 393690
20430.1 1.67028e+06 166931
20440 1.81659e+06 109115
20450 1.99794e+06 263834
20460 1.6373e+06 253143
20470 1.62185e+06 222212
20480 1.70222e+06 159562
20490 2.19372e+06 209885
20500 2.05668e+06 229920
20510.4 1.8269e+06 206820
20520.2 1.80629e+06 278499
20530 1.82380e+06 303294
20540 1.86811e+06 123001
20550 1.80629e+06 170253
20560 2.16899e+06 199953
20570 2.00103e+06 244875
20580 1.99073e+06 132485
20590.1 1.7218e+06 328484
20600 2.12159e+06 339354
20610 1.97630e+06 330776
20620 1.84235e+06 207241
20630.2 1.61463e+06 312975
20640 1.78053e+06 360745
20650.1 1.90418e+06 295400
20660.4 2.04637e+06 160357
20670.1 2.11438e+06 401071
20680.1 2.00104e+06 290506
20690.1 1.48583e+06 258849
20700 1.78259e+06 352369
20710 2.1762e+06 303707
20720 1.7898e+06 297985
20730 1.7218e+06 208484
20740 2.17517e+06 257400
20750 2.0948e+06 161240
20760 1.7661e+06 152107
20770.2 1.92478e+06 246453
20780 1.47759e+06 226972
20790.4 1.90108e+06 362238
20800 1.97424e+06 315656
20810 2.13189e+06 361804
20820 1.98146e+06 260110
20830 2.00103e+06 343171
20840 2.04946e+06 193671
20850.4 1.97424e+06 284282
20860 1.95364e+06 292847
20870 1.47347e+06 138938
20880.1 1.63627e+06 138603
20890 1.69706e+06 185812
20900 1.68779e+06 206027
20910 1.40031e+06 177543
20920 1.64142e+06 158477
20930 1.6136e+06 167697
20940 1.65482e+06 171764
20950.1 1.99073e+06 191055
20960 1.89387e+06 198296
20970 2.0608e+06 248947
20980 1.74756e+06 331337
20990.1 1.86605e+06 142582
21000.1 1.77641e+06 130751
21010 1.9794e+06 203871
21020 1.70325e+06 157425
21030 1.68161e+06 240518
21040 1.75683e+06 477805
21050.1 2.24627e+06 398471
21060 1.81968e+06 188254
21070 2.0371e+06 400296
21080 2.15044e+06 314755
21090.1 2.19784e+06 147458
21100 2.19784e+06 275373
21110 1.9186e+06 203089
21120.2 1.85678e+06 193082
21130 1.70325e+06 172781
21140.1 1.88563e+06 195329
21150 1.84441e+06 430139
21160.2 1.99897e+06 243437
21170.2 1.56724e+06 171632
21180 1.62082e+06 312474
21190.2 2.18650e+06 249321
21200 1.97733e+06 260427
21210 2.03607e+06 246095
21220 1.8032e+06 186179
21230 2.18856e+06 233299
21240.2 2.53375e+06 235527
21250 2.14323e+06 234787
21260 2.09274e+06 256002
21270 2.14632e+06 161303
21280.2 1.96497e+06 158346
21290 2.04431e+06 251911
21300 1.97321e+06 262500
21310 1.83926e+06 239157
21320 2.40598e+06 331928
21330 1.60433e+06 229827
21340 1.45286e+06 136128
21350 1.45286e+06 169379
21360.4 1.69604e+06 154873
21370 1.52396e+06 199629
21380 1.45595e+06 170300
21390.2 1.92994e+06 409487
21400 1.74652e+06 313202
21410 1.60433e+06 225415
21420.1 1.88975e+06 232304
21430 2.03194e+06 169781
21440.1 2.22566e+06 251932
21450 1.695e+06 162313
21460 2.03298e+06 239381
21470 1.62391e+06 227693
21480.5 2.35961e+06 224990
21491.1 2.13086e+06 200566
21500 1.40031e+06 229316
21510.6 2.2813e+06 190592
21520 1.68985e+06 125701
21530 1.4745e+06 119157
21540 1.74343e+06 68844.2
21550.1 2.12571e+06 334347
21560 1.71974e+06 225358
21570 1.29418e+06 167882
21580.1 1.85369e+06 247362
21590.2 2.17826e+06 251687
