# TimeStamp(s) Sum Stdev
0 3.97219e+06 0
10 3.75272e+06 0
20 2.81093e+06 0
30 3.74653e+06 0
40 3.98146e+06 0
50 3.99074e+06 0
60 3.70841e+06 0
70 3.84339e+06 0
80 3.34262e+06 0
90 3.00774e+06 0
100 3.60228e+06 0
110 4.24628e+06 0
120 3.98044e+06 0
130 3.23958e+06 0
140 3.6301e+06 0
150 3.22309e+06 0
160 3.48275e+06 0
170 3.19218e+06 0
180 3.22309e+06 0
190 3.64349e+06 0
200 3.56724e+06 0
210 3.61464e+06 0
220 3.8506e+06 0
230 3.98559e+06 0
240 4.25658e+06 0
250 4.26664e+06 0
260 4.48866e+06 0
270 4.70274e+06 0
280 4.6708e+06 0
290 4.37096e+06 0
300 4.19991e+06 0
310 3.1386e+06 0
320 4.25658e+06 0
330 4.3689e+06 0
340 3.1963e+06 0
350 3.13242e+06 0
360 3.73932e+06 0
370 4.23161e+06 0
380 3.88485e+06 0
390 3.83103e+06 0
400 4.43484e+06 0
410 4.10924e+06 0
420 4.58219e+06 0
430 4.66565e+06 0
440 4.41629e+06 0
450 3.90934e+06 0
460 4.44618e+06 0
470 4.57704e+06 0
480 4.17209e+06 0
490 4.52758e+06 0
500 4.542e+06 0
510 3.43226e+06 0
520 4.20506e+06 0
530 3.74962e+06 0
540 4.12469e+06 0
550 4.06081e+06 0
561 4.89337e+06 0
570 4.62031e+06 0
580 4.13809e+06 0
590 4.40702e+06 0
600 4.13602e+06 0
610 4.14839e+06 0
620 4.23804e+06 0
630 4.55746e+06 0
640 4.39981e+06 0
650 3.92788e+06 0
660 4.11233e+06 0
670 4.17415e+06 0
680 3.29419e+06 0
690 3.69192e+06 0
700 4.00413e+06 0
710 3.93819e+06 0
720 4.51212e+06 0
730 3.49924e+06 0
740 3.23133e+06 0
750 4.32665e+06 0
760 4.11748e+06 0
770 4.05874e+06 0
780 3.8166e+06 0
790 3.86297e+06 0
800 3.87946e+06 0
810 3.48069e+06 0
820 4.10614e+06 0
830 3.93613e+06 0
840 4.26482e+06 0
850 4.21949e+06 0
860 4.55952e+06 0
870 4.71511e+06 0
880 4.4843e+06 0
890 3.82690e+06 0
900 4.33077e+06 0
910 4.81197e+06 0
920 4.22258e+06 0
930 4.12572e+06 0
940 3.82484e+06 0
950 4.35962e+06 0
960 4.95932e+06 0
970 4.58219e+06 0
980 4.35138e+06 0
990 4.80166e+06 0
1000 5.06648e+06 0
1010 5.00568e+06 0
1020 4.33695e+06 0
1030 4.87585e+06 0
1040 3.90522e+06 0
1050 4.13706e+06 0
1060 3.6878e+06 0
1070 3.65277e+06 0
1080 4.25246e+06 0
1090 3.40444e+06 0
1100 4.2978e+06 0
1110 4.37302e+06 0
1120 4.21537e+06 0
1130 4.02989e+06 0
1140 4.09584e+06 0
1150 5.07369e+06 0
1160 4.6471e+06 0
1170 4.64298e+06 0
1180 4.21330e+06 0
1190 4.30707e+06 0
1200 3.22515e+06 0
1210 3.86297e+06 0
1220 3.44669e+06 0
1230 4.0639e+06 0
1240 4.90058e+06 0
1250 3.85782e+06 0
1260 4.37611e+06 0
1270 4.84597e+06 0
1280 4.22773e+06 0
1290 4.43381e+06 0
1300 4.56364e+06 0
1310 4.93458e+06 0
1320 4.74499e+06 0
1330 4.38514e+06 0
1340 4.16821e+06 0
1350 4.59455e+06 0
1360 3.90522e+06 0
1370 4.4977e+06 0
1380 4.71305e+06 0
1390 4.73057e+06 0
1400 4.71511e+06 0
1410 3.58682e+06 0
1420 3.94643e+06 0
1430 4.25246e+06 0
1440 4.62237e+06 0
1450 4.6708e+06 0
1460 3.53221e+06 0
1470 4.06287e+06 0
1480 3.43226e+06 0
1490 3.6538e+06 0
1500 3.97322e+06 0
1510 4.18239e+06 0
1520 4.38332e+06 0
1530 4.5657e+06 0
1540 3.27255e+06 0
1550 3.85266e+06 0
1560 4.58425e+06 0
1570 4.08966e+06 0
1580 4.00722e+06 0
1590 3.63422e+06 0
1600 4.69965e+06 0
1610 3.77951e+06 0
1620 3.1386e+06 0
1630 3.39002e+06 0
1640 3.69295e+06 0
1650 4.03402e+06 0
1660 3.32407e+06 0
1670 3.48172e+06 0
1680 3.7826e+06 0
1690 4.72335e+06 0
1700 3.56621e+06 0
1710 3.96704e+06 0
1720 4.3555e+06 0
1730 3.7589e+06 0
1740 4.28852e+06 0
1750 4.31532e+06 0
1760 4.05359e+06 0
1770 4.60383e+06 0
1780 4.18754e+06 0
1790 4.7182e+06 0
1800 4.70893e+06 0
1810 4.5554e+06 0
1820 4.23906e+06 0
1830 4.60486e+06 0
1840 3.77538e+06 0
1850 3.02525e+06 0
1860 4.72438e+06 0
1870 4.91295e+06 0
1880 4.61722e+06 0
1890 4.42145e+06 0
1900 3.43123e+06 0
1910 3.76611e+06 0
1920 3.93407e+06 0
1930 3.62289e+06 0
1940 4.44514e+06 0
1950 4.46163e+06 0
1960 4.26586e+06 0
1970 4.17621e+06 0
1980 4.2638e+06 0
1990 3.30243e+06 0
2000 3.0201e+06 0
2010 3.53427e+06 0
2020 3.74344e+06 0
2030 3.72799e+06 0
2040 3.8617e+06 0
2050 3.62392e+06 0
2060 4.26919e+06 0
2070 4.00722e+06 0
2080 4.40496e+06 0
2090 4.29058e+06 0
2100 4.26895e+06 0
2110 4.16694e+06 0
2120 3.56003e+06 0
2130 3.87224e+06 0
2140 4.10202e+06 0
2150 3.15921e+06 0
2160 4.15354e+06 0
2170 3.77023e+06 0
2180 4.55643e+06 0
2190 4.31738e+06 0
2200 4.20403e+06 0
2210 4.03298e+06 0
2220 4.6945e+06 0
2230 4.58734e+06 0
2240 4.23494e+06 0
2250 4.82845e+06 0
2260 4.09069e+06 0
2270 4.62031e+06 0
2280 3.80527e+06 0
2290 4.48739e+06 0
2300 4.43793e+06 0
2310 4.26586e+06 0
2320 3.56621e+06 0
2330 4.50697e+06 0
2340 4.61001e+06 0
2350 4.7893e+06 0
2360 3.898e+06 0
2370 4.79033e+06 0
2380 5.3148e+06 0
2390 4.53685e+06 0
2400 5.23546e+06 0
2410 4.53273e+06 0
2420 3.83309e+06 0
2430 3.87533e+06 0
2440 3.87842e+06 0
2450 3.93304e+06 0
2460 4.55334e+06 0
2470 4.35138e+06 0
2480 4.69759e+06 0
2490 4.10614e+06 0
2500 4.69141e+06 0
2510 3.91861e+06 0
2520 4.00516e+06 0
2530 4.75839e+06 0
2540 4.28543e+06 0
2550 3.39208e+06 0
2560 3.50851e+06 0
2570 4.1453e+06 0
2580 4.23597e+06 0
2590 3.40341e+06 0
2600 3.66513e+06 0
2610 3.61361e+06 0
2620 4.60795e+06 0
2630 3.79084e+06 0
2640 4.4946e+06 0
2650 4.29986e+06 0
2660 3.66822e+06 0
2670 4.11542e+06 0
2680 2.90058e+06 0
2690 4.2164e+06 0
2700 4.74372e+06 0
2710 3.81890e+06 0
2720 3.85885e+06 0
2730 4.11439e+06 0
2740 4.37817e+06 0
2750 3.8506e+06 0
2760 3.77229e+06 0
2770 3.16848e+06 0
2780 4.51624e+06 0
2790 4.31841e+06 0
2800 4.82021e+06 0
2810 4.6945e+06 0
2820 3.76405e+06 0
2830 4.50285e+06 0
2840 3.28285e+06 0
2850 3.98868e+06 0
2860 3.68677e+06 0
2870 3.88667e+06 0
2880 3.62804e+06 0
2890 3.95158e+06 0
2900 3.69398e+06 0
2910 4.48018e+06 0
2920 4.68832e+06 0
2930 3.9217e+06 0
2940 4.74293e+06 0
2950 4.55437e+06 0
2960 4.74705e+06 0
2970 3.17054e+06 0
2980 3.56312e+06 0
2990 4.38023e+06 0
3000 4.18318e+06 0
3010 3.48815e+06 0
3020 4.61104e+06 0
3030 5.27668e+06 0
3040 4.42042e+06 0
3050 4.03608e+06 0
3060 3.94334e+06 0
3070 3.72077e+06 0
3080 3.94437e+06 0
3090 3.9454e+06 0
3100 4.86967e+06 0
3110 3.98765e+06 0
3120 4.97374e+06 0
3130 4.94592e+06 0
3140 4.83773e+06 0
3150 3.66822e+06 0
3160 3.89903e+06 0
3170 4.10717e+06 0
3180 3.5487e+06 0
3190 4.18136e+06 0
3200 4.22979e+06 0
3210 4.6945e+06 0
3220 4.29986e+06 0
3230 4.37405e+06 0
3240 4.96756e+06 0
3250 4.11542e+06 0
3260 4.28646e+06 0
3270 3.62907e+06 0
3280 3.57652e+06 0
3290 4.01238e+06 0
3300 4.12881e+06 0
3310 4.16797e+06 0
3320 4.16282e+06 0
3330 4.13602e+06 0
3340 4.75736e+06 0
3350 4.02989e+06 0
3360 4.31428e+06 0
3370 3.41578e+06 0
3380 3.55694e+06 0
3390 3.98044e+06 0
3400 3.6301e+06 0
3410 4.57394e+06 0
3420 4.85421e+06 0
3430 4.05153e+06 0
3440 4.58013e+06 0
3450 4.23494e+06 0
3460 4.30192e+06 0
3470 4.48842e+06 0
3480 3.98559e+06 0
3490 3.67853e+06 0
3500 4.12263e+06 0
3510 4.66771e+06 0
3520 4.73469e+06 0
3530 4.14118e+06 0
3540 4.18961e+06 0
3550 4.2504e+06 0
3560 3.35189e+06 0
3570 3.02319e+06 0
3580 4.28543e+06 0
3590 3.87842e+06 0
3600 3.85885e+06 0
3610 4.72232e+06 0
3620 4.12984e+06 0
3630 4.64195e+06 0
3640 3.96292e+06 0
3650 4.11233e+06 0
3660 4.31428e+06 0
3670 4.50491e+06 0
3680 4.23597e+06 0
3690 4.22464e+06 0
3700 4.28956e+06 0
3710 4.28234e+06 0
3720 3.85576e+06 0
3730 3.4436e+06 0
3740 4.23082e+06 0
3750 4.63165e+06 0
3760 3.91037e+06 0
3770 4.00929e+06 0
3780 3.93407e+06 0
3790 4.42969e+06 0
3800 3.53839e+06 0
3810 4.4583e+06 0
3820 3.6561e+06 0
3830 4.29883e+06 0
3840 4.77487e+06 0
3850 4.20197e+06 0
3860 4.85937e+06 0
3870 4.42454e+06 0
3880 5.08399e+06 0
3890 5.00568e+06 0
3900 4.04329e+06 0
3910 4.28749e+06 0
3920 4.1319e+06 0
3930 4.42763e+06 0
3940 4.15354e+06 0
3950 4.27513e+06 0
3960 4.11748e+06 0
3970 4.57292e+06 0
3980 4.1216e+06 0
3990 4.55952e+06 0
4000 4.91295e+06 0
4010 4.6131e+06 0
4020 5.0098e+06 0
4030 4.74293e+06 0
4040 4.25246e+06 0
4050 3.84339e+06 0
4060 4.74808e+06 0
4070 4.64813e+06 0
4080 4.13293e+06 0
4090 4.6028e+06 0
4100 3.9928e+06 0
4110 4.49873e+06 0
4120 3.86194e+06 0
4130 3.58785e+06 0
4140 3.9928e+06 0
4150 4.24834e+06 0
4160 4.78518e+06 0
4170 4.01753e+06 0
4180 4.74293e+06 0
4190 4.07214e+06 0
4200 3.96704e+06 0
4210 4.9521e+06 0
4220 4.3081e+06 0
4230 3.83618e+06 0
4240 3.77642e+06 0
4250 4.00413e+06 0
4260 3.40032e+06 0
4270 4.08141e+06 0
4280 3.95983e+06 0
4290 5.11490e+06 0
4300 4.76251e+06 0
4310 4.40908e+06 0
4320 4.51933e+06 0
4330 4.25349e+06 0
4340 4.43896e+06 0
4350 4.27101e+06 0
4360 3.8506e+06 0
4370 3.95983e+06 0
4380 3.52088e+06 0
4390 4.73675e+06 0
4400 4.4029e+06 0
4410 3.90418e+06 0
4420 4.39672e+06 0
4430 4.50182e+06 0
4440 4.28028e+06 0
4450 4.66462e+06 0
4460 4.31428e+06 0
4470 4.76251e+06 0
4480 5.25401e+06 0
4490 4.08554e+06 0
4500 4.13706e+06 0
4510 4.54509e+06 0
4520 4.08244e+06 0
4530 4.03711e+06 0
4540 4.13912e+06 0
4550 4.02165e+06 0
4560 3.68059e+06 0
4570 4.15433e+06 0
4580 4.71638e+06 0
4590 4.71923e+06 0
4600 4.29986e+06 0
4610 3.33746e+06 0
4620 4.75942e+06 0
4630 4.66359e+06 0
4640 3.99589e+06 0
4650 3.864e+06 0
4660 3.49306e+06 0
4670 4.43587e+06 0
4680 4.61413e+06 0
4690 3.83103e+06 0
4700 3.38589e+06 0
4710 4.31222e+06 0
4720 4.84391e+06 0
4730 4.87585e+06 0
4740 4.68317e+06 0
4750 4.49048e+06 0
4760 4.61722e+06 0
4770 3.61567e+06 0
4780 4.5317e+06 0
4790 4.25246e+06 0
4800 4.66874e+06 0
4810 3.94746e+06 0
4820 4.36865e+06 0
4830 4.22694e+06 0
4840 3.88873e+06 0
4850 4.47915e+06 0
4860 4.28749e+06 0
4870 4.54612e+06 0
4880 4.78827e+06 0
4890 4.30295e+06 0
4900 4.40393e+06 0
4910 4.35859e+06 0
4920 4.49666e+06 0
4930 4.44721e+06 0
4940 3.27667e+06 0
4950 3.50645e+06 0
4960 4.25555e+06 0
4970 4.0165e+06 0
4980 2.78208e+06 0
4990 4.40805e+06 0
5000 4.72748e+06 0
5010 4.41914e+06 0
5020 4.54225e+06 0
5030 3.83309e+06 0
5040 4.00413e+06 0
5050 3.82897e+06 0
5060 4.95416e+06 0
5070 4.92634e+06 0
5080 4.72335e+06 0
5090 4.49666e+06 0
5100 4.67698e+06 0
5110 4.32356e+06 0
5120 4.5894e+06 0
5130 4.14633e+06 0
5140 4.1927e+06 0
5150 4.50388e+06 0
5160 4.17827e+06 0
5170 4.7656e+06 0
5180 4.55334e+06 0
5190 4.41629e+06 0
5200 4.33077e+06 0
5210 4.00413e+06 0
5220 5.0232e+06 0
5230 5.00568e+06 0
5240 4.31634e+06 0
5250 4.46472e+06 0
5260 4.67596e+06 0
5270 4.39775e+06 0
5280 5.36426e+06 0
5290 4.92428e+06 0
5300 4.16488e+06 0
5310 4.37096e+06 0
5320 4.66668e+06 0
5330 4.99847e+06 0
5340 5.9485e+06 0
5350 4.59043e+06 0
5360 5.07987e+06 0
5370 4.69656e+06 0
5380 3.8774e+06 0
5390 4.31841e+06 0
5400 4.16694e+06 0
5410 4.59146e+06 0
5420 4.93768e+06 0
5430 4.66256e+06 0
5440 4.26689e+06 0
5450 4.32768e+06 0
5460 4.54303e+06 0
5470 4.11026e+06 0
5480 4.39156e+06 0
5490 4.53273e+06 0
5500 4.48018e+06 0
5510 4.01341e+06 0
5520 5.0572e+06 0
5530 4.35653e+06 0
5540 5.13036e+06 0
5550 4.63371e+06 0
5560 5.04587e+06 0
5570 5.24268e+06 0
5580 5.04999e+06 0
5590 4.74499e+06 0
5600 4.95932e+06 0
5610 4.79342e+06 0
5620 4.24525e+06 0
5630 4.83464e+06 0
5640 4.5554e+06 0
5650 4.6471e+06 0
5660 5.00259e+06 0
5670 5.3045e+06 0
5680 4.14324e+06 0
5690 3.69192e+06 0
5700 4.72850e+06 0
5710 5.07266e+06 0
5720 4.92222e+06 0
5730 5.06442e+06 0
5740 4.77281e+06 0
5750 4.28234e+06 0
5760 4.74602e+06 0
5770 4.70068e+06 0
5780 4.14015e+06 0
5790 4.34004e+06 0
5800 3.4673e+06 0
5810 5.03144e+06 0
5820 5.06132e+06 0
5830 5.15303e+06 0
5840 4.34932e+06 0
5850 4.49873e+06 0
5860 5.42196e+06 0
5870 4.94489e+06 0
5880 4.83052e+06 0
5890 5.28183e+06 0
5900 3.29728e+06 0
5910 4.66565e+06 0
5920 4.37302e+06 0
5930 4.4266e+06 0
5940 4.14015e+06 0
5950 5.67956e+06 0
5960 5.50543e+06 0
5970 4.50594e+06 0
5980 4.10717e+06 0
5990 5.31171e+06 0
6000 5.7012e+06 0
6010 4.96241e+06 0
6020 5.0809e+06 0
6030 4.79548e+06 0
6040 4.47297e+06 0
6050 4.14221e+06 0
6060 4.59146e+06 0
6070 4.68214e+06 0
6080 4.55334e+06 0
6090 4.30192e+06 0
6100 4.54097e+06 0
6110 4.52242e+06 0
6120 4.84185e+06 0
6130 4.89955e+06 0
6140 4.56982e+06 0
6150 4.24525e+06 0
6160 5.07678e+06 0
6170 5.31377e+06 0
6180 4.16488e+06 0
6190 4.92737e+06 0
6200 4.52655e+06 0
6210 4.34829e+06 0
6220 4.94901e+06 0
6230 4.27616e+06 0
6240 5.12521e+06 0
6250 5.0335e+06 0
6260 5.02114e+06 0
6270 4.03608e+06 0
6280 4.83979e+06 0
6290 4.65535e+06 0
6300 4.75426e+06 0
6310 4.59868e+06 0
6320 4.41423e+06 0
6330 4.62546e+06 0
6340 4.12778e+06 0
6350 4.60486e+06 0
6360 4.6502e+06 0
6370 4.68214e+06 0
6380 4.5554e+06 0
6390 3.76714e+06 0
6400 3.70944e+06 0
6410 4.85834e+06 0
6420 4.64916e+06 0
6430 4.24834e+06 0
6440 4.0165e+06 0
6450 4.63759e+06 0
6460 3.73956e+06 0
6470 4.97683e+06 0
6480 5.25607e+06 0
6490 4.93458e+06 0
6500 4.17827e+06 0
6510 3.74138e+06 0
6520 4.70274e+06 0
6530 4.92943e+06 0
6540 4.93871e+06 0
6550 5.46318e+06 0
6560 5.12727e+06 0
6570 4.54612e+06 0
6580 4.94077e+06 0
6590 4.81815e+06 0
6600 4.65947e+06 0
6610 4.81506e+06 0
6620 5.22928e+06 0
6630 5.19631e+06 0
6640 4.38744e+06 0
6650 4.46884e+06 0
6660 4.43381e+06 0
6670 3.62495e+06 0
6680 3.90831e+06 0
6690 4.32974e+06 0
6700 4.85524e+06 0
6710 4.21330e+06 0
6720 3.92479e+06 0
6730 4.73984e+06 0
6740 3.54664e+06 0
6750 4.57498e+06 0
6760 4.56364e+06 0
6770 4.52861e+06 0
6780 3.60846e+06 0
6790 4.0876e+06 0
6800 3.3591e+06 0
6810 4.49357e+06 0
6820 4.34726e+06 0
6830 4.69759e+06 0
6840 4.36477e+06 0
6850 4.05359e+06 0
6860 4.83052e+06 0
6870 3.69192e+06 0
6880 4.80991e+06 0
6890 4.35241e+06 0
6900 4.72954e+06 0
6910 4.71202e+06 0
6920 4.92428e+06 0
6930 4.55437e+06 0
6940 4.48327e+06 0
6950 4.60668e+06 0
6960 4.09917e+06 0
6970 3.99589e+06 0
6980 4.64583e+06 0
6990 4.5474e+06 0
7000 5.23934e+06 0
7010 4.54431e+06 0
7020 4.6234e+06 0
7030 4.65535e+06 0
7040 3.68883e+06 0
7050 4.31222e+06 0
7060 4.474e+06 0
7070 5.61877e+06 0
7080 4.79239e+06 0
7090 4.61516e+06 0
7100 4.4369e+06 0
7110 4.36684e+06 0
7120 4.24731e+06 0
7130 5.17055e+06 0
7140 4.56364e+06 0
7150 4.97683e+06 0
7160 4.02165e+06 0
7170 3.74962e+06 0
7180 5.06338e+06 0
7190 4.25349e+06 0
7200 4.95622e+06 0
7210 4.64195e+06 0
7220 4.73469e+06 0
7230 5.09327e+06 0
7240 4.50594e+06 0
7250 4.76663e+06 0
7260 4.49976e+06 0
7270 4.08657e+06 0
7280 3.65689e+06 0
7290 4.47194e+06 0
7300 4.07832e+06 0
7310 4.88719e+06 0
7320 5.21073e+06 0
7330 4.52964e+06 0
7340 4.51933e+06 0
7350 4.73469e+06 0
7360 4.01341e+06 0
7370 4.00929e+06 0
7380 4.70687e+06 0
7390 5.39208e+06 0
7400 5.12933e+06 0
7410 3.7352e+06 0
7420 4.24834e+06 0
7430 5.15612e+06 0
7440 4.85112e+06 0
7450 4.34623e+06 0
7460 4.03298e+06 0
7470 4.38023e+06 0
7480 4.813e+06 0
7490 5.8197e+06 0
7500 5.16024e+06 0
7510 4.31532e+06 0
7520 4.61413e+06 0
7530 4.21537e+06 0
7540 4.5554e+06 0
7550 4.06081e+06 0
7560 4.35756e+06 0
7570 4.99744e+06 0
7580 5.11903e+06 0
7590 4.49357e+06 0
7600 4.37302e+06 0
7610 3.81866e+06 0
7620 4.40702e+06 0
7630 4.61516e+06 0
7640 4.38023e+06 0
7650 3.55385e+06 0
7660 4.81815e+06 0
7670 4.3689e+06 0
7680 4.19167e+06 0
7690 4.35756e+06 0
7700 4.88204e+06 0
7710 4.08657e+06 0
7720 4.28543e+06 0
7730 4.22155e+06 0
7740 4.10614e+06 0
7750 5.15612e+06 0
7760 4.83052e+06 0
7770 4.31428e+06 0
7780 5.0232e+06 0
7790 5.90007e+06 0
7800 4.61722e+06 0
7810 4.98817e+06 0
7820 5.18394e+06 0
7830 5.56828e+06 0
7840 4.89234e+06 0
7850 5.0366e+06 0
7860 5.23031e+06 0
7870 4.8233e+06 0
7880 4.85524e+06 0
7890 4.6945e+06 0
7900 4.32665e+06 0
7910 4.3081e+06 0
7920 4.70584e+06 0
7930 4.10511e+06 0
7940 4.89234e+06 0
7950 4.68626e+06 0
7960 4.84803e+06 0
7970 5.12212e+06 0
7980 4.14942e+06 0
7990 4.19888e+06 0
8000 3.69501e+06 0
8010 4.63371e+06 0
8020 4.25246e+06 0
8030 5.25092e+06 0
8040 4.40805e+06 0
8050 4.68729e+06 0
8060 4.41114e+06 0
8070 4.70378e+06 0
8080 4.74602e+06 0
8090 5.33541e+06 0
8100 5.15509e+06 0
8110 4.81403e+06 0
8120 4.23597e+06 0
8130 4.75942e+06 0
8140 4.80166e+06 0
8150 4.37714e+06 0
8160 5.05514e+06 0
8170 4.44205e+06 0
8180 4.25864e+06 0
8190 4.44308e+06 0
8200 4.66668e+06 0
8210 4.90058e+06 0
8220 4.237e+06 0
8230 4.3658e+06 0
8240 4.49357e+06 0
8250 4.70172e+06 0
8260 4.50491e+06 0
8270 4.40908e+06 0
8280 3.67234e+06 0
8290 4.44721e+06 0
8300 4.56055e+06 0
8310 3.5487e+06 0
8320 4.95725e+06 0
8330 3.95468e+06 0
8340 4.73778e+06 0
8350 4.83258e+06 0
8360 4.35035e+06 0
8370 4.27925e+06 0
8380 4.83979e+06 0
8390 5.27565e+06 0
8400 4.13602e+06 0
8410 3.86606e+06 0
8420 4.5317e+06 0
8430 4.74602e+06 0
8440 4.71305e+06 0
8450 4.3926e+06 0
8460 4.12366e+06 0
8470 4.48224e+06 0
8480 4.89131e+06 0
8490 4.70274e+06 0
8500 5.10357e+06 0
8510 4.90367e+06 0
8520 4.18652e+06 0
8530 4.65741e+06 0
8540 4.67802e+06 0
8550 5.03762e+06 0
8560 4.16076e+06 0
8570 3.69501e+06 0
8580 4.05668e+06 0
8590 5.29522e+06 0
8600 3.93304e+06 0
8610 4.30295e+06 0
8620 4.89337e+06 0
8630 4.82948e+06 0
8640 4.37302e+06 0
8650 4.41629e+06 0
8660 4.02886e+06 0
8670 4.89646e+06 0
8680 3.51263e+06 0
8691 3.88952e+06 0
8700 4.02911e+06 0
8710 4.98714e+06 0
8720 5.05411e+06 0
8730 5.55798e+06 0
8740 5.08296e+06 0
8750 3.95570e+06 0
8760 4.66153e+06 0
8770 4.78621e+06 0
8780 5.50234e+06 0
8790 5.34674e+06 0
8800 4.62753e+06 0
8810 4.45648e+06 0
8820 3.78878e+06 0
8830 4.65432e+06 0
8840 5.70326e+06 0
8850 6.05566e+06 0
8860 3.89285e+06 0
8870 4.75839e+06 0
8880 4.10305e+06 0
8890 4.97889e+06 0
8900 4.13706e+06 0
8910 4.63577e+06 0
8920 4.76251e+06 0
8930 4.60589e+06 0
8940 4.85009e+06 0
8950 4.26895e+06 0
8960 4.95932e+06 0
8970 4.98508e+06 0
8980 4.82742e+06 0
8990 4.2607e+06 0
9000 5.40754e+06 0
9010 5.43433e+06 0
9020 4.23906e+06 0
9030 4.00516e+06 0
9040 4.34908e+06 0
9050 5.19655e+06 0
9060 5.04587e+06 0
9070 4.72644e+06 0
9080 4.75942e+06 0
9090 5.23752e+06 0
9100 4.78002e+06 0
9110 4.94901e+06 0
9120 4.15148e+06 0
9130 5.28595e+06 0
9140 4.71202e+06 0
9150 3.83618e+06 0
9160 5.14066e+06 0
9170 4.85524e+06 0
9180 3.99074e+06 0
9190 4.55849e+06 0
9200 3.59919e+06 0
9210 4.9972e+06 0
9220 5.23983e+06 0
9230 4.79033e+06 0
9240 4.47709e+06 0
9250 4.17209e+06 0
9260 4.54509e+06 0
9270 3.9825e+06 0
9280 4.68626e+06 0
9290 5.41372e+06 0
9300 4.70996e+06 0
9310 4.63371e+06 0
9320 4.18548e+06 0
9330 4.80245e+06 0
9340 4.88228e+06 0
9350 4.68626e+06 0
9360 4.95004e+06 0
9370 5.13036e+06 0
9380 4.35962e+06 0
9390 4.79651e+06 0
9400 4.62444e+06 0
9410 4.67183e+06 0
9420 4.25967e+06 0
9430 4.87173e+06 0
9440 4.34108e+06 0
9450 4.81712e+06 0
9460 4.9418e+06 0
9470 5.31583e+06 0
9480 5.47967e+06 0
9490 4.75839e+06 0
9500 5.42609e+06 0
9510 5.06338e+06 0
9520 4.66977e+06 0
9530 4.67698e+06 0
9540 4.24628e+06 0
9550 4.24731e+06 0
9560 4.78518e+06 0
9570 4.74602e+06 0
9580 4.75633e+06 0
9590 5.06854e+06 0
9600 4.54818e+06 0
9610 4.41526e+06 0
9620 4.46575e+06 0
9630 4.3895e+06 0
9640 4.38332e+06 0
9650 4.05668e+06 0
9660 3.97528e+06 0
9670 3.56930e+06 0
9680 3.91243e+06 0
9690 4.76148e+06 0
9700 4.51933e+06 0
9710 4.169e+06 0
9720 4.82845e+06 0
9730 4.42945e+06 0
9740 4.86785e+06 0
9750 5.29832e+06 0
9760 5.29832e+06 0
9770 4.56879e+06 0
9780 4.1793e+06 0
9790 4.6842e+06 0
9800 5.00053e+06 0
9810 4.72850e+06 0
9820 4.17518e+06 0
9830 3.9114e+06 0
9840 3.73314e+06 0
9850 4.17209e+06 0
9860 4.19888e+06 0
9870 4.56055e+06 0
9880 3.72696e+06 0
9890 4.52758e+06 0
9900 3.90316e+06 0
9910 3.84751e+06 0
9920 3.77436e+06 0
9930 4.35756e+06 0
9940 4.69244e+06 0
9950 5.13242e+06 0
9960 5.13345e+06 0
9970 4.94489e+06 0
9980 5.08812e+06 0
9990 4.97477e+06 0
10000 4.39466e+06 0
10010 4.60074e+06 0
10020 4.82536e+06 0
10030 4.22155e+06 0
10040 4.54509e+06 0
10050 4.65535e+06 0
10060 3.71871e+06 0
10070 4.58837e+06 0
10080 4.87997e+06 0
10090 4.81403e+06 0
10100 4.28646e+06 0
10110 4.46988e+06 0
10120 4.85524e+06 0
10130 5.5281e+06 0
10140 5.36941e+06 0
10150 5.20352e+06 0
10160 5.04999e+06 0
10170 4.41114e+06 0
10180 5.26225e+06 0
10190 3.96704e+06 0
10200 4.5214e+06 0
10210 4.02474e+06 0
10220 4.63886e+06 0
10230 4.62444e+06 0
10240 4.40575e+06 0
10250 4.09093e+06 0
10260 3.30243e+06 0
10270 4.01238e+06 0
10280 4.55746e+06 0
10290 4.09893e+06 0
10300 4.55746e+06 0
10310 4.20609e+06 0
10320 4.69656e+06 0
10330 5.1046e+06 0
10340 4.87173e+06 0
10350 5.00259e+06 0
10360 5.0098e+06 0
10370 5.38487e+06 0
10380 4.47194e+06 0
10390 4.50594e+06 0
10400 4.00001e+06 0
10410 4.23082e+06 0
10420 4.44721e+06 0
10430 4.31119e+06 0
10440 4.33283e+06 0
10450 4.88616e+06 0
10460 4.11645e+06 0
10470 3.77745e+06 0
10480 4.56982e+06 0
10490 4.55746e+06 0
10500 4.09893e+06 0
10510 5.02938e+06 0
10520 4.52758e+06 0
10530 5.23752e+06 0
10540 4.66153e+06 0
10550 3.95134e+06 0
10560 4.24343e+06 0
10570 3.73932e+06 0
10580 4.22258e+06 0
10590 4.41629e+06 0
10600 5.16642e+06 0
10610 3.75169e+06 0
10620 4.35344e+06 0
10630 3.63113e+06 0
10640 3.65998e+06 0
10650 4.24216e+06 0
10660 4.2164e+06 0
10670 3.56621e+06 0
10680 4.70481e+06 0
10690 5.21382e+06 0
10700 5.08605e+06 0
10710 4.21743e+06 0
10720 3.83309e+06 0
10730 3.80836e+06 0
10740 4.83979e+06 0
10750 5.26019e+06 0
10760 4.83154e+06 0
10770 5.0335e+06 0
10780 5.11388e+06 0
10790 4.29986e+06 0
10800 4.0165e+06 0
10810 4.23288e+06 0
10820 4.01032e+06 0
10830 4.3555e+06 0
10840 3.54148e+06 0
10850 4.95622e+06 0
10860 5.47142e+06 0
10870 4.59558e+06 0
10880 4.88719e+06 0
10890 3.86091e+06 0
10900 4.44205e+06 0
10910 4.86967e+06 0
10920 3.89079e+06 0
10930 4.18239e+06 0
10940 3.58579e+06 0
10950 3.70635e+06 0
10960 4.33386e+06 0
10970 4.20403e+06 0
10980 4.26895e+06 0
10990 4.43175e+06 0
11000 5.18806e+06 0
11010 4.40393e+06 0
11020 5.423e+06 0
11030 5.51058e+06 0
11040 5.44772e+06 0
11050 4.78106e+06 0
11060 4.51418e+06 0
11070 3.79496e+06 0
11080 3.90934e+06 0
11090 4.98817e+06 0
11100 4.61619e+06 0
11110 4.37302e+06 0
11120 3.83824e+06 0
11130 3.97013e+06 0
11140 3.76199e+06 0
11150 4.38229e+06 0
11160 4.92119e+06 0
11170 3.8403e+06 0
11180 3.99486e+06 0
11190 5.19528e+06 0
11200 3.75993e+06 0
11210 4.05874e+06 0
11220 4.42145e+06 0
11230 5.00774e+06 0
11240 4.17621e+06 0
11250 3.9217e+06 0
11260 4.76251e+06 0
11270 4.6131e+06 0
11280 3.52294e+06 0
11290 4.15148e+06 0
11300 3.68883e+06 0
11310 4.62031e+06 0
11320 4.34417e+06 0
11330 3.93407e+06 0
11340 4.7656e+06 0
11350 5.10666e+06 0
11360 4.80269e+06 0
11370 4.33695e+06 0
11380 4.52758e+06 0
11390 3.73005e+06 0
11400 4.68729e+06 0
11410 4.08966e+06 0
11420 4.06493e+06 0
11430 4.0979e+06 0
11440 4.52655e+06 0
11450 4.11336e+06 0
11460 3.4642e+06 0
11470 4.22773e+06 0
11480 4.25246e+06 0
11490 4.96859e+06 0
11500 3.78054e+06 0
11510 5.02629e+06 0
11520 4.59352e+06 0
11530 4.23288e+06 0
11540 4.9995e+06 0
11550 4.57394e+06 0
11560 4.30707e+06 0
11570 5.10666e+06 0
11580 4.86143e+06 0
11590 4.67905e+06 0
11600 4.69632e+06 0
11610 4.47527e+06 0
11620 4.2504e+06 0
11630 5.0232e+06 0
11640 4.73778e+06 0
11650 4.41938e+06 0
11660 4.43896e+06 0
11670 3.89903e+06 0
11680 3.92273e+06 0
11690 4.30913e+06 0
11700 5.08708e+06 0
11710 3.91037e+06 0
11720 5.20043e+06 0
11730 4.96962e+06 0
11740 4.72644e+06 0
11750 4.66874e+06 0
11760 4.89337e+06 0
11770 4.64813e+06 0
11780 4.89749e+06 0
11790 3.71665e+06 0
11800 4.24319e+06 0
11810 5.00774e+06 0
11820 4.94695e+06 0
11830 5.50852e+06 0
11840 5.38796e+06 0
11850 4.71281e+06 0
11860 4.71226e+06 0
11870 4.91501e+06 0
11880 4.76045e+06 0
11890 4.61413e+06 0
11900 5.50955e+06 0
11910 5.12315e+06 0
11920 4.33798e+06 0
11930 4.31119e+06 0
11940 5.44772e+06 0
11950 4.45854e+06 0
11960 4.34314e+06 0
11970 5.04175e+06 0
11980 5.3385e+06 0
11990 4.3689e+06 0
12000 4.48121e+06 0
12010 4.39053e+06 0
12020 4.48945e+06 0
12030 4.24937e+06 0
12040 4.90264e+06 0
12050 5.05411e+06 0
12060 4.55231e+06 0
12070 4.21330e+06 0
12080 4.542e+06 0
12090 4.24422e+06 0
12100 4.6842e+06 0
12110 4.4503e+06 0
12120 3.39002e+06 0
12130 4.88204e+06 0
12140 4.88616e+06 0
12150 4.88306e+06 0
12160 4.9284e+06 0
12170 4.06081e+06 0
12180 4.19785e+06 0
12190 4.75736e+06 0
12200 4.3689e+06 0
12210 5.12212e+06 0
12220 5.1386e+06 0
12230 4.93458e+06 0
12240 4.5317e+06 0
12250 4.41836e+06 0
12260 4.23804e+06 0
12270 3.14066e+06 0
12280 4.19373e+06 0
12290 4.30707e+06 0
12300 4.31222e+06 0
12310 4.72232e+06 0
12320 4.24834e+06 0
12330 3.59713e+06 0
12340 3.95570e+06 0
12350 4.23185e+06 0
12360 4.93949e+06 0
12370 4.30732e+06 0
12380 4.43381e+06 0
12390 4.53273e+06 0
12400 5.32614e+06 0
12410 4.70996e+06 0
12420 4.31532e+06 0
12430 3.7929e+06 0
12440 4.237e+06 0
12450 4.17106e+06 0
12460 4.52552e+06 0
12470 5.23546e+06 0
12480 4.66359e+06 0
12490 4.35138e+06 0
12500 4.97683e+06 0
12510 4.135e+06 0
12520 5.06854e+06 0
12530 3.86503e+06 0
12540 4.44412e+06 0
12550 5.02217e+06 0
12560 4.60692e+06 0
12570 4.53788e+06 0
12580 4.20094e+06 0
12590 3.84133e+06 0
12600 4.06596e+06 0
12610 4.69244e+06 0
12620 4.12984e+06 0
12630 3.97528e+06 0
12640 4.30192e+06 0
12650 4.45339e+06 0
12660 4.18858e+06 0
12670 3.95777e+06 0
12680 4.65329e+06 0
12690 5.34365e+06 0
12700 4.93458e+06 0
12710 4.82845e+06 0
12720 4.64298e+06 0
12730 3.92479e+06 0
12740 4.99744e+06 0
12750 4.39672e+06 0
12760 4.73984e+06 0
12770 5.10048e+06 0
12780 4.23185e+06 0
12790 4.52346e+06 0
12800 4.57085e+06 0
12810 5.05205e+06 0
12820 4.87791e+06 0
12830 4.5657e+06 0
12840 4.02474e+06 0
12850 3.77951e+06 0
12860 4.24113e+06 0
12870 4.78724e+06 0
12880 5.06236e+06 0
12890 4.72129e+06 0
12900 5.17776e+06 0
12910 5.06751e+06 0
12920 4.79445e+06 0
12930 4.02268e+06 0
12940 4.57188e+06 0
12950 4.34210e+06 0
12960 4.92119e+06 0
12970 4.71202e+06 0
12980 5.38796e+06 0
12990 4.86658e+06 0
13000 3.90831e+06 0
13010 4.63371e+06 0
13020 5.06854e+06 0
13030 4.39672e+06 0
13040 4.4503e+06 0
13050 4.847e+06 0
13060 4.95932e+06 0
13070 4.30398e+06 0
13080 4.62856e+06 0
13090 4.18033e+06 0
13100 4.95828e+06 0
13110 5.23752e+06 0
13120 3.94437e+06 0
13130 4.33283e+06 0
13140 4.7893e+06 0
13150 4.21949e+06 0
13160 3.88873e+06 0
13170 3.45699e+06 0
13180 4.237e+06 0
13190 3.96189e+06 0
13200 4.41938e+06 0
13210 4.3658e+06 0
13220 3.80114e+06 0
13230 4.72026e+06 0
13240 4.98095e+06 0
13250 5.08502e+06 0
13260 4.77075e+06 0
13270 4.34417e+06 0
13280 4.59249e+06 0
13290 4.83773e+06 0
13300 5.0809e+06 0
13310 4.34829e+06 0
13320 4.76457e+06 0
13330 5.491e+06 0
13340 5.55282e+06 0
13350 3.65071e+06 0
13360 4.48636e+06 0
13370 4.60074e+06 0
13380 5.36735e+06 0
13390 5.57343e+06 0
13400 5.02217e+06 0
13410 4.82227e+06 0
13420 4.76869e+06 0
13430 5.48894e+06 0
13440 5.4673e+06 0
13450 4.73778e+06 0
13460 4.70481e+06 0
13470 4.40599e+06 0
13480 4.14118e+06 0
13490 4.47709e+06 0
13500 5.18703e+06 0
13510 5.15715e+06 0
13520 4.1927e+06 0
13530 4.94386e+06 0
13540 3.8537e+06 0
13550 5.10048e+06 0
13560 5.09533e+06 0
13570 4.82845e+06 0
13580 4.52964e+06 0
13590 4.26276e+06 0
13600 4.89337e+06 0
13610 4.39878e+06 0
13620 5.01393e+06 0
13630 5.0335e+06 0
13640 5.06751e+06 0
13650 5.19425e+06 0
13660 4.96859e+06 0
13670 4.77693e+06 0
13680 4.29574e+06 0
13690 4.82639e+06 0
13700 4.13912e+06 0
13710 3.46317e+06 0
13720 4.05153e+06 0
13730 3.79702e+06 0
13740 4.34108e+06 0
13750 4.15045e+06 0
13760 3.87636e+06 0
13770 5.19322e+06 0
13780 4.49873e+06 0
13790 4.9995e+06 0
13800 4.82948e+06 0
13810 4.55643e+06 0
13820 4.6131e+06 0
13830 4.82227e+06 0
13840 4.87482e+06 0
13850 4.89543e+06 0
13860 4.44102e+06 0
13870 5.47554e+06 0
13880 4.79754e+06 0
13890 4.81791e+06 0
13900 4.26301e+06 0
13910 4.78621e+06 0
13920 4.67389e+06 0
13930 4.96241e+06 0
13940 4.58116e+06 0
13950 4.58116e+06 0
13960 3.78363e+06 0
13970 4.83567e+06 0
13980 4.66668e+06 0
13990 4.8233e+06 0
14000 4.9418e+06 0
14010 4.36271e+06 0
14020 3.92994e+06 0
14030 4.34108e+06 0
14040 4.38847e+06 0
14050 4.04741e+06 0
14060 4.43666e+06 0
14070 3.96934e+06 0
14080 5.17364e+06 0
14090 4.02371e+06 0
14100 4.47194e+06 0
14110 5.18806e+06 0
14120 4.37096e+06 0
14130 4.51624e+06 0
14140 4.87585e+06 0
14150 4.30398e+06 0
14160 4.31841e+06 0
14170 4.45545e+06 0
14180 5.53531e+06 0
14190 5.59198e+06 0
14200 4.51006e+06 0
14210 5.01599e+06 0
14220 4.6265e+06 0
14230 4.85009e+06 0
14240 4.29058e+06 0
14250 4.86967e+06 0
14260 4.98610e+06 0
14270 4.44721e+06 0
14280 4.83464e+06 0
14290 4.82433e+06 0
14300 4.21743e+06 0
14310 4.2844e+06 0
14320 4.29677e+06 0
14330 4.3689e+06 0
14340 4.35756e+06 0
14350 4.95519e+06 0
14360 3.7455e+06 0
14370 4.20403e+06 0
14380 3.91449e+06 0
14390 3.90109e+06 0
14400 4.48842e+06 0
14410 5.2231e+06 0
14420 4.43793e+06 0
14430 4.53273e+06 0
14440 5.2674e+06 0
14450 4.71717e+06 0
14460 4.91707e+06 0
14470 5.27153e+06 0
14480 5.28801e+06 0
14490 4.95416e+06 0
14500 5.40548e+06 0
14510 5.54561e+06 0
14520 5.12418e+06 0
14530 5.08605e+06 0
14540 5.1386e+06 0
14550 5.22825e+06 0
14560 5.13242e+06 0
14570 5.16024e+06 0
14580 4.85215e+06 0
14590 4.97065e+06 0
14600 5.03041e+06 0
14610 4.86967e+06 0
14620 4.71408e+06 0
14630 5.39208e+06 0
14640 5.3045e+06 0
14650 4.86452e+06 0
14660 4.68189e+06 0
14670 4.45672e+06 0
14680 4.70068e+06 0
14690 5.4673e+06 0
14700 4.61001e+06 0
14710 4.71717e+06 0
14720 4.52655e+06 0
14730 4.85628e+06 0
14740 4.85937e+06 0
14750 5.05308e+06 0
14760 5.56828e+06 0
14770 4.10202e+06 0
14780 4.94283e+06 0
14790 5.4673e+06 0
14800 4.68832e+06 0
14810 4.0402e+06 0
14820 5.26328e+06 0
14830 5.35396e+06 0
14840 4.96653e+06 0
14850 4.88204e+06 0
14860 4.34314e+06 0
14870 5.0075e+06 0
14880 5.34287e+06 0
14890 4.95622e+06 0
14900 4.47478e+06 0
14910 3.74162e+06 0
14920 4.48612e+06 0
14930 4.69784e+06 0
14940 4.05256e+06 0
14950 4.64401e+06 0
14960 4.3792e+06 0
14970 4.84288e+06 0
14980 5.07163e+06 0
14990 4.85524e+06 0
15000 4.20197e+06 0
15010 3.83515e+06 0
15020 5.14066e+06 0
15030 5.39311e+06 0
15040 4.28749e+06 0
15050 4.00826e+06 0
15060 4.62031e+06 0
15070 4.61413e+06 0
15080 4.23494e+06 0
15090 4.42763e+06 0
15100 5.02423e+06 0
15110 4.65741e+06 0
15120 5.12418e+06 0
15130 5.23134e+06 0
15140 4.32459e+06 0
15150 4.04844e+06 0
15160 4.32871e+06 0
15170 4.75942e+06 0
15180 3.86091e+06 0
15190 3.65998e+06 0
15200 4.00207e+06 0
15210 4.8233e+06 0
15220 5.07575e+06 0
15230 4.79342e+06 0
15240 4.9758e+06 0
15250 4.59868e+06 0
15260 4.79136e+06 0
15270 4.82845e+06 0
15280 5.07678e+06 0
15290 5.11388e+06 0
15300 3.98044e+06 0
15310 4.70172e+06 0
15320 4.10408e+06 0
15330 4.97786e+06 0
15340 5.9114e+06 0
15350 4.93562e+06 0
15360 4.70274e+06 0
15370 4.69862e+06 0
15380 4.79548e+06 0
15390 4.66438e+06 0
15400 5.21819e+06 0
15410 4.61104e+06 0
15420 4.38435e+06 0
15430 4.18239e+06 0
15440 4.03505e+06 0
15450 4.19064e+06 0
15460 3.82072e+06 0
15470 4.38847e+06 0
15480 4.97786e+06 0
15490 5.12006e+06 0
15500 5.28904e+06 0
15510 5.64041e+06 0
15520 4.80578e+06 0
15530 5.09018e+06 0
15540 4.3215e+06 0
15550 4.28852e+06 0
15560 4.8233e+06 0
15570 4.12366e+06 0
15580 4.05668e+06 0
15590 5.12315e+06 0
15600 4.95416e+06 0
15610 4.98301e+06 0
15620 4.26792e+06 0
15630 4.57498e+06 0
15640 5.57756e+06 0
15650 5.6672e+06 0
15660 5.42712e+06 0
15670 4.93458e+06 0
15680 4.7553e+06 0
15690 4.49976e+06 0
15700 4.45751e+06 0
15710 4.68008e+06 0
15720 4.22361e+06 0
15730 5.12933e+06 0
15740 5.12109e+06 0
15750 3.864e+06 0
15760 4.46369e+06 0
15770 5.11078e+06 0
15780 4.53376e+06 0
15790 4.60074e+06 0
15800 4.87585e+06 0
15810 4.88719e+06 0
15820 4.59868e+06 0
15830 4.90882e+06 0
15840 4.3792e+06 0
15850 4.44205e+06 0
15860 4.55437e+06 0
15870 4.97992e+06 0
15880 4.8841e+06 0
15890 4.4029e+06 0
15900 5.12933e+06 0
15910 5.07266e+06 0
15920 4.65638e+06 0
15930 4.72026e+06 0
15940 4.6842e+06 0
15950 4.65122e+06 0
15960 4.29986e+06 0
15970 4.37302e+06 0
15980 4.76354e+06 0
15990 4.42351e+06 0
16000 4.43896e+06 0
16010 4.61928e+06 0
16020 4.60898e+06 0
16030 4.92222e+06 0
16040 4.97374e+06 0
16050 4.02474e+06 0
16060 5.21176e+06 0
16070 4.85215e+06 0
16080 4.59455e+06 0
16090 4.9047e+06 0
16100 5.32717e+06 0
16110 5.1386e+06 0
16120 5.23237e+06 0
16130 5.72387e+06 0
16140 5.19425e+06 0
16150 5.08502e+06 0
16160 4.75117e+06 0
16170 5.39517e+06 0
16180 4.82948e+06 0
16190 4.02371e+06 0
16200 4.89749e+06 0
16210 4.80063e+06 0
16220 4.19785e+06 0
16230 4.77693e+06 0
16240 4.35241e+06 0
16250 4.48533e+06 0
16260 4.63371e+06 0
16270 5.04072e+06 0
16280 4.42763e+06 0
16290 4.22052e+06 0
16300 4.85421e+06 0
16310 4.85628e+06 0
16320 4.88925e+06 0
16330 4.69965e+06 0
16340 4.76972e+06 0
16350 4.14221e+06 0
16360 4.43896e+06 0
16370 4.71717e+06 0
16380 4.56055e+06 0
16390 5.06132e+06 0
16400 4.56982e+06 0
16410 4.71717e+06 0
16420 4.24113e+06 0
16430 4.61413e+06 0
16440 5.3148e+06 0
16450 4.09687e+06 0
16460 4.52242e+06 0
16470 4.58734e+06 0
16480 4.12778e+06 0
16490 4.90264e+06 0
16500 4.69862e+06 0
16510 4.24422e+06 0
16520 4.16694e+06 0
16530 4.43151e+06 0
16540 4.3475e+06 0
16550 6.0639e+06 0
16560 5.10872e+06 0
16570 4.19682e+06 0
16580 5.13551e+06 0
16590 5.47348e+06 0
16600 5.40342e+06 0
16610 5.27668e+06 0
16620 4.46678e+06 0
16630 4.05359e+06 0
16640 5.07781e+06 0
16650 5.23031e+06 0
16660 4.4503e+06 0
16670 4.93356e+06 0
16680 5.09533e+06 0
16690 4.99538e+06 0
16700 4.33901e+06 0
16710 4.33592e+06 0
16720 4.28956e+06 0
16730 4.99744e+06 0
16740 4.93046e+06 0
16750 4.79342e+06 0
16760 3.87842e+06 0
16770 3.69501e+06 0
16780 4.6368e+06 0
16790 4.55849e+06 0
16800 4.28337e+06 0
16810 3.91964e+06 0
16820 4.15148e+06 0
16830 4.61001e+06 0
16840 3.92376e+06 0
16850 4.85628e+06 0
16860 5.39105e+06 0
16870 5.48688e+06 0
16880 4.63783e+06 0
16890 4.27719e+06 0
16900 4.94901e+06 0
16910 4.94568e+06 0
16920 4.33926e+06 0
16930 4.18239e+06 0
16940 4.37817e+06 0
16950 4.89234e+06 0
16960 4.57085e+06 0
16970 4.23391e+06 0
16980 4.91913e+06 0
16990 4.94798e+06 0
17000 5.47554e+06 0
17010 5.01393e+06 0
17020 4.64401e+06 0
17030 4.58837e+06 0
17040 4.63474e+06 0
17050 5.24061e+06 0
17060 4.87379e+06 0
17070 4.85524e+06 0
17080 4.56879e+06 0
17090 5.01599e+06 0
17100 5.13345e+06 0
17110 5.36014e+06 0
17120 4.76354e+06 0
17130 5.03041e+06 0
17140 4.70172e+06 0
17150 4.63886e+06 0
17160 4.61722e+06 0
17170 5.20043e+06 0
17180 4.67286e+06 0
17190 3.98559e+06 0
17200 4.1556e+06 0
17210 4.52758e+06 0
17220 3.95570e+06 0
17230 4.35653e+06 0
17240 3.8877e+06 0
17250 4.22052e+06 0
17260 4.203e+06 0
17270 4.76354e+06 0
17280 4.99744e+06 0
17290 4.17003e+06 0
17300 3.26431e+06 0
17310 4.08657e+06 0
17320 3.87636e+06 0
17330 4.70172e+06 0
17340 3.98353e+06 0
17350 4.11851e+06 0
17360 4.31119e+06 0
17370 3.82381e+06 0
17380 4.54818e+06 0
17390 4.36477e+06 0
17400 4.72335e+06 0
17410 4.73572e+06 0
17420 4.33283e+06 0
17430 4.53376e+06 0
17440 5.08502e+06 0
17450 5.05102e+06 0
17460 4.68626e+06 0
17470 5.21279e+06 0
17480 4.81403e+06 0
17490 5.18782e+06 0
17500 5.49434e+06 0
17510 5.30862e+06 0
17520 4.56055e+06 0
17530 4.99641e+06 0
17540 4.49048e+06 0
17550 4.12366e+06 0
17560 4.91192e+06 0
17570 4.1556e+06 0
17580 4.1927e+06 0
17590 4.847e+06 0
17600 4.08450e+06 0
17610 4.29162e+06 0
17620 3.74447e+06 0
17630 4.65535e+06 0
17640 4.46266e+06 0
17650 5.26225e+06 0
17660 5.45597e+06 0
17670 5.85267e+06 0
17680 4.80063e+06 0
17690 4.57807e+06 0
17700 4.92222e+06 0
17710 5.18497e+06 0
17720 5.01393e+06 0
17730 4.39362e+06 0
17740 4.64504e+06 0
17750 4.69347e+06 0
17760 4.46884e+06 0
17770 4.65947e+06 0
17780 5.3622e+06 0
17790 4.6502e+06 0
17800 3.48275e+06 0
17810 4.64092e+06 0
17820 4.69862e+06 0
17830 4.82227e+06 0
17840 5.00053e+06 0
17850 5.46627e+06 0
17860 5.61156e+06 0
17870 5.75581e+06 0
17880 4.89337e+06 0
17890 4.23597e+06 0
17900 4.61825e+06 0
17910 5.11490e+06 0
17920 4.58837e+06 0
17930 4.8604e+06 0
17940 4.67183e+06 0
17950 4.75324e+06 0
17960 5.15097e+06 0
17970 5.5487e+06 0
17980 5.152e+06 0
17990 5.54664e+06 0
18000 5.24164e+06 0
18010 5.58683e+06 0
18020 5.3756e+06 0
18030 5.22413e+06 0
18040 5.33953e+06 0
18050 4.83464e+06 0
18060 5.2468e+06 0
18070 4.90058e+06 0
18080 4.17724e+06 0
18090 3.97116e+06 0
18100 5.14066e+06 0
18110 4.39053e+06 0
18120 4.66359e+06 0
18130 5.22722e+06 0
18140 5.20146e+06 0
18150 5.03762e+06 0
18160 4.03505e+06 0
18170 4.28337e+06 0
18180 5.13964e+06 0
18190 5.11903e+06 0
18200 4.69862e+06 0
18210 4.20609e+06 0
18220 4.57601e+06 0
18230 4.80578e+06 0
18240 5.01599e+06 0
18250 4.59455e+06 0
18260 4.22155e+06 0
18270 4.81918e+06 0
18280 5.45803e+06 0
18290 4.50594e+06 0
18300 5.48379e+06 0
18310 5.38463e+06 0
18320 5.30474e+06 0
18330 4.19682e+06 0
18340 4.92428e+06 0
18350 4.88719e+06 0
18360 5.186e+06 0
18370 4.53685e+06 0
18380 4.62959e+06 0
18390 4.57498e+06 0
18400 4.9284e+06 0
18410 5.17158e+06 0
18420 4.51933e+06 0
18430 4.59455e+06 0
18440 4.87173e+06 0
18450 4.79651e+06 0
18460 3.98044e+06 0
18470 4.42969e+06 0
18480 4.18858e+06 0
18490 4.83979e+06 0
18500 5.47348e+06 0
18510 3.91758e+06 0
18520 5.03866e+06 0
18530 5.23752e+06 0
18540 4.69862e+06 0
18550 4.45442e+06 0
18560 4.27925e+06 0
18570 4.1319e+06 0
18580 4.49048e+06 0
18590 4.53891e+06 0
18600 4.54303e+06 0
18610 4.24731e+06 0
18620 4.43072e+06 0
18630 4.68935e+06 0
18640 4.19888e+06 0
18650 4.98817e+06 0
18660 4.60898e+06 0
18670 4.38332e+06 0
18680 4.24937e+06 0
18690 3.48172e+06 0
18700 4.74911e+06 0
18710 5.14376e+06 0
18720 5.10975e+06 0
18730 5.21588e+06 0
18740 4.36477e+06 0
18750 5.22722e+06 0
18760 5.08605e+06 0
18770 3.47451e+06 0
18780 4.75633e+06 0
18790 4.79548e+06 0
18800 4.70274e+06 0
18810 4.40084e+06 0
18820 4.66359e+06 0
18830 4.86658e+06 0
18840 4.25967e+06 0
18850 4.73057e+06 0
18860 4.96138e+06 0
18870 3.8063e+06 0
18880 4.86555e+06 0
18890 4.2607e+06 0
18900 4.75736e+06 0
18910 4.29368e+06 0
18920 4.38435e+06 0
18930 4.77075e+06 0
18940 3.53015e+06 0
18950 4.06905e+06 0
18960 3.73908e+06 0
18970 4.28465e+06 0
18980 4.25555e+06 0
18990 4.33077e+06 0
19000 3.81248e+06 0
19010 4.72129e+06 0
19020 4.57601e+06 0
19030 4.474e+06 0
19040 4.04535e+06 0
19050 4.18754e+06 0
19060 5.186e+06 0
19070 5.08502e+06 0
19080 3.59506e+06 0
19090 4.84082e+06 0
19100 5.12933e+06 0
19110 5.08812e+06 0
19120 4.74087e+06 0
19130 5.00362e+06 0
19140 4.70893e+06 0
19150 4.68626e+06 0
19160 4.11439e+06 0
19170 4.51933e+06 0
19180 4.99229e+06 0
19190 4.4503e+06 0
19200 4.40496e+06 0
19210 4.3689e+06 0
19220 3.96189e+06 0
19230 4.27719e+06 0
19240 3.91346e+06 0
19250 5.05411e+06 0
19260 4.76457e+06 0
19270 5.07678e+06 0
19280 4.83876e+06 0
19290 4.86349e+06 0
19300 4.65122e+06 0
19310 4.8604e+06 0
19320 4.71614e+06 0
19330 3.32304e+06 0
19340 4.22361e+06 0
19350 4.54097e+06 0
19360 3.9351e+06 0
19370 5.09945e+06 0
19380 5.25377e+06 0
19390 4.161e+06 0
19400 4.16178e+06 0
19410 4.78621e+06 0
19420 4.86864e+06 0
19430 4.7996e+06 0
19440 4.29883e+06 0
19450 4.4843e+06 0
19460 4.17724e+06 0
19470 5.01393e+06 0
19480 4.73469e+06 0
19490 4.61413e+06 0
19500 5.33953e+06 0
19510 5.09121e+06 0
19520 5.39105e+06 0
19530 4.49048e+06 0
19540 4.98404e+06 0
19550 4.27513e+06 0
19560 4.82948e+06 0
19570 5.9011e+06 0
19580 4.92016e+06 0
19590 5.21794e+06 0
19600 5.08812e+06 0
19610 4.56673e+06 0
19620 5.07472e+06 0
19630 5.23855e+06 0
19640 4.94592e+06 0
19650 5.27359e+06 0
19660 5.14582e+06 0
19670 4.29058e+06 0
19680 4.63371e+06 0
19690 5.32717e+06 0
19700 4.92428e+06 0
19710 4.35241e+06 0
19720 4.58116e+06 0
19730 4.81094e+06 0
19740 4.813e+06 0
19750 4.82433e+06 0
19760 5.01084e+06 0
19770 5.0129e+06 0
19780 4.77487e+06 0
19790 4.57498e+06 0
19800 5.08605e+06 0
19810 6.31017e+06 0
19820 5.24268e+06 0
19830 4.70481e+06 0
19840 5.12521e+06 0
19850 4.70172e+06 0
19860 4.6265e+06 0
19870 4.90573e+06 0
19880 5.1757e+06 0
19890 5.47554e+06 0
19900 4.69862e+06 0
19910 5.27977e+06 0
19920 5.03866e+06 0
19930 4.82021e+06 0
19940 4.45442e+06 0
19950 5.41372e+06 0
19960 5.78879e+06 0
19970 5.72387e+06 0
19980 4.63577e+06 0
19990 5.58992e+06 0
20000 4.89955e+06 0
20010 4.89852e+06 0
20020 4.93562e+06 0
20030 5.59919e+06 0
20040 5.27565e+06 0
20050 5.47658e+06 0
20060 4.58837e+06 0
20070 5.12624e+06 0
20080 4.92737e+06 0
20090 5.51985e+06 0
20100 5.04072e+06 0
20110 5.1283e+06 0
20120 5.61156e+06 0
20130 5.09842e+06 0
20140 4.57292e+06 0
20150 4.58734e+06 0
20160 5.00568e+06 0
20170 4.89852e+06 0
20180 5.38487e+06 0
20190 5.31789e+06 0
20200 5.68575e+06 0
20210 4.96138e+06 0
20220 4.59868e+06 0
20230 5.36323e+06 0
20240 4.18342e+06 0
20250 4.33386e+06 0
20260 4.80372e+06 0
20270 4.9521e+06 0
20280 5.50749e+06 0
20290 4.45751e+06 0
20300 4.2978e+06 0
20310 5.491e+06 0
20320 4.87688e+06 0
20330 5.03969e+06 0
20340 4.46575e+06 0
20350 3.84545e+06 0
20360 5.40445e+06 0
20370 4.56776e+06 0
20380 4.27204e+06 0
20390 4.44824e+06 0
20400 5.4096e+06 0
20410 4.5894e+06 0
20420 3.81969e+06 0
20430 4.61825e+06 0
20440 4.02165e+06 0
20450 5.77127e+06 0
20460 6.21022e+06 0
20470 5.29007e+06 0
20480 3.91449e+06 0
20490 4.70274e+06 0
20500 4.60795e+06 0
20510 5.41784e+06 0
20520 4.92737e+06 0
20530 4.65947e+06 0
20540 5.44669e+06 0
20550 5.22825e+06 0
20560 5.66823e+06 0
20570 5.09636e+06 0
20580 4.41629e+06 0
20590 4.1453e+06 0
20600 4.55746e+06 0
20610 4.1927e+06 0
20620 4.74396e+06 0
20630 5.38075e+06 0
20640 5.3148e+06 0
20650 5.05308e+06 0
20660 4.52964e+06 0
20670 3.78775e+06 0
20680 4.42248e+06 0
20690 5.19631e+06 0
20700 4.91604e+06 0
20710 4.95725e+06 0
20720 4.9181e+06 0
20730 5.08812e+06 0
20740 5.42815e+06 0
20750 5.72387e+06 0
20760 4.4843e+06 0
20770 4.55128e+06 0
20780 3.92479e+06 0
20790 4.45236e+06 0
20800 4.21434e+06 0
20810 4.45854e+06 0
20820 4.11026e+06 0
20830 4.15948e+06 0
20840 4.25373e+06 0
20850 4.54922e+06 0
20860 4.61413e+06 0
20870 5.25813e+06 0
20880 4.83773e+06 0
20890 4.91089e+06 0
20900 4.84288e+06 0
20910 4.6842e+06 0
20920 4.86967e+06 0
20930 4.3792e+06 0
20940 5.24474e+06 0
20950 5.38487e+06 0
20960 5.1046e+06 0
20970 4.56364e+06 0
20980 5.52706e+06 0
20990 5.22825e+06 0
21000 5.24783e+06 0
21010 4.84494e+06 0
21020 4.93871e+06 0
21030 4.39672e+06 0
21040 4.78518e+06 0
21050 5.34365e+06 0
21060 5.22182e+06 0
21070 4.85034e+06 0
21080 4.91295e+06 0
21090 5.31892e+06 0
21100 5.24577e+06 0
21110 4.89543e+06 0
21120 4.73881e+06 0
21130 5.14066e+06 0
21140 4.60898e+06 0
21150 3.75993e+06 0
21160 4.39672e+06 0
21170 4.11542e+06 0
21180 4.39775e+06 0
21190 4.97683e+06 0
21200 5.59919e+06 0
21210 4.49254e+06 0
21220 5.22001e+06 0
21230 5.09121e+06 0
21240 4.53067e+06 0
21250 4.18548e+06 0
21260 4.71717e+06 0
21270 5.34365e+06 0
21280 4.85834e+06 0
21290 5.62289e+06 0
21300 5.91346e+06 0
21310 4.56879e+06 0
21320 4.37405e+06 0
21330 4.09687e+06 0
21340 4.5317e+06 0
21350 5.33129e+06 0
21360 5.60228e+06 0
21370 4.43484e+06 0
21380 3.79496e+06 0
21390 4.48945e+06 0
21400 5.08914e+06 0
21410 4.4583e+06 0
21420 3.71999e+06 0
21430 3.81763e+06 0
21440 3.31068e+06 0
21450 3.89903e+06 0
21460 3.87842e+06 0
21470 3.33025e+06 0
21480 4.12057e+06 0
21490 4.16591e+06 0
21500 4.29265e+06 0
21510 5.31274e+06 0
21520 5.18703e+06 0
21530 5.24886e+06 0
21540 4.96653e+06 0
21550 5.31377e+06 0
21560 5.01496e+06 0
21570 4.98817e+06 0
21580 4.88616e+06 0
21590 5.38178e+06 0
