# TimeStamp(s) Sum Stdev
0 1.70737e+06 0
10 2.05256e+06 0
20 2.08553e+06 0
30 1.9582e+06 0
40 1.74239e+06 0
50 1.88077e+06 0
60 1.92093e+06 0
70 1.83543e+06 0
80 1.87073e+06 0
90 1.76597e+06 0
100 1.75603e+06 0
110 2.48462e+06 0
120 2.49516e+06 0
130 2.04047e+06 0
140 2.10751e+06 0
150 1.90859e+06 0
160 1.91944e+06 0
170 1.7558e+06 0
180 2.22648e+06 0
190 1.97972e+06 0
200 1.7897e+06 0
210 1.98229e+06 0
220 2.00825e+06 0
230 1.913e+06 0
240 1.87668e+06 0
250 1.84425e+06 0
260 2.15225e+06 0
270 2.0863e+06 0
280 1.97609e+06 0
290 2.1337e+06 0
300 2.17076e+06 0
310 1.80216e+06 0
320 1.75554e+06 0
330 1.92568e+06 0
340 2.0007e+06 0
350 2.09433e+06 0
360 1.68264e+06 0
370 2.03256e+06 0
380 2.40139e+06 0
390 2.31593e+06 0
400 2.26209e+06 0
410 2.41161e+06 0
420 2.35661e+06 0
430 2.43016e+06 0
440 2.02577e+06 0
450 2.07653e+06 0
460 2.14322e+06 0
470 2.25741e+06 0
480 2.16849e+06 0
490 1.91142e+06 0
500 2.06863e+06 0
510 2.05254e+06 0
525 1.73988e+06 0
530 2.23962e+06 0
545 2.203e+06 0
550 2.1361e+06 0
560 2.01741e+06 0
570 2.33558e+06 0
580 2.11643e+06 0
590 2.24201e+06 0
604 1.77718e+06 0
610 2.25632e+06 0
620 1.90109e+06 0
630 2.47178e+06 0
640 2.30292e+06 0
650 2.48077e+06 0
660 2.2188e+06 0
670 2.39884e+06 0
680 2.40111e+06 0
690 1.93439e+06 0
700 1.74166e+06 0
710 1.89671e+06 0
720 2.41452e+06 0
730 2.29443e+06 0
740 2.14049e+06 0
750 1.90727e+06 0
760 2.21055e+06 0
770 2.14309e+06 0
780 1.99225e+06 0
790 1.78966e+06 0
800 1.87579e+06 0
810 2.05103e+06 0
820 1.96374e+06 0
830 2.21674e+06 0
840 2.05545e+06 0
850 2.24269e+06 0
860 1.99672e+06 0
870 2.12194e+06 0
880 2.22541e+06 0
890 2.18013e+06 0
900 2.22976e+06 0
910 2.20529e+06 0
920 1.87356e+06 0
930 1.84756e+06 0
940 2.27135e+06 0
950 2.24559e+06 0
960 2.02886e+06 0
970 2.10442e+06 0
980 2.30552e+06 0
990 1.96684e+06 0
1000 2.40161e+06 0
1010 2.14746e+06 0
1020 2.01751e+06 0
1030 2.13545e+06 0
1040 2.05824e+06 0
1050 1.74136e+06 0
1060 2.09479e+06 0
1070 2.29965e+06 0
1080 2.36112e+06 0
1090 1.96065e+06 0
1100 2.05805e+06 0
1110 2.18754e+06 0
1120 2.39706e+06 0
1130 1.97531e+06 0
1140 2.01011e+06 0
1150 2.28935e+06 0
1160 2.25972e+06 0
1170 1.98587e+06 0
1180 1.87842e+06 0
1190 2.14301e+06 0
1200 2.60568e+06 0
1210 1.96449e+06 0
1220 1.76610e+06 0
1230 2.03845e+06 0
1240 2.2224e+06 0
1250 2.03215e+06 0
1260 1.86104e+06 0
1270 1.99094e+06 0
1280 2.26631e+06 0
1290 2.46609e+06 0
1300 2.074e+06 0
1310 2.02963e+06 0
1320 2.08861e+06 0
1330 1.82004e+06 0
1340 2.02575e+06 0
1350 2.21158e+06 0
1360 2.32596e+06 0
1370 1.93036e+06 0
1380 1.78354e+06 0
1390 1.76653e+06 0
1400 2.43606e+06 0
1410 2.25323e+06 0
1420 2.13224e+06 0
1430 2.56501e+06 0
1440 1.91447e+06 0
1450 1.83543e+06 0
1460 2.19656e+06 0
1470 2.03358e+06 0
1480 1.96987e+06 0
1490 2.00168e+06 0
1500 1.91095e+06 0
1510 2.25839e+06 0
1520 2.32596e+06 0
1530 2.56319e+06 0
1540 2.49414e+06 0
1550 2.40221e+06 0
1560 2.02268e+06 0
1570 2.22326e+06 0
1580 2.05127e+06 0
1590 1.92642e+06 0
1600 2.03793e+06 0
1610 1.819e+06 0
1620 1.8506e+06 0
1630 2.47106e+06 0
1640 2.05963e+06 0
1650 2.18339e+06 0
1660 1.98867e+06 0
1670 1.80482e+06 0
1680 2.03218e+06 0
1690 2.31256e+06 0
1700 2.32796e+06 0
1710 2.29347e+06 0
1720 2.11988e+06 0
1730 2.2662e+06 0
1740 1.73239e+06 0
1750 1.86737e+06 0
1760 2.06388e+06 0
1770 2.00387e+06 0
1780 2.06114e+06 0
1790 2.05805e+06 0
1800 1.91551e+06 0
1810 1.77979e+06 0
1820 1.86125e+06 0
1830 2.17606e+06 0
1840 2.4479e+06 0
1850 2.16705e+06 0
1860 1.83337e+06 0
1870 1.9403e+06 0
1880 1.8818e+06 0
1890 2.68557e+06 0
1900 2.01386e+06 0
1910 2.19607e+06 0
1920 1.97581e+06 0
1930 1.98769e+06 0
1940 2.45028e+06 0
1950 1.86834e+06 0
1960 2.04842e+06 0
1970 1.98386e+06 0
1980 2.15812e+06 0
1990 2.21112e+06 0
2000 2.40839e+06 0
2010 2.18478e+06 0
2020 2.20334e+06 0
2030 2.19231e+06 0
2040 2.14602e+06 0
2050 2.03053e+06 0
2060 1.7876e+06 0
2070 2.2868e+06 0
2080 2.53386e+06 0
2090 2.4764e+06 0
2100 1.99362e+06 0
2110 2.29937e+06 0
2120 2.0426e+06 0
2130 2.03526e+06 0
2140 2.08154e+06 0
2150 1.89263e+06 0
2160 2.00545e+06 0
2170 2.34342e+06 0
2180 1.78803e+06 0
2190 2.13245e+06 0
2200 2.15153e+06 0
2210 2.14257e+06 0
2220 2.03605e+06 0
2230 2.34743e+06 0
2240 2.04406e+06 0
2250 2.02328e+06 0
2260 2.21468e+06 0
2270 2.11402e+06 0
2280 2.01375e+06 0
2290 1.99279e+06 0
2300 1.89546e+06 0
2310 2.07109e+06 0
2320 2.13659e+06 0
2330 2.12081e+06 0
2340 1.75384e+06 0
2350 1.97656e+06 0
2360 2.03708e+06 0
2370 2.09612e+06 0
2380 2.14867e+06 0
2390 1.9892e+06 0
2400 1.86814e+06 0
2410 1.96323e+06 0
2420 2.18892e+06 0
2430 2.18241e+06 0
2440 1.85401e+06 0
2450 2.00415e+06 0
2460 2.16128e+06 0
2470 2.11164e+06 0
2480 2.14066e+06 0
2490 2.3362e+06 0
2500 2.47428e+06 0
2510 2.18370e+06 0
2520 2.14432e+06 0
2530 2.35584e+06 0
2540 2.21364e+06 0
2550 1.95004e+06 0
2560 1.91246e+06 0
2570 1.80114e+06 0
2580 1.77572e+06 0
2590 1.98927e+06 0
2600 2.11928e+06 0
2610 1.96841e+06 0
2620 2.12879e+06 0
2630 2.05903e+06 0
2640 1.82696e+06 0
2650 2.20207e+06 0
2660 2.0446e+06 0
2670 2.17161e+06 0
2680 2.22471e+06 0
2690 2.41761e+06 0
2700 2.07322e+06 0
2710 1.95517e+06 0
2720 2.23112e+06 0
2730 2.07526e+06 0
2740 2.00412e+06 0
2750 2.0292e+06 0
2760 1.97174e+06 0
2770 1.98278e+06 0
2780 2.11825e+06 0
2790 2.15073e+06 0
2800 2.3099e+06 0
2810 2.10073e+06 0
2820 2.16413e+06 0
2830 2.19116e+06 0
2840 2.25425e+06 0
2850 2.38203e+06 0
2860 2.43816e+06 0
2870 2.04054e+06 0
2880 2.14661e+06 0
2890 2.3713e+06 0
2900 1.98764e+06 0
2910 2.11164e+06 0
2920 2.12783e+06 0
2930 2.03842e+06 0
2940 2.29991e+06 0
2950 2.00447e+06 0
2960 2.2084e+06 0
2970 2.44125e+06 0
2980 2.06651e+06 0
2990 2.74121e+06 0
3000 2.50572e+06 0
3010 2.34575e+06 0
3020 2.33518e+06 0
3030 2.19244e+06 0
3040 2.30252e+06 0
3050 2.37336e+06 0
3060 2.22892e+06 0
3070 2.07665e+06 0
3080 2.07765e+06 0
3090 2.14994e+06 0
3100 2.19994e+06 0
3110 2.00679e+06 0
3120 2.222e+06 0
3130 2.29057e+06 0
3140 2.25921e+06 0
3150 2.21379e+06 0
3160 2.22036e+06 0
3170 2.04625e+06 0
3180 2.00513e+06 0
3190 1.99666e+06 0
3200 2.0614e+06 0
3210 2.15431e+06 0
3220 2.17964e+06 0
3230 1.85761e+06 0
3240 2.49411e+06 0
3250 1.96189e+06 0
3260 1.99622e+06 0
3270 2.21983e+06 0
3280 2.12924e+06 0
3290 1.73932e+06 0
3300 2.32493e+06 0
3310 2.53204e+06 0
3320 2.15988e+06 0
3330 2.084e+06 0
3340 1.88751e+06 0
3350 1.99848e+06 0
3360 2.10236e+06 0
3370 2.0446e+06 0
3380 1.92278e+06 0
3390 2.13369e+06 0
3400 2.42178e+06 0
3410 2.0246e+06 0
3420 1.85913e+06 0
3430 1.97636e+06 0
3440 1.9321e+06 0
3450 1.87046e+06 0
3460 1.85495e+06 0
3470 2.06194e+06 0
3480 1.93549e+06 0
3490 1.88804e+06 0
3500 1.95276e+06 0
3510 1.95074e+06 0
3520 2.07617e+06 0
3530 2.05151e+06 0
3540 2.05393e+06 0
3550 2.26129e+06 0
3560 2.03274e+06 0
3570 1.94392e+06 0
3580 2.186e+06 0
3590 2.10287e+06 0
3600 2.20629e+06 0
3610 1.98381e+06 0
3620 1.94902e+06 0
3630 2.12297e+06 0
3640 2.12351e+06 0
3650 1.84305e+06 0
3660 1.89352e+06 0
3670 2.33146e+06 0
3680 2.20437e+06 0
3690 2.04449e+06 0
3700 2.03205e+06 0
3710 2.01158e+06 0
3720 2.16291e+06 0
3730 2.0426e+06 0
3740 2.23206e+06 0
3750 2.25052e+06 0
3760 2.27947e+06 0
3770 2.23553e+06 0
3780 2.05805e+06 0
3790 2.48749e+06 0
3800 2.3816e+06 0
3810 1.8506e+06 0
3820 2.05496e+06 0
3830 1.88282e+06 0
3840 2.16288e+06 0
3850 1.76851e+06 0
3860 2.04337e+06 0
3870 1.88052e+06 0
3880 2.23318e+06 0
3890 1.97077e+06 0
3900 2.09206e+06 0
3910 2.08794e+06 0
3920 2.09418e+06 0
3930 1.90368e+06 0
3940 2.06164e+06 0
3950 2.30450e+06 0
3960 2.09502e+06 0
3970 2.56192e+06 0
3980 2.15128e+06 0
3990 1.92301e+06 0
4000 2.03201e+06 0
4010 2.31311e+06 0
4020 2.68036e+06 0
4030 2.59386e+06 0
4040 2.56852e+06 0
4050 2.66496e+06 0
4060 2.45064e+06 0
4070 2.03538e+06 0
4080 2.26698e+06 0
4090 2.12823e+06 0
4100 1.84454e+06 0
4110 2.03092e+06 0
4120 2.09309e+06 0
4130 2.2777e+06 0
4140 2.49958e+06 0
4150 2.5305e+06 0
4160 2.22263e+06 0
4170 2.00029e+06 0
4180 2.14947e+06 0
4190 1.96579e+06 0
4200 2.08690e+06 0
4210 2.26662e+06 0
4220 2.45501e+06 0
4230 2.46609e+06 0
4240 2.67398e+06 0
4250 2.11691e+06 0
4260 1.73816e+06 0
4270 2.12211e+06 0
4280 1.95805e+06 0
4290 2.14329e+06 0
4300 2.0041e+06 0
4310 2.01684e+06 0
4320 2.02405e+06 0
4330 2.0626e+06 0
4340 1.97176e+06 0
4350 1.79414e+06 0
4360 1.92182e+06 0
4370 2.16006e+06 0
4380 1.92479e+06 0
4390 2.09103e+06 0
4400 2.18892e+06 0
4410 2.40128e+06 0
4420 2.42546e+06 0
4430 2.18556e+06 0
4440 2.0189e+06 0
4450 1.99514e+06 0
4460 2.28759e+06 0
4470 2.12625e+06 0
4480 2.27185e+06 0
4490 2.26455e+06 0
4500 2.18685e+06 0
4510 2.45888e+06 0
4520 2.23152e+06 0
4530 2.23458e+06 0
4540 2.18618e+06 0
4550 1.89167e+06 0
4560 1.92822e+06 0
4570 1.96659e+06 0
4580 2.03377e+06 0
4590 2.29795e+06 0
4600 1.92719e+06 0
4610 2.74739e+06 0
4620 2.71339e+06 0
4630 2.28122e+06 0
4640 2.50739e+06 0
4650 2.53822e+06 0
4660 2.41128e+06 0
4670 2.05702e+06 0
4680 2.05642e+06 0
4690 1.85017e+06 0
4700 1.8767e+06 0
4710 2.77439e+06 0
4720 2.04569e+06 0
4730 1.83842e+06 0
4740 2.07782e+06 0
4750 2.28002e+06 0
4760 1.95115e+06 0
4770 1.83288e+06 0
4780 1.78052e+06 0
4790 2.16152e+06 0
4800 1.76563e+06 0
4810 1.71807e+06 0
4820 1.94226e+06 0
4830 1.99421e+06 0
4840 2.06114e+06 0
4850 2.1267e+06 0
4860 2.41398e+06 0
4870 2.21486e+06 0
4880 2.26481e+06 0
4890 2.43894e+06 0
4900 2.76491e+06 0
4910 2.11474e+06 0
4920 2.29917e+06 0
4930 1.86648e+06 0
4940 1.77139e+06 0
4950 1.64679e+06 0
4960 1.93441e+06 0
4970 1.95625e+06 0
4980 1.90706e+06 0
4990 1.92431e+06 0
5000 2.06472e+06 0
5010 2.19015e+06 0
5020 2.0292e+06 0
5030 2.16241e+06 0
5040 2.29338e+06 0
5050 2.45485e+06 0
5060 2.2953e+06 0
5070 2.54543e+06 0
5080 2.2425e+06 0
5090 2.11473e+06 0
5100 2.118e+06 0
5110 1.9483e+06 0
5120 1.75038e+06 0
5130 1.75579e+06 0
5140 2.01479e+06 0
5150 1.66517e+06 0
5160 1.70458e+06 0
5170 1.91009e+06 0
5180 1.79454e+06 0
5190 1.941e+06 0
5200 1.85327e+06 0
5210 2.50031e+06 0
5220 2.25383e+06 0
5230 2.34953e+06 0
5240 2.52677e+06 0
5250 2.52689e+06 0
5260 1.97478e+06 0
5270 2.20817e+06 0
5280 2.39602e+06 0
5290 2.10955e+06 0
5300 2.07557e+06 0
5310 2.02989e+06 0
5320 2.25132e+06 0
5330 2.1054e+06 0
5340 2.48126e+06 0
5350 2.40633e+06 0
5360 1.85163e+06 0
5370 2.38515e+06 0
5380 2.34778e+06 0
5390 2.5444e+06 0
5400 2.1951e+06 0
5410 1.87168e+06 0
5420 1.9526e+06 0
5430 1.72154e+06 0
5440 2.19577e+06 0
5450 2.56762e+06 0
5460 2.14219e+06 0
5470 1.94804e+06 0
5480 2.39542e+06 0
5490 1.96042e+06 0
5500 1.94198e+06 0
5510 2.09114e+06 0
5520 2.38724e+06 0
5530 2.05413e+06 0
5540 2.04545e+06 0
5550 2.2188e+06 0
5560 2.28607e+06 0
5570 2.38227e+06 0
5580 2.44264e+06 0
5590 2.50566e+06 0
5600 2.31505e+06 0
5610 2.3028e+06 0
5620 2.76909e+06 0
5630 2.05745e+06 0
5640 1.99278e+06 0
5650 2.40367e+06 0
5660 2.34348e+06 0
5670 2.20177e+06 0
5680 1.9243e+06 0
5690 1.9689e+06 0
5700 2.34243e+06 0
5710 2.7551e+06 0
5720 2.73338e+06 0
5730 2.42203e+06 0
5740 2.22183e+06 0
5750 2.4053e+06 0
5760 2.58028e+06 0
5770 2.41343e+06 0
5780 2.43827e+06 0
5790 2.3065e+06 0
5800 1.85058e+06 0
5810 1.8658e+06 0
5820 2.31202e+06 0
5830 2.07418e+06 0
5840 2.66205e+06 0
5850 2.49494e+06 0
5860 2.09127e+06 0
5870 2.12444e+06 0
5880 2.17538e+06 0
5890 2.15959e+06 0
5900 1.90762e+06 0
5910 2.29553e+06 0
5920 2.12364e+06 0
5930 2.09916e+06 0
5940 1.94757e+06 0
5950 2.31133e+06 0
5960 1.77203e+06 0
5970 1.69501e+06 0
5980 1.76645e+06 0
5990 1.76463e+06 0
6000 1.68312e+06 0
6010 1.67414e+06 0
6020 1.72755e+06 0
6030 1.74653e+06 0
6040 2.51978e+06 0
6050 2.44616e+06 0
6060 2.30742e+06 0
6070 2.12406e+06 0
6080 1.86476e+06 0
6090 1.83974e+06 0
6100 2.17183e+06 0
6110 2.21304e+06 0
6120 2.12606e+06 0
6130 1.95467e+06 0
6140 1.929e+06 0
6150 2.02946e+06 0
6160 1.98587e+06 0
6170 1.98799e+06 0
6180 2.084e+06 0
6190 1.96114e+06 0
6200 1.79106e+06 0
6210 1.87919e+06 0
6220 2.2125e+06 0
6230 2.13018e+06 0
6240 2.00648e+06 0
6250 1.95878e+06 0
6260 1.82301e+06 0
6270 1.85216e+06 0
6280 1.82531e+06 0
6290 1.82743e+06 0
6300 2.30765e+06 0
6310 2.20996e+06 0
6320 1.94694e+06 0
6330 1.86683e+06 0
6340 2.45991e+06 0
6350 2.22292e+06 0
6360 2.35457e+06 0
6370 2.53295e+06 0
6380 2.56089e+06 0
6390 1.8184e+06 0
6400 1.91222e+06 0
6410 1.79138e+06 0
6420 2.02557e+06 0
6430 2.37838e+06 0
6440 2.18252e+06 0
6450 2.32393e+06 0
6460 2.44125e+06 0
6470 2.55551e+06 0
6480 2.61452e+06 0
6490 2.62049e+06 0
6500 2.3574e+06 0
6510 2.46094e+06 0
6520 2.31953e+06 0
6530 2.31565e+06 0
6540 2.4293e+06 0
6550 2.30499e+06 0
6560 1.92453e+06 0
6570 2.00344e+06 0
6580 2.36457e+06 0
6590 2.37892e+06 0
6600 2.54697e+06 0
6610 2.36989e+06 0
6620 2.50077e+06 0
6630 2.57962e+06 0
6640 2.85302e+06 0
6650 2.33336e+06 0
6660 2.42918e+06 0
6670 2.24668e+06 0
6680 2.51932e+06 0
6690 2.64458e+06 0
6700 2.31921e+06 0
6710 2.06204e+06 0
6720 2.20838e+06 0
6730 2.27421e+06 0
6740 2.26722e+06 0
6750 2.42038e+06 0
6760 2.23492e+06 0
6770 2.48713e+06 0
6780 2.60482e+06 0
6790 2.17928e+06 0
6800 2.34445e+06 0
6810 2.52318e+06 0
6820 2.36536e+06 0
6830 2.47272e+06 0
6840 2.48591e+06 0
6850 2.04659e+06 0
6860 2.49948e+06 0
6870 2.24753e+06 0
6880 2.64557e+06 0
6890 2.2071e+06 0
6900 2.47682e+06 0
6910 2.32371e+06 0
6920 2.13946e+06 0
6930 2.29092e+06 0
6940 2.03096e+06 0
6950 1.92253e+06 0
6960 2.11152e+06 0
6970 1.97296e+06 0
6980 2.06266e+06 0
6990 2.03249e+06 0
7000 2.32699e+06 0
7010 2.4279e+06 0
7020 2.44282e+06 0
7030 2.27905e+06 0
7040 2.24992e+06 0
7050 2.09330e+06 0
7060 1.95136e+06 0
7070 2.32721e+06 0
7080 2.51967e+06 0
7090 2.01993e+06 0
7100 1.96379e+06 0
7110 2.23886e+06 0
7120 2.17953e+06 0
7130 1.93326e+06 0
7140 2.28929e+06 0
7150 2.13037e+06 0
7160 1.83949e+06 0
7170 1.93023e+06 0
7180 2.04569e+06 0
7190 2.06272e+06 0
7200 2.29828e+06 0
7210 2.06926e+06 0
7220 2.0426e+06 0
7230 2.15334e+06 0
7240 2.16049e+06 0
7250 2.20952e+06 0
7260 1.9943e+06 0
7270 2.18659e+06 0
7280 2.57655e+06 0
7290 2.74472e+06 0
7300 2.09151e+06 0
7310 2.43737e+06 0
7320 2.2039e+06 0
7330 2.00404e+06 0
7340 2.49798e+06 0
7350 2.19201e+06 0
7360 2.14406e+06 0
7370 2.05296e+06 0
7380 2.1731e+06 0
7390 2.39087e+06 0
7400 1.93921e+06 0
7410 2.27259e+06 0
7420 2.19324e+06 0
7430 2.6289e+06 0
7440 2.55132e+06 0
7450 2.97837e+06 0
7460 2.63455e+06 0
7470 2.54542e+06 0
7480 2.58022e+06 0
7490 2.38797e+06 0
7500 2.03617e+06 0
7510 2.31967e+06 0
7520 2.30849e+06 0
7530 1.9926e+06 0
7540 2.09638e+06 0
7550 2.19122e+06 0
7560 2.39956e+06 0
7570 2.33468e+06 0
7580 2.40886e+06 0
7590 2.07418e+06 0
7600 2.0766e+06 0
7610 2.18346e+06 0
7620 2.36451e+06 0
7630 2.64562e+06 0
7640 2.31408e+06 0
7650 2.28186e+06 0
7660 2.07626e+06 0
7670 2.03759e+06 0
7680 1.8718e+06 0
7690 2.31256e+06 0
7700 2.20594e+06 0
7710 1.93174e+06 0
7720 2.02946e+06 0
7730 2.07647e+06 0
7740 1.92605e+06 0
7750 1.7367e+06 0
7760 2.38731e+06 0
7770 2.28971e+06 0
7780 2.33572e+06 0
7790 2.12078e+06 0
7800 2.14194e+06 0
7810 2.08449e+06 0
7820 2.64793e+06 0
7830 2.41457e+06 0
7840 2.32541e+06 0
7850 1.95029e+06 0
7860 2.15825e+06 0
7870 2.25117e+06 0
7880 2.37377e+06 0
7890 2.25911e+06 0
7900 2.2471e+06 0
7910 2.35633e+06 0
7920 2.21698e+06 0
7930 2.10721e+06 0
7940 2.47021e+06 0
7950 2.54125e+06 0
7960 2.29711e+06 0
7970 2.85249e+06 0
7980 2.45403e+06 0
7990 2.35057e+06 0
8000 2.97717e+06 0
8010 2.36226e+06 0
8020 2.30705e+06 0
8030 2.13376e+06 0
8040 2.21181e+06 0
8050 2.63097e+06 0
8060 2.59077e+06 0
8070 2.21612e+06 0
8080 2.34863e+06 0
8090 2.05648e+06 0
8100 2.13862e+06 0
8110 2.18588e+06 0
8120 2.37645e+06 0
8130 2.43173e+06 0
8140 2.20874e+06 0
8150 2.3596e+06 0
8160 2.10545e+06 0
8170 2.25964e+06 0
8180 2.37493e+06 0
8190 2.12467e+06 0
8200 2.33572e+06 0
8210 2.20916e+06 0
8220 2.28577e+06 0
8230 2.75666e+06 0
8240 1.89804e+06 0
8255 1.97793e+06 0
8260 0 0
8270 3.55179e+06 0
8280 3.86074e+06 0
8290 2.4132e+06 0
8300 2.44687e+06 0
8310 2.553e+06 0
8320 2.63611e+06 0
8330 2.21922e+06 0
8340 2.19528e+06 0
8350 2.21316e+06 0
8360 2.33935e+06 0
8370 2.37324e+06 0
8380 2.38469e+06 0
8390 2.36893e+06 0
8400 2.26432e+06 0
8410 2.15661e+06 0
8420 2.31122e+06 0
8430 1.93532e+06 0
8440 2.07085e+06 0
8450 2.37154e+06 0
8460 2.46652e+06 0
8470 2.37172e+06 0
8480 2.43621e+06 0
8490 2.26989e+06 0
8500 2.35239e+06 0
8510 2.20152e+06 0
8520 2.4758e+06 0
8530 2.42076e+06 0
8540 2.42585e+06 0
8550 2.42076e+06 0
8560 2.0121e+06 0
8570 2.26379e+06 0
8580 2.35274e+06 0
8590 2.13164e+06 0
8600 2.24523e+06 0
8610 2.56361e+06 0
8620 2.54956e+06 0
8630 2.12674e+06 0
8640 2.08303e+06 0
8650 2.3476e+06 0
8660 2.35135e+06 0
8670 2.423e+06 0
8680 2.53634e+06 0
8690 2.2017e+06 0
8700 2.70685e+06 0
8710 2.4364e+06 0
8720 2.09721e+06 0
8730 2.10223e+06 0
8740 2.27022e+06 0
8750 2.11158e+06 0
8760 2.31717e+06 0
8770 2.29559e+06 0
8780 2.3014e+06 0
8790 2.26381e+06 0
8800 2.55722e+06 0
8810 2.38081e+06 0
8820 2.24889e+06 0
8830 2.12865e+06 0
8840 2.07903e+06 0
8850 2.04417e+06 0
8860 1.93901e+06 0
8870 2.14941e+06 0
8880 2.23473e+06 0
8890 2.18754e+06 0
8900 2.13039e+06 0
8910 2.05647e+06 0
8920 2.13429e+06 0
8930 2.1747e+06 0
8940 2.10875e+06 0
8950 2.29244e+06 0
8960 2.04796e+06 0
8970 2.17908e+06 0
8980 2.09558e+06 0
8990 2.07806e+06 0
9000 2.27074e+06 0
9010 2.20237e+06 0
9020 2.1177e+06 0
9030 2.53841e+06 0
9040 2.31196e+06 0
9050 1.94108e+06 0
9060 2.07042e+06 0
9070 2.2916e+06 0
9080 2.30031e+06 0
9090 2.2956e+06 0
9100 2.47364e+06 0
9110 2.36513e+06 0
9120 2.03939e+06 0
9130 2.31511e+06 0
9140 2.64661e+06 0
9150 2.11563e+06 0
9160 2.03436e+06 0
9170 2.01017e+06 0
9180 2.3261e+06 0
9190 2.34516e+06 0
9200 2.03617e+06 0
9210 2.22488e+06 0
9220 1.93645e+06 0
9230 1.77366e+06 0
9240 1.95114e+06 0
9250 2.40368e+06 0
9260 2.15885e+06 0
9270 1.98696e+06 0
9280 2.21595e+06 0
9290 2.41524e+06 0
9300 2.13946e+06 0
9310 1.83719e+06 0
9320 2.15079e+06 0
9330 2.39852e+06 0
9340 2.82699e+06 0
9350 2.2631e+06 0
9360 2.30063e+06 0
9370 2.15078e+06 0
9380 2.30523e+06 0
9390 2.54392e+06 0
9400 2.37954e+06 0
9410 2.22691e+06 0
9420 2.19346e+06 0
9430 2.34978e+06 0
9440 2.2765e+06 0
9450 2.16255e+06 0
9460 2.05419e+06 0
9470 2.52862e+06 0
9480 2.24602e+06 0
9490 2.07729e+06 0
9500 2.15727e+06 0
9510 2.16231e+06 0
9520 2.27362e+06 0
9530 2.51654e+06 0
9544 1.97787e+06 0
9550 2.77521e+06 0
9562 1.50232e+06 0
9570 3.12211e+06 0
9580 2.38836e+06 0
9590 2.07624e+06 0
9600 1.9532e+06 0
9610 2.34111e+06 0
9620 2.24444e+06 0
9630 2.10382e+06 0
9640 2.16381e+06 0
9650 2.25038e+06 0
9660 2.16111e+06 0
9670 2.06817e+06 0
9680 2.05187e+06 0
9690 2.12752e+06 0
9700 2.34554e+06 0
9710 2.45221e+06 0
9720 2.43326e+06 0
9730 2.47487e+06 0
9740 2.34802e+06 0
9750 2.23546e+06 0
9760 2.10637e+06 0
9770 2.20002e+06 0
9780 1.95295e+06 0
9790 2.24559e+06 0
9800 2.39324e+06 0
9810 2.36093e+06 0
9820 2.39445e+06 0
9830 2.14455e+06 0
9840 2.09582e+06 0
9850 2.33924e+06 0
9860 2.16878e+06 0
9870 2.15905e+06 0
9880 2.38802e+06 0
9890 2.33338e+06 0
9900 2.25119e+06 0
9910 2.30087e+06 0
9920 2.41912e+06 0
9930 1.91998e+06 0
9940 1.95265e+06 0
9950 2.21535e+06 0
9960 2.13867e+06 0
9970 2.17823e+06 0
9980 2.44678e+06 0
9990 2.51519e+06 0
10000 2.30134e+06 0
10010 2.4795e+06 0
10020 2.3008e+06 0
10030 2.45026e+06 0
10040 2.25141e+06 0
10050 2.19532e+06 0
10060 2.52424e+06 0
10070 2.3365e+06 0
10080 2.3933e+06 0
10090 2.43330e+06 0
10100 2.29761e+06 0
10110 2.47679e+06 0
10120 2.29298e+06 0
10130 2.36144e+06 0
10140 2.1249e+06 0
10150 2.15043e+06 0
10160 2.84444e+06 0
10170 2.15309e+06 0
10180 2.55718e+06 0
10190 2.31250e+06 0
10200 2.16905e+06 0
10210 2.09206e+06 0
10220 2.30522e+06 0
10230 2.04983e+06 0
10240 2.2054e+06 0
10250 2.19637e+06 0
10260 2.22954e+06 0
10270 2.35442e+06 0
10280 2.35136e+06 0
10290 2.69344e+06 0
10300 2.37334e+06 0
10310 2.29132e+06 0
10320 2.30329e+06 0
10330 2.12134e+06 0
10340 2.26516e+06 0
10350 2.37693e+06 0
10360 2.37665e+06 0
10370 2.29759e+06 0
10380 2.45298e+06 0
10390 2.13971e+06 0
10400 2.07497e+06 0
10410 2.09435e+06 0
10420 2.45786e+06 0
10430 2.44572e+06 0
10440 2.12426e+06 0
10450 2.31929e+06 0
10460 2.65713e+06 0
10470 2.41526e+06 0
10480 2.58798e+06 0
10490 2.44705e+06 0
10500 2.12394e+06 0
10510 2.09764e+06 0
10520 2.49005e+06 0
10530 2.00902e+06 0
10540 2.26001e+06 0
10550 2.06162e+06 0
10560 1.97631e+06 0
10570 2.41815e+06 0
10580 2.13656e+06 0
10590 2.35069e+06 0
10600 2.16156e+06 0
10610 2.26951e+06 0
10623 1.7494e+06 0
10630 2.70489e+06 0
10640 2.5738e+06 0
10650 2.03939e+06 0
10662 1.41062e+06 0
10670 3.26714e+06 0
10680 2.12247e+06 0
10690 1.97999e+06 0
10700 2.33742e+06 0
10710 2.3913e+06 0
10720 2.63858e+06 0
10730 2.13807e+06 0
10740 2.13679e+06 0
10750 2.25141e+06 0
10760 2.12726e+06 0
10770 2.28778e+06 0
10780 2.54483e+06 0
10790 2.3713e+06 0
10800 1.89903e+06 0
10810 2.26929e+06 0
10820 2.411e+06 0
10830 2.22189e+06 0
10840 2.31167e+06 0
10850 2.37493e+06 0
10860 2.39358e+06 0
10870 2.04048e+06 0
10882 1.33436e+06 0
10890 2.85437e+06 0
10900 2.33076e+06 0
10910 2.10114e+06 0
10920 2.28334e+06 0
10930 2.27148e+06 0
10940 2.16104e+06 0
10950 2.25085e+06 0
10960 2.29135e+06 0
10970 2.32948e+06 0
10980 2.01066e+06 0
10990 2.13194e+06 0
11000 2.1425e+06 0
11010 2.14225e+06 0
11020 2.36202e+06 0
11030 2.2714e+06 0
11041 1.20434e+06 0
11050 3.23695e+06 0
11060 2.0031e+06 0
11070 1.96706e+06 0
11080 1.97963e+06 0
11090 2.17735e+06 0
11100 2.13852e+06 0
11110 2.1142e+06 0
11120 2.25911e+06 0
11130 2.13601e+06 0
11140 2.12904e+06 0
11150 2.12102e+06 0
11160 2.40003e+06 0
11170 2.0654e+06 0
11180 2.19703e+06 0
11190 2.22462e+06 0
11200 2.16746e+06 0
11210 2.11152e+06 0
11220 1.99769e+06 0
11230 2.15122e+06 0
11240 2.17983e+06 0
11250 2.11029e+06 0
11260 2.32257e+06 0
11270 2.27183e+06 0
11280 2.2836e+06 0
11290 2.15225e+06 0
11300 2.18136e+06 0
11310 2.19782e+06 0
11320 2.395e+06 0
11330 2.24759e+06 0
11340 2.43415e+06 0
11350 2.23279e+06 0
11360 2.53404e+06 0
11370 2.20511e+06 0
11380 2.37026e+06 0
11390 2.158e+06 0
11400 2.23169e+06 0
11410 2.27459e+06 0
11420 2.46206e+06 0
11430 2.08941e+06 0
11440 2.05108e+06 0
11450 2.066e+06 0
11460 2.18783e+06 0
11470 2.46609e+06 0
11480 2.22026e+06 0
11490 2.30767e+06 0
11500 2.45373e+06 0
11510 2.4122e+06 0
11525 1.22113e+06 0
11535 3.65578e+06 0
11540 2.43882e+06 0
11551 1.20174e+06 0
11560 3.41896e+06 0
11570 2.17105e+06 0
11580 2.42511e+06 0
11590 2.64484e+06 0
11600 2.15437e+06 0
11610 2.22415e+06 0
11620 2.3377e+06 0
11630 2.32003e+06 0
11640 2.73198e+06 0
11650 2.48508e+06 0
11660 2.11885e+06 0
11670 2.08742e+06 0
11680 2.2972e+06 0
11690 1.9732e+06 0
11700 2.16673e+06 0
11710 2.58367e+06 0
11720 2.0446e+06 0
11730 2.48229e+06 0
11740 2.17884e+06 0
11753 1.69089e+06 0
11760 3.01249e+06 0
11770 2.03636e+06 0
11780 2.35803e+06 0
11790 2.5326e+06 0
11800 2.37396e+06 0
11810 2.0128e+06 0
11820 2.30223e+06 0
11830 2.22657e+06 0
11840 2.09138e+06 0
11850 2.10612e+06 0
11860 2.16831e+06 0
11870 2.06733e+06 0
11880 2.16261e+06 0
11890 2.13188e+06 0
11900 2.16111e+06 0
11910 1.94183e+06 0
11920 2.0836e+06 0
11930 2.02701e+06 0
11940 2.15903e+06 0
11950 2.0896e+06 0
11960 2.30468e+06 0
11970 2.16657e+06 0
11980 2.11344e+06 0
11990 2.67490e+06 0
12000 2.37304e+06 0
12010 2.33523e+06 0
12020 2.3436e+06 0
12030 2.23783e+06 0
12040 2.14378e+06 0
12050 2.19544e+06 0
12060 1.99109e+06 0
12070 2.59023e+06 0
12080 2.62786e+06 0
12090 2.15382e+06 0
12100 2.73145e+06 0
12110 2.27189e+06 0
12120 2.07727e+06 0
12130 2.17466e+06 0
12140 2.44595e+06 0
12150 2.27695e+06 0
12160 2.18522e+06 0
12170 2.40246e+06 0
12180 2.01222e+06 0
12190 2.19475e+06 0
12200 2.05757e+06 0
12210 2.30783e+06 0
12220 2.08782e+06 0
12230 2.20105e+06 0
12240 2.16957e+06 0
12250 2.39192e+06 0
12260 2.52586e+06 0
12270 2.27274e+06 0
12280 2.67775e+06 0
12290 2.30741e+06 0
12300 2.0592e+06 0
12310 2.25844e+06 0
12320 2.18239e+06 0
12330 2.30843e+06 0
12340 2.347e+06 0
12350 2.06861e+06 0
12360 2.25859e+06 0
12370 2.00241e+06 0
12380 2.35119e+06 0
12390 2.20785e+06 0
12400 2.09029e+06 0
12410 2.30389e+06 0
12420 2.26953e+06 0
12430 2.11782e+06 0
12440 2.37699e+06 0
12450 1.96237e+06 0
12460 2.03689e+06 0
12470 2.18604e+06 0
12480 2.10902e+06 0
12490 2.10133e+06 0
12500 2.1984e+06 0
12510 2.13946e+06 0
12520 2.27871e+06 0
12530 2.43881e+06 0
12540 1.90242e+06 0
12550 1.98763e+06 0
12560 2.44136e+06 0
12570 2.3702e+06 0
12580 2.47585e+06 0
12590 2.16644e+06 0
12600 2.27006e+06 0
12610 2.21596e+06 0
12620 2.33669e+06 0
12630 2.0686e+06 0
12640 2.16824e+06 0
12650 1.9495e+06 0
12660 1.67978e+06 0
12670 2.08461e+06 0
12680 2.02084e+06 0
12690 2.25946e+06 0
12700 2.25978e+06 0
12710 2.0058e+06 0
12720 2.24292e+06 0
12730 2.27305e+06 0
12740 2.36863e+06 0
12750 2.38263e+06 0
12760 2.29244e+06 0
12770 2.34367e+06 0
12780 2.38984e+06 0
12790 2.16908e+06 0
12800 1.99151e+06 0
12810 2.12394e+06 0
12820 2.38366e+06 0
12830 2.2868e+06 0
12840 1.95453e+06 0
12850 1.84186e+06 0
12860 2.34706e+06 0
12870 2.42692e+06 0
12880 2.37255e+06 0
12890 1.94225e+06 0
12900 2.13946e+06 0
12910 2.1157e+06 0
12920 2.31846e+06 0
12930 2.33988e+06 0
12940 2.27721e+06 0
12950 1.94735e+06 0
12960 1.89568e+06 0
12970 2.3427e+06 0
12980 2.13533e+06 0
12990 2.18339e+06 0
13000 2.034e+06 0
13010 2.12594e+06 0
13020 2.07194e+06 0
13030 2.15305e+06 0
13040 2.42134e+06 0
13050 2.04945e+06 0
13060 2.16317e+06 0
13070 2.05247e+06 0
13080 1.90930e+06 0
13090 2.04534e+06 0
13100 2.01836e+06 0
13110 2.29505e+06 0
13120 2.63343e+06 0
13130 2.52634e+06 0
13140 2.54357e+06 0
13150 2.0095e+06 0
13160 2.12829e+06 0
13170 2.02778e+06 0
13180 2.73658e+06 0
13190 2.4924e+06 0
13200 3.30641e+06 0
13210 2.45064e+06 0
13220 2.17758e+06 0
13230 2.20285e+06 0
13240 1.89539e+06 0
13250 2.13073e+06 0
13260 2.06418e+06 0
13270 1.99491e+06 0
13280 1.97319e+06 0
13290 2.15225e+06 0
13300 2.08303e+06 0
13310 2.08712e+06 0
13320 2.20765e+06 0
13330 2.41764e+06 0
13340 2.76203e+06 0
13350 2.16728e+06 0
13360 2.0948e+06 0
13370 2.369e+06 0
13380 2.58583e+06 0
13390 2.5325e+06 0
13400 2.31978e+06 0
13410 2.73042e+06 0
13420 2.25801e+06 0
13430 2.3281e+06 0
13440 2.29771e+06 0
13450 2.11275e+06 0
13460 2.41164e+06 0
13470 2.25503e+06 0
13480 2.14301e+06 0
13490 1.86125e+06 0
13500 2.56783e+06 0
13510 2.25359e+06 0
13520 2.31586e+06 0
13530 2.26929e+06 0
13540 2.11264e+06 0
13550 2.31099e+06 0
13560 2.6258e+06 0
13570 2.7546e+06 0
13580 2.48586e+06 0
13590 2.15206e+06 0
13600 2.07194e+06 0
13610 1.98381e+06 0
13620 2.10466e+06 0
13630 1.93798e+06 0
13640 1.93817e+06 0
13650 2.46198e+06 0
13660 2.2028e+06 0
13670 2.13944e+06 0
13680 2.3096e+06 0
13690 2.58629e+06 0
13700 2.58974e+06 0
13710 2.21226e+06 0
13720 2.03387e+06 0
13730 2.26221e+06 0
13740 2.18986e+06 0
13750 2.17759e+06 0
13760 2.41421e+06 0
13770 2.27122e+06 0
13780 2.44218e+06 0
13790 2.4234e+06 0
13800 2.124e+06 0
13810 2.20383e+06 0
13820 2.07576e+06 0
13830 2.08484e+06 0
13840 2.10339e+06 0
13850 2.06963e+06 0
13860 2.40785e+06 0
13870 2.39348e+06 0
13880 2.27547e+06 0
13890 2.22541e+06 0
13900 2.1834e+06 0
13910 2.29092e+06 0
13920 2.43512e+06 0
13930 2.3319e+06 0
13940 2.17748e+06 0
13950 2.32655e+06 0
13960 1.90859e+06 0
13970 2.11103e+06 0
13980 2.17268e+06 0
13990 2.21489e+06 0
14000 2.23756e+06 0
14010 2.25383e+06 0
14020 1.96806e+06 0
14030 2.13089e+06 0
14040 2.16107e+06 0
14050 2.41092e+06 0
14060 2.30638e+06 0
14070 1.91562e+06 0
14080 2.11782e+06 0
14090 1.95423e+06 0
14100 1.97708e+06 0
14110 1.93569e+06 0
14120 1.91288e+06 0
14130 1.76187e+06 0
14140 2.17378e+06 0
14150 2.28577e+06 0
14160 2.35884e+06 0
14170 2.10005e+06 0
14180 2.10257e+06 0
14190 1.92616e+06 0
14200 2.14873e+06 0
14210 2.00648e+06 0
14220 2.04849e+06 0
14230 2.3842e+06 0
14240 2.02735e+06 0
14250 2.2855e+06 0
14260 2.50216e+06 0
14270 2.15073e+06 0
14280 2.337e+06 0
14290 2.31359e+06 0
14300 2.37916e+06 0
14310 2.38988e+06 0
14320 2.26767e+06 0
14330 2.54125e+06 0
14340 2.37336e+06 0
14350 2.36408e+06 0
14360 2.31481e+06 0
14370 2.06886e+06 0
14380 2.07121e+06 0
14390 1.81797e+06 0
14400 1.99926e+06 0
14410 2.13715e+06 0
14420 2.58036e+06 0
14430 2.10624e+06 0
14440 2.13176e+06 0
14450 2.34316e+06 0
14460 2.48252e+06 0
14470 2.26456e+06 0
14480 2.23863e+06 0
14490 2.25692e+06 0
14500 2.25964e+06 0
14510 2.08075e+06 0
14520 2.35896e+06 0
14530 1.98793e+06 0
14540 1.87436e+06 0
14550 1.87274e+06 0
14560 2.18636e+06 0
14570 2.01684e+06 0
14580 1.96191e+06 0
14590 2.13736e+06 0
14600 2.0371e+06 0
14610 2.26621e+06 0
14620 1.88981e+06 0
14630 2.04211e+06 0
14640 2.20789e+06 0
14650 2.11673e+06 0
14660 2.11903e+06 0
14670 2.3816e+06 0
14680 2.73090e+06 0
14690 2.25068e+06 0
14700 2.68145e+06 0
14710 2.2528e+06 0
14720 2.19558e+06 0
14730 2.14996e+06 0
14740 2.18631e+06 0
14750 2.54172e+06 0
14760 2.19537e+06 0
14770 2.41457e+06 0
14780 1.9999e+06 0
14790 2.22722e+06 0
14800 1.99467e+06 0
14810 1.98865e+06 0
14820 2.08302e+06 0
14830 2.01752e+06 0
14840 2.2425e+06 0
14850 2.35275e+06 0
14860 2.25099e+06 0
14870 2.05974e+06 0
14880 2.12909e+06 0
14890 2.13629e+06 0
14900 2.17422e+06 0
14910 2.11885e+06 0
14920 2.33826e+06 0
14930 2.44572e+06 0
14940 2.38646e+06 0
14950 2.52586e+06 0
14960 2.51269e+06 0
14970 2.14218e+06 0
14980 2.13615e+06 0
14990 1.9944e+06 0
15000 1.82255e+06 0
15010 1.95705e+06 0
15020 2.46403e+06 0
15030 2.29274e+06 0
15040 2.14043e+06 0
15050 2.06103e+06 0
15060 2.09412e+06 0
15070 2.15261e+06 0
15080 2.42737e+06 0
15090 2.33117e+06 0
15100 2.28185e+06 0
15110 2.16012e+06 0
15120 1.94265e+06 0
15130 2.10024e+06 0
15140 2.06086e+06 0
15150 2.42379e+06 0
15160 2.25678e+06 0
15170 2.27747e+06 0
15180 2.11776e+06 0
15190 1.97121e+06 0
15200 2.07417e+06 0
15210 1.91393e+06 0
15220 2.23893e+06 0
15230 2.14328e+06 0
15240 2.3442e+06 0
15250 2.19407e+06 0
15260 2.39936e+06 0
15270 2.17625e+06 0
15280 2.15612e+06 0
15290 2.35583e+06 0
15300 2.40107e+06 0
15310 2.72472e+06 0
15320 2.61836e+06 0
15330 2.66805e+06 0
15340 2.40863e+06 0
15350 2.1106e+06 0
15360 2.33578e+06 0
15370 2.17051e+06 0
15380 2.43839e+06 0
15390 2.17861e+06 0
15400 2.27026e+06 0
15410 2.04477e+06 0
15420 2.31093e+06 0
15430 2.00267e+06 0
15440 2.33669e+06 0
15450 2.48876e+06 0
15460 2.17442e+06 0
15470 2.33002e+06 0
15480 2.46065e+06 0
15490 2.65586e+06 0
15500 2.54543e+06 0
15510 2.16212e+06 0
15520 1.97556e+06 0
15530 2.12371e+06 0
15540 2.27753e+06 0
15550 2.1652e+06 0
15560 2.05257e+06 0
15570 2.01373e+06 0
15580 2.0529e+06 0
15590 2.02338e+06 0
15600 1.96114e+06 0
15610 2.0446e+06 0
15620 2.45468e+06 0
15630 2.49185e+06 0
15640 2.0985e+06 0
15650 2.30577e+06 0
15660 2.28165e+06 0
15670 2.36234e+06 0
15680 2.52458e+06 0
15690 2.12188e+06 0
15700 1.86022e+06 0
15710 2.2268e+06 0
15720 2.3238e+06 0
15730 2.0598e+06 0
15740 2.46294e+06 0
15750 2.05393e+06 0
15760 1.75964e+06 0
15770 1.94141e+06 0
15780 1.959e+06 0
15790 2.08815e+06 0
15800 2.37117e+06 0
15810 2.56828e+06 0
15820 2.26226e+06 0
15830 2.37076e+06 0
15840 2.23e+06 0
15850 1.71487e+06 0
15860 1.86168e+06 0
15870 1.86398e+06 0
15880 1.99521e+06 0
15890 2.38227e+06 0
15900 2.22004e+06 0
15910 2.31828e+06 0
15920 2.10764e+06 0
15930 2.26676e+06 0
15940 2.16337e+06 0
15950 2.57286e+06 0
15960 2.71751e+06 0
15970 2.58247e+06 0
15980 2.43312e+06 0
15990 2.20125e+06 0
16000 2.17552e+06 0
16010 2.20888e+06 0
16020 2.3599e+06 0
16030 2.802e+06 0
16040 2.35061e+06 0
16050 2.24635e+06 0
16060 2.41045e+06 0
16070 2.51215e+06 0
16080 2.39908e+06 0
16090 2.24678e+06 0
16100 2.34863e+06 0
16110 2.65314e+06 0
16120 2.34087e+06 0
16130 2.11212e+06 0
16140 1.97508e+06 0
16150 2.25692e+06 0
16160 2.20013e+06 0
16170 2.33912e+06 0
16180 2.16685e+06 0
16190 2.34184e+06 0
16200 2.27032e+06 0
16210 2.2721e+06 0
16220 2.35041e+06 0
16230 2.10749e+06 0
16240 2.18342e+06 0
16250 2.11266e+06 0
16260 2.37816e+06 0
16270 2.52381e+06 0
16280 2.34244e+06 0
16290 2.72641e+06 0
16300 2.41563e+06 0
16310 1.8979e+06 0
16320 2.034e+06 0
16330 2.08273e+06 0
16340 2.31014e+06 0
16350 1.97817e+06 0
16360 2.32572e+06 0
16370 2.26462e+06 0
16380 2.05805e+06 0
16390 2.29196e+06 0
16400 1.99677e+06 0
16410 2.11461e+06 0
16420 2.07752e+06 0
16430 1.97508e+06 0
16440 2.08636e+06 0
16450 2.06109e+06 0
16460 2.31687e+06 0
16470 1.99186e+06 0
16480 2.25862e+06 0
16490 2.36269e+06 0
16500 1.8524e+06 0
16510 1.99842e+06 0
16520 2.44487e+06 0
16530 2.17474e+06 0
16540 2.45032e+06 0
16550 2.70248e+06 0
16560 2.36924e+06 0
16570 2.24456e+06 0
16580 2.22607e+06 0
16590 2.09372e+06 0
16600 2.02507e+06 0
16610 1.8078e+06 0
16620 1.95454e+06 0
16630 1.99368e+06 0
16640 1.93429e+06 0
16650 1.93624e+06 0
16660 1.95483e+06 0
16670 2.23596e+06 0
16680 2.08012e+06 0
16690 2.06036e+06 0
16700 2.02290e+06 0
16710 2.45785e+06 0
16720 2.00423e+06 0
16730 2.48252e+06 0
16740 2.13018e+06 0
16750 1.9609e+06 0
16760 2.66588e+06 0
16770 2.51828e+06 0
16780 2.77065e+06 0
16790 2.36577e+06 0
16800 2.2178e+06 0
16810 2.16466e+06 0
16820 2.12855e+06 0
16830 2.19062e+06 0
16840 2.24523e+06 0
16850 2.04842e+06 0
16860 2.35627e+06 0
16870 2.15879e+06 0
16880 2.29711e+06 0
16890 2.44566e+06 0
16900 2.49804e+06 0
16910 2.3836e+06 0
16920 2.19249e+06 0
16930 2.53562e+06 0
16940 2.17413e+06 0
16950 2.26432e+06 0
16960 2.15692e+06 0
16970 2.35389e+06 0
16980 2.23837e+06 0
16990 2.21153e+06 0
17000 2.66673e+06 0
17010 2.41869e+06 0
17020 2.06883e+06 0
17030 2.19016e+06 0
17040 2.33618e+06 0
17050 2.29423e+06 0
17060 2.28453e+06 0
17070 1.90756e+06 0
17080 2.23262e+06 0
17090 2.05697e+06 0
17100 2.28262e+06 0
17110 2.02163e+06 0
17120 2.13144e+06 0
17130 2.23013e+06 0
17140 2.13142e+06 0
17150 2.43827e+06 0
17160 2.08921e+06 0
17170 2.18008e+06 0
17180 2.11806e+06 0
17190 1.89569e+06 0
17200 2.06192e+06 0
17210 2.15637e+06 0
17220 1.82198e+06 0
17230 1.68342e+06 0
17240 1.99151e+06 0
17250 2.0086e+06 0
17260 2.17025e+06 0
17270 2.57391e+06 0
17280 2.36411e+06 0
17290 2.42694e+06 0
17300 2.31297e+06 0
17310 2.09891e+06 0
17320 2.13018e+06 0
17330 1.97399e+06 0
17340 2.40452e+06 0
17350 2.39899e+06 0
17360 2.13393e+06 0
17370 2.15195e+06 0
17380 2.25892e+06 0
17390 2.02114e+06 0
17400 2.18582e+06 0
17410 2.20407e+06 0
17420 2.10957e+06 0
17430 2.25862e+06 0
17440 2.52258e+06 0
17450 2.18705e+06 0
17460 2.26565e+06 0
17470 1.90781e+06 0
17480 2.09641e+06 0
17490 2.24625e+06 0
17500 2.17492e+06 0
17510 2.19432e+06 0
17520 1.88064e+06 0
17530 2.00078e+06 0
17540 2.1714e+06 0
17550 2.56362e+06 0
17560 2.41583e+06 0
17570 1.77902e+06 0
17580 2.12036e+06 0
17590 2.21299e+06 0
17600 2.31565e+06 0
17610 2.26861e+06 0
17620 2.19092e+06 0
17630 2.34834e+06 0
17640 2.22601e+06 0
17650 2.46493e+06 0
17660 2.52049e+06 0
17670 2.55471e+06 0
17680 2.38969e+06 0
17690 2.83292e+06 0
17700 2.42593e+06 0
17710 1.99793e+06 0
17720 2.15081e+06 0
17730 2.44342e+06 0
17740 2.5442e+06 0
17750 2.23905e+06 0
17760 1.98647e+06 0
17770 2.33214e+06 0
17780 2.13582e+06 0
17790 2.08897e+06 0
17800 2.39621e+06 0
17810 2.40015e+06 0
17820 2.61023e+06 0
17830 2.12623e+06 0
17840 2.1659e+06 0
17850 2.07784e+06 0
17860 2.31859e+06 0
17870 2.37075e+06 0
17880 2.42488e+06 0
17890 2.62914e+06 0
17900 2.20849e+06 0
17910 2.35524e+06 0
17920 2.38184e+06 0
17930 2.31528e+06 0
17940 1.9746e+06 0
17950 2.32111e+06 0
17960 2.18621e+06 0
17970 2.09253e+06 0
17980 2.19266e+06 0
17990 2.29094e+06 0
18000 2.78655e+06 0
18010 2.03186e+06 0
18020 2.06388e+06 0
18030 2.19244e+06 0
18040 2.3919e+06 0
18050 2.41802e+06 0
18060 2.13552e+06 0
18070 2.87528e+06 0
18080 2.19363e+06 0
18090 1.84351e+06 0
18100 2.33408e+06 0
18110 2.04363e+06 0
18120 2.48314e+06 0
18130 2.5987e+06 0
18140 2.04054e+06 0
18150 2.20918e+06 0
18160 2.45476e+06 0
18170 2.18479e+06 0
18180 2.4322e+06 0
18190 2.39361e+06 0
18200 2.21844e+06 0
18210 1.86792e+06 0
18220 2.23965e+06 0
18230 2.27959e+06 0
18240 1.84543e+06 0
18250 2.11036e+06 0
18260 2.34956e+06 0
18270 2.03556e+06 0
18280 2.17088e+06 0
18295 1.86262e+06 0
18301 104857 0
18310 4.09818e+06 0
18320 2.27746e+06 0
18330 2.54714e+06 0
18340 2.36924e+06 0
18350 2.14097e+06 0
18360 2.06491e+06 0
18370 1.9295e+06 0
18380 1.93774e+06 0
18390 1.96545e+06 0
18400 1.93223e+06 0
18410 1.85319e+06 0
18420 2.27704e+06 0
18430 2.20844e+06 0
18440 2.03819e+06 0
18450 1.94349e+06 0
18460 2.22977e+06 0
18470 2.4379e+06 0
18480 2.29527e+06 0
18490 2.22498e+06 0
18500 2.32046e+06 0
18510 2.08504e+06 0
18520 2.2128e+06 0
18530 2.16778e+06 0
18540 2.44445e+06 0
18550 1.99841e+06 0
18560 1.94799e+06 0
18570 1.98952e+06 0
18580 1.84392e+06 0
18590 1.7856e+06 0
18600 2.08351e+06 0
18610 2.19013e+06 0
18620 2.43203e+06 0
18630 2.08782e+06 0
18640 2.04237e+06 0
18650 2.69156e+06 0
18660 2.56295e+06 0
18670 2.16646e+06 0
18680 2.18627e+06 0
18690 2.34566e+06 0
18700 2.31663e+06 0
18710 2.4536e+06 0
18720 1.8682e+06 0
18730 1.88031e+06 0
18740 2.03503e+06 0
18750 2.4673e+06 0
18760 2.15843e+06 0
18770 2.07133e+06 0
18780 2.23959e+06 0
18790 2.10285e+06 0
18800 1.94593e+06 0
18810 2.0026e+06 0
18820 2.17413e+06 0
18830 2.14667e+06 0
18840 2.17449e+06 0
18850 2.52689e+06 0
18860 2.2211e+06 0
18870 1.93279e+06 0
18880 2.14564e+06 0
18890 2.35517e+06 0
18900 2.19516e+06 0
18910 2.25101e+06 0
18920 2.27671e+06 0
18930 2.3484e+06 0
18940 2.19992e+06 0
18950 1.94165e+06 0
18960 2.00204e+06 0
18970 2.15730e+06 0
18980 2.19043e+06 0
18990 2.12626e+06 0
19000 2.13946e+06 0
19010 2.26358e+06 0
19020 2.39706e+06 0
19030 1.86895e+06 0
19040 1.92768e+06 0
19050 2.43415e+06 0
19060 2.47894e+06 0
19070 2.30396e+06 0
19080 2.63476e+06 0
19090 2.55671e+06 0
19100 2.41634e+06 0
19110 2.29196e+06 0
19120 2.14352e+06 0
19130 2.28534e+06 0
19140 2.05818e+06 0
19150 1.92822e+06 0
19160 2.28935e+06 0
19170 2.1714e+06 0
19180 1.87906e+06 0
19190 2.30784e+06 0
19200 2.19868e+06 0
19210 2.27567e+06 0
19220 2.4119e+06 0
19230 2.13691e+06 0
19240 2.14322e+06 0
19250 2.64913e+06 0
19260 2.60666e+06 0
19270 2.58072e+06 0
19280 2.41675e+06 0
19290 2.38051e+06 0
19300 2.61884e+06 0
19310 2.50117e+06 0
19320 2.07188e+06 0
19330 1.93715e+06 0
19340 1.99314e+06 0
19350 2.07421e+06 0
19360 2.12246e+06 0
19370 2.27019e+06 0
19380 2.18136e+06 0
19390 2.2528e+06 0
19400 2.16988e+06 0
19410 2.30638e+06 0
19420 2.114e+06 0
19430 2.15304e+06 0
19440 1.96545e+06 0
19450 2.25632e+06 0
19460 2.5341e+06 0
19470 2.05824e+06 0
19480 2.09256e+06 0
19492 1.32930e+06 0
19500 2.91809e+06 0
19510 2.20436e+06 0
19520 2.40185e+06 0
19530 2.59889e+06 0
19540 2.09824e+06 0
19550 1.95647e+06 0
19560 2.45192e+06 0
19570 2.64567e+06 0
19580 2.56851e+06 0
19590 2.45579e+06 0
19600 2.3018e+06 0
19610 2.43517e+06 0
19620 2.49386e+06 0
19630 2.70327e+06 0
19640 2.5804e+06 0
19650 2.3022e+06 0
19660 2.21645e+06 0
19670 1.9124e+06 0
19680 1.93958e+06 0
19690 2.21453e+06 0
19700 2.40509e+06 0
19710 2.22498e+06 0
19720 2.5341e+06 0
19730 2.16167e+06 0
19740 2.13988e+06 0
19750 2.3664e+06 0
19760 2.37026e+06 0
19770 2.32049e+06 0
19780 2.47428e+06 0
19790 2.1505e+06 0
19800 2.12756e+06 0
19810 2.28081e+06 0
19820 2.31887e+06 0
19830 2.36862e+06 0
19840 2.31608e+06 0
19850 2.45646e+06 0
19860 2.21509e+06 0
19870 2.4521e+06 0
19880 2.41834e+06 0
19890 2.14114e+06 0
19900 2.43276e+06 0
19910 2.97292e+06 0
19920 2.49288e+06 0
19930 2.28292e+06 0
19940 2.26608e+06 0
19950 2.29238e+06 0
19960 2.00563e+06 0
19970 1.94004e+06 0
19980 2.26207e+06 0
19991 1.36219e+06 0
20000 3.47078e+06 0
20010 2.68145e+06 0
20020 2.2607e+06 0
20030 2.06168e+06 0
20040 2.32669e+06 0
20050 2.13704e+06 0
20060 2.41663e+06 0
20070 2.22867e+06 0
20080 2.19201e+06 0
20090 2.37609e+06 0
20100 2.32185e+06 0
20110 2.212e+06 0
20120 1.9632e+06 0
20130 2.0724e+06 0
20140 2.24289e+06 0
20150 2.45519e+06 0
20160 2.28244e+06 0
20170 2.06857e+06 0
20180 2.00653e+06 0
20190 1.97899e+06 0
20200 1.79288e+06 0
20210 2.10134e+06 0
20220 2.10854e+06 0
20230 1.95368e+06 0
20240 2.35296e+06 0
20250 2.14318e+06 0
20260 2.43919e+06 0
20270 2.29402e+06 0
20280 2.48979e+06 0
20290 1.94127e+06 0
20300 2.39759e+06 0
20310 2.10485e+06 0
20320 2.5492e+06 0
20330 2.42657e+06 0
20340 2.47434e+06 0
20350 2.56422e+06 0
20360 2.51084e+06 0
20370 2.07578e+06 0
20380 2.36496e+06 0
20390 2.34616e+06 0
20400 2.18538e+06 0
20410 2.26455e+06 0
20420 2.06472e+06 0
20430 2.27361e+06 0
20440 2.18557e+06 0
20450 2.19535e+06 0
20460 1.94514e+06 0
20470 2.39568e+06 0
20480 2.66499e+06 0
20490 2.64272e+06 0
20500 2.26439e+06 0
20510 2.19677e+06 0
20520 2.19411e+06 0
20530 2.41354e+06 0
20540 2.42528e+06 0
20550 2.0766e+06 0
20560 2.35893e+06 0
20570 2.27316e+06 0
20580 1.95108e+06 0
20590 1.96854e+06 0
20600 2.06781e+06 0
20610 1.95010e+06 0
20620 1.74447e+06 0
20630 1.93229e+06 0
20640 2.22934e+06 0
20650 2.09757e+06 0
20660 1.95338e+06 0
20670 2.0814e+06 0
20680 1.87277e+06 0
20690 1.88253e+06 0
20700 2.02351e+06 0
20710 2.19613e+06 0
20720 2.45543e+06 0
20730 2.33796e+06 0
20740 1.97564e+06 0
20750 2.1857e+06 0
20760 2.08175e+06 0
20770 2.32869e+06 0
20780 2.09357e+06 0
20790 1.97526e+06 0
20800 2.16097e+06 0
20810 1.98488e+06 0
20820 2.05172e+06 0
20830 2.41009e+06 0
20840 2.16874e+06 0
20850 2.20463e+06 0
20860 2.73101e+06 0
20870 2.52945e+06 0
20880 2.56210e+06 0
20890 2.02979e+06 0
20900 1.87865e+06 0
20910 2.27663e+06 0
20920 2.16577e+06 0
20930 2.16218e+06 0
20940 2.22292e+06 0
20950 1.96532e+06 0
20960 2.05854e+06 0
20970 2.02266e+06 0
20980 2.44464e+06 0
20990 2.26772e+06 0
21000 2.20739e+06 0
21010 2.20607e+06 0
21020 2.40159e+06 0
21030 2.39542e+06 0
21040 2.07958e+06 0
21050 2.27281e+06 0
21060 2.01836e+06 0
21070 2.02175e+06 0
21080 2.13831e+06 0
21090 2.29523e+06 0
21100 2.3511e+06 0
21110 2.59223e+06 0
21120 2.06594e+06 0
21130 2.26972e+06 0
21140 2.33214e+06 0
21150 1.7956e+06 0
21160 1.90079e+06 0
21170 2.01937e+06 0
21180 2.40757e+06 0
21190 2.78604e+06 0
21200 2.44858e+06 0
21210 2.32899e+06 0
21220 2.17853e+06 0
21230 1.99771e+06 0
21240 2.3162e+06 0
21250 2.33396e+06 0
21260 2.35687e+06 0
21270 2.48452e+06 0
21280 2.47743e+06 0
21290 2.51967e+06 0
21300 2.42021e+06 0
21310 2.23425e+06 0
21320 2.73012e+06 0
21330 2.21716e+06 0
21340 2.67448e+06 0
21350 2.59592e+06 0
21360 2.36375e+06 0
21370 2.26265e+06 0
21380 2.35378e+06 0
21390 2.06847e+06 0
21400 2.207e+06 0
21410 2.0761e+06 0
21420 2.64244e+06 0
21430 2.3786e+06 0
21440 2.11722e+06 0
21450 2.33821e+06 0
21460 2.43153e+06 0
21470 2.80352e+06 0
21480 2.29675e+06 0
21490 2.05588e+06 0
21500 2.40444e+06 0
21510 2.41809e+06 0
21520 2.70526e+06 0
21530 2.46931e+06 0
21540 2.62496e+06 0
21550 2.49906e+06 0
21560 2.25679e+06 0
21570 2.33282e+06 0
21580 2.27444e+06 0
21590 2.12545e+06 0
