# TimeStamp(s) Sum Stdev
0 4.14633e+06 0
10 3.7589e+06 0
20 4.06287e+06 0
30 3.8403e+06 0
40 3.46214e+06 0
50 4.2844e+06 0
60 3.43329e+06 0
70 4.02371e+06 0
80 4.33695e+06 0
90 3.93098e+06 0
100 4.0742e+06 0
110 4.10924e+06 0
120 3.61361e+06 0
130 4.75117e+06 0
140 4.74087e+06 0
150 4.8233e+06 0
160 4.76148e+06 0
170 5.00465e+06 0
180 4.25864e+06 0
190 3.85164e+06 0
200 4.94489e+06 0
210 4.55025e+06 0
220 4.54097e+06 0
230 4.76251e+06 0
240 4.26276e+06 0
250 4.07317e+06 0
260 4.05565e+06 0
270 5.15303e+06 0
280 3.65998e+06 0
290 3.98353e+06 0
300 4.27513e+06 0
310 5.0232e+06 0
320 4.03583e+06 0
330 3.91473e+06 0
340 3.91552e+06 0
350 4.72541e+06 0
360 4.79445e+06 0
370 4.65432e+06 0
380 4.73057e+06 0
390 4.53558e+06 0
400 4.36914e+06 0
410 4.90367e+06 0
420 4.28337e+06 0
430 5.2074e+06 0
440 4.52885e+06 0
450 5.03326e+06 0
460 4.64632e+06 0
470 4.79857e+06 0
480 4.15251e+06 0
490 4.34726e+06 0
500 3.43535e+06 0
510 3.95983e+06 0
520 4.9047e+06 0
530 4.5317e+06 0
540 4.0031e+06 0
550 4.84597e+06 0
560 4.61413e+06 0
570 4.82924e+06 0
580 3.43766e+06 0
590 4.37302e+06 0
600 4.09069e+06 0
610 4.34829e+06 0
620 4.203e+06 0
630 5.08502e+06 0
640 5.07266e+06 0
650 4.66565e+06 0
660 5.50646e+06 0
670 4.15045e+06 0
680 5.3045e+06 0
690 4.58013e+06 0
700 4.81712e+06 0
710 5.2674e+06 0
720 4.05978e+06 0
730 3.78363e+06 0
740 4.59661e+06 0
750 5.50749e+06 0
760 4.79651e+06 0
770 5.21073e+06 0
780 4.06287e+06 0
790 3.35292e+06 0
800 4.14736e+06 0
810 4.84597e+06 0
820 4.39156e+06 0
830 4.62753e+06 0
840 4.29986e+06 0
850 4.17724e+06 0
860 4.45442e+06 0
870 4.32356e+06 0
880 5.78982e+06 0
890 4.93665e+06 0
900 5.60719e+06 0
910 4.49073e+06 0
920 3.64762e+06 0
930 3.69089e+06 0
940 4.40599e+06 0
950 3.88152e+06 0
960 3.55076e+06 0
970 5.37663e+06 0
980 5.34778e+06 0
990 4.70481e+06 0
1000 4.3081e+06 0
1010 4.44721e+06 0
1020 4.52964e+06 0
1030 3.89388e+06 0
1040 4.19967e+06 0
1050 4.73905e+06 0
1060 4.1927e+06 0
1070 3.80012e+06 0
1080 4.02062e+06 0
1090 3.52397e+06 0
1100 4.36065e+06 0
1110 4.72026e+06 0
1120 3.71871e+06 0
1130 3.52088e+06 0
1140 4.02371e+06 0
1150 3.57137e+06 0
1160 4.5791e+06 0
1170 4.89646e+06 0
1180 5.6569e+06 0
1190 4.85009e+06 0
1200 4.92198e+06 0
1210 4.16821e+06 0
1220 4.02886e+06 0
1230 4.72541e+06 0
1240 4.59558e+06 0
1250 5.83103e+06 0
1260 4.55334e+06 0
1270 5.51573e+06 0
1280 5.63629e+06 0
1290 4.9418e+06 0
1300 4.95828e+06 0
1310 4.60795e+06 0
1320 5.118e+06 0
1330 3.75581e+06 0
1340 4.00826e+06 0
1350 4.12572e+06 0
1360 4.0505e+06 0
1370 4.03917e+06 0
1380 4.50079e+06 0
1390 4.66565e+06 0
1400 3.57343e+06 0
1410 3.88152e+06 0
1420 3.8063e+06 0
1430 4.38023e+06 0
1440 4.43072e+06 0
1450 3.60537e+06 0
1460 4.25658e+06 0
1470 4.03298e+06 0
1480 4.12263e+06 0
1490 4.06081e+06 0
1500 3.92994e+06 0
1510 3.90625e+06 0
1520 3.71459e+06 0
1530 3.74344e+06 0
1540 3.23236e+06 0
1550 3.99383e+06 0
1560 5.26098e+06 0
1570 4.15378e+06 0
1580 5.14066e+06 0
1590 4.18754e+06 0
1600 3.95261e+06 0
1610 4.14324e+06 0
1620 4.09893e+06 0
1630 4.87585e+06 0
1640 4.07008e+06 0
1650 4.12675e+06 0
1660 4.93046e+06 0
1670 4.203e+06 0
1680 3.74756e+06 0
1690 3.97528e+06 0
1700 4.23288e+06 0
1710 4.02577e+06 0
1720 4.17003e+06 0
1730 3.58888e+06 0
1740 3.73932e+06 0
1750 3.94746e+06 0
1760 5.57652e+06 0
1770 4.95804e+06 0
1780 4.97810e+06 0
1790 5.19116e+06 0
1800 5.24783e+06 0
1810 4.42866e+06 0
1820 3.44438e+06 0
1830 3.71896e+06 0
1840 4.2607e+06 0
1850 4.63886e+06 0
1860 5.07472e+06 0
1870 4.24731e+06 0
1880 4.08863e+06 0
1890 4.40393e+06 0
1900 4.84288e+06 0
1910 5.49512e+06 0
1920 5.0335e+06 0
1930 4.83052e+06 0
1940 4.67365e+06 0
1950 4.0662e+06 0
1960 4.31119e+06 0
1970 4.69553e+06 0
1980 3.77436e+06 0
1990 4.02062e+06 0
2000 5.05102e+06 0
2010 4.04947e+06 0
2020 4.74087e+06 0
2030 3.83e+06 0
2040 4.45133e+06 0
2050 4.88306e+06 0
2060 4.83979e+06 0
2070 5.10151e+06 0
2080 4.45339e+06 0
2090 4.42248e+06 0
2100 4.42042e+06 0
2110 4.85628e+06 0
2120 4.98610e+06 0
2130 4.0505e+06 0
2140 3.98044e+06 0
2150 4.28646e+06 0
2160 4.93228e+06 0
2170 4.76069e+06 0
2180 4.61825e+06 0
2190 4.39466e+06 0
2200 3.56518e+06 0
2210 4.19039e+06 0
2220 5.35008e+06 0
2230 4.66359e+06 0
2240 3.92479e+06 0
2250 4.53273e+06 0
2260 4.6471e+06 0
2270 4.87688e+06 0
2280 3.69810e+06 0
2290 3.56518e+06 0
2300 6.01857e+06 0
2310 4.63886e+06 0
2320 3.95777e+06 0
2330 4.88822e+06 0
2340 3.7455e+06 0
2350 3.55694e+06 0
2360 3.69708e+06 0
2370 4.34314e+06 0
2380 4.30089e+06 0
2390 3.90934e+06 0
2400 3.82794e+06 0
2410 4.47194e+06 0
2420 4.69553e+06 0
2430 3.91655e+06 0
2440 4.64401e+06 0
2450 4.28646e+06 0
2460 4.39053e+06 0
2470 5.39002e+06 0
2480 4.37096e+06 0
2490 3.77848e+06 0
2500 4.22155e+06 0
2510 4.49357e+06 0
2520 4.0639e+06 0
2530 4.79136e+06 0
2540 5.16952e+06 0
2550 5.22619e+06 0
2560 4.57576e+06 0
2570 4.27949e+06 0
2580 6.12573e+06 0
2590 5.11181e+06 0
2600 5.32511e+06 0
2610 5.6775e+06 0
2620 5.15097e+06 0
2630 4.45339e+06 0
2640 3.40547e+06 0
2650 4.45751e+06 0
2660 4.4369e+06 0
2670 4.17003e+06 0
2680 3.47657e+06 0
2690 3.70841e+06 0
2700 4.88513e+06 0
2710 5.25092e+06 0
2720 4.3895e+06 0
2730 3.63113e+06 0
2740 4.10511e+06 0
2750 3.72696e+06 0
2760 4.99641e+06 0
2770 3.60228e+06 0
2780 4.02783e+06 0
2790 4.18342e+06 0
2800 3.81351e+06 0
2810 4.3215e+06 0
2820 4.35859e+06 0
2830 5.38384e+06 0
2840 4.95392e+06 0
2850 5.00284e+06 0
2860 4.26792e+06 0
2870 4.10305e+06 0
2880 4.12057e+06 0
2890 4.83154e+06 0
2900 4.15663e+06 0
2910 4.20403e+06 0
2920 4.71202e+06 0
2930 3.76096e+06 0
2940 3.95468e+06 0
2950 4.63886e+06 0
2960 4.4029e+06 0
2970 3.44875e+06 0
2980 3.64143e+06 0
2990 4.59868e+06 0
3000 4.89749e+06 0
3010 4.71923e+06 0
3020 5.13448e+06 0
3030 4.32356e+06 0
3040 3.94231e+06 0
3050 3.8063e+06 0
3060 4.16282e+06 0
3070 4.62134e+06 0
3080 4.48636e+06 0
3090 4.61207e+06 0
3100 4.0742e+06 0
3110 3.97631e+06 0
3120 4.4132e+06 0
3130 4.03196e+06 0
3140 4.542e+06 0
3150 4.06287e+06 0
3160 4.35344e+06 0
3170 4.28337e+06 0
3180 3.25916e+06 0
3190 3.75478e+06 0
3200 3.65483e+06 0
3210 4.14736e+06 0
3220 4.14324e+06 0
3230 4.44721e+06 0
3240 4.27513e+06 0
3250 4.03711e+06 0
3260 4.65947e+06 0
3270 4.46988e+06 0
3280 3.23958e+06 0
3290 3.87224e+06 0
3300 3.7692e+06 0
3310 4.27101e+06 0
3320 4.63371e+06 0
3330 4.35756e+06 0
3340 4.1082e+06 0
3350 3.63628e+06 0
3360 4.12572e+06 0
3370 3.71871e+06 0
3380 4.46781e+06 0
3390 3.86297e+06 0
3400 4.27616e+06 0
3410 3.4065e+06 0
3420 4.55334e+06 0
3430 4.99332e+06 0
3440 4.61619e+06 0
3450 4.7656e+06 0
3460 4.82021e+06 0
3470 4.89749e+06 0
3480 4.76869e+06 0
3490 3.95570e+06 0
3500 4.85937e+06 0
3510 4.13396e+06 0
3520 4.72335e+06 0
3530 4.12469e+06 0
3540 3.65483e+06 0
3550 4.45236e+06 0
3560 5.16436e+06 0
3570 4.33695e+06 0
3580 4.56467e+06 0
3590 4.21228e+06 0
3600 4.59868e+06 0
3610 4.25864e+06 0
3620 4.90367e+06 0
3630 4.84288e+06 0
3640 5.57446e+06 0
3650 4.94386e+06 0
3660 4.20197e+06 0
3670 6.36478e+06 0
3680 4.96756e+06 0
3690 4.82433e+06 0
3700 5.2468e+06 0
3710 3.75066e+06 0
3720 3.74653e+06 0
3730 4.00516e+06 0
3740 4.7079e+06 0
3750 3.83927e+06 0
3760 4.18961e+06 0
3770 4.17827e+06 0
3780 4.15045e+06 0
3790 4.53788e+06 0
3800 4.19991e+06 0
3810 4.43175e+06 0
3820 4.19167e+06 0
3830 3.57961e+06 0
3840 3.92788e+06 0
3850 4.10408e+06 0
3860 4.86555e+06 0
3870 4.48121e+06 0
3880 5.28595e+06 0
3890 4.11542e+06 0
3900 3.91552e+06 0
3910 4.03171e+06 0
3920 4.57419e+06 0
3930 4.36786e+06 0
3940 4.65638e+06 0
3950 4.77281e+06 0
3960 4.81894e+06 0
3970 4.49279e+06 0
3980 4.73469e+06 0
3990 4.33901e+06 0
4000 3.38486e+06 0
4010 4.81506e+06 0
4020 4.53067e+06 0
4030 4.33489e+06 0
4040 4.02141e+06 0
4050 3.81066e+06 0
4060 3.31274e+06 0
4070 3.54458e+06 0
4080 4.79651e+06 0
4090 3.25812e+06 0
4100 4.76869e+06 0
4110 4.14633e+06 0
4120 4.32356e+06 0
4130 4.91398e+06 0
4140 5.03556e+06 0
4150 4.16488e+06 0
4160 4.508e+06 0
4170 4.82718e+06 0
4180 3.79624e+06 0
4190 3.593e+06 0
4200 3.54561e+06 0
4210 3.8537e+06 0
4220 3.37868e+06 0
4230 3.48687e+06 0
4240 5.05823e+06 0
4250 4.84803e+06 0
4260 4.04226e+06 0
4270 3.84133e+06 0
4280 4.00929e+06 0
4290 3.61876e+06 0
4300 3.56415e+06 0
4310 3.75169e+06 0
4320 4.0979e+06 0
4330 4.31841e+06 0
4340 3.75375e+06 0
4350 4.41938e+06 0
4360 3.44154e+06 0
4370 3.40753e+06 0
4380 3.65689e+06 0
4390 3.94231e+06 0
4400 4.50079e+06 0
4410 6.74809e+06 0
4420 6.16797e+06 0
4430 5.35293e+06 0
4440 4.4132e+06 0
4450 5.87637e+06 0
4460 5.99796e+06 0
4470 4.79239e+06 0
4480 3.99383e+06 0
4490 4.83567e+06 0
4500 4.27307e+06 0
4510 4.21949e+06 0
4520 5.1386e+06 0
4530 5.3756e+06 0
4540 5.64659e+06 0
4550 4.30604e+06 0
4560 5.83928e+06 0
4570 4.31016e+06 0
4580 4.53788e+06 0
4590 5.14376e+06 0
4600 5.33541e+06 0
4610 5.93716e+06 0
4620 6.5451e+06 0
4630 5.2571e+06 0
4640 5.29626e+06 0
4650 4.5214e+06 0
4660 4.26482e+06 0
4670 3.79393e+06 0
4680 5.20558e+06 0
4690 3.67544e+06 0
4700 4.21949e+06 0
4710 4.84597e+06 0
4720 5.05411e+06 0
4730 4.52655e+06 0
4740 3.08708e+06 0
4750 4.76766e+06 0
4760 4.09687e+06 0
4770 3.8403e+06 0
4780 4.66874e+06 0
4790 4.88925e+06 0
4800 4.32974e+06 0
4810 4.16178e+06 0
4820 4.28852e+06 0
4830 4.57601e+06 0
4840 3.95055e+06 0
4850 4.1453e+06 0
4860 4.29574e+06 0
4870 4.41217e+06 0
4880 4.80476e+06 0
4890 3.65792e+06 0
4900 3.36504e+06 0
4910 4.49382e+06 0
4920 3.26122e+06 0
4930 2.9861e+06 0
4940 3.37559e+06 0
4950 3.96395e+06 0
4960 3.73623e+06 0
4970 4.0062e+06 0
4980 3.97116e+06 0
4990 4.13293e+06 0
5000 4.33386e+06 0
5010 4.38229e+06 0
5020 4.17003e+06 0
5030 3.34056e+06 0
5040 3.94437e+06 0
5050 3.87946e+06 0
5060 3.58888e+06 0
5070 4.35138e+06 0
5080 4.49254e+06 0
5090 3.88152e+06 0
5100 3.85473e+06 0
5110 3.95261e+06 0
5120 4.6471e+06 0
5130 3.81969e+06 0
5140 4.2401e+06 0
5150 4.44514e+06 0
5160 3.68677e+06 0
5170 3.44154e+06 0
5180 3.77926e+06 0
5190 4.31041e+06 0
5200 4.03298e+06 0
5210 4.01135e+06 0
5220 4.1636e+06 0
5230 2.42786e+06 0
5240 3.30449e+06 0
5250 3.71871e+06 0
5260 4.45133e+06 0
5270 2.83257e+06 0
5280 3.77642e+06 0
5290 3.90728e+06 0
5300 4.04535e+06 0
5310 3.95468e+06 0
5320 4.38332e+06 0
5330 3.35807e+06 0
5340 3.17775e+06 0
5350 3.28388e+06 0
5360 3.28698e+06 0
5370 3.49821e+06 0
5380 3.44978e+06 0
5390 3.98868e+06 0
5400 4.47709e+06 0
5410 4.28646e+06 0
5420 4.78106e+06 0
5430 4.37199e+06 0
5440 4.28749e+06 0
5450 3.27255e+06 0
5460 2.7522e+06 0
5470 2.847e+06 0
5480 3.39002e+06 0
5490 3.6775e+06 0
5500 4.34932e+06 0
5510 3.38589e+06 0
5520 3.78672e+06 0
5530 3.92582e+06 0
5540 4.11026e+06 0
5550 3.80527e+06 0
5560 4.41114e+06 0
5570 3.43535e+06 0
5580 3.77538e+06 0
5590 3.53118e+06 0
5600 4.23906e+06 0
5610 4.10614e+06 0
5620 4.41114e+06 0
5630 3.69295e+06 0
5640 4.81506e+06 0
5650 4.99229e+06 0
5660 4.24113e+06 0
5670 4.09069e+06 0
5680 3.60022e+06 0
5690 4.12572e+06 0
5700 3.36632e+06 0
5710 4.23804e+06 0
5720 4.25761e+06 0
5730 4.64401e+06 0
5740 4.51418e+06 0
5751 4.89131e+06 0
5760 3.61052e+06 0
5770 4.01753e+06 0
5780 4.11542e+06 0
5790 4.0639e+06 0
5800 5.21898e+06 0
5810 4.38229e+06 0
5820 4.11645e+06 0
5830 4.21537e+06 0
5840 3.57755e+06 0
5850 2.97786e+06 0
5860 4.62031e+06 0
5870 3.51572e+06 0
5880 2.94076e+06 0
5890 3.89285e+06 0
5900 3.44050e+06 0
5910 4.25246e+06 0
5920 4.61928e+06 0
5930 4.64195e+06 0
5940 3.68162e+06 0
5950 3.90831e+06 0
5960 3.98146e+06 0
5970 3.74756e+06 0
5980 5.05205e+06 0
5990 3.89903e+06 0
6000 3.60022e+06 0
6010 5.1757e+06 0
6020 4.67905e+06 0
6030 4.35423e+06 0
6040 4.03014e+06 0
6050 4.45854e+06 0
6060 4.07008e+06 0
6070 3.89388e+06 0
6080 3.06132e+06 0
6090 4.86864e+06 0
6100 5.21898e+06 0
6110 4.50903e+06 0
6120 3.86091e+06 0
6130 3.26637e+06 0
6140 4.18136e+06 0
6150 3.75993e+06 0
6160 3.87946e+06 0
6170 4.66953e+06 0
6180 3.82509e+06 0
6190 4.04717e+06 0
6200 4.09093e+06 0
6210 4.22876e+06 0
6220 3.63319e+06 0
6230 3.28182e+06 0
6240 4.00929e+06 0
6250 3.80733e+06 0
6260 3.37765e+06 0
6270 3.66101e+06 0
6280 3.68471e+06 0
6290 4.15045e+06 0
6300 4.169e+06 0
6310 4.73469e+06 0
6320 4.18033e+06 0
6330 3.8063e+06 0
6340 4.06493e+06 0
6350 4.14942e+06 0
6360 3.70738e+06 0
6370 3.7692e+06 0
6380 3.2911e+06 0
6390 2.73777e+06 0
6400 4.22464e+06 0
6410 4.90058e+06 0
6420 4.96138e+06 0
6430 4.69244e+06 0
6440 4.14839e+06 0
6450 4.65535e+06 0
6460 4.21434e+06 0
6470 5.22928e+06 0
6480 4.56261e+06 0
6490 4.84391e+06 0
6500 3.6198e+06 0
6510 3.87842e+06 0
6520 3.68059e+06 0
6530 3.64658e+06 0
6540 3.48972e+06 0
6550 3.78284e+06 0
6560 4.135e+06 0
6570 3.47039e+06 0
6580 4.14736e+06 0
6590 3.80114e+06 0
6600 4.00722e+06 0
6610 3.78878e+06 0
6620 3.85885e+06 0
6630 3.41887e+06 0
6640 3.07574e+06 0
6650 3.32613e+06 0
6660 3.11775e+06 0
6670 2.94822e+06 0
6680 2.98919e+06 0
6690 3.90006e+06 0
6700 3.55797e+06 0
6710 5.37354e+06 0
6720 5.03247e+06 0
6730 4.03092e+06 0
6740 2.92634e+06 0
6750 3.89182e+06 0
6760 3.36813e+06 0
6770 3.26352e+06 0
6780 4.67286e+06 0
6790 4.25349e+06 0
6800 3.18394e+06 0
6810 3.7692e+06 0
6820 3.90728e+06 0
6830 4.63989e+06 0
6840 4.45236e+06 0
6850 4.01959e+06 0
6860 3.93304e+06 0
6870 3.99692e+06 0
6880 4.25452e+06 0
6890 2.96343e+06 0
6900 4.19373e+06 0
6910 3.44129e+06 0
6920 3.39953e+06 0
6930 2.95416e+06 0
6940 4.49564e+06 0
6950 4.38538e+06 0
6960 2.95416e+06 0
6970 4.20403e+06 0
6980 4.42145e+06 0
6990 3.64452e+06 0
7000 3.35498e+06 0
7010 3.64246e+06 0
7020 2.7151e+06 0
7030 3.49512e+06 0
7040 3.80114e+06 0
7050 4.42042e+06 0
7060 4.12263e+06 0
7070 3.5961e+06 0
7080 2.66461e+06 0
7090 4.10408e+06 0
7100 3.43844e+06 0
7110 3.20866e+06 0
7120 3.96292e+06 0
7130 3.55488e+06 0
7140 3.77023e+06 0
7150 4.09069e+06 0
7160 3.79393e+06 0
7170 3.92892e+06 0
7180 2.9284e+06 0
7190 3.1623e+06 0
7200 3.36941e+06 0
7210 3.09429e+06 0
7220 4.13912e+06 0
7230 3.525e+06 0
7240 3.36013e+06 0
7250 3.22309e+06 0
7260 3.15405e+06 0
7270 4.55231e+06 0
7280 2.94797e+06 0
7290 2.93561e+06 0
7300 4.17415e+06 0
7310 3.88255e+06 0
7320 3.21176e+06 0
7330 3.69192e+06 0
7340 3.36116e+06 0
7350 2.69244e+06 0
7360 3.05101e+06 0
7370 3.76611e+06 0
7380 3.69708e+06 0
7390 3.62082e+06 0
7400 3.36116e+06 0
7410 3.27667e+06 0
7420 3.33953e+06 0
7430 3.68859e+06 0
7440 3.06259e+06 0
7450 3.12726e+06 0
7460 2.9521e+06 0
7470 2.91294e+06 0
7480 3.17878e+06 0
7490 3.25916e+06 0
7500 3.82175e+06 0
7510 3.46833e+06 0
7520 3.05204e+06 0
7530 4.03917e+06 0
7540 3.7535e+06 0
7550 2.75347e+06 0
7560 3.6641e+06 0
7570 3.3014e+06 0
7580 3.51882e+06 0
7590 3.55076e+06 0
7600 3.7249e+06 0
7610 3.07265e+06 0
7620 2.12881e+06 0
7630 2.85421e+06 0
7640 3.4199e+06 0
7650 3.11284e+06 0
7660 3.44050e+06 0
7670 3.42814e+06 0
7680 3.41268e+06 0
7690 3.15508e+06 0
7700 4.34210e+06 0
7710 3.74756e+06 0
7720 4.237e+06 0
7730 4.46781e+06 0
7740 3.72284e+06 0
7750 2.51933e+06 0
7760 2.57909e+06 0
7770 3.91037e+06 0
7780 4.27822e+06 0
7790 3.60331e+06 0
7800 3.22618e+06 0
7810 4.27616e+06 0
7820 4.07293e+06 0
7830 3.61386e+06 0
7840 2.9727e+06 0
7850 3.86273e+06 0
7860 3.74575e+06 0
7870 3.36116e+06 0
7880 3.13963e+06 0
7891 3.69192e+06 0
7900 3.07986e+06 0
7910 3.3014e+06 0
7920 2.86245e+06 0
7930 3.33953e+06 0
7940 3.23133e+06 0
7950 3.22903e+06 0
7960 3.97862e+06 0
7970 3.49306e+06 0
7980 3.95261e+06 0
7990 4.01135e+06 0
8000 4.12778e+06 0
8010 3.13448e+06 0
8020 3.593e+06 0
8030 2.61e+06 0
8040 2.41526e+06 0
8050 2.75014e+06 0
8060 3.56518e+06 0
8070 3.55591e+06 0
8080 2.96549e+06 0
8090 3.92376e+06 0
8100 3.1149e+06 0
8110 3.01289e+06 0
8120 3.20248e+06 0
8130 3.00671e+06 0
8140 3.06132e+06 0
8150 3.89697e+06 0
8160 2.68419e+06 0
8170 3.65483e+06 0
8180 3.99177e+06 0
8190 4.16282e+06 0
8200 3.07265e+06 0
8210 3.91346e+06 0
8220 4.69656e+06 0
8230 3.80012e+06 0
8240 2.88821e+06 0
8250 3.48584e+06 0
8260 3.60434e+06 0
8270 3.68986e+06 0
8280 3.34983e+06 0
8290 3.89697e+06 0
8300 3.34159e+06 0
8310 4.33053e+06 0
8320 2.60922e+06 0
8330 2.86657e+06 0
8340 3.8774e+06 0
8350 3.18497e+06 0
8360 3.90418e+06 0
8370 3.26637e+06 0
8380 2.5049e+06 0
8390 3.36838e+06 0
8400 3.62598e+06 0
8410 3.37971e+06 0
8420 3.03659e+06 0
8430 3.80321e+06 0
8440 3.95777e+06 0
8450 5.13551e+06 0
8460 3.9825e+06 0
8470 4.41526e+06 0
8480 3.64143e+06 0
8490 2.6574e+06 0
8500 3.27873e+06 0
8510 3.77745e+06 0
8520 3.87636e+06 0
8530 3.1489e+06 0
8540 2.6945e+06 0
8550 2.65637e+06 0
8560 2.79548e+06 0
8570 4.203e+06 0
8580 3.89285e+06 0
8590 3.47348e+06 0
8600 3.36529e+06 0
8610 2.55745e+06 0
8620 3.14248e+06 0
8630 3.32844e+06 0
8640 3.61258e+06 0
8650 3.32922e+06 0
8660 2.36889e+06 0
8670 4.18548e+06 0
8680 3.59816e+06 0
8690 2.4369e+06 0
8700 3.65046e+06 0
8710 2.92555e+06 0
8720 3.3148e+06 0
8730 3.49821e+06 0
8740 3.80218e+06 0
8750 4.07808e+06 0
8760 2.58861e+06 0
8770 2.59042e+06 0
8780 2.84906e+06 0
8790 3.16333e+06 0
8800 3.47245e+06 0
8810 2.87276e+06 0
8820 2.92118e+06 0
8830 2.99743e+06 0
8840 3.5961e+06 0
8850 3.30758e+06 0
8860 3.14169e+06 0
8870 3.02834e+06 0
8880 2.87894e+06 0
8890 2.94488e+06 0
8900 2.86245e+06 0
8910 1.73107e+06 0
8920 3.20866e+06 0
8930 2.27615e+06 0
8940 3.68162e+06 0
8950 2.68213e+06 0
8960 2.74602e+06 0
8970 3.43226e+06 0
8980 3.5116e+06 0
8990 4.09275e+06 0
9000 2.85833e+06 0
9011 4.06081e+06 0
9020 2.65534e+06 0
9030 3.70223e+06 0
9040 3.52294e+06 0
9050 3.50645e+06 0
9060 3.01907e+06 0
9070 3.25503e+06 0
9080 3.31377e+06 0
9090 3.45081e+06 0
9100 2.68419e+06 0
9110 3.51057e+06 0
9120 2.55848e+06 0
9130 2.6234e+06 0
9140 3.01598e+06 0
9150 3.07986e+06 0
9160 2.55024e+06 0
9170 2.78311e+06 0
9180 3.22927e+06 0
9190 2.51212e+06 0
9200 3.27667e+06 0
9210 3.47451e+06 0
9220 3.7826e+06 0
9230 3.53942e+06 0
9240 2.59249e+06 0
9250 2.95828e+06 0
9260 4.34004e+06 0
9270 2.94591e+06 0
9280 3.92273e+06 0
9290 3.79187e+06 0
9300 2.24936e+06 0
9310 3.02422e+06 0
9320 2.74602e+06 0
9330 2.57909e+06 0
9340 3.37044e+06 0
9350 2.66255e+06 0
9360 3.13242e+06 0
9370 3.08399e+06 0
9380 3.82897e+06 0
9390 3.68471e+06 0
9400 3.28285e+06 0
9410 2.8676e+06 0
9420 2.79032e+06 0
9430 3.38589e+06 0
9440 4.19373e+06 0
9450 3.40444e+06 0
9460 3.56621e+06 0
9470 2.69037e+06 0
9480 3.17157e+06 0
9490 3.70223e+06 0
9500 3.27461e+06 0
9510 3.02525e+06 0
9520 2.62443e+06 0
9530 2.41114e+06 0
9540 2.87997e+06 0
9550 2.89336e+06 0
9560 3.50336e+06 0
9570 2.36065e+06 0
9580 4.00001e+06 0
9590 3.50106e+06 0
9600 3.06877e+06 0
9611 3.84442e+06 0
9620 2.6337e+06 0
9630 2.33489e+06 0
9640 3.84854e+06 0
9650 3.31995e+06 0
9660 2.85421e+06 0
9670 2.56054e+06 0
9680 2.8233e+06 0
9690 2.30913e+06 0
9700 2.24215e+06 0
9710 2.26997e+06 0
9720 2.47914e+06 0
9730 2.20196e+06 0
9740 2.37713e+06 0
9750 2.576e+06 0
9760 2.51212e+06 0
9770 2.55745e+06 0
9780 3.38692e+06 0
9790 3.14169e+06 0
9800 2.23803e+06 0
9810 2.6077e+06 0
9820 2.91112e+06 0
9830 2.7388e+06 0
9840 3.1726e+06 0
9850 2.44823e+06 0
9860 2.85627e+06 0
9870 3.21382e+06 0
9880 2.41629e+06 0
9890 2.34107e+06 0
9900 2.28337e+06 0
9910 2.8676e+06 0
9920 1.97528e+06 0
9930 2.9964e+06 0
9940 2.13087e+06 0
9950 2.18445e+06 0
9960 2.61206e+06 0
9970 2.58218e+06 0
9980 3.26018e+06 0
9990 2.67904e+06 0
10000 3.16412e+06 0
10010 3.79108e+06 0
10020 3.59816e+06 0
10030 2.9861e+06 0
10040 3.03762e+06 0
10050 4.01547e+06 0
10060 3.42402e+06 0
10070 3.0572e+06 0
10080 2.97373e+06 0
10090 3.68677e+06 0
10100 2.847e+06 0
10110 2.70274e+06 0
10120 3.00465e+06 0
10130 2.72541e+06 0
10140 2.81814e+06 0
10150 2.59042e+06 0
10160 2.96343e+06 0
10170 3.39311e+06 0
10180 2.42453e+06 0
10190 1.966e+06 0
10200 2.99125e+06 0
10210 3.23133e+06 0
10220 2.98301e+06 0
10230 3.3828e+06 0
10240 3.49821e+06 0
10250 1.98146e+06 0
10260 2.95416e+06 0
10270 2.85112e+06 0
10280 2.27409e+06 0
10290 3.15302e+06 0
10300 2.43896e+06 0
10310 1.95055e+06 0
10320 2.91706e+06 0
10330 2.73983e+06 0
10340 2.79754e+06 0
10350 2.24421e+06 0
10360 3.7218e+06 0
10370 3.12211e+06 0
10380 3.48069e+06 0
10390 3.186e+06 0
10400 3.19939e+06 0
10410 3.1623e+06 0
10420 2.51314e+06 0
10430 3.03041e+06 0
10440 2.49872e+06 0
10450 3.44463e+06 0
10460 2.9861e+06 0
10470 1.82587e+06 0
10480 3.26122e+06 0
10490 2.25864e+06 0
10500 2.41423e+06 0
10510 2.33901e+06 0
10520 2.70068e+06 0
10530 2.34828e+06 0
10540 2.31531e+06 0
10550 1.9454e+06 0
10560 2.56982e+06 0
10570 2.48636e+06 0
10580 2.95622e+06 0
10590 2.49151e+06 0
10600 2.71201e+06 0
10610 2.91912e+06 0
10620 2.14838e+06 0
10630 2.87276e+06 0
10640 2.76456e+06 0
10650 2.53994e+06 0
10660 2.60691e+06 0
10670 3.10047e+06 0
10680 2.57188e+06 0
10690 2.96652e+06 0
10700 2.96343e+06 0
10710 2.4369e+06 0
10720 2.78105e+06 0
10730 2.74396e+06 0
10740 2.22978e+06 0
10750 2.05977e+06 0
10760 3.11799e+06 0
10770 2.02783e+06 0
10780 2.28852e+06 0
10790 2.23597e+06 0
10800 2.96961e+06 0
10810 2.68934e+06 0
10820 3.36322e+06 0
10830 4.48533e+06 0
10840 3.43329e+06 0
10850 2.09068e+06 0
10860 2.98507e+06 0
10870 2.45956e+06 0
10880 2.78517e+06 0
10890 3.15921e+06 0
10900 3.78569e+06 0
10910 2.84802e+06 0
10920 1.97528e+06 0
10930 1.92066e+06 0
10940 2.28852e+06 0
10950 2.45441e+06 0
10960 2.02886e+06 0
10970 2.88821e+06 0
10980 2.03916e+06 0
10990 2.9758e+06 0
11000 3.42814e+06 0
11010 3.04483e+06 0
11020 2.68625e+06 0
11030 2.69862e+06 0
11040 2.50181e+06 0
11050 2.78414e+06 0
11060 2.30191e+06 0
11070 2.22257e+06 0
11080 3.28801e+06 0
11090 2.00928e+06 0
11100 1.95158e+06 0
11110 2.54097e+06 0
11120 2.35549e+06 0
11130 2.56466e+06 0
11140 3.37662e+06 0
11150 2.949e+06 0
11160 3.11156e+06 0
11170 3.44075e+06 0
11180 3.56621e+06 0
11190 3.91037e+06 0
11200 2.8676e+06 0
11210 3.04483e+06 0
11220 3.15096e+06 0
11230 3.38074e+06 0
11240 3.40444e+06 0
11250 2.68934e+06 0
11260 2.50181e+06 0
11270 3.34674e+06 0
11280 3.08296e+06 0
11290 2.13911e+06 0
11300 2.81196e+06 0
11310 2.94797e+06 0
11320 2.3761e+06 0
11330 2.46781e+06 0
11340 2.4789e+06 0
11350 2.59788e+06 0
11360 2.70995e+06 0
11370 2.64916e+06 0
11380 2.36786e+06 0
11390 2.77384e+06 0
11400 2.20815e+06 0
11410 2.27718e+06 0
11420 3.23958e+06 0
11430 2.58733e+06 0
11440 2.37301e+06 0
11450 2.24112e+06 0
11460 1.97322e+06 0
11470 1.9557e+06 0
11480 2.78414e+06 0
11490 2.61206e+06 0
11500 2.7759e+06 0
11510 2.13911e+06 0
11520 2.83463e+06 0
11530 2.24009e+06 0
11540 2.55951e+06 0
11550 2.84081e+06 0
11560 2.31737e+06 0
11570 2.11335e+06 0
11580 2.70068e+06 0
11590 2.35343e+06 0
11600 1.73725e+06 0
11610 1.95776e+06 0
11620 2.47502e+06 0
11630 2.17105e+06 0
11640 2.37507e+06 0
11650 2.92118e+06 0
11660 1.79908e+06 0
11670 3.48893e+06 0
11680 2.62031e+06 0
11690 2.28955e+06 0
11700 2.55127e+06 0
11710 2.44411e+06 0
11720 2.17414e+06 0
11730 1.97528e+06 0
11740 1.98661e+06 0
11750 2.44205e+06 0
11760 2.98713e+06 0
11770 2.66152e+06 0
11780 1.85472e+06 0
11790 2.22566e+06 0
11800 1.92891e+06 0
11810 1.99794e+06 0
11820 2.7522e+06 0
11830 2.38847e+06 0
11840 1.71046e+06 0
11850 2.37483e+06 0
11860 1.73338e+06 0
11870 2.6337e+06 0
11880 1.84545e+06 0
11890 2.31325e+06 0
11900 2.60691e+06 0
11910 1.74653e+06 0
11920 1.70531e+06 0
11930 1.96085e+06 0
11940 1.58372e+06 0
11950 2.35858e+06 0
11960 2.82639e+06 0
11970 2.15869e+06 0
11980 1.8506e+06 0
11990 1.51984e+06 0
12000 1.80423e+06 0
12010 1.5796e+06 0
12020 1.65894e+06 0
12030 1.62185e+06 0
12040 1.90212e+06 0
12050 1.49099e+06 0
12060 1.52705e+06 0
12070 1.75683e+06 0
12080 1.43638e+06 0
12090 1.64967e+06 0
12100 2.16178e+06 0
12110 1.91139e+06 0
12120 2.28646e+06 0
12130 1.71046e+06 0
12140 1.56518e+06 0
12150 1.75889e+06 0
12160 2.48017e+06 0
12170 2.56466e+06 0
12180 1.68676e+06 0
12190 1.89388e+06 0
12200 1.60845e+06 0
12210 1.9186e+06 0
12220 1.72592e+06 0
12230 1.92582e+06 0
12240 2.98482e+06 0
12250 2.17645e+06 0
12260 1.65997e+06 0
12270 2.39671e+06 0
12280 2.33798e+06 0
12290 2.25761e+06 0
12300 1.85884e+06 0
12310 1.85575e+06 0
12320 2.20402e+06 0
12330 1.54148e+06 0
12340 1.53839e+06 0
12350 1.87739e+06 0
12360 2.06389e+06 0
12370 1.63937e+06 0
12380 1.11077e+06 0
12390 1.57342e+06 0
12400 1.3457e+06 0
12410 1.62391e+06 0
12420 1.86502e+06 0
12430 1.66719e+06 0
12440 1.8166e+06 0
12450 2.0505e+06 0
12460 2.23803e+06 0
12470 2.44926e+06 0
12480 1.49408e+06 0
12490 1.64349e+06 0
12500 1.39928e+06 0
12510 1.14993e+06 0
12520 1.41989e+06 0
12530 1.4405e+06 0
12540 2.15869e+06 0
12550 1.60227e+06 0
12560 1.63009e+06 0
12570 1.89903e+06 0
12580 1.48378e+06 0
12590 978880 0
12600 1.48378e+06 0
12610 2.26688e+06 0
12620 2.12365e+06 0
12630 1.66719e+06 0
12640 1.63937e+06 0
12650 1.59506e+06 0
12660 2.40392e+06 0
12670 1.81866e+06 0
12680 1.80526e+06 0
12690 1.72283e+06 0
12700 1.27976e+06 0
12710 1.67131e+06 0
12720 1.34982e+06 0
12730 1.87842e+06 0
12740 1.76301e+06 0
12750 1.7084e+06 0
12760 1.77538e+06 0
12770 1.2746e+06 0
12780 1.51469e+06 0
12790 1.83514e+06 0
12800 1.41577e+06 0
12810 1.38692e+06 0
12820 1.60021e+06 0
12830 1.19114e+06 0
12840 1.04895e+06 0
12850 1.94642e+06 0
12860 1.49305e+06 0
12870 1.47759e+06 0
12880 1.45286e+06 0
12890 1.99073e+06 0
12900 1.60124e+06 0
12910 1.4405e+06 0
12920 1.12004e+06 0
12930 1.36734e+06 0
12940 1.47244e+06 0
12950 1.11695e+06 0
12960 1.37249e+06 0
12970 1.20042e+06 0
12980 1.10356e+06 0
12990 1.0881e+06 0
13000 988153 0
13010 873779 0
13020 1.54148e+06 0
13030 1.78362e+06 0
13040 1.24163e+06 0
13050 1.18908e+06 0
13061 1.5456e+06 0
13070 1.5219e+06 0
13080 1.66616e+06 0
13090 1.34261e+06 0
13100 1.25503e+06 0
13110 1.35188e+06 0
13120 973728 0
13130 1.90933e+06 0
13140 1.54663e+06 0
13150 1.37868e+06 0
13160 1.01906e+06 0
13170 843897 0
13180 893356 0
13190 1.04173e+06 0
13201 1.02834e+06 0
13210 903660 0
13220 1.03452e+06 0
13230 1.58578e+06 0
13240 1.30346e+06 0
13250 1.55075e+06 0
13260 1.10665e+06 0
13270 1.25090e+06 0
13280 960332 0
13290 1.27666e+06 0
13300 797529 0
13310 802681 0
13320 1.20557e+06 0
13330 852140 0
13340 1.32612e+06 0
13350 1.06131e+06 0
13360 1.14168e+06 0
13370 1.09016e+06 0
13380 979910 0
13390 639878 0
13400 673881 0
13410 479136 0
13420 614118 0
13430 734675 0
13440 1.07265e+06 0
13450 1.15199e+06 0
13460 1.14168e+06 0
13470 819168 0
13480 1.27976e+06 0
13490 905721 0
13500 791347 0
13510 674912 0
13520 741888 0
13530 1.00361e+06 0
13540 900569 0
13550 680064 0
13560 613088 0
13570 791347 0
13580 885113 0
13590 800620 0
13600 618240 0
13610 561568 0
13620 749100 0
13630 618240 0
13641 1.0644e+06 0
13650 953120 0
13660 873779 0
13670 731584 0
13680 787225 0
13690 871718 0
13700 769708 0
13710 872748 0
13720 749100 0
13730 687276 0
13740 590419 0
13750 500774 0
13760 807833 0
13770 691398 0
13780 529625 0
13790 603814 0
13800 728492 0
13810 612057 0
13820 709945 0
13830 697580 0
13840 820198 0
13850 659456 0
13860 756313 0
13870 501804 0
13880 609996 0
13890 830502 0
13900 926329 0
13910 960332 0
13920 722310 0
13930 905721 0
13940 1.06646e+06 0
13950 595571 0
13960 751161 0
13970 963424 0
13981 791347 0
13990 786195 0
14000 1.15302e+06 0
14010 517260 0
14020 632665 0
14030 513139 0
14040 506956 0
14050 518291 0
14060 616179 0
14070 672851 0
14080 822259 0
14090 695520 0
14100 815046 0
14110 718188 0
14120 1.05101e+06 0
14130 603814 0
14140 1.00567e+06 0
14150 945907 0
14160 791347 0
14170 676972 0
14180 1.21999e+06 0
14190 616179 0
14200 462649 0
14210 572902 0
14220 776921 0
14230 790316 0
14240 562598 0
14250 1.14786e+06 0
14260 712006 0
14270 931481 0
14280 570841 0
14290 793408 0
14300 744979 0
14310 554355 0
14320 666668 0
14330 860384 0
14340 561568 0
14350 650182 0
14360 621331 0
14370 478105 0
14380 559507 0
14390 523443 0
14400 673881 0
14410 712006 0
14420 631635 0
14430 425555 0
14440 351366 0
14450 408038 0
14460 681094 0
14470 655334 0
14480 684185 0
14490 770739 0
14500 818137 0
14510 663577 0
14520 611027 0
14530 473984 0
14540 381248 0
14550 665638 0
14560 380217 0
14570 623392 0
14580 1.09532e+06 0
14590 705824 0
14600 1.12108e+06 0
14610 687276 0
14620 559507 0
14630 428646 0
14640 525504 0
14650 651212 0
14660 623392 0
14670 657395 0
14680 672851 0
14690 544051 0
14700 716128 0
14710 700672 0
14720 865536 0
14730 356518 0
14740 798560 0
14750 820198 0
14760 679033 0
14770 584236 0
14780 522412 0
14790 292633 0
14800 591449 0
14810 546112 0
14820 569811 0
14830 891296 0
14840 437920 0
14850 716128 0
14860 384339 0
14870 416281 0
14880 391552 0
14890 435859 0
14900 469862 0
14910 498713 0
14920 442041 0
14930 424524 0
14940 413190 0
14950 386400 0
14960 592480 0
14970 389491 0
14980 351366 0
14990 356518 0
15000 388460 0
15010 661516 0
15020 1.017e+06 0
15030 498713 0
15040 667699 0
15050 816076 0
15060 713036 0
15070 523443 0
15080 568780 0
15090 451315 0
15100 857292 0
15110 811955 0
15120 726432 0
15130 644000 0
15140 629574 0
15150 302937 0
15160 503865 0
15170 609996 0
15180 918086 0
15190 1.11695e+06 0
15200 1.03143e+06 0
15210 578054 0
15220 608966 0
15230 584236 0
15240 644000 0
15250 713036 0
15260 800620 0
15270 410099 0
15280 739827 0
15290 852140 0
15300 940755 0
15310 676972 0
15320 485318 0
15330 1.03246e+06 0
15340 628544 0
15350 833593 0
15360 489440 0
15370 607936 0
15380 540960 0
15390 933542 0
15400 1.16538e+06 0
15410 568780 0
15420 504896 0
15430 437920 0
15440 763526 0
15450 821228 0
15460 523443 0
15470 450284 0
15480 669760 0
15490 992275 0
15500 636787 0
15510 430707 0
15520 581145 0
15530 1.20454e+06 0
15540 919116 0
15550 523443 0
15560 656364 0
15570 701702 0
15580 718188 0
15590 493561 0
15600 814016 0
15610 740857 0
15620 1.04895e+06 0
15630 1.19114e+06 0
15640 652243 0
15650 702732 0
15660 582176 0
15670 1.06646e+06 0
15680 491500 0
15690 604844 0
15700 556416 0
15710 593510 0
15720 851110 0
15730 467801 0
15740 626483 0
15752 425555 0
15760 464710 0
15770 606905 0
15780 862444 0
15790 680064 0
15800 554355 0
15810 644000 0
15820 516230 0
15830 377126 0
15840 384339 0
15850 653273 0
15860 837715 0
15870 761465 0
15880 825350 0
15890 974758 0
15900 543020 0
15910 604844 0
15920 795468 0
15930 517260 0
15940 451315 0
15950 475014 0
15960 496652 0
15970 894387 0
15980 618240 0
15990 441011 0
16000 631635 0
16010 646060 0
16020 681094 0
16030 703763 0
16040 758374 0
16050 438950 0
16060 614118 0
16070 469862 0
16080 412160 0
16090 799590 0
16100 1.19938e+06 0
16110 782073 0
16120 1.04689e+06 0
16130 1.02628e+06 0
16140 842867 0
16150 376096 0
16160 646060 0
16170 1.15714e+06 0
16180 806803 0
16190 500774 0
16200 558476 0
16210 777952 0
16220 1.04482e+06 0
16230 620300 0
16240 924268 0
16250 938694 0
16260 948998 0
16270 607936 0
16280 705824 0
16290 764556 0
16300 858323 0
16310 402886 0
16320 601753 0
16330 432768 0
16340 461619 0
16350 439980 0
16360 536838 0
16370 615148 0
16380 666668 0
16391 857292 0
16400 662547 0
16410 492531 0
16420 988153 0
16430 887174 0
16440 1.28697e+06 0
16450 701702 0
16460 980940 0
16470 546112 0
16480 663577 0
16490 520352 0
16500 740857 0
16510 489440 0
16520 473984 0
16530 905721 0
16540 1.91448e+06 0
16550 670790 0
16560 571872 0
16570 476044 0
16580 850080 0
16590 775891 0
16600 978880 0
16610 1.26636e+06 0
16620 993305 0
16630 733644 0
16640 1.01804e+06 0
16650 1.13859e+06 0
16660 947968 0
16670 862444 0
16680 752192 0
16690 625452 0
16700 1.09944e+06 0
16710 522412 0
16720 650182 0
16730 443072 0
16740 332819 0
16750 662547 0
16760 830502 0
16770 839776 0
16780 1.29109e+06 0
16790 876870 0
16800 838745 0
16810 499744 0
16820 712006 0
16830 386400 0
16840 704793 0
16850 593510 0
16860 559507 0
16870 645030 0
16880 737766 0
16890 768678 0
16900 409068 0
16910 532716 0
16920 731584 0
16930 514169 0
16940 565689 0
16950 708915 0
16960 331788 0
16970 467801 0
16980 546112 0
16990 511078 0
17000 462649 0
17010 483257 0
17020 1.06337e+06 0
17030 671820 0
17040 1.07471e+06 0
17050 1.18908e+06 0
17060 1.06749e+06 0
17070 812985 0
17080 692428 0
17090 668729 0
17100 691398 0
17110 710976 0
17120 533747 0
17130 721280 0
17140 871718 0
17150 651212 0
17160 755283 0
17170 700672 0
17180 806803 0
17190 1.17981e+06 0
17200 849049 0
17210 669760 0
17220 544051 0
17230 552294 0
17240 854201 0
17250 596601 0
17260 611027 0
17270 608966 0
17280 1.41062e+06 0
17290 1.07986e+06 0
17300 890265 0
17310 491500 0
17320 1.19011e+06 0
17330 938694 0
17340 995366 0
17350 1.35394e+06 0
17360 834624 0
17370 758374 0
17380 878931 0
17390 848019 0
17400 962393 0
17410 1.22721e+06 0
17420 734675 0
17430 465740 0
17440 630604 0
17450 646060 0
17460 662547 0
17471 795468 0
17480 1.04276e+06 0
17490 619270 0
17500 843897 0
17511 646060 0
17520 660486 0
17530 739827 0
17540 717158 0
17550 1.10356e+06 0
17560 1.67337e+06 0
17570 1.1695e+06 0
17580 762496 0
17590 659456 0
17600 398764 0
17610 573932 0
17620 551264 0
17630 630604 0
17640 828441 0
17650 703763 0
17660 964454 0
17670 831532 0
17680 819168 0
17690 431737 0
17700 519321 0
17710 844928 0
17720 403916 0
17730 376096 0
17740 438950 0
17750 703763 0
17760 607936 0
17770 484288 0
17780 814016 0
17790 731584 0
17800 782073 0
17810 1.29006e+06 0
17820 1.09222e+06 0
17830 1.01906e+06 0
17840 823289 0
17850 967545 0
17860 840806 0
17870 506956 0
17880 602784 0
17890 575993 0
17900 486348 0
17910 777952 0
17920 530656 0
17930 754252 0
17940 741888 0
17950 659456 0
17960 455436 0
17970 501804 0
17980 551264 0
17990 746009 0
18000 486348 0
18010 728492 0
18020 728492 0
18030 701702 0
18040 613088 0
18050 749100 0
18060 453376 0
18070 490470 0
18080 979910 0
18090 696550 0
18100 780012 0
18110 619270 0
18120 784134 0
18130 845958 0
18140 640908 0
18150 540960 0
18160 422464 0
18170 481196 0
18180 712006 0
18190 465740 0
18200 445132 0
18210 514169 0
18220 414220 0
18230 564659 0
18240 532716 0
18250 567750 0
18260 594540 0
18270 1.13241e+06 0
18280 787225 0
18290 861414 0
18300 888204 0
18310 880992 0
18320 550233 0
18330 553324 0
18340 622361 0
18350 966515 0
18360 525504 0
18370 757344 0
18380 1.03143e+06 0
18390 525504 0
18400 896448 0
18410 534777 0
18421 812985 0
18430 526534 0
18440 464710 0
18450 496652 0
18461 669516 0
18470 479379 0
18480 404947 0
18490 626483 0
18500 592480 0
18510 1.20042e+06 0
18520 805772 0
18530 471923 0
18540 670790 0
18550 662547 0
18560 452345 0
18570 905721 0
18580 939724 0
18590 685216 0
18600 498713 0
18610 780012 0
18620 452345 0
18630 585267 0
18640 930451 0
18650 1.00773e+06 0
18660 884083 0
18670 871718 0
18680 518291 0
18690 852140 0
18700 759404 0
18710 1.1355e+06 0
18720 1.01082e+06 0
18730 545081 0
18740 756313 0
18750 679033 0
18760 870688 0
18770 640908 0
18780 804742 0
18790 633696 0
18800 634726 0
18810 329728 0
18820 496652 0
18830 466771 0
18840 721280 0
18850 417312 0
18860 642969 0
18870 793408 0
18880 577024 0
18890 663577 0
18900 449254 0
18910 845958 0
18920 782073 0
18930 743948 0
18940 604844 0
18950 592480 0
18960 515200 0
18970 503865 0
18980 872748 0
18990 1.02937e+06 0
19000 673881 0
19010 609996 0
19020 758374 0
19030 662547 0
19040 616179 0
19050 584236 0
19061 867596 0
19070 641939 0
19080 748070 0
19090 391552 0
19100 357548 0
19110 589388 0
19120 724371 0
19130 727462 0
19140 807833 0
19150 533747 0
19160 552294 0
19170 505926 0
19180 393612 0
19190 651212 0
19200 707884 0
19210 561568 0
19220 794438 0
19230 1.22618e+06 0
19240 1.06749e+06 0
19250 763526 0
19260 802681 0
19270 599692 0
19280 831532 0
19290 766617 0
19300 688307 0
19310 591449 0
19320 810924 0
19330 730553 0
19340 734675 0
19350 684185 0
19360 764556 0
19371 1.11077e+06 0
19380 817107 0
19390 709945 0
19400 896448 0
19410 911904 0
19420 1.26224e+06 0
19430 1.00979e+06 0
19440 631635 0
19450 672851 0
19460 556416 0
19470 925299 0
19480 678003 0
19490 986092 0
19500 850080 0
19510 902630 0
19520 1.15302e+06 0
19530 988153 0
19540 923238 0
19550 705824 0
19560 535808 0
19570 543020 0
19580 486348 0
19590 429676 0
19600 537868 0
19610 622361 0
19620 625452 0
19630 1.10459e+06 0
19640 1.00258e+06 0
19650 852140 0
19660 385369 0
19670 371974 0
19680 750131 0
19690 650182 0
19700 524473 0
19710 483257 0
19720 546112 0
19730 526534 0
19740 619270 0
19750 1.15611e+06 0
19760 1.01804e+06 0
19770 733644 0
19780 791347 0
19790 1.0304e+06 0
19800 894387 0
19810 729523 0
19820 679033 0
19830 637817 0
19840 645030 0
19850 442041 0
19860 630604 0
19870 429676 0
19880 413190 0
19890 352396 0
19900 754252 0
19910 778982 0
19920 784134 0
19930 712006 0
19940 785164 0
19950 395673 0
19960 716128 0
19970 784134 0
19980 1.0201e+06 0
19990 721280 0
20000 555385 0
20010 435859 0
20020 731584 0
20030 638848 0
20040 694489 0
20050 599692 0
20060 804742 0
20070 538899 0
20080 548172 0
20090 456467 0
20100 400825 0
20110 541990 0
20120 342092 0
20130 426585 0
20140 606905 0
20150 321484 0
20160 565689 0
20170 512108 0
20180 382278 0
20190 467801 0
20200 616179 0
20210 361670 0
20220 324576 0
20230 258630 0
20240 466771 0
20250 443072 0
20260 782073 0
20270 786195 0
20280 522412 0
20290 726432 0
20300 407008 0
20310 596601 0
20320 557446 0
20330 676972 0
20340 609996 0
20350 597632 0
20360 590419 0
20370 567750 0
20380 470892 0
20390 500774 0
20400 449254 0
20410 727462 0
20420 837715 0
20430 796499 0
20440 1.0201e+06 0
20450 763526 0
20461 971667 0
20470 703763 0
20480 1.01185e+06 0
20490 808864 0
20500 738796 0
20510 831532 0
20520 769708 0
20530 769708 0
20540 1.00979e+06 0
20550 986092 0
20560 729523 0
20570 593510 0
20580 580115 0
20590 671820 0
20600 616179 0
20610 478105 0
20620 615148 0
20630 1.00876e+06 0
20640 984032 0
20650 740857 0
20660 810924 0
20670 1.15817e+06 0
20680 693459 0
20690 621331 0
20700 552294 0
20710 1.02113e+06 0
20720 837715 0
20730 814016 0
20740 706854 0
20750 661516 0
20760 777952 0
20770 592480 0
20780 511078 0
20790 636787 0
20800 853171 0
20810 684185 0
20820 724371 0
20830 875840 0
20840 1.18599e+06 0
20850 720249 0
20860 680064 0
20870 488409 0
20880 467801 0
20890 531686 0
20900 423494 0
20910 574963 0
20920 479136 0
20930 451315 0
20940 378156 0
20950 649152 0
20960 919116 0
20970 433798 0
20980 501804 0
20990 494592 0
21000 570841 0
21010 535808 0
21020 518291 0
21030 383308 0
21040 367852 0
21050 383308 0
21060 742918 0
21070 559507 0
21080 893356 0
21090 716128 0
21100 522412 0
21110 632665 0
21120 901600 0
21130 530656 0
21140 436889 0
21150 770739 0
21160 648908 0
21170 526777 0
21180 489440 0
21190 920147 0
21200 757344 0
21210 652243 0
21220 624422 0
21230 724371 0
21240 1.07368e+06 0
21250 910873 0
21260 602784 0
21270 648121 0
21280 565689 0
21290 568780 0
21300 410099 0
21310 962393 0
21320 782073 0
21330 668729 0
21340 561568 0
21350 612057 0
21360 850080 0
21370 965484 0
21380 536838 0
21390 815046 0
21400 857292 0
21410 640908 0
21420 487379 0
21430 424524 0
21440 612057 0
21450 990214 0
21460 760435 0
21470 588358 0
21480 501804 0
21490 390521 0
21500 622361 0
21510 654304 0
21520 793408 0
21530 867596 0
21540 722310 0
21550 704793 0
21560 699641 0
21570 420403 0
21580 481196 0
21590 556416 0
