# TimeStamp(s) Latency-avg(ms) Stdev
0 23.555 6.345
10 23.906 6.689
20 24.314 9.498
30 23.56 6.912
40 23.498 6.992
50 24.68 7.568
60 24.365 7.469
70 23.563 7.228
80 23.154 6.526
90 24.281 7.207
100 23.726 7.108
110 23.652 7.109
120 23.283 6.6
130 23.854 7.301
140 23.091 6.295
150 25.021 7.687
160 23.918 7.599
170 23.963 7.054
180 24.262 7.203
190 24.71 7.786
200 24.214 7.639
210 24.215 7.615
220 23.276 6.967
230 23.344 7.273
240 24.434 7.073
250 24.575 7.342
260 24.906 11.937
270 23.706 6.493
280 23.772 6.713
290 24.359 7.485
300 23.967 7.274
310 24.019 7.308
320 23.643 7.209
330 23.98 7.355
340 24.38 6.656
350 24.215 7.09
360 24.081 6.724
370 24.2 7.022
380 23.871 6.889
390 24.485 8.019
400 23.786 6.937
410 23.694 7.014
420 23.963 7.47
430 24.35 7.285
440 24.033 6.556
450 24.256 7.028
460 24.053 7.703
470 23.571 7.176
480 23.813 7.114
490 23.858 7.14
500 24.038 7.112
510 24.412 7.368
520 24.245 7.642
530 24.817 6.837
540 24.917 7.925
550 24.112 7.056
560 24.125 7.107
570 24.164 7.289
580 23.728 6.988
590 24.329 7.559
600 23.862 7.23
610 24.774 7.678
620 23.449 6.68
630 24.106 7.544
640 24.258 7.039
650 24.052 7.218
660 23.966 7.114
670 23.948 7.104
680 23.934 7.346
690 23.874 7.182
700 24.046 6.871
710 23.545 6.876
720 23.982 7.143
730 24.89 7.263
740 24.285 6.83
750 23.74 7.035
760 24.402 7.823
770 24.106 7.402
780 24.312 7.419
790 23.749 7.077
800 23.61 6.914
810 24.132 7.708
820 25.768 8.545
830 24.351 7.113
840 24.356 7.235
850 23.133 6.71
860 24.339 7.398
870 24.49 7.828
880 23.589 6.843
890 24.12 6.699
900 23.46 6.652
910 24.187 7.796
920 24.7 6.884
930 24.553 7.805
940 24.465 7.01
950 23.985 7.258
960 23.527 6.767
970 23.887 7.087
980 23.655 6.607
990 23.154 6.767
1000 23.3 6.415
1010 24.459 7.597
1020 24.021 7.032
1030 24.194 6.882
1040 24.14 7.089
1050 23.805 6.663
1060 24.176 7.191
1070 23.762 6.634
1080 23.464 6.712
1090 23.95 7.18
1100 23.584 6.75
1110 24.697 7.645
1120 24.128 6.753
1130 24.528 7.618
1140 24.146 7.388
1150 24.149 7.268
1160 23.412 6.677
1170 23.039 6.324
1180 23.185 6.65
1190 23.218 7.026
1200 23.8 7.768
1210 24.581 7.775
1220 23.906 7.102
1230 23.292 6.64
1240 23.258 6.762
1250 23.433 6.359
1260 23.321 7.536
1270 23.193 7.272
1280 23.73 9.545
1290 23.237 7.251
1300 24.442 8.311
1310 24.047 6.722
1320 24.527 7.615
1330 23.702 6.78
1340 23.623 7.243
1350 23.591 6.93
1360 23.01 6.704
1370 23.45 7.444
1380 22.96 7.115
1390 22.742 6.803
1400 23.856 7.234
1410 23.82 7.436
1420 24.071 7.776
1430 24.151 7.53
1440 24.033 7.745
1450 23.358 7.249
1460 23.384 7.403
1470 23.295 7.461
1480 23.163 7.531
1490 22.861 6.298
1500 23.162 6.552
1510 23.566 6.861
1520 24.048 7.489
1530 23.11 7.021
1540 23.228 6.948
1550 23.704 7.727
1560 22.935 7.001
1570 22.741 6.821
1580 22.943 7.015
1590 23.265 6.803
1600 23.78 6.978
1610 23.533 7.203
1620 23.145 7.376
1630 23.346 7.192
1640 22.92 6.616
1650 23.063 7.247
1660 22.933 7.391
1670 22.84 7.114
1680 22.564 6.735
1690 23.965 7.17
1700 23.473 6.582
1710 22.833 6.47
1720 23.634 7.198
1730 23.562 7.129
1740 23.039 7.057
1750 22.778 7.536
1760 22.44 6.573
1770 22.715 7.026
1780 22.709 6.194
1790 23.507 7.355
1800 23.406 6.971
1810 23.518 6.989
1820 23.139 7.016
1830 22.675 6.456
1840 23.004 6.679
1850 22.687 6.575
1860 23.213 7.136
1870 21.846 6.647
1880 22.844 7.008
1890 22.885 7.037
1900 22.613 6.68
1910 22.709 6.69
1920 22.216 6.203
1930 22.722 6.421
1940 22.626 6.645
1950 22.68 7.336
1960 22.328 6.989
1970 22.261 6.339
1980 23.017 6.553
1990 22.558 6.189
2000 22.774 7.329
2010 22.563 6.498
2020 23.055 6.813
2030 23.379 7.344
2040 22.716 7.166
2050 22.758 7.474
2060 22.278 6.805
2070 22.375 7.184
2080 23.116 7.687
2090 22.929 7.491
2100 23.137 7.566
2110 22.817 7.32
2120 22.34 6.842
2130 23.286 7.688
2140 22.841 7.505
2150 22.115 6.902
2160 21.795 6.738
2170 22.964 7.554
2180 22.893 7.451
2190 23.317 7.601
2200 22.39 6.725
2210 22.622 7.567
2220 22.08 6.884
2230 22.275 6.703
2240 22.337 7.191
2250 22.65 7.747
2260 22.263 7.197
2270 22.925 7.025
2280 22.773 7.174
2290 23.003 7.214
2300 22.929 7.165
2310 23.04 7.53
2320 22.557 7.563
2330 22.714 7.279
2340 22.208 7.16
2350 22.578 7.427
2360 22.43 7.096
2370 22.411 6.979
2380 22.663 6.955
2390 22.492 6.351
2400 22.052 7.227
2410 22.235 7.374
2420 22.478 6.987
2430 22.109 6.817
2440 22.314 7.46
2450 21.831 6.989
2460 22.524 7.195
2470 22.692 7.139
2480 22.928 7.546
2490 22.452 7.364
2500 22.692 7.484
2510 22.022 6.571
2520 21.976 6.789
2530 22.008 7.162
2540 22.139 7.155
2550 21.543 6.607
2560 22.952 7.153
2570 22.595 7.079
2580 22.178 6.526
2590 22.003 6.897
2600 22.361 7.286
2610 21.684 6.245
2620 22.039 6.745
2630 22.105 7.245
2640 21.726 7.143
2650 21.724 6.805
2660 22.388 6.848
2670 22.274 7.122
2680 22.503 7.619
2690 22.182 7.228
2700 21.848 6.449
2710 22.032 6.864
2720 21.606 6.485
2730 22.209 7.52
2740 22.693 7.992
2750 21.655 6.831
2760 22.337 6.956
2770 22.656 7.449
2780 22.02 7.176
2790 21.591 6.453
2800 21.878 6.725
2810 22.08 7.253
2820 21.435 6.56
2830 21.299 6.818
2840 21.67 7.007
2850 22.277 6.626
2860 22.229 6.713
2870 22.529 7.254
2880 22.323 7.472
2890 21.716 6.467
2900 22.08 6.907
2910 22.131 7.086
2920 21.979 7.291
2930 22.064 8.019
2940 21.491 6.374
2950 22.264 6.518
2960 22.21 6.875
2970 22.68 7.279
2980 21.872 6.738
2990 22.336 7.008
3000 22.162 7.007
3010 21.727 7.196
3020 22.09 7.115
3030 22.317 7.54
3040 22.206 7.154
3050 22.173 6.381
3060 22.302 6.828
3070 22.455 7.025
3080 21.945 7.084
3090 21.899 6.769
3100 22.129 7.278
3110 21.762 6.828
3120 22.401 7.39
3130 21.957 7.657
3140 22.768 7.416
3150 22.315 7.198
3160 22.724 7.58
3170 22.166 7.021
3180 22.337 7.09
3190 22.172 6.927
3200 21.752 6.975
3210 22.439 7.03
3220 21.661 6.742
3230 21.73 7.019
3240 22.485 6.986
3250 21.633 6.589
3260 21.994 6.411
3270 22.364 7.54
3280 22.425 6.821
3290 22.111 7.119
3300 21.867 6.639
3310 21.491 6.57
3320 22.114 7.09
3330 22.501 7.039
3340 22.421 6.854
3350 22.098 6.238
3360 22.202 6.659
3370 22.312 7.233
3380 22.386 7.731
3390 21.88 7.36
3400 22.131 7.419
3410 21.846 7.282
3420 21.517 6.969
3430 21.93 6.959
3440 21.537 6.231
3450 22.151 6.163
3460 22.086 6.648
3470 22.687 7.585
3480 21.73 6.536
3490 22.258 7.069
3500 21.708 6.416
3510 21.906 7.12
3520 21.955 7.047
3530 22.456 7.402
3540 22.103 6.838
3550 22.203 7.286
3560 21.983 7.478
3570 22.171 6.857
3580 21.528 6.521
3590 21.695 6.614
3600 21.246 6.765
3610 21.713 7.052
3620 21.671 6.982
3630 22.183 6.702
3640 22.059 6.407
3650 21.604 6.648
3660 21.704 6.855
3670 21.476 6.52
3680 21.728 6.993
3690 21.477 6.537
3700 21.462 7.156
3710 21.334 6.69
3720 22.041 7.69
3730 22.185 6.735
3740 22.046 7.584
3750 22.357 7.218
3760 21.987 6.993
3770 21.869 7.381
3780 21.858 7.197
3790 21.946 7.313
3800 21.176 6.489
3810 21.037 6.961
3820 21.923 6.665
3830 21.813 7.01
3840 21.809 6.609
3850 21.85 6.903
3860 21.095 6.075
3870 21.602 6.67
3880 21.392 6.883
3890 21.115 6.647
3900 20.591 6.226
3910 20.927 6.354
3920 21.869 7.433
3930 21.381 6.869
3940 21.069 6.296
3950 22 7.101
3960 21.973 6.876
3970 21.469 6.257
3980 21.297 6.455
3990 21.663 7.356
4000 21.602 7.362
4010 22.038 7.339
4020 21.997 6.797
4030 21.857 7.384
4040 21.65 6.772
4050 21.779 7.103
4060 21.587 7.107
4070 21.27 6.482
4080 21.489 7.076
4090 20.964 6.623
4100 21.41 7.377
4110 22.22 7.092
4120 21.507 6.686
4130 21.673 6.799
4140 21.919 7.701
4150 21.169 6.543
4160 20.876 6.384
4170 21.101 6.529
4180 21.544 7.556
4190 21.038 6.599
4200 21.082 6.936
4210 21.863 7.173
4220 21.406 6.553
4230 21.976 7.063
4240 20.992 6.575
4250 21.01 6.474
4260 21.52 6.976
4270 20.946 7.141
4280 21.348 7.3
4290 21.011 7.376
4300 21.242 7.179
4310 21.784 6.915
4320 21.416 7.734
4330 21.936 7.655
4340 20.816 6.609
4350 20.794 6.389
4360 21.296 6.87
4370 20.863 6.527
4380 20.709 6.748
4390 20.689 6.263
4400 21.362 5.99
4410 21.58 6.787
4420 21.655 6.873
4430 21.825 7.148
4440 21.194 7.331
4450 21.207 6.986
4460 21.227 6.673
4470 21.154 7.305
4480 20.956 7.241
4490 21.257 6.869
4500 21.649 6.876
4510 21.149 7.033
4520 21.478 7.146
4530 21.485 7.077
4540 21.674 7.458
4550 21.295 6.912
4560 20.919 6.926
4570 20.25 6.517
4580 20.893 7.07
4590 21.097 7.015
4600 21.297 6.763
4610 21.66 6.991
4620 21.143 6.736
4630 21.121 7.248
4640 21.427 7.006
4650 20.849 6.94
4660 21.031 7.324
4670 21.172 7.438
4680 20.111 6.382
4690 21.729 7.133
4700 21.418 6.622
4710 21.491 6.975
4720 20.622 6.922
4730 21.15 8.88
4740 21.015 6.697
4750 20.829 6.477
4760 20.815 7.053
4770 20.066 6.372
4780 19.931 6.382
4790 21.129 6.427
4800 21.125 6.605
4810 21.593 7.669
4820 21.282 6.591
4830 21.801 7.8
4840 21.851 7.517
4850 21.306 6.881
4860 21.053 7.123
4870 20.672 6.915
4880 20.935 6.523
4890 21.364 6.887
4900 21.64 6.81
4910 21.174 6.863
4920 20.762 6.896
4930 21.286 7.321
4940 21.349 7.075
4950 22.058 7.723
4960 20.824 6.742
4970 20.526 6.362
4980 21.433 6.832
4990 21.601 6.974
5000 21.612 6.863
5010 21.445 7.27
5020 21.083 6.929
5030 21.463 7.024
5040 21.477 7.592
5050 21.003 7.176
5060 20.909 7.527
5070 20.995 7.14
5080 21.547 7.173
5090 21.001 7.018
5100 22.113 8.011
5110 21.822 7.829
5120 21.008 7.077
5130 21.588 8.202
5140 21.363 7.382
5150 20.843 7.267
5160 21.392 7.453
5170 21.538 7.055
5180 21.933 7.661
5190 21.627 7.45
5200 21.481 7.161
5210 21.492 7.49
5220 20.852 7.021
5230 21.15 7.464
5240 20.574 7.08
5250 20.726 6.909
5260 21.134 7.373
5270 21.017 7.034
5280 21.571 7.202
5290 20.923 7.676
5300 20.899 7.189
5310 21.728 12.451
5320 20.562 6.81
5330 20.77 7.315
5340 20.255 6.611
5350 20.64 7.163
5360 20.874 6.914
5370 20.689 6.526
5380 21.426 7.552
5390 21.128 7.302
5400 20.997 7.128
5410 21.313 7.672
5420 20.648 7.195
5430 20.525 6.684
5440 20.113 6.553
5450 20.44 6.652
5460 20.936 7.565
5470 21.091 7.518
5480 20.954 7.375
5490 20.78 7.372
5500 20.83 6.861
5510 20.525 6.837
5520 21.065 7.369
5530 20.769 7.373
5540 20.477 7.233
5550 20.272 7.6
5560 21.369 7.34
5570 20.107 5.914
5580 20.996 7.267
5590 20.641 7.114
5600 20.244 6.79
5610 20.32 6.854
5620 20.439 7.369
5630 20.489 7.448
5640 20.64 7.631
5650 20.101 7.051
5660 20.905 6.928
5670 20.848 7.479
5680 20.923 7.628
5690 20.528 7.22
5700 19.91 6.68
5710 19.935 6.722
5720 19.986 6.295
5730 20.337 7.322
5740 19.912 6.602
5750 20.554 7.171
5760 20.717 6.723
5770 20.731 7.453
5780 20.519 7.523
5790 20.355 7.139
5800 19.995 6.429
5810 20.533 7.523
5820 20.276 7.552
5830 19.707 7.077
5840 20.061 7.194
5850 20.416 7.08
5860 20.72 7.285
5870 19.481 6.065
5880 20.183 7.113
5890 20.296 7.076
5900 20.339 6.945
5910 19.53 6.71
5920 20.189 7.238
5930 20.183 7.664
5940 20.592 7.332
5950 20.411 6.753
5960 20.436 7.301
5970 21.089 7.962
5980 20.543 7.096
5990 20.307 7.181
6000 20.372 7.125
6010 19.906 7.163
6020 19.478 6.865
6030 19.039 6.571
6040 20.52 7.075
6050 20.135 7.073
6060 20.338 6.73
6070 19.798 6.778
6080 20.14 7.069
6090 20.063 7.23
6100 19.715 6.868
6110 19.972 7.007
6120 19.739 7.066
6130 19.998 7.354
6140 20.724 7.323
6150 20.22 7.343
6160 19.514 6.573
6170 19.908 6.982
6180 20.36 7.555
6190 19.655 6.929
6200 20.081 7.02
6210 18.888 6.283
6220 19.588 6.67
6230 20.515 7.437
6240 20.499 7.433
6250 20.291 7.698
6260 20.246 7.811
6270 20.491 6.969
6280 20.332 7.143
6290 20.143 7.758
6300 19.836 6.966
6310 19.153 6.467
6320 19.21 6.994
6330 19.917 6.632
6340 20.439 8.011
6350 19.695 6.996
6360 19.873 6.862
6370 19.502 6.806
6380 19.387 7.044
6390 19.893 7.498
6400 19.551 7.09
6410 19.813 7.017
6420 19.243 7.101
6430 19.643 6.316
6440 19.461 6.144
6450 19.878 6.915
6460 19.617 6.402
6470 19.854 7.238
6480 20.009 7.229
6490 19.224 6.937
6500 19.69 7.416
6510 19.782 7.294
6520 19.526 6.659
6530 20.342 7.106
6540 20.465 7.681
6550 19.898 7.111
6560 19.638 7.698
6570 19.343 6.954
6580 19.543 7.205
6590 19.109 6.796
6600 19.252 7.792
6610 19.22 6.689
6620 19.248 6.401
6630 19.839 6.852
6640 19.794 7.074
6650 19.781 7.176
6660 19.206 7.076
6670 18.997 6.557
6680 19.505 7.301
6690 19.453 7.088
6700 19.057 7.222
6710 18.67 6.165
6720 19.362 7.126
6730 19.349 7.052
6740 19.316 6.73
6750 19.75 7.104
6760 19.083 6.681
6770 18.914 6.421
6780 19.548 7.371
6790 19.554 7.492
6800 19.171 7.032
6810 18.565 6.639
6820 19.505 7.174
6830 19.493 7.957
6840 19.098 6.737
6850 19.187 6.851
6860 18.937 6.714
6870 19.133 6.819
6880 18.628 8.11
6890 18.698 7.147
6900 18.655 6.974
6910 19.508 7.52
6920 19.148 6.908
6930 19.566 7.55
6940 19.335 7.266
6950 18.825 6.956
6960 19.531 7.292
6970 19.458 7.333
6980 18.514 6.721
6990 18.949 7.627
7000 19.007 7.243
7010 19.181 6.615
7020 19.065 6.659
7030 19.269 6.462
7040 18.764 6.99
7050 18.645 6.292
7060 19.334 7.582
7070 19.058 7.386
7080 19.041 7.552
7090 18.815 7.537
7100 19.181 7.534
7110 20.273 7.405
7120 19.928 7.771
7130 19.195 7.522
7140 19.275 7.293
7150 19.502 7.553
7160 19.607 7.857
7170 18.477 6.996
7180 18.93 7.467
7190 18.936 7.608
7200 19.303 7.084
7210 19.568 7.705
7220 19.006 7.062
7230 19.244 7.597
7240 18.989 7.306
7250 18.584 7.038
7260 18.854 7.555
7270 19.387 7.652
7280 18.721 7.616
7290 19.073 7.298
7300 19.455 7.455
7310 18.87 7.15
7320 19.628 7.456
7330 18.701 6.831
7340 18.3 6.501
7350 18.529 6.685
7360 18.237 6.837
7370 17.907 6.792
7380 18.428 7.044
7390 19.093 6.708
7400 18.912 7.004
7410 19.024 7.216
7420 18.765 6.962
7430 18.403 6.759
7440 19.039 7.111
7450 18.83 7.575
7460 18.697 7.69
7470 18.473 7.484
7480 18.442 6.623
7490 19.747 7.572
7500 19.584 7.327
7510 18.471 7.314
7520 18.96 7.671
7530 18.789 7.14
7540 18.383 6.911
7550 18.345 6.86
7560 18.302 7.319
7570 17.963 6.544
7580 18.436 6.638
7590 18.93 7.519
7600 18.886 7.242
7610 19.306 7.445
7620 18.492 7.058
7630 17.99 6.693
7640 18.579 6.723
7650 18.712 7.34
7660 18.086 7.002
7670 17.987 6.784
7680 18.685 7.335
7690 19.374 7.523
7700 18.399 7.567
7710 18.465 7.089
7720 18.157 6.246
7730 18.115 6.163
7740 18.011 6.83
7750 18.883 7.186
7760 18.462 7.673
7770 18.32 7.126
7780 18.781 6.791
7790 18.627 7.159
7800 19.209 8.243
7810 18.717 7.448
7820 18.237 7.3
7830 17.975 7.034
7840 18.089 7.03
7850 18.175 6.988
7860 18.778 7.768
7870 18.05 7.128
7880 18.421 6.586
7890 18.452 6.614
7900 18.78 7.441
7910 18.704 7.975
7920 18.229 6.964
7930 17.804 6.883
7940 17.918 7.345
7950 18.065 7.42
7960 17.824 7.597
7970 18.715 7.41
7980 18.754 7.384
7990 18.062 7.001
8000 18.02 7.419
8010 18.264 7.276
8020 17.862 6.73
8030 18.05 6.891
8040 17.538 6.278
8050 17.872 6.91
8060 17.461 6.765
8070 18.281 6.652
8080 18.616 7.018
8090 18.089 7.036
8100 18.591 7.972
8110 18.58 7.997
8120 18.142 7.001
8130 17.55 6.742
8140 18.11 7.53
8150 17.569 7.563
8160 18.123 7.303
8170 18.489 7.277
8180 17.89 7.116
8190 18.63 7.038
8200 17.294 6.6
8210 17.64 7.006
8220 17.948 7.158
8230 17.485 7.18
8240 16.933 6.582
8250 16.895 6.903
8260 18.393 7.385
8270 18.427 7.755
8280 17.65 6.977
8290 18.103 7.881
8300 17.722 7.205
8310 17.358 6.513
8320 17.022 6.377
8330 16.914 6.263
8340 16.662 5.649
8350 16.974 7.185
8360 18.059 7.648
8370 17.565 6.701
8380 17.436 6.549
8390 17.742 7.326
8400 17.627 7.203
8410 17.516 7.678
8420 17.708 7.656
8430 17.728 7.809
8440 17.676 7.607
8450 18.148 7.555
8460 18.172 7.326
8470 17.163 7.123
8480 16.654 6.269
8490 16.782 6.681
8500 17.06 7.081
8510 17.799 9.094
8520 17.79 8.167
8530 17.165 6.936
8540 16.947 7.537
8550 18.005 7.341
8560 18.37 8.033
8570 17.778 7.549
8580 17.5 7.371
8590 17.651 7.5
8600 17.383 7.024
8610 17.255 7.473
8620 17.432 7.416
8630 16.949 6.97
8640 17.159 6.928
8650 18.088 7.235
8660 16.986 7.113
8670 17.609 7.204
8680 17.289 7.308
8690 16.968 6.695
8700 17.131 7.388
8710 17.44 7.195
8720 17.896 7.876
8730 17.294 7.674
8740 17.669 7.629
8750 17.75 7.453
8760 17.089 7.03
8770 17.122 6.941
8780 17.399 7.204
8790 16.747 7.1
8800 16.836 7.058
8810 17.163 7.064
8820 17.088 7.09
8830 16.578 6.739
8840 17.283 7.169
8850 17.943 7.895
8860 17.473 7.134
8870 17.436 7.295
8880 17.11 6.977
8890 17.228 7.297
8900 17.227 7.828
8910 16.686 6.806
8920 16.764 6.816
8930 16.613 7.368
8940 17.226 7.392
8950 17.117 7.074
8960 16.887 6.715
8970 16.871 7.007
8980 16.895 6.741
8990 16.539 6.448
9000 16.891 6.983
9010 17.093 7.671
9020 16.692 7.161
9030 16.831 7.332
9040 17.704 7.585
9050 16.842 6.663
9060 17.575 7.897
9070 17.471 7.495
9080 17.05 7.308
9090 17.003 7.387
9100 16.724 7.05
9110 16.81 7.002
9120 16.415 6.426
9130 16.774 6.63
9140 17.036 7.139
9150 17.034 6.951
9160 16.937 7.028
9170 16.501 6.965
9180 16.573 6.974
9190 16.803 7.061
9200 17.15 7.649
9210 16.251 6.831
9220 17.004 7.861
9230 16.55 6.749
9240 17.096 6.989
9250 16.907 8.146
9260 16.884 7.098
9270 16.485 6.637
9280 16.208 6.667
9290 16.538 6.977
9300 16.455 6.783
9310 16.725 8.711
9320 16.903 7.042
9330 16.827 6.296
9340 17.301 7.272
9350 17.193 7.109
9360 16.565 6.649
9370 17.511 8.501
9380 16.557 7.406
9390 16.773 7.359
9400 17.412 10.181
9410 16.417 7.405
9420 17.286 7.497
9430 17.035 7.687
9440 16.682 7.088
9450 17.067 7.095
9460 16.114 6.684
9470 17.013 7.433
9480 16.748 7.43
9490 16.544 6.828
9500 15.929 6.891
9510 16.119 6.984
9520 16.677 6.98
9530 16.068 6.361
9540 16.781 6.998
9550 16.315 7.06
9560 16.036 6.515
9570 15.84 6.425
9580 16.225 6.926
9590 16.124 7.43
9600 16.365 7.384
9610 16.576 7.455
9620 16.543 7.265
9630 16.583 7.054
9640 16.546 7.476
9650 16.131 6.704
9660 16.647 6.94
9670 16.242 6.915
9680 16.725 7.532
9690 16.38 7.368
9700 16.623 7.565
9710 16.694 7.043
9720 16.939 7.261
9730 16.605 7.532
9740 16.498 7.483
9750 15.939 6.296
9760 16.346 6.966
9770 16.079 6.412
9780 16.183 7.526
9790 15.9 7.486
9800 16.159 7.557
9810 16.733 7.475
9820 16.864 6.999
9830 16.308 7.091
9840 16.633 7.324
9850 15.602 6.41
9860 15.334 6.24
9870 16.098 7.026
9880 15.709 6.697
9890 15.158 6.789
9900 16.389 7.401
9910 15.928 6.371
9920 15.973 6.418
9930 16.528 6.786
9940 16.081 6.785
9950 16.565 7.011
9960 16.056 6.769
9970 16.48 7.438
9980 16.707 7.419
9990 15.834 7.042
10000 16.059 6.966
10010 16.244 6.836
10020 16.073 6.342
10030 16.516 7.079
10040 16.116 6.709
10050 15.825 6.951
10060 16.151 7.543
10070 15.616 6.766
10080 15.733 6.831
10090 16.46 7.726
10100 16.41 7.022
10110 16.82 7.744
10120 16.025 7.008
10130 16.303 7.514
10140 16.128 6.672
10150 16.025 7.113
10160 15.899 6.814
10170 16.026 7.393
10180 15.96 6.886
10190 17.211 8.029
10200 16.784 7.577
10210 16.99 7.742
10220 16.336 7.276
10230 16.633 7.244
10240 16.698 7.352
10250 16.21 7.514
10260 16.696 7.852
10270 16.372 7.916
10280 15.356 7.114
10290 16.633 7.037
10300 16.345 7.079
10310 16.669 7.546
10320 16.022 7.141
10330 15.818 7.387
10340 16.163 7.492
10350 15.422 6.585
10360 15.744 7.027
10370 16.211 7.264
10380 16.043 7.307
10390 16.564 7.271
10400 16.739 7.403
10410 16.204 6.511
10420 15.951 6.918
10430 15.951 7.025
10440 15.92 6.934
10450 16.321 7.678
10460 15.19 6.724
10470 15.609 7.478
10480 16.235 7.684
10490 16.991 7.958
10500 16.274 7.086
10510 15.883 6.919
10520 15.511 7.209
10530 16.107 7.431
10540 15.884 7.414
10550 15.818 6.892
10560 15.793 6.677
10570 15.867 7.354
10580 16.159 7.14
10590 16.296 6.769
10600 16.509 6.771
10610 15.376 6.402
10620 15.629 6.306
10630 15.571 6.434
10640 15.942 6.647
10650 15.4 6.963
10660 15.634 7.152
10670 15.5 7.169
10680 16.651 7.001
10690 16.518 7.279
10700 16.486 7.431
10710 15.906 7.152
10720 16.213 7.102
10730 16.071 6.979
10740 16.429 7.422
10750 16.05 7.008
10760 16.052 7.123
10770 16.708 7.403
10780 16.883 6.852
10790 16.459 6.712
10800 16.747 7.219
10810 16.41 7.245
10820 17.201 7.678
10830 17.17 7.516
10840 16.234 7.041
10850 15.576 6.729
10860 15.862 6.712
10870 16.348 6.841
10880 16.291 6.447
10890 16.542 7.171
10900 16.205 7.266
10910 16.723 7.432
10920 16.688 7.245
10930 16.128 6.672
10940 16.246 6.924
10950 15.997 6.921
10960 16.174 6.327
10970 16.967 6.72
10980 17.186 7.349
10990 16.769 6.851
11000 16.118 6.928
11010 16.36 6.888
11020 15.922 6.717
11030 16.362 6.852
11040 16.466 7.074
11050 15.818 6.189
11060 15.885 5.53
11070 17.026 6.63
11080 17.282 7.004
11090 16.774 6.865
11100 16.841 7.182
11110 16.375 6.627
11120 16.756 6.778
11130 16.952 6.997
11140 16.622 6.757
11150 17.078 7.202
11160 16.837 6.364
11170 16.718 6.505
11180 17.782 7.408
11190 17.609 7.53
11200 17.097 7.753
11210 16.888 6.92
11220 16.966 7.337
11230 16.437 6.459
11240 16.206 6.29
11250 16.587 6.503
11260 17.118 7.095
11270 17.512 6.607
11280 17.369 6.823
11290 17.011 6.863
11300 17.388 6.997
11310 16.967 7.359
11320 16.84 6.722
11330 16.846 6.524
11340 16.582 7.201
11350 17.803 7.442
11360 18.25 7.643
11370 17.889 7.395
11380 17.621 7.091
11390 17.38 6.948
11400 17.743 7.529
11410 17.225 6.596
11420 17.579 7.199
11430 17.606 6.963
11440 17.365 7.039
11450 18.021 7.109
11460 18.006 6.937
11470 17.325 6.47
11480 17.856 7.396
11490 17.975 7.172
11500 17.34 6.983
11510 17.733 6.902
11520 17.815 7.382
11530 18.157 8.175
11540 17.102 6.543
11550 18.469 7.174
11560 17.924 7.447
11570 18.162 7.376
11580 18.327 6.863
11590 17.974 6.775
11600 17.801 7.023
11610 18.017 7.126
11620 17.445 7.446
11630 17.383 6.604
11640 18.356 7.442
11650 18.592 7.303
11660 19.141 7.42
11670 18.071 6.686
11680 18.112 7.144
11690 18.042 7.025
11700 18.887 7.828
11710 18.449 7.498
11720 17.59 6.69
11730 17.883 6.834
11740 18.52 7.261
11750 18.572 7.083
11760 18.549 6.954
11770 18.59 7.278
11780 18.155 7.078
11790 18.801 7.58
11800 18.335 6.689
11810 18.434 7.121
11820 18.682 7.199
11830 17.98 6.866
11840 18.816 6.84
11850 18.433 6.43
11860 18.275 6.628
11870 18.78 7.134
11880 18.77 7.464
11890 18.914 7.328
11900 18.671 7.139
11910 18.21 6.991
11920 18.536 7.124
11930 18.665 7.843
11940 18.795 6.54
11950 18.685 6.776
11960 18.536 6.921
11970 18.626 7.163
11980 18.416 6.954
11990 18.198 6.851
12000 18.742 7.569
12010 18.431 7.185
12020 18.565 7.357
12030 18.577 7.043
12040 18.764 6.983
12050 19.137 6.905
12060 18.635 6.874
12070 18.585 6.856
12080 18.966 7.1
12090 19.092 7.11
12100 18.655 7.214
12110 19.115 7.379
12120 18.271 6.524
12130 19.767 7.807
12140 18.901 6.894
12150 18.823 6.549
12160 19.514 6.895
12170 19.151 6.981
12180 18.902 6.358
12190 18.546 6.815
12200 18.617 6.79
12210 18.598 7.009
12220 19.039 7.128
12230 19.986 7.097
12240 20.219 7.63
12250 19.766 7.39
12260 19.473 7.291
12270 19.244 6.556
12280 19.125 6.807
12290 18.921 7.174
12300 19.148 7.188
12310 19.274 7.76
12320 19.688 6.813
12330 19.833 6.831
12340 19.59 6.903
12350 19.416 6.841
12360 19.295 6.663
12370 19.507 6.999
12380 19.343 6.919
12390 19.451 7.425
12400 19.322 7.619
12410 19.643 7.646
12420 20.136 7.063
12430 19.566 6.832
12440 20.203 7.16
12450 19.724 7.216
12460 19.717 7.081
12470 19.744 7.413
12480 19.716 7.513
12490 19.512 7.152
12500 18.863 6.941
12510 19.815 7.221
12520 19.763 7.02
12530 20.197 6.834
12540 20.505 7.401
12550 20.17 7.503
12560 20.083 6.881
12570 19.639 6.724
12580 20.093 7.194
12590 20.029 7.476
12600 19.47 7.401
12610 19.976 7.248
12620 20.62 7.577
12630 20.052 6.56
12640 20.856 7.689
12650 20.38 7.178
12660 19.781 6.906
12670 20.243 7.33
12680 19.79 6.761
12690 19.581 6.972
12700 19.944 7.149
12710 21.249 7.542
12720 20.401 8.089
12730 19.864 6.68
12740 20.236 7.794
12750 19.951 6.961
12760 19.959 7.066
12770 19.763 7.088
12780 19.967 6.795
12790 19.706 6.826
12800 20.145 6.74
12810 20.75 7.31
12820 20.196 6.745
12830 20.423 7.439
12840 20.588 7.21
12850 20.45 7.168
12860 19.692 6.591
12870 19.922 6.951
12880 19.299 5.977
12890 19.43 6.311
12900 20.638 6.842
12910 20.888 7.489
12920 21.504 7.314
12930 20.385 6.637
12940 20.548 7.197
12950 20.635 7.251
12960 20.178 7.065
12970 20.211 7.406
12980 20.354 7.126
12990 20.016 7.164
13000 20.849 7.079
13010 20.205 6.997
13020 20.101 7.113
13030 20.234 7.139
13040 20.743 7.486
13050 20.759 7.14
13060 20.383 7.472
13070 20.6 7.583
13080 20.213 7.059
13090 20.532 7.09
13100 20.822 7.333
13110 21.063 7.64
13120 20.846 7.053
13130 21.154 7.528
13140 20.856 7.175
13150 20.901 7.481
13160 20.321 7.089
13170 19.916 6.761
13180 20.55 7.195
13190 20.704 7.219
13200 20.848 7.548
13210 20.705 7.28
13220 21.125 7.148
13230 20.892 7.253
13240 20.955 7.764
13250 20.347 7.045
13260 20.642 6.843
13270 19.685 6.365
13280 20.537 6.888
13290 21.438 7.462
13300 21.418 6.954
13310 21.289 7.129
13320 20.762 7.288
13330 21.419 7.32
13340 21.023 6.7
13350 20.208 6.59
13360 19.729 6.178
13370 20.552 7.01
13380 20.803 7.252
13390 21.106 7.054
13400 21.169 7.727
13410 20.876 7.273
13420 21.028 7.255
13430 21.062 7.257
13440 21.738 7.463
13450 21.381 7.632
13460 20.941 7.225
13470 20.965 7.276
13480 21.823 6.758
13490 21.878 7.41
13500 20.796 6.495
13510 21.245 7.339
13520 21.747 7.241
13530 21.369 7.363
13540 21.205 7.276
13550 21.162 7.602
13560 20.669 7.317
13570 20.851 6.724
13580 21.635 7.364
13590 21.587 7.085
13600 21.619 7.205
13610 21.088 6.952
13620 21.475 7.175
13630 21.617 7.449
13640 21.57 7.507
13650 21.589 7.347
13660 21.296 6.888
13670 22.021 7.703
13680 21.572 6.849
13690 21.852 7.355
13700 21.942 7.6
13710 21.211 6.789
13720 20.9 6.412
13730 21.048 7.314
13740 20.865 6.925
13750 21.481 7.127
13760 21.289 6.806
13770 21.416 7.201
13780 21.552 6.669
13790 21.687 7.055
13800 21.605 6.894
13810 21.762 6.704
13820 21.773 9.83
13830 21.491 7.279
13840 21.226 6.844
13850 20.77 6.61
13860 20.952 6.345
13870 21.811 6.847
13880 21.858 7.42
13890 21.258 6.935
13900 21.953 7.396
13910 21.894 6.906
13920 21.501 7.151
13930 21.66 7.211
13940 21.545 7.166
13950 21.457 7.589
13960 22.533 8.248
13970 21.674 7.049
13980 21.614 7.218
13990 21.327 7.055
14000 21.843 6.998
14010 22.067 7.551
14020 21.839 6.924
14030 22.056 7.778
14040 21.677 6.872
14050 21.547 7.159
14060 21.92 7.275
14070 22.519 7.071
14080 22.159 7.197
14090 22.062 6.941
14100 21.428 6.705
14110 21.611 7.213
14120 21.662 6.969
14130 21.824 7.33
14140 21.097 6.766
14150 21.496 7.045
14160 22.09 6.956
14170 22.068 8.951
14180 21.735 7.469
14190 21.809 7.152
14200 21.467 7.13
14210 22.001 7.341
14220 22.102 7.345
14230 22.025 7.608
14240 22.085 7.555
14250 21.493 6.802
14260 22.117 7.042
14270 22.004 7.259
14280 21.351 6.666
14290 22.105 7.23
14300 22.374 7.63
14310 22.019 7.377
14320 21.934 7.087
14330 21.725 7.281
14340 21.018 6.551
14350 21.986 7.277
14360 23.104 7.389
14370 22.035 6.854
14380 22.292 7.134
14390 22.206 7.315
14400 21.658 7.086
14410 22.459 8.168
14420 21.935 7.156
14430 21.797 7.262
14440 21.761 6.978
14450 22.315 7.034
14460 22.496 7.322
14470 22.649 6.906
14480 21.6 6.995
14490 21.828 6.942
14500 22.607 7.554
14510 21.462 6.693
14520 21.795 7.414
14530 21.694 7.087
14540 21.995 7.155
14550 22.323 6.879
14560 21.969 6.327
14570 22.431 7.162
14580 22.727 7.396
14590 22.566 7.703
14600 22.004 6.995
14610 22.143 7.022
14620 22.186 7.116
14630 21.86 7.166
14640 23.231 7.511
14650 22.531 7.394
14660 22.474 7.047
14670 22.499 6.815
14680 22.54 7.201
14690 22.575 7.16
14700 22.78 7.367
14710 21.685 6.472
14720 21.51 6.506
14730 22.127 7.142
14740 22.919 7.411
14750 22.382 6.693
14760 21.914 6.509
14770 22.915 7.534
14780 22.654 7.303
14790 22.645 6.995
14800 23.049 7.743
14810 21.905 6.803
14820 22.656 7.585
14830 22.739 7.388
14840 22.865 7.462
14850 22.617 6.636
14860 22.84 7.044
14870 22.514 6.755
14880 22.434 6.96
14890 22.703 7.11
14900 22.803 7.022
14910 22.372 6.701
14920 22.473 7.426
14930 23.075 7.051
14940 23.273 6.851
14950 22.894 6.685
14960 22.558 6.742
14970 22.382 6.022
14980 22.74 7.287
14990 22.42 7.027
15000 22.473 6.823
15010 22.442 6.711
15020 22.445 6.565
15030 23.338 6.476
15040 23.313 6.753
15050 23.351 7.052
15060 23.54 6.755
15070 22.711 6.46
15080 22.991 6.583
15090 22.769 6.777
15100 22.923 7.062
15110 22.68 6.461
15120 22.664 6.479
15130 23.322 6.388
15140 23.498 7.137
15150 23.528 6.942
15160 23.373 7.33
15170 23.377 7.299
15180 23.17 7.029
15190 23.002 7.136
15200 22.755 6.977
15210 23.654 7.438
15220 23.975 7.371
15230 24.259 7.314
15240 23.706 6.511
15250 23.619 7.084
15260 23.851 7.316
15270 23.484 6.782
15280 23.374 6.881
15290 23.398 7.076
15300 23.403 7.001
15310 23.311 6.982
15320 23.248 6.581
15330 24.127 6.802
15340 23.478 6.918
15350 23.92 7.535
15360 23.274 6.386
15370 23.731 6.575
15380 23.603 7.039
15390 23.69 6.474
15400 23.775 7.466
15410 23.888 7.452
15420 24.37 8.31
15430 24.031 7.109
15440 24.634 7.614
15450 23.759 7.163
15460 23.722 7.042
15470 24.09 7.144
15480 23.949 6.808
15490 24.499 7.848
15500 23.432 6.514
15510 24.513 6.942
15520 24.332 6.509
15530 24.41 6.834
15540 24.321 6.621
15550 24.179 6.838
15560 23.941 6.592
15570 23.691 6.427
15580 24.092 7.109
15590 24.094 7.493
15600 23.99 7.345
15610 25.356 9.408
15620 24.427 7.236
15630 24.245 6.776
15640 24.648 6.792
15650 25.121 7.335
15660 24.156 6.596
15670 24.247 6.79
15680 24.175 6.829
15690 24.5 7.254
15700 24.127 6.945
15710 25.05 7.026
15720 24.587 6.509
15730 24.878 6.889
15740 24.483 6.852
15750 24.702 7.05
15760 24.55 7.082
15770 24.418 6.843
15780 24.063 6.964
15790 23.901 6.419
15800 24.481 7.359
15810 25.658 7.661
15820 24.569 6.876
15830 24.909 7.145
15840 24.485 7.418
15850 24.789 7.468
15860 24.56 6.549
15870 24.716 7.647
15880 24.272 6.868
15890 24.628 7.581
15900 24.67 6.763
15910 24.664 6.345
15920 24.558 7.346
15930 24.99 7.185
15940 24.429 7.1
15950 24.335 6.971
15960 24.219 6.839
15970 24.973 7.433
15980 24.525 8.209
15990 24.289 6.565
16000 24.5 6.349
16010 24.961 6.612
16020 24.912 6.978
16030 25.356 7.723
16040 25.091 7.003
16050 24.53 6.977
16060 23.99 7.131
16070 24.171 6.757
16080 24.094 7.295
16090 24.763 6.955
16100 25.051 6.829
16110 25.022 6.857
16120 24.956 7.324
16130 25.02 6.842
16140 24.551 6.616
16150 24.424 6.399
16160 24.286 7.055
16170 24.109 6.652
16180 24.04 6.89
16190 25.326 7.319
16200 24.505 6.586
16210 24.271 6.39
16220 24.668 6.858
16230 24.309 7.086
16240 24.693 6.945
16250 24.696 7.544
16260 24.682 7.007
16270 23.965 6.603
16280 24.548 7.372
16290 25.03 6.983
16300 24.832 6.85
16310 25.051 6.971
16320 24.412 6.75
16330 24.057 6.635
16340 24.126 6.553
16350 24.022 6.726
16360 24.044 6.613
16370 24.018 6.428
16380 24.784 7.248
16390 25.047 7.12
16400 24.879 7.414
16410 24.647 6.812
16420 24.505 6.446
16430 24.63 6.512
16440 24.388 7.194
16450 24.204 6.623
16460 24.087 7.029
16470 23.973 7.178
16480 24.849 6.875
16490 24.954 6.66
16500 24.478 7.052
16510 24.726 7.254
16520 23.917 6.83
16530 24.534 7.118
16540 24.415 6.969
16550 24.817 7.486
16560 24.329 6.571
16570 23.811 6.459
16580 24.812 7.006
16590 25.102 7.418
16600 24.696 6.914
16610 24.514 6.758
16620 24.463 6.581
16630 23.643 6.388
16640 24.012 6.487
16650 25.033 7.603
16660 24.637 7.284
16670 24.888 7.078
16680 25.543 8.976
16690 25.162 6.944
16700 24.479 6.76
16710 24.813 7.259
16720 24.481 6.857
16730 24.431 7.215
16740 24.252 7.256
16750 24.301 6.752
16760 23.761 6.501
16770 24.885 6.76
16780 24.928 6.762
16790 25.007 7.312
16800 25.416 7.696
16810 24.215 6.647
16820 24.602 7.241
16830 24.525 6.964
16840 24.663 7.308
16850 24.544 7.19
16860 24.41 6.742
16870 25.339 7.403
16880 24.962 7.32
16890 25.077 6.967
16900 25.593 7.335
16910 24.496 6.789
16920 23.747 6.68
16930 23.973 6.613
16940 24.334 7.158
16950 24.808 7.175
16960 24.429 6.793
16970 25.33 7.502
16980 24.913 7.108
16990 24.351 6.736
17000 24.436 7.037
17010 24.802 7.315
17020 24.529 7.053
17030 24.526 7.011
17040 24.758 7.159
17050 24.831 7.55
17060 24.613 6.932
17070 25.135 7.034
17080 25.079 6.94
17090 25.113 6.986
17100 25.067 7.155
17110 24.923 6.797
17120 24.396 6.916
17130 24.245 6.663
17140 23.604 6.665
17150 23.716 6.707
17160 24.572 6.487
17170 25.003 7.307
17180 25.158 7.15
17190 25.377 7.444
17200 25.174 7.214
17210 25.235 7.551
17220 25.077 7.816
17230 24.889 7.585
17240 25.224 7.719
17250 24.345 7.359
17260 25.484 7.25
17270 25.198 7.108
17280 25.518 7.398
17290 25.353 7.44
17300 25.31 7.214
17310 25.237 7.863
17320 25.103 7.81
17330 24.662 7.315
17340 24.771 8.124
17350 24.521 7.468
17360 24.749 7.002
17370 24.716 6.976
17380 25.183 7.085
17390 25.108 7.483
17400 24.703 6.839
17410 24.077 6.317
17420 23.793 6.155
17430 23.649 6.705
17440 23.825 6.552
17450 24.628 6.922
17460 25.504 7.256
17470 25.607 7.171
17480 25.109 7.205
17490 24.815 6.792
17500 24.825 6.758
17510 24.797 6.959
17520 24.986 7.431
17530 24.525 7.38
17540 24.27 7.184
17550 24.94 7.06
17560 24.418 6.793
17570 24.616 7.037
17580 24.209 6.368
17590 23.749 6.173
17600 24.113 6.962
17610 24.792 6.998
17620 24.433 6.996
17630 24.519 7.208
17640 24.411 7.448
17650 25.368 8.031
17660 25.921 7.859
17670 24.839 7.056
17680 24.807 6.821
17690 24.564 7.127
17700 24.538 6.753
17710 24.34 6.915
17720 24.204 6.784
17730 23.913 6.462
17740 24.167 6.806
17750 24.61 6.434
17760 24.853 7.169
17770 25.211 7.214
17780 25.141 7.597
17790 24.727 7.241
17800 24.708 6.947
17810 24.891 7.587
17820 24.97 6.907
17830 24.906 7.118
17840 25.343 7.303
17850 24.987 7.005
17860 24.586 7.003
17870 24.52 7.227
17880 24.171 6.89
17890 24.08 6.414
17900 23.893 6.438
17910 23.658 6.362
17920 23.759 6.599
17930 24.164 6.847
17940 24.513 6.88
17950 23.971 6.722
17960 24.28 6.609
17970 24.799 6.808
17980 24.243 6.86
17990 23.777 7.159
18000 23.607 7.046
18010 23.135 6.59
18020 23.695 7.26
18030 23.397 6.124
18040 24.128 6.984
18050 23.747 6.789
18060 24.149 6.922
18070 23.836 9.158
18080 23.257 6.399
18090 23.454 6.695
18100 22.834 6.471
18110 23.01 6.188
18120 23.016 6.805
18130 23.886 6.818
18140 24.115 7.004
18150 23.659 6.69
18160 22.881 6.348
18170 22.953 6.935
18180 23.32 6.829
18190 23.148 7.146
18200 23.548 7.195
18210 23.18 7.544
18220 22.89 7.197
18230 23.388 6.77
18240 22.94 6.641
18250 23.65 6.755
18260 23.086 6.826
18270 22.586 7.508
18280 22.368 6.181
18290 22.983 6.841
18300 22.649 6.452
18310 21.644 6.071
18320 22.907 7.005
18330 23.509 7.117
18340 23.501 7.206
18350 23.537 7.382
18360 22.89 6.715
18370 22.56 6.532
18380 23.021 7.052
18390 23.043 7.199
18400 22.727 6.677
18410 22.754 6.882
18420 23.242 7.289
18430 23.356 7.361
18440 22.819 6.884
18450 22.708 6.203
18460 22.7 7
18470 22.571 6.717
18480 22.806 7.621
18490 22.173 6.758
18500 22.044 7.037
18510 21.526 6.362
18520 22.678 6.601
18530 22.546 6.636
18540 22.59 6.658
18550 22.378 6.847
18560 22.371 7.222
18570 22.036 6.658
18580 22.772 7.435
18590 22.369 7.234
18600 22.346 7.064
18610 21.755 7.003
18620 22.364 7.086
18630 22.025 6.546
18640 21.509 6.284
18650 22.391 6.95
18660 22.379 6.967
18670 21.874 6.814
18680 21.708 6.714
18690 21.767 6.64
18700 21.494 6.426
18710 22.175 7.122
18720 22.575 7.071
18730 23.099 7.532
18740 22.647 7.067
18750 22.456 7.644
18760 22.233 7.512
18770 21.997 7.145
18780 22.36 7.316
18790 21.9 7.109
18800 22.08 7.239
18810 21.87 7.085
18820 22.456 7.375
18830 22.11 7.099
18840 22.152 7.005
18850 22.449 6.917
18860 22.039 7.443
18870 22.008 7.226
18880 21.398 6.823
18890 21.485 7.12
18900 21.71 7.159
18910 22.18 6.891
18920 21.49 6.501
18930 21.277 6.592
18940 21.342 6.911
18950 22.103 7.031
18960 22.092 7.636
18970 21.667 7.468
18980 21.272 7.147
18990 21.659 7.343
19000 21.806 7.325
19010 22.707 7.795
19020 21.684 7.34
19030 21.626 7.18
19040 22.115 8.27
19050 21.91 7.633
19060 20.977 7.025
19070 21.378 7.05
19080 21.368 7.518
19090 21.255 7.189
19100 22.061 7.393
19110 22.052 7.433
19120 21.469 7.091
19130 21.403 7.092
19140 21.064 6.836
19150 20.518 6.595
19160 20.78 6.627
19170 20.552 6.925
19180 20.399 6.819
19190 21.496 7.5
19200 21.719 7.369
19210 21.41 7.083
19220 21.231 6.885
19230 21.294 6.671
19240 20.754 6.283
19250 21.002 6.754
19260 21.001 7.229
19270 20.862 7.336
19280 20.838 6.813
19290 21.299 7.213
19300 21.41 7.251
19310 21.336 7.078
19320 21.327 7.197
19330 21.309 6.993
19340 21.094 6.638
19350 21.51 7.346
19360 21.082 7.371
19370 20.877 7.06
19380 20.79 6.973
19390 21.008 6.481
19400 22.315 7.714
19410 21.921 7.523
19420 21.546 7.462
19430 21.577 7.983
19440 21.176 7.185
19450 21.256 7.224
19460 21.272 7.32
19470 21.338 7.297
19480 20.524 7.267
19490 21.71 7.223
19500 21.381 6.665
19510 20.792 6.828
19520 21.206 7.206
19530 21.22 7.472
19540 21.443 7.509
19550 21.071 7.294
19560 20.759 7.065
19570 20.707 7.078
19580 20.705 7.237
19590 21.404 7.537
19600 21.219 7.432
19610 21.415 7.282
19620 20.997 7.117
19630 21.169 7.334
19640 21.839 10.31
19650 21.14 7.021
19660 20.459 7.013
19670 20.685 7.179
19680 21.09 7.358
19690 21.258 6.94
19700 21.478 6.996
19710 21.303 7.053
19720 21.451 7.298
19730 21.408 7.126
19740 20.885 7.117
19750 20.486 7.324
19760 21.026 7.453
19770 20.493 7.012
19780 21.155 7.074
19790 21.607 7.983
19800 21.837 7.519
19810 21.48 7.876
19820 21.138 7.156
19830 21.096 7.73
19840 21.189 7.629
19850 21.14 7.232
19860 20.62 7.368
19870 21.081 7.48
19880 21.263 6.662
19890 21.567 7.206
19900 21.448 7.087
19910 20.964 7.074
19920 21.211 7.41
19930 21.191 7.524
19940 21.577 7.761
19950 20.981 7.862
19960 20.818 7.641
19970 20.342 7.137
19980 21.347 7.422
19990 20.941 7.068
20000 21.109 7.219
20010 20.77 6.98
20020 21.29 7.608
20030 20.858 6.991
20040 20.407 6.554
20050 20.694 7.5
20060 20.674 7.366
20070 21.183 7.627
20080 20.788 7.553
20090 20.786 6.933
20100 21.495 7.594
20110 21.174 7.467
20120 21.183 7.1
20130 20.91 7.372
20140 20.502 6.712
20150 20.949 7.322
20160 20.814 7.545
20170 21.391 7.345
20180 21.522 7.645
20190 22.091 7.976
20200 21.317 7.969
20210 21.32 7.698
20220 21.216 7.48
20230 21.181 7.847
20240 20.748 7.712
20250 20.782 7.823
20260 20.781 8.018
20270 21.554 7.424
20280 21.609 7.048
20290 21.424 7.8
20300 21.017 7.455
20310 21.594 7.169
20320 20.909 7.17
20330 20.374 7.531
20340 20.861 7.501
20350 20.592 7.189
20360 20.735 7.449
20370 21.521 7.581
20380 20.777 7.322
20390 21.094 7.256
20400 21.084 7.543
20410 20.857 7.351
20420 20.849 7.191
20430 20.081 6.961
20440 20.366 7.43
20450 20.43 7.335
20460 20.61 6.973
20470 20.971 7.502
20480 20.788 7.007
20490 20.257 6.894
20500 20.093 6.985
20510 20.76 7.072
20520 20.297 7.118
20530 20.104 6.929
20540 19.913 7.279
20550 20.74 7.623
20560 21.21 7.185
20570 20.682 7.133
20580 20.435 6.55
20590 20.718 7.182
20600 20.418 7.035
20610 20.205 6.961
20620 20.776 7.526
20630 19.879 6.855
20640 19.892 6.777
20650 20.211 6.648
20660 20.903 6.642
20670 21.276 7.535
20680 21.07 7.509
20690 21.16 7.261
20700 20.131 7.01
20710 19.764 6.551
20720 20.085 6.981
20730 20.027 7.014
20740 19.984 6.916
20750 20.097 7.1
20760 20.52 6.526
20770 20.6 6.845
20780 20.266 6.601
20790 20.409 7.234
20800 20.647 7.52
20810 20.375 7.502
20820 20.38 7.425
20830 20.189 7.484
20840 20.327 7.156
20850 21.057 7.053
20860 20.921 7.948
20870 20.735 7.142
20880 20.725 7.512
20890 20.576 7.208
20900 20.757 7.448
20910 20.659 7.283
20920 20.721 7.915
20930 20.482 7.566
20940 20.245 7.68
20950 21.006 7.307
20960 21.027 7.161
20970 20.896 7.002
20980 20.298 7.382
20990 21.311 7.602
21000 20.717 7.262
21010 20.466 7.115
21020 20.634 7.246
21030 20.1 7.302
21040 20.641 6.942
21050 21.037 7.367
21060 21.245 7.351
21070 20.303 7.08
21080 20.397 7.156
21090 20.743 7.543
21100 20.048 7.06
21110 20.39 7.466
21120 20.176 7.107
21130 20.18 7.428
21140 21.424 7.662
21150 21.105 7.362
21160 21.049 7.045
21170 20.806 7.042
21180 20.922 7.404
21190 20.791 7.352
21200 20.614 6.928
21210 20.668 7.47
21220 20.042 8.024
21230 20.087 7.377
21240 21.485 7.456
21250 21.047 7.364
21260 20.717 7.088
21270 21.098 7.758
21280 20.056 6.924
21290 20.053 6.927
21300 19.951 7.068
21310 20.427 7.339
21320 20.347 7.116
21330 20.816 7.153
21340 21.482 7.449
21350 20.921 7.411
21360 20.846 7.317
21370 20.86 7.262
21380 20.467 6.671
21390 20.149 6.847
21400 19.773 6.409
21410 20.296 6.933
21420 20.21 7.15
21430 20.427 6.869
21440 20.539 7.292
21450 21.198 7.426
21460 20.698 7.332
21470 21.086 7.513
21480 20.528 7.173
21490 21.49 7.499
21500 20.499 6.842
21510 20.635 7.024
21520 20.121 6.734
21530 20.967 6.943
21540 21.041 7.2
21550 21.88 7.516
21560 21.206 7.332
21570 21.229 7.136
21580 21.015 6.81
21590 20.28 6.768
