# TimeStamp(s) Sum Stdev
0 837715 0
11 793408 0
20 574963 0
30 536838 0
40 639878 0
50 754252 0
60 635756 0
70 513139 0
80 533747 0
90 534777 0
100 541990 0
110 602784 0
120 635756 0
130 622361 0
140 655334 0
150 644000 0
160 663577 0
170 652243 0
180 599692 0
190 562598 0
200 590419 0
210 568780 0
220 562598 0
230 565689 0
240 477075 0
250 509017 0
260 522412 0
270 771769 0
280 777952 0
290 746009 0
300 523443 0
310 533747 0
320 664608 0
330 685216 0
340 535808 0
350 723340 0
360 842867 0
370 776921 0
380 824320 0
390 701702 0
400 818137 0
410 783104 0
420 706854 0
430 684185 0
440 627513 0
450 545081 0
460 706854 0
470 659456 0
480 771769 0
490 726432 0
500 806803 0
510 874809 0
520 773830 0
530 592480 0
540 607936 0
550 685216 0
560 763526 0
570 657395 0
580 631635 0
590 679033 0
600 790316 0
610 795468 0
620 754252 0
630 580115 0
640 757344 0
650 737766 0
660 812985 0
670 716128 0
680 701702 0
690 619270 0
700 637817 0
711 658425 0
720 680064 0
730 692428 0
740 835654 0
750 909843 0
760 769708 0
770 595571 0
780 618240 0
790 812985 0
800 870688 0
810 656364 0
820 591449 0
830 535808 0
840 787225 0
850 849049 0
860 753222 0
870 672851 0
880 688307 0
890 593510 0
900 668729 0
910 748070 0
920 768678 0
930 622361 0
940 540960 0
950 603814 0
960 701702 0
970 730553 0
980 722310 0
990 659456 0
1000 650182 0
1010 626483 0
1020 502835 0
1030 673881 0
1040 543020 0
1050 628544 0
1060 769708 0
1070 761465 0
1080 781043 0
1090 768678 0
1100 696550 0
1110 929420 0
1120 822259 0
1130 605875 0
1140 562598 0
1150 503865 0
1160 492531 0
1170 597632 0
1180 799590 0
1190 628544 0
1200 642969 0
1210 684185 0
1220 697580 0
1230 658425 0
1241 782073 0
1250 800620 0
1260 673881 0
1270 546112 0
1280 512108 0
1290 606905 0
1300 521382 0
1310 555385 0
1320 662547 0
1330 593510 0
1340 731584 0
1350 566720 0
1361 701702 0
1370 673881 0
1380 668729 0
1390 517260 0
1400 845958 0
1410 599692 0
1420 534777 0
1430 658425 0
1440 679033 0
1450 518291 0
1460 598662 0
1470 741888 0
1480 795468 0
1490 563628 0
1500 809894 0
1510 728492 0
1520 554355 0
1530 771769 0
1540 913964 0
1550 1.06852e+06 0
1560 803712 0
1570 631635 0
1580 657395 0
1590 838745 0
1600 773830 0
1610 873779 0
1620 709945 0
1630 854201 0
1640 676972 0
1650 819168 0
1660 771769 0
1670 816076 0
1681 819168 0
1690 684185 0
1700 701702 0
1710 983001 0
1720 817107 0
1730 883052 0
1740 730553 0
1750 585267 0
1760 535808 0
1770 585267 0
1780 527564 0
1790 718188 0
1800 948998 0
1810 906752 0
1821 682124 0
1830 624422 0
1840 722310 0
1850 786195 0
1860 581145 0
1870 681094 0
1880 732614 0
1890 842867 0
1900 892326 0
1910 863475 0
1920 1.04895e+06 0
1930 947968 0
1940 948998 0
1950 767648 0
1960 709945 0
1970 852140 0
1980 589388 0
1990 555385 0
2000 805772 0
2010 759404 0
2020 571872 0
2030 604844 0
2040 740857 0
2050 785164 0
2060 877900 0
2070 850080 0
2080 627513 0
2090 873779 0
2100 830502 0
2110 770739 0
2120 1.07677e+06 0
2130 801651 0
2140 787225 0
2150 782073 0
2160 912934 0
2170 1.10768e+06 0
2181 851110 0
2190 899539 0
2200 814016 0
2210 773830 0
2220 787225 0
2230 899539 0
2240 819168 0
2250 901600 0
2260 733644 0
2270 629574 0
2280 911904 0
2290 1.04998e+06 0
2300 904691 0
2310 831532 0
2320 622361 0
2330 925299 0
2340 975788 0
2350 785164 0
2360 877900 0
2370 703763 0
2380 839776 0
2390 704793 0
2400 767648 0
2410 705824 0
2420 958272 0
2430 692428 0
2440 685216 0
2450 667699 0
2460 504896 0
2470 774860 0
2480 808864 0
2490 754252 0
2500 844928 0
2510 720249 0
2520 682124 0
2530 750131 0
2540 758374 0
2550 761465 0
2560 1.01082e+06 0
2570 861414 0
2580 928390 0
2590 846988 0
2600 999488 0
2610 1.07883e+06 0
2620 928390 0
2630 715097 0
2640 688307 0
2650 702732 0
2660 658425 0
2670 749100 0
2680 706854 0
2690 670790 0
2700 704793 0
2710 703763 0
2720 734675 0
2730 869657 0
2740 944876 0
2750 822259 0
2760 889235 0
2770 657395 0
2780 884083 0
2790 799590 0
2800 936633 0
2810 690368 0
2820 613088 0
2830 685216 0
2840 963424 0
2850 980940 0
2860 1.10562e+06 0
2870 664608 0
2880 634726 0
2890 972697 0
2900 880992 0
2910 790316 0
2920 863475 0
2930 769708 0
2940 781043 0
2950 807833 0
2960 728492 0
2970 666668 0
2980 618240 0
2990 791347 0
3000 782073 0
3010 977849 0
3020 1.01804e+06 0
3030 660486 0
3040 635756 0
3050 727462 0
3060 762496 0
3070 536838 0
3080 588358 0
3090 823289 0
3100 833593 0
3110 691398 0
3120 597632 0
3130 685216 0
3140 740857 0
3150 856262 0
3160 1.00464e+06 0
3170 637817 0
3180 752192 0
3190 709945 0
3200 669760 0
3210 860384 0
3220 917056 0
3230 690368 0
3240 751161 0
3250 983001 0
3260 717158 0
3270 605875 0
3280 793408 0
3290 882022 0
3300 853171 0
3310 912934 0
3320 803712 0
3330 848019 0
3340 744979 0
3350 721280 0
3360 768678 0
3370 830502 0
3380 803712 0
3390 811955 0
3400 855232 0
3410 888204 0
3420 715097 0
3430 583206 0
3440 637817 0
3450 696550 0
3460 557446 0
3471 615148 0
3480 790316 0
3490 640908 0
3500 619270 0
3510 806803 0
3520 904691 0
3530 827411 0
3540 805772 0
3550 665638 0
3560 860384 0
3570 617209 0
3580 606905 0
3590 780012 0
3600 694489 0
3610 580115 0
3620 599692 0
3630 617209 0
3640 662547 0
3650 910873 0
3660 877900 0
3670 713036 0
3680 484288 0
3690 617209 0
3700 744979 0
3710 704793 0
3721 773830 0
3730 669760 0
3740 754252 0
3750 807833 0
3760 863475 0
3770 754252 0
3780 950028 0
3790 871718 0
3800 819168 0
3810 735705 0
3820 716128 0
3830 684185 0
3840 726432 0
3850 834624 0
3860 676972 0
3870 777952 0
3880 1.06543e+06 0
3890 1.12314e+06 0
3900 930451 0
3910 617209 0
3920 534777 0
3930 545081 0
3940 707884 0
3950 1.03143e+06 0
3960 822259 0
3970 969606 0
3980 1.04586e+06 0
3990 776921 0
4000 680064 0
4010 578054 0
4020 768678 0
4030 906752 0
4040 815046 0
4050 633696 0
4060 567750 0
4070 748070 0
4080 638848 0
4090 783104 0
4100 661516 0
4110 631635 0
4121 736736 0
4130 1.08501e+06 0
4140 1.20351e+06 0
4150 877900 0
4160 997427 0
4170 898508 0
4180 708915 0
4190 622361 0
4200 647091 0
4210 540960 0
4220 644000 0
4230 784134 0
4240 829472 0
4250 820198 0
4260 1.0541e+06 0
4270 630604 0
4280 461619 0
4290 921177 0
4301 729523 0
4310 722310 0
4320 743948 0
4330 835654 0
4340 593510 0
4350 687276 0
4360 657395 0
4370 755283 0
4380 606905 0
4390 456467 0
4400 641939 0
4410 1.10562e+06 0
4420 843897 0
4430 540960 0
4440 594540 0
4450 800620 0
4460 632665 0
4470 863475 0
4480 971667 0
4490 837715 0
4500 1.00567e+06 0
4510 674912 0
4520 793408 0
4531 838745 0
4540 588358 0
4550 972697 0
4561 717158 0
4570 624422 0
4580 431737 0
4590 834624 0
4601 961363 0
4610 1.18599e+06 0
4620 987123 0
4630 1.04173e+06 0
4640 934572 0
4650 777952 0
4660 659456 0
4670 796499 0
4680 638848 0
4690 830502 0
4700 858323 0
4710 1.14477e+06 0
4720 678003 0
4730 767648 0
4740 845958 0
4750 782073 0
4760 740857 0
4770 908812 0
4780 935603 0
4790 618240 0
4800 736736 0
4810 901600 0
4820 1.10459e+06 0
4830 1.08707e+06 0
4840 788256 0
4850 800620 0
4860 702732 0
4870 635756 0
4880 886144 0
4891 757344 0
4900 580115 0
4910 791347 0
4920 1.02834e+06 0
4930 990214 0
4940 678003 0
4950 955180 0
4960 906752 0
4970 578054 0
4980 753222 0
4990 841836 0
5000 810924 0
5010 896448 0
5020 667699 0
5031 632665 0
5040 455436 0
5050 709945 0
5060 790316 0
5070 1.08398e+06 0
5080 995366 0
5090 729523 0
5100 673881 0
5110 484288 0
5120 621331 0
5130 822259 0
5140 1.13138e+06 0
5151 986092 0
5160 888204 0
5170 922208 0
5181 647091 0
5190 700672 0
5200 679033 0
5210 1.1489e+06 0
5220 1.01906e+06 0
5230 897478 0
5240 965484 0
5250 700672 0
5260 803712 0
5270 852140 0
5280 850080 0
5290 741888 0
5300 911904 0
5310 804742 0
5320 838745 0
5330 938694 0
5340 651212 0
5350 741888 0
5360 811955 0
5370 909843 0
5380 747040 0
5390 660486 0
5400 836684 0
5410 736736 0
5420 826380 0
5430 682124 0
5440 606905 0
5450 960332 0
5460 1.01082e+06 0
5470 743948 0
5480 749100 0
5490 828441 0
5500 742918 0
5510 709945 0
5520 846988 0
5530 753222 0
5540 869657 0
5550 1.02422e+06 0
5560 917056 0
5570 1.10047e+06 0
5580 938694 0
5590 1.01906e+06 0
5600 799590 0
5610 807833 0
5620 890265 0
5631 761465 0
5640 887174 0
5650 947968 0
5660 989184 0
5670 946937 0
5680 521382 0
5690 924268 0
5700 825350 0
5710 1.02937e+06 0
5720 822259 0
5730 531686 0
5740 661516 0
5750 702732 0
5760 693459 0
5770 862444 0
5780 811955 0
5790 792377 0
5800 496652 0
5810 645030 0
5820 902630 0
5830 887174 0
5840 1.00052e+06 0
5850 871718 0
5860 1.29933e+06 0
5870 981971 0
5880 964454 0
5890 768678 0
5900 654304 0
5910 506956 0
5920 780012 0
5930 747040 0
5940 798560 0
5950 1.35601e+06 0
5960 1.16435e+06 0
5970 1.05616e+06 0
5980 806803 0
5990 861414 0
6000 733644 0
6010 841836 0
6020 1.10562e+06 0
6030 962393 0
6040 896448 0
6050 806803 0
6060 733644 0
6070 716128 0
6080 772800 0
6090 817107 0
6100 783104 0
6110 772800 0
6120 936633 0
6130 707884 0
6140 618240 0
6150 674912 0
6160 788256 0
6170 795468 0
6180 916025 0
6190 909843 0
6200 983001 0
6210 844928 0
6220 868627 0
6230 845958 0
6240 928390 0
6250 896448 0
6260 702732 0
6270 968576 0
6281 916025 0
6290 945907 0
6300 948998 0
6310 969606 0
6320 1.13447e+06 0
6330 808864 0
6340 897478 0
6350 793408 0
6360 855232 0
6370 853171 0
6380 862444 0
6390 750131 0
6400 1.1829e+06 0
6410 1.14374e+06 0
6420 604844 0
6430 972697 0
6440 603814 0
6450 796499 0
6460 608966 0
6470 865536 0
6480 927360 0
6490 805772 0
6500 810924 0
6510 742918 0
6520 808864 0
6530 728492 0
6540 921177 0
6550 957241 0
6560 668729 0
6570 732614 0
6580 736736 0
6590 681094 0
6600 584236 0
6610 536838 0
6620 710976 0
6630 874809 0
6640 1.09016e+06 0
6650 996396 0
6660 922208 0
6670 648121 0
6680 602784 0
6690 591449 0
6700 973728 0
6710 923238 0
6720 865536 0
6730 945907 0
6740 891296 0
6750 887174 0
6760 815046 0
6770 912934 0
6780 796499 0
6790 625452 0
6800 1.0201e+06 0
6810 1.16229e+06 0
6820 828441 0
6830 703763 0
6840 732614 0
6850 1.13447e+06 0
6860 799590 0
6870 571872 0
6880 960332 0
6890 897478 0
6900 578054 0
6910 784134 0
6920 751161 0
6930 581145 0
6940 808864 0
6950 871718 0
6960 871718 0
6970 726432 0
6980 918086 0
6990 904691 0
7000 849049 0
7010 624422 0
7020 794438 0
7030 575993 0
7040 699641 0
7050 755283 0
7060 979910 0
7070 966515 0
7080 549203 0
7090 696550 0
7101 772800 0
7110 869657 0
7120 917056 0
7130 848019 0
7140 740857 0
7150 868627 0
7160 821228 0
7170 924268 0
7180 1.04895e+06 0
7190 688307 0
7200 657395 0
7210 676972 0
7220 890265 0
7230 697580 0
7240 709945 0
7250 522412 0
7261 682124 0
7270 596601 0
7280 722310 0
7290 605875 0
7300 545081 0
7310 670790 0
7320 726432 0
7330 735705 0
7340 814016 0
7350 739827 0
7360 674912 0
7370 495622 0
7380 826380 0
7390 690368 0
7400 815046 0
7410 761465 0
7420 859353 0
7430 993305 0
7440 649152 0
7450 725401 0
7460 687276 0
7470 853171 0
7480 730553 0
7490 802681 0
7500 464710 0
7510 820198 0
7520 659456 0
7530 683155 0
7540 993305 0
7550 930451 0
7560 994336 0
7570 817107 0
7580 825350 0
7590 840806 0
7600 818137 0
7610 820198 0
7620 991244 0
7630 715097 0
7640 781043 0
7650 622361 0
7660 615148 0
7670 721280 0
7680 769708 0
7690 869657 0
7700 562598 0
7710 636787 0
7720 909843 0
7730 889235 0
7740 793408 0
7750 800620 0
7760 853171 0
7770 757344 0
7780 917056 0
7790 1.0304e+06 0
7800 799590 0
7810 1.35807e+06 0
7820 930451 0
7830 758374 0
7840 1.06852e+06 0
7850 815046 0
7860 853171 0
7870 571872 0
7880 1.08707e+06 0
7890 1.0644e+06 0
7900 1.09738e+06 0
7911 980940 0
7920 740857 0
7930 873779 0
7940 696550 0
7950 555385 0
7960 679033 0
7970 694489 0
7980 855232 0
7990 869657 0
8000 977849 0
8011 1.21896e+06 0
8020 1.02525e+06 0
8030 1.0644e+06 0
8040 901600 0
8050 700672 0
8060 1.06337e+06 0
8070 812985 0
8080 885113 0
8090 838745 0
8100 1.05307e+06 0
8110 695520 0
8120 793408 0
8130 741888 0
8140 976819 0
8150 993305 0
8160 804742 0
8170 717158 0
8180 865536 0
8190 751161 0
8200 776921 0
8210 735705 0
8220 1.00464e+06 0
8230 1.017e+06 0
8240 1.02731e+06 0
8250 852140 0
8260 945907 0
8270 845958 0
8281 919116 0
8290 704793 0
8300 653273 0
8310 704793 0
8320 998457 0
8330 928390 0
8340 1.0881e+06 0
8350 702732 0
8360 962393 0
8370 958272 0
8380 732614 0
8390 932512 0
8400 723340 0
8410 639878 0
8420 617209 0
8430 952089 0
8440 870688 0
8450 803712 0
8460 955180 0
8470 811955 0
8480 865536 0
8490 885113 0
8500 801651 0
8510 794438 0
8520 764556 0
8530 814016 0
8540 567750 0
8550 632665 0
8560 562598 0
8570 869657 0
8580 790316 0
8590 414220 0
8600 555385 0
8610 716128 0
8620 897478 0
8630 1.15199e+06 0
8640 1.10253e+06 0
8650 806803 0
8660 675942 0
8670 617209 0
8680 761465 0
8690 657395 0
8700 759404 0
8710 939724 0
8720 918086 0
8730 698611 0
8740 650182 0
8751 942816 0
8760 979910 0
8770 844928 0
8780 927360 0
8790 775891 0
8800 666668 0
8810 722310 0
8820 836684 0
8830 1.1592e+06 0
8840 889235 0
8850 770739 0
8860 674912 0
8870 922208 0
8880 806803 0
8890 777952 0
8900 818137 0
8910 646060 0
8920 902630 0
8930 736736 0
8940 783104 0
8950 758374 0
8960 668729 0
8970 730553 0
8980 1.04689e+06 0
8990 1.42607e+06 0
9000 879961 0
9010 661516 0
9020 720249 0
9031 944876 0
9040 894387 0
9050 885113 0
9060 848019 0
9070 687276 0
9080 937664 0
9090 1.00979e+06 0
9100 714067 0
9110 501804 0
9120 789286 0
9130 1.12417e+06 0
9140 1.09119e+06 0
9150 1.03452e+06 0
9160 908812 0
9170 846988 0
9180 747040 0
9190 1.04276e+06 0
9200 987123 0
9210 749100 0
9220 698611 0
9230 1.13241e+06 0
9240 1.10047e+06 0
9250 1.10665e+06 0
9260 690368 0
9270 654304 0
9280 679033 0
9290 569811 0
9300 498713 0
9310 716128 0
9320 714067 0
9330 1.09016e+06 0
9340 874809 0
9350 596601 0
9360 906752 0
9370 825350 0
9380 623392 0
9390 815046 0
9400 892326 0
9410 870688 0
9420 1.09119e+06 0
9430 976819 0
9440 678003 0
9450 966515 0
9460 778982 0
9470 890265 0
9480 808864 0
9490 950028 0
9500 1.1118e+06 0
9510 976819 0
9520 932512 0
9530 976819 0
9540 1.01494e+06 0
9550 797529 0
9560 991244 0
9570 769708 0
9580 778982 0
9590 908812 0
9600 785164 0
9610 1.05204e+06 0
9620 1.02834e+06 0
9630 767648 0
9640 1.05101e+06 0
9650 1.1252e+06 0
9660 1.03555e+06 0
9670 751161 0
9680 668729 0
9690 850080 0
9700 1.04276e+06 0
9710 1.41371e+06 0
9720 1.09222e+06 0
9730 1.10974e+06 0
9740 892326 0
9750 1.00773e+06 0
9760 1.02525e+06 0
9770 1.21999e+06 0
9780 886144 0
9790 1.08398e+06 0
9800 686246 0
9810 669760 0
9820 691398 0
9830 794438 0
9840 1.08913e+06 0
9850 845958 0
9860 1.05307e+06 0
9870 902630 0
9880 826380 0
9890 1.09944e+06 0
9901 1.21175e+06 0
9910 523443 0
9920 653273 0
9930 894387 0
9940 958272 0
9950 780012 0
9960 966515 0
9970 905721 0
9980 1.14271e+06 0
9990 1.01288e+06 0
10000 801651 0
10010 838745 0
10020 897478 0
10030 914995 0
10040 780012 0
10050 1.017e+06 0
10060 930451 0
10070 1.04173e+06 0
10080 1.2983e+06 0
10090 1.17466e+06 0
10101 868627 0
10110 646060 0
10120 1.1489e+06 0
10130 1.37970e+06 0
10140 1.03452e+06 0
10150 978880 0
10160 1.34261e+06 0
10170 1.06956e+06 0
10180 869657 0
10190 856262 0
10200 987123 0
10210 991244 0
10220 933542 0
10230 575993 0
10240 648121 0
10250 989184 0
10260 1.00361e+06 0
10270 1.07162e+06 0
10280 859353 0
10290 806803 0
10300 802681 0
10310 765587 0
10320 808864 0
10330 693459 0
10340 775891 0
10350 678003 0
10360 671820 0
10370 921177 0
10380 867596 0
10390 973728 0
10400 700672 0
10410 533747 0
10420 741888 0
10430 735705 0
10440 748070 0
10450 681094 0
10460 780012 0
10470 974758 0
10480 959302 0
10490 1.09944e+06 0
10500 1.0201e+06 0
10510 692428 0
10520 707884 0
10530 831532 0
10540 803712 0
10550 752192 0
10560 685216 0
10570 563628 0
10580 537868 0
10590 796499 0
10600 1.02834e+06 0
10610 1.03864e+06 0
10620 1.13035e+06 0
10630 957241 0
10640 835654 0
10650 876870 0
10660 814016 0
10670 828441 0
10680 859353 0
10690 1.0407e+06 0
10700 832563 0
10710 801651 0
10720 683155 0
10730 579084 0
10740 772800 0
10750 723340 0
10760 943846 0
10770 891296 0
10780 912934 0
10790 1.25915e+06 0
10800 925299 0
10810 948998 0
10820 1.11489e+06 0
10830 1.02216e+06 0
10840 1.01185e+06 0
10850 809894 0
10860 601753 0
10870 884083 0
10880 836684 0
10890 772800 0
10900 931481 0
10910 1.09532e+06 0
10920 705824 0
10930 835654 0
10940 785164 0
10950 624422 0
10960 647091 0
10970 1.09119e+06 0
10980 1.15096e+06 0
10990 1.1118e+06 0
11000 1.017e+06 0
11010 838745 0
11020 652243 0
11030 619270 0
11040 667699 0
11050 1.07574e+06 0
11060 1.07265e+06 0
11070 952089 0
11080 1.01082e+06 0
11090 923238 0
11100 933542 0
11110 830502 0
11120 792377 0
11130 488409 0
11140 760435 0
11151 927360 0
11160 1.02113e+06 0
11170 996396 0
11180 953120 0
11190 1.2169e+06 0
11200 1.09738e+06 0
11210 849049 0
11220 1.06646e+06 0
11230 1.05101e+06 0
11240 981971 0
11250 750131 0
11260 676972 0
11270 710976 0
11280 837715 0
11290 1.15817e+06 0
11300 856262 0
11310 885113 0
11320 546112 0
11330 785164 0
11340 940755 0
11350 666668 0
11360 725401 0
11370 857292 0
11380 853171 0
11390 920147 0
11400 1.32922e+06 0
11410 900569 0
11420 1.08295e+06 0
11430 943846 0
11440 900569 0
11450 869657 0
11461 937664 0
11470 814016 0
11480 861414 0
11490 1.05616e+06 0
11500 1.04482e+06 0
11510 938694 0
11520 1.09325e+06 0
11530 1.04482e+06 0
11540 913964 0
11550 929420 0
11560 1.11386e+06 0
11570 1.0541e+06 0
11580 661516 0
11590 770739 0
11600 743948 0
11610 960332 0
11621 1.03555e+06 0
11630 750131 0
11640 667699 0
11650 1.23133e+06 0
11660 867596 0
11670 955180 0
11680 645030 0
11690 996396 0
11700 841836 0
11710 721280 0
11720 614118 0
11730 741888 0
11740 797529 0
11750 822259 0
11760 904691 0
11770 876870 0
11780 1.07162e+06 0
11790 1.09428e+06 0
11800 826380 0
11810 1.00979e+06 0
11820 1.2406e+06 0
11830 879961 0
11840 876870 0
11850 1.42607e+06 0
11860 1.10459e+06 0
11870 918086 0
11880 1.31582e+06 0
11890 1.02731e+06 0
11900 867596 0
11910 1.14374e+06 0
11920 852140 0
11930 806803 0
11940 845958 0
11950 912934 0
11960 929420 0
11970 1.06543e+06 0
11980 932512 0
11990 951059 0
12000 1.00464e+06 0
12010 1.12210e+06 0
12020 607936 0
12030 742918 0
12040 989184 0
12050 1.05925e+06 0
12060 721280 0
12070 739827 0
12080 820198 0
12090 1.0541e+06 0
12100 942816 0
12110 916025 0
12120 701702 0
12130 829472 0
12140 744979 0
12150 1.07574e+06 0
12160 1.1932e+06 0
12170 1.15817e+06 0
12180 841836 0
12190 1.08913e+06 0
12200 1.13962e+06 0
12210 1.17981e+06 0
12220 726432 0
12230 665638 0
12240 1.02113e+06 0
12250 1.05925e+06 0
12260 832563 0
12270 799590 0
12280 1.1252e+06 0
12290 1.22824e+06 0
12300 1.03555e+06 0
12310 925299 0
12320 1.04792e+06 0
12330 1.1252e+06 0
12340 1.11798e+06 0
12350 787225 0
12360 958272 0
12370 835654 0
12380 1.18908e+06 0
12390 1.02834e+06 0
12400 860384 0
12410 653273 0
12420 780012 0
12430 1.03349e+06 0
12440 1.06749e+06 0
12450 901600 0
12460 816076 0
12470 977849 0
12480 807833 0
12490 746009 0
12500 886144 0
12510 1.03143e+06 0
12520 868627 0
12530 840806 0
12540 907782 0
12550 832563 0
12560 751161 0
12570 1.10356e+06 0
12580 998457 0
12590 970636 0
12600 1.07368e+06 0
12610 995366 0
12620 962393 0
12630 916025 0
12640 822259 0
12650 1.2643e+06 0
12661 988153 0
12670 935603 0
12680 714067 0
12690 624422 0
12700 518291 0
12710 837715 0
12720 825350 0
12730 849049 0
12740 1.06852e+06 0
12750 1.12726e+06 0
12760 1.05101e+06 0
12770 894387 0
12780 1.10562e+06 0
12791 1.16023e+06 0
12800 764556 0
12810 743948 0
12820 919116 0
12830 965484 0
12840 843897 0
12850 741888 0
12860 662547 0
12870 817107 0
12880 937664 0
12890 896448 0
12900 874809 0
12910 1.1118e+06 0
12920 910873 0
12930 833593 0
12940 992275 0
12950 914995 0
12960 832563 0
12970 966515 0
12980 906752 0
12990 836684 0
13000 832563 0
13010 807833 0
13020 919116 0
13030 1.04586e+06 0
13040 1.14065e+06 0
13050 1.00567e+06 0
13060 1.06337e+06 0
13070 746009 0
13080 918086 0
13090 1.05204e+06 0
13100 1.02731e+06 0
13110 945907 0
13121 964454 0
13130 662547 0
13141 933299 0
13150 906995 0
13160 725401 0
13170 858323 0
13180 791347 0
13190 748070 0
13200 878931 0
13210 808864 0
13220 742918 0
13230 800620 0
13240 740857 0
13250 944876 0
13260 912934 0
13270 932512 0
13280 727462 0
13290 910873 0
13300 815046 0
13310 1.12932e+06 0
13320 889235 0
13331 947968 0
13340 778982 0
13350 937664 0
13360 1.07574e+06 0
13370 876870 0
13380 875840 0
13390 974758 0
13400 1.16847e+06 0
13410 918086 0
13420 762496 0
13430 827411 0
13440 1.00361e+06 0
13450 1.02113e+06 0
13460 983001 0
13470 1.00258e+06 0
13480 846988 0
13490 787225 0
13501 595571 0
13510 903660 0
13520 607936 0
13530 917056 0
13540 884083 0
13550 936633 0
13560 962393 0
13570 935603 0
13580 864505 0
13590 860384 0
13600 679033 0
13610 615148 0
13620 732614 0
13630 992275 0
13640 831532 0
13650 614118 0
13660 739827 0
13670 836684 0
13680 594540 0
13690 647091 0
13700 606905 0
13710 655334 0
13720 863475 0
13730 899539 0
13740 1.03143e+06 0
13750 1.06543e+06 0
13760 873779 0
13770 784134 0
13780 605875 0
13790 836684 0
13800 932512 0
13810 926329 0
13821 920147 0
13830 841836 0
13840 892326 0
13851 706854 0
13860 738796 0
13870 738796 0
13881 465740 0
13890 896448 0
13900 1.07574e+06 0
13910 969606 0
13920 979910 0
13930 759404 0
13940 741888 0
13950 845958 0
13960 688307 0
13970 955180 0
13980 1.0541e+06 0
13990 819168 0
14000 878931 0
14010 704793 0
14020 806803 0
14030 1.03555e+06 0
14040 850080 0
14050 1.03967e+06 0
14060 833593 0
14070 778982 0
14080 651212 0
14090 804742 0
14100 996396 0
14110 937664 0
14120 758374 0
14130 763526 0
14140 535808 0
14150 850080 0
14160 1.02422e+06 0
14170 892326 0
14180 1.00567e+06 0
14190 907782 0
14200 816076 0
14210 869657 0
14220 1.0438e+06 0
14230 1.00052e+06 0
14240 999488 0
14250 1.17878e+06 0
14260 1.10047e+06 0
14270 873779 0
14280 685216 0
14290 607936 0
14300 894387 0
14310 1.1726e+06 0
14320 1.07574e+06 0
14330 1.08501e+06 0
14340 1.04998e+06 0
14350 805772 0
14360 778982 0
14370 998457 0
14380 884083 0
14390 918086 0
14400 816076 0
14410 625452 0
14420 891296 0
14430 1.14168e+06 0
14440 1.05307e+06 0
14450 1.01185e+06 0
14460 1.02216e+06 0
14470 701702 0
14480 1.09944e+06 0
14490 1.10253e+06 0
14500 1.11592e+06 0
14511 1.15817e+06 0
14520 941785 0
14530 733644 0
14540 729523 0
14550 793408 0
14560 571872 0
14570 818137 0
14580 969606 0
14590 981971 0
14600 840806 0
14611 759404 0
14620 630604 0
14630 821228 0
14640 820198 0
14650 842867 0
14660 1.15508e+06 0
14670 1.10665e+06 0
14680 1.02113e+06 0
14690 971667 0
14700 1.02422e+06 0
14710 1.0541e+06 0
14720 1.13035e+06 0
14730 1.30036e+06 0
14740 848019 0
14750 731584 0
14760 623392 0
14770 639878 0
14780 845958 0
14790 824320 0
14800 678003 0
14810 888204 0
14820 776921 0
14830 651212 0
14840 782073 0
14850 1.24369e+06 0
14860 845958 0
14870 1.05101e+06 0
14880 1.00052e+06 0
14890 803712 0
14900 967545 0
14910 1.1458e+06 0
14920 1.07883e+06 0
14930 976819 0
14940 683155 0
14950 804742 0
14960 966515 0
14970 808864 0
14980 888204 0
14990 904691 0
15000 859353 0
15010 783104 0
15020 809894 0
15030 968576 0
15040 1.0541e+06 0
15050 954150 0
15061 1.02319e+06 0
15070 967545 0
15080 764556 0
15090 1.0201e+06 0
15100 831532 0
15110 889235 0
15120 937664 0
15130 933542 0
15140 1.12417e+06 0
15150 1.11592e+06 0
15161 1.18702e+06 0
15170 944876 0
15180 1.04792e+06 0
15190 928390 0
15200 1.06749e+06 0
15210 930451 0
15220 1.05204e+06 0
15230 943846 0
15240 771769 0
15250 910873 0
15260 857292 0
15270 790316 0
15280 841836 0
15290 1.00258e+06 0
15300 1.0407e+06 0
15310 1.14374e+06 0
15320 985062 0
15330 1.07883e+06 0
15340 1.06234e+06 0
15350 1.33952e+06 0
15360 1.20454e+06 0
15370 1.1252e+06 0
15380 1.10871e+06 0
15390 773830 0
15400 744979 0
15410 702732 0
15420 505926 0
15430 946937 0
15440 929420 0
15450 1.19423e+06 0
15460 1.07986e+06 0
15470 1.08192e+06 0
15480 759404 0
15490 752192 0
15500 721280 0
15510 598662 0
15520 699641 0
15530 886144 0
15540 890265 0
15550 743948 0
15560 739827 0
15570 998457 0
15580 900569 0
15590 754252 0
15600 698611 0
15610 722310 0
15620 1.13447e+06 0
15630 1.16332e+06 0
15640 1.10459e+06 0
15650 909843 0
15660 1.0541e+06 0
15670 1.1015e+06 0
15680 1.10459e+06 0
15690 850080 0
15700 901600 0
15710 766617 0
15720 761465 0
15730 919116 0
15740 1.09532e+06 0
15750 1.19011e+06 0
15760 909843 0
15770 968576 0
15780 631635 0
15790 570841 0
15800 831532 0
15810 648121 0
15820 580115 0
15830 844928 0
15841 998457 0
15850 655334 0
15860 682124 0
15870 755283 0
15880 995366 0
15890 640908 0
15900 653273 0
15910 845958 0
15920 885113 0
15930 1.19836e+06 0
15940 1.00773e+06 0
15950 1.17362e+06 0
15960 883052 0
15970 1.1592e+06 0
15980 895417 0
15990 776921 0
16000 819168 0
16010 812985 0
16020 735705 0
16030 1.0438e+06 0
16040 1.13344e+06 0
16050 959302 0
16060 928390 0
16070 875840 0
16080 803712 0
16090 678003 0
16100 797529 0
16110 832563 0
16120 964454 0
16130 1.03761e+06 0
16140 925299 0
16150 1.0541e+06 0
16160 985062 0
16170 930451 0
16180 819168 0
16190 832563 0
16200 1.00361e+06 0
16210 848019 0
16220 993305 0
16230 992275 0
16240 892326 0
16250 970636 0
16260 628544 0
16271 874809 0
16280 889235 0
16290 874809 0
16300 955180 0
16310 974758 0
16320 914995 0
16330 797529 0
16340 815046 0
16350 1.01597e+06 0
16360 997427 0
16370 757344 0
16380 874809 0
16390 914995 0
16400 1.03349e+06 0
16410 912934 0
16420 539929 0
16430 955180 0
16440 938694 0
16450 944876 0
16460 1.25503e+06 0
16470 955180 0
16480 984032 0
16490 952089 0
16500 810924 0
16510 771769 0
16520 705824 0
16530 962393 0
16540 945907 0
16550 874809 0
16560 951059 0
16570 985062 0
16580 1.06131e+06 0
16590 1.04998e+06 0
16600 968576 0
16610 895417 0
16620 900569 0
16630 802681 0
16640 841836 0
16650 740857 0
16660 836684 0
16670 895417 0
16680 733644 0
16690 857292 0
16700 882022 0
16710 842867 0
16720 948998 0
16730 1.21175e+06 0
16740 1.07368e+06 0
16750 1.01804e+06 0
16760 535808 0
16770 602784 0
16780 839776 0
16790 826380 0
16800 912934 0
16810 994336 0
16820 1.10562e+06 0
16831 620300 0
16840 726432 0
16851 1.03349e+06 0
16860 969606 0
16870 1.29006e+06 0
16880 723340 0
16890 1.00155e+06 0
16900 1.12829e+06 0
16911 1.10253e+06 0
16920 759404 0
16930 876870 0
16940 805772 0
16950 842867 0
16960 941785 0
16970 663577 0
16980 901600 0
16990 991244 0
17000 832563 0
17010 928390 0
17020 1.06852e+06 0
17030 808864 0
17040 690368 0
17050 988153 0
17061 841836 0
17070 500774 0
17080 842867 0
17090 667699 0
17100 1.01391e+06 0
17110 877900 0
17120 888204 0
17130 765587 0
17140 799590 0
17150 612057 0
17160 646060 0
17170 994336 0
17180 975788 0
17190 796499 0
17200 975788 0
17210 1.03967e+06 0
17220 1.20454e+06 0
17230 876870 0
17240 833593 0
17250 925299 0
17260 1.14993e+06 0
17270 927360 0
17280 1.13859e+06 0
17290 1.16229e+06 0
17300 1.04276e+06 0
17310 993305 0
17320 756313 0
17330 961363 0
17340 1.00876e+06 0
17350 758374 0
17360 648121 0
17370 524473 0
17380 540960 0
17390 749100 0
17400 834624 0
17411 791347 0
17420 900569 0
17430 898508 0
17440 1.00979e+06 0
17450 852140 0
17460 1.02216e+06 0
17470 820198 0
17480 1.07368e+06 0
17490 1.09841e+06 0
17500 984032 0
17510 1.12726e+06 0
17520 1.22412e+06 0
17530 991244 0
17540 724371 0
17550 851110 0
17560 962393 0
17570 696550 0
17580 846988 0
17590 1.05513e+06 0
17600 1.09119e+06 0
17610 719219 0
17620 927360 0
17630 1.02731e+06 0
17641 631635 0
17650 598662 0
17660 863475 0
17670 983001 0
17680 744979 0
17690 676972 0
17700 773830 0
17710 1.00155e+06 0
17720 954150 0
17730 884083 0
17740 994336 0
17750 1.11386e+06 0
17760 984032 0
17770 1.00979e+06 0
17780 706854 0
17790 777952 0
17800 640908 0
17810 536838 0
17820 765587 0
17830 893356 0
17840 1.12623e+06 0
17850 922208 0
17860 748070 0
17870 888204 0
17880 747040 0
17890 491500 0
17900 645030 0
17910 833593 0
17920 753222 0
17930 792377 0
17940 964454 0
17951 919116 0
17960 840806 0
17970 911904 0
17980 846988 0
17990 962393 0
18000 1.02216e+06 0
18010 1.06543e+06 0
18020 956211 0
18030 784134 0
18040 1.2406e+06 0
18050 1.12108e+06 0
18060 952089 0
18070 1.28903e+06 0
18081 1.11283e+06 0
18090 1.09634e+06 0
18100 741888 0
18110 696550 0
18120 806803 0
18130 935603 0
18140 1.11695e+06 0
18150 1.0778e+06 0
18160 1.16332e+06 0
18170 1.07471e+06 0
18180 1.10459e+06 0
18190 1.24472e+06 0
18200 1.03452e+06 0
18210 1.15817e+06 0
18220 1.04792e+06 0
18230 1.16332e+06 0
18240 963424 0
18250 873779 0
18260 715097 0
18270 912934 0
18280 1.15611e+06 0
18290 972697 0
18300 816076 0
18310 681094 0
18320 591449 0
18330 730553 0
18340 864505 0
18350 695520 0
18360 713036 0
18370 1.12623e+06 0
18380 904691 0
18390 1.01288e+06 0
18400 948998 0
18410 890265 0
18420 969606 0
18430 948998 0
18440 1.13138e+06 0
18450 927360 0
18460 882022 0
18470 939724 0
18480 788256 0
18490 693459 0
18500 976819 0
18510 1.00155e+06 0
18520 680064 0
18530 920147 0
18540 852140 0
18550 1.15096e+06 0
18560 1.18908e+06 0
18570 912934 0
18580 849049 0
18591 756313 0
18600 670790 0
18610 707884 0
18620 858323 0
18630 987123 0
18640 790316 0
18650 831532 0
18660 918086 0
18670 373004 0
18680 606905 0
18690 1.18908e+06 0
18700 990214 0
18710 619270 0
18721 729523 0
18730 876870 0
18740 809894 0
18750 969606 0
18760 608966 0
18771 726432 0
18780 781043 0
18790 918086 0
18800 936633 0
18810 1.22618e+06 0
18820 1.03143e+06 0
18830 785164 0
18840 893356 0
18850 950028 0
18860 1.00155e+06 0
18870 828441 0
18880 892326 0
18890 764556 0
18900 850080 0
18910 1.01185e+06 0
18920 893356 0
18930 1.16126e+06 0
18940 991244 0
18950 1.01185e+06 0
18960 1.10459e+06 0
18970 925299 0
18980 843897 0
18990 972697 0
19000 955180 0
19010 958272 0
19020 852140 0
19030 756313 0
19040 867596 0
19050 968576 0
19060 739827 0
19070 771769 0
19080 845958 0
19090 794438 0
19100 791347 0
19110 789286 0
19120 857292 0
19130 835654 0
19140 694489 0
19150 762496 0
19160 667699 0
19170 663577 0
19180 886144 0
19190 1.21381e+06 0
19200 947968 0
19210 1.07574e+06 0
19220 990214 0
19230 803712 0
19240 709945 0
19250 589388 0
19261 768678 0
19270 728492 0
19280 1.0881e+06 0
19290 954150 0
19300 857292 0
19310 880992 0
19320 606905 0
19330 1.00155e+06 0
19340 885113 0
19350 718188 0
19360 1.05616e+06 0
19370 937664 0
19380 1.14993e+06 0
19390 911904 0
19400 836684 0
19410 1.06646e+06 0
19420 1.26121e+06 0
19430 1.02628e+06 0
19440 970636 0
19450 852140 0
19460 656364 0
19470 1.18084e+06 0
19480 1.40031e+06 0
19490 1.2406e+06 0
19500 1.0067e+06 0
19510 1.15611e+06 0
19520 812985 0
19530 1.08913e+06 0
19540 885113 0
19551 887174 0
19560 741888 0
19570 988153 0
19580 927360 0
19590 1.21484e+06 0
19600 953120 0
19610 1.07574e+06 0
19620 1.05513e+06 0
19630 1.02422e+06 0
19640 1.21793e+06 0
19650 1.01494e+06 0
19660 1.17981e+06 0
19670 999488 0
19680 1.32509e+06 0
19690 940755 0
19700 747040 0
19710 934572 0
19720 826380 0
19730 916025 0
19740 792377 0
19750 1.01906e+06 0
19760 931481 0
19770 843897 0
19780 720249 0
19790 907782 0
19800 1.10871e+06 0
19810 942816 0
19820 738796 0
19830 1.11901e+06 0
19840 981971 0
19850 928390 0
19860 858323 0
19870 1.17466e+06 0
19880 1.24884e+06 0
19890 1.03452e+06 0
19900 918086 0
19910 835654 0
19920 638848 0
19930 768678 0
19940 1.03246e+06 0
19950 750131 0
19960 588358 0
19970 985062 0
19980 1.1695e+06 0
19990 760435 0
20000 1.1592e+06 0
20010 819168 0
20020 1.09532e+06 0
20030 951059 0
20040 1.1932e+06 0
20050 821228 0
20060 811955 0
20070 838745 0
20080 925299 0
20090 706854 0
20100 880992 0
20110 1.60227e+06 0
20120 896448 0
20130 1.06852e+06 0
20140 873779 0
20150 1.3694e+06 0
20160 1.00052e+06 0
20170 962393 0
20181 1.20042e+06 0
20190 764556 0
20200 882022 0
20210 1.01082e+06 0
20220 1.1829e+06 0
20230 1.05925e+06 0
20240 808864 0
20250 846988 0
20260 944876 0
20270 1.09738e+06 0
20280 907782 0
20290 1.10562e+06 0
20300 1.08192e+06 0
20311 975788 0
20320 989184 0
20330 936633 0
20340 1.01906e+06 0
20350 901600 0
20360 1.01804e+06 0
20370 1.0541e+06 0
20380 990214 0
20390 1.40237e+06 0
20400 1.17156e+06 0
20410 1.06028e+06 0
20421 1.07677e+06 0
20430 1.24575e+06 0
20440 1.2406e+06 0
20450 946937 0
20460 986092 0
20470 1.01391e+06 0
20480 776921 0
20490 801651 0
20500 943846 0
20510 1.19629e+06 0
20520 790316 0
20530 965484 0
20540 1.20866e+06 0
20550 1.10562e+06 0
20560 1.31582e+06 0
20570 1.02834e+06 0
20580 865536 0
20590 786195 0
20600 927360 0
20610 877900 0
20620 909843 0
20630 1.13859e+06 0
20640 1.14065e+06 0
20650 1.0407e+06 0
20660 1.10356e+06 0
20670 1.24988e+06 0
20680 895417 0
20690 872748 0
20700 1.09016e+06 0
20710 923238 0
20721 790316 0
20731 1.16126e+06 0
20740 803712 0
20750 784134 0
20760 660486 0
20770 642969 0
20780 854201 0
20790 1.20042e+06 0
20800 979910 0
20810 717158 0
20820 640908 0
20831 835654 0
20840 669760 0
20850 888204 0
20860 846988 0
20870 1.06131e+06 0
20880 841836 0
20890 891296 0
20900 1.2303e+06 0
20910 1.22514e+06 0
20920 1.06234e+06 0
20930 985062 0
20940 825350 0
20950 729523 0
20960 525504 0
20970 996396 0
20980 689337 0
20990 575993 0
21000 675942 0
21010 919116 0
21020 1.0201e+06 0
21030 1.06131e+06 0
21040 824320 0
21050 1.04895e+06 0
21060 768678 0
21070 739827 0
21080 916025 0
21090 1.18908e+06 0
21100 969606 0
21110 1.17156e+06 0
21120 1.01391e+06 0
21130 1.02834e+06 0
21140 951059 0
21150 1.17981e+06 0
21160 1.0778e+06 0
21170 947968 0
21180 851110 0
21190 873779 0
21200 1.07986e+06 0
21210 1.16126e+06 0
21220 1.11695e+06 0
21230 1.11695e+06 0
21240 1.19732e+06 0
21250 1.11798e+06 0
21260 971667 0
21270 953120 0
21280 922208 0
21290 945907 0
21300 864505 0
21310 981971 0
21320 1.13035e+06 0
21330 959302 0
21340 717158 0
21350 1.11077e+06 0
21360 1.0201e+06 0
21370 620300 0
21380 628544 0
21390 748070 0
21400 569811 0
21410 732614 0
21420 794438 0
21430 1.18805e+06 0
21440 909843 0
21450 1.06749e+06 0
21460 1.0644e+06 0
21470 955180 0
21481 941785 0
21490 825350 0
21500 827411 0
21510 1.07986e+06 0
21520 889235 0
21530 958272 0
21540 1.14786e+06 0
21550 810924 0
21560 914995 0
21570 947968 0
21580 1.10871e+06 0
21590 857292 0
