# TimeStamp(s) Sum Stdev
0 5.68266e+06 0
10 5.71254e+06 0
20 5.89595e+06 0
30 5.73314e+06 0
40 5.7678e+06 0
50 4.34486e+06 0
60 7.36864e+06 0
70 6.4368e+06 0
80 5.78869e+06 0
90 5.69491e+06 0
100 5.72147e+06 0
110 5.81707e+06 0
120 5.6206e+06 0
130 5.72892e+06 0
140 6.23358e+06 0
150 6.1943e+06 0
160 6.27175e+06 0
170 5.82165e+06 0
180 6.33741e+06 0
190 6.78415e+06 0
200 6.33116e+06 0
212 6.19855e+06 0
220 6.68009e+06 0
230 6.48523e+06 0
243 6.02726e+06 0
250 5.98973e+06 0
260 6.30236e+06 0
270 5.96385e+06 0
283 5.69159e+06 0
290 5.99076e+06 0
300 5.87064e+06 0
310 6.54771e+06 0
320 6.75677e+06 0
330 6.63154e+06 0
340 6.27170e+06 0
350 6.18162e+06 0
360 6.12205e+06 0
370 6.2526e+06 0
381 5.20833e+06 0
390 6.75758e+06 0
400 5.7383e+06 0
410 5.99384e+06 0
420 5.8638e+06 0
430 5.64213e+06 0
440 5.6663e+06 0
450 5.81112e+06 0
460 5.61375e+06 0
470 5.5945e+06 0
480 5.96108e+06 0
490 5.93491e+06 0
500 6.48965e+06 0
510 5.961e+06 0
520 6.29953e+06 0
532 5.91439e+06 0
540 6.58671e+06 0
550 5.77333e+06 0
560 6.05436e+06 0
570 5.54994e+06 0
580 5.29924e+06 0
590 6.11818e+06 0
600 6.08429e+06 0
610 6.67597e+06 0
620 6.68719e+06 0
630 6.44918e+06 0
640 6.23423e+06 0
652 5.55018e+06 0
660 6.19169e+06 0
670 6.33406e+06 0
680 6.4628e+06 0
690 6.5553e+06 0
700 6.76162e+06 0
710 6.86829e+06 0
720 5.99489e+06 0
730 5.74637e+06 0
740 6.31626e+06 0
750 6.06998e+06 0
760 6.06435e+06 0
770 5.97372e+06 0
780 5.91828e+06 0
790 5.42622e+06 0
801 4.2434e+06 0
810 7.16335e+06 0
820 5.79669e+06 0
830 5.18978e+06 0
840 5.98676e+06 0
852 6.58415e+06 0
860 5.88876e+06 0
870 5.68001e+06 0
880 5.76498e+06 0
890 6.4422e+06 0
900 6.32322e+06 0
910 6.27090e+06 0
920 6.66991e+06 0
930 6.63282e+06 0
941 5.08238e+06 0
950 6.95163e+06 0
960 5.68668e+06 0
970 5.84765e+06 0
980 6.09963e+06 0
990 5.36302e+06 0
1000 5.37044e+06 0
1010 5.39902e+06 0
1020 5.74311e+06 0
1030 5.73922e+06 0
1040 5.94634e+06 0
1050 5.51665e+06 0
1060 5.7145e+06 0
1070 5.56279e+06 0
1080 5.79407e+06 0
1091 5.40284e+06 0
1100 6.68241e+06 0
1110 5.68285e+06 0
1120 5.39901e+06 0
1130 5.171e+06 0
1140 5.36392e+06 0
1150 5.59704e+06 0
1160 5.63927e+06 0
1170 6.24127e+06 0
1180 6.32013e+06 0
1190 6.59445e+06 0
1200 6.32449e+06 0
1210 5.87294e+06 0
1220 5.534e+06 0
1230 6.1658e+06 0
1240 6.34594e+06 0
1250 6.49888e+06 0
1260 6.92859e+06 0
1270 6.6301e+06 0
1280 6.68799e+06 0
1290 6.73809e+06 0
1300 6.77513e+06 0
1310 6.5759e+06 0
1320 6.71761e+06 0
1331 5.60964e+06 0
1340 7.98954e+06 0
1350 6.73998e+06 0
1360 6.42365e+06 0
1370 6.54626e+06 0
1380 6.77089e+06 0
1390 6.45765e+06 0
1400 6.84611e+06 0
1410 6.76597e+06 0
1420 6.74545e+06 0
1430 6.88192e+06 0
1441 5.93405e+06 0
1450 7.40956e+06 0
1460 6.90156e+06 0
1470 6.82247e+06 0
1480 6.68434e+06 0
1490 6.51226e+06 0
1500 6.72246e+06 0
1510 6.60191e+06 0
1520 6.71216e+06 0
1530 5.80724e+06 0
1540 5.53577e+06 0
1550 5.71811e+06 0
1560 5.93009e+06 0
1570 5.86391e+06 0
1580 6.17841e+06 0
1593 6.46486e+06 0
1600 6.19982e+06 0
1611 5.17463e+06 0
1620 7.65108e+06 0
1630 6.95048e+06 0
1640 6.85642e+06 0
1650 6.51373e+06 0
1660 6.17106e+06 0
1670 6.19075e+06 0
1680 6.37199e+06 0
1690 5.73526e+06 0
1700 6.34509e+06 0
1710 6.32656e+06 0
1720 6.34922e+06 0
1730 6.97684e+06 0
1740 6.81314e+06 0
1750 6.55039e+06 0
1760 5.95172e+06 0
1770 5.79954e+06 0
1780 5.91815e+06 0
1790 6.32388e+06 0
1800 5.84197e+06 0
1810 5.86839e+06 0
1820 5.92274e+06 0
1830 5.65667e+06 0
1843 5.73474e+06 0
1850 6.20436e+06 0
1860 6.15019e+06 0
1870 5.8762e+06 0
1880 6.67081e+06 0
1892 6.34074e+06 0
1900 6.52517e+06 0
1910 4.66977e+06 0
1920 7.35118e+06 0
1930 5.55052e+06 0
1940 6.29986e+06 0
1950 7.6061e+06 0
1960 6.41939e+06 0
1970 5.61343e+06 0
1980 5.79052e+06 0
1990 6.2598e+06 0
2000 5.62267e+06 0
2010 5.98295e+06 0
2020 6.23921e+06 0
2030 6.45147e+06 0
2040 6.47105e+06 0
2050 5.72092e+06 0
2060 6.00768e+06 0
2070 4.55609e+06 0
2080 7.64006e+06 0
2090 6.28957e+06 0
2100 6.17927e+06 0
2110 5.64474e+06 0
2121 6.03687e+06 0
2130 6.93896e+06 0
2140 6.21331e+06 0
2150 6.04087e+06 0
2160 5.99713e+06 0
2170 6.2686e+06 0
2180 6.89544e+06 0
2190 6.38541e+06 0
2200 6.32964e+06 0
2210 6.33091e+06 0
2220 6.02441e+06 0
2230 5.95869e+06 0
2240 5.34332e+06 0
2250 5.79922e+06 0
2260 5.98113e+06 0
2270 5.79074e+06 0
2280 5.89997e+06 0
2290 6.53184e+06 0
2300 6.15538e+06 0
2310 5.90124e+06 0
2320 5.88166e+06 0
2330 6.1223e+06 0
2340 5.5929e+06 0
2350 5.63961e+06 0
2360 5.84242e+06 0
2370 6.71628e+06 0
2380 6.31498e+06 0
2390 6.56584e+06 0
2400 5.87523e+06 0
2411 4.93505e+06 0
2420 6.77601e+06 0
2430 6.40290e+06 0
2440 5.73472e+06 0
2450 5.81674e+06 0
2460 6.40486e+06 0
2470 6.74672e+06 0
2480 5.24985e+06 0
2490 7.61857e+06 0
2500 6.1824e+06 0
2510 6.28316e+06 0
2520 5.99699e+06 0
2530 5.83394e+06 0
2540 5.81651e+06 0
2550 6.05406e+06 0
2560 6.21488e+06 0
2570 5.92058e+06 0
2580 6.64621e+06 0
2590 6.72912e+06 0
2600 5.78251e+06 0
2610 6.2423e+06 0
2620 6.28224e+06 0
2630 5.81857e+06 0
2640 6.5339e+06 0
2650 5.58238e+06 0
2660 5.94002e+06 0
2670 6.56093e+06 0
2680 6.10732e+06 0
2690 6.29042e+06 0
2700 6.20805e+06 0
2710 5.86803e+06 0
2720 6.63748e+06 0
2730 6.55633e+06 0
2740 6.00118e+06 0
2750 6.14647e+06 0
2760 6.17818e+06 0
2770 6.42468e+06 0
2780 5.9636e+06 0
2790 6.21685e+06 0
2800 6.40225e+06 0
2810 5.73965e+06 0
2820 6.39334e+06 0
2830 6.4225e+06 0
2840 6.32764e+06 0
2850 6.03059e+06 0
2860 6.29249e+06 0
2870 6.64925e+06 0
2880 6.53137e+06 0
2890 6.69022e+06 0
2900 6.46237e+06 0
2910 6.14313e+06 0
2920 6.36707e+06 0
2930 6.41218e+06 0
2941 5.80164e+06 0
2950 6.70113e+06 0
2960 6.20915e+06 0
2970 5.44439e+06 0
2980 7.42179e+06 0
2990 6.46576e+06 0
3000 6.14428e+06 0
3010 6.0639e+06 0
3020 5.99132e+06 0
3030 6.2118e+06 0
3040 6.24312e+06 0
3050 5.6086e+06 0
3060 6.3103e+06 0
3070 6.71259e+06 0
3080 6.15084e+06 0
3090 6.1238e+06 0
3100 5.75984e+06 0
3110 6.75544e+06 0
3120 4.9497e+06 0
3130 7.9596e+06 0
3140 6.35825e+06 0
3150 6.57178e+06 0
3160 6.689e+06 0
3170 6.63179e+06 0
3180 6.69361e+06 0
3190 6.72762e+06 0
3200 6.33606e+06 0
3210 6.25878e+06 0
3220 6.46645e+06 0
3230 6.24114e+06 0
3240 6.27654e+06 0
3250 4.10042e+06 0
3260 8.69482e+06 0
3270 6.7447e+06 0
3280 6.29314e+06 0
3290 6.41493e+06 0
3300 6.0718e+06 0
3310 5.82281e+06 0
3320 6.60603e+06 0
3330 6.22248e+06 0
3340 6.40304e+06 0
3350 6.19236e+06 0
3360 6.75416e+06 0
3370 6.47208e+06 0
3380 6.74695e+06 0
3390 6.37007e+06 0
3400 5.99271e+06 0
3410 6.37818e+06 0
3420 5.93936e+06 0
3430 6.22328e+06 0
3440 6.12264e+06 0
3450 6.42214e+06 0
3460 6.12848e+06 0
3470 5.59795e+06 0
3480 6.16446e+06 0
3490 6.44502e+06 0
3500 6.28237e+06 0
3510 6.11284e+06 0
3520 5.70776e+06 0
3530 5.85154e+06 0
3541 5.45708e+06 0
3550 7.04446e+06 0
3560 6.21743e+06 0
3570 6.42396e+06 0
3580 6.10554e+06 0
3591 5.57315e+06 0
3600 7.57594e+06 0
3611 5.38556e+06 0
3621 5.97222e+06 0
3630 6.67319e+06 0
3640 5.37869e+06 0
3650 5.70844e+06 0
3660 6.79253e+06 0
3670 6.78738e+06 0
3680 6.46257e+06 0
3690 6.09598e+06 0
3700 5.35525e+06 0
3710 5.42616e+06 0
3720 6.2776e+06 0
3730 6.22276e+06 0
3740 5.55832e+06 0
3750 5.71644e+06 0
3760 5.47418e+06 0
3770 5.44009e+06 0
3780 5.61019e+06 0
3790 6.31412e+06 0
3800 6.44158e+06 0
3810 6.6567e+06 0
3820 6.16022e+06 0
3830 6.54033e+06 0
3840 6.15902e+06 0
3850 6.22721e+06 0
3860 6.46183e+06 0
3870 6.60706e+06 0
3880 6.18562e+06 0
3890 5.93924e+06 0
3900 6.39953e+06 0
3910 6.57796e+06 0
3920 6.21938e+06 0
3930 6.03597e+06 0
3940 6.30837e+06 0
3950 6.50711e+06 0
3960 6.43577e+06 0
3970 6.3474e+06 0
3980 6.24722e+06 0
3990 5.73772e+06 0
4000 5.97299e+06 0
4010 6.12745e+06 0
4020 6.00737e+06 0
4030 6.17326e+06 0
4040 6.63979e+06 0
4050 6.72829e+06 0
4060 6.29642e+06 0
4070 4.35366e+06 0
4080 7.22941e+06 0
4090 6.15812e+06 0
4100 6.93654e+06 0
4110 6.52129e+06 0
4120 6.61118e+06 0
4130 6.24514e+06 0
4140 6.48547e+06 0
4150 6.15859e+06 0
4160 6.11224e+06 0
4170 6.20805e+06 0
4180 6.3302e+06 0
4190 6.28981e+06 0
4200 6.73792e+06 0
4210 6.41655e+06 0
4220 6.27328e+06 0
4230 6.08362e+06 0
4240 6.25352e+06 0
4250 6.68076e+06 0
4260 6.48627e+06 0
4270 6.15755e+06 0
4280 6.11461e+06 0
4290 6.27186e+06 0
4300 6.08082e+06 0
4310 6.36159e+06 0
4320 5.7714e+06 0
4330 5.72068e+06 0
4340 5.82911e+06 0
4350 6.03519e+06 0
4360 6.70701e+06 0
4370 6.17921e+06 0
4380 6.31546e+06 0
4390 6.37522e+06 0
4402 4.9868e+06 0
4410 6.93538e+06 0
4420 6.11612e+06 0
4430 5.87469e+06 0
4440 5.70292e+06 0
4450 5.9033e+06 0
4460 6.35777e+06 0
4470 5.57211e+06 0
4482 5.83851e+06 0
4490 6.92266e+06 0
4500 6.39970e+06 0
4510 6.7101e+06 0
4520 6.16066e+06 0
4530 5.99294e+06 0
4540 5.93239e+06 0
4550 5.60837e+06 0
4560 5.91051e+06 0
4570 6.138e+06 0
4580 6.53184e+06 0
4590 6.50093e+06 0
4600 5.84293e+06 0
4610 6.15242e+06 0
4620 5.68491e+06 0
4630 5.78414e+06 0
4640 5.88463e+06 0
4650 6.63464e+06 0
4660 6.43268e+06 0
4672 6.29357e+06 0
4680 6.9757e+06 0
4690 6.50687e+06 0
4700 6.62433e+06 0
4710 6.27424e+06 0
4720 6.5473e+06 0
4730 6.76653e+06 0
4740 5.47624e+06 0
4750 7.84892e+06 0
4760 6.09781e+06 0
4770 3.97573e+06 0
4780 7.91827e+06 0
4790 6.09083e+06 0
4800 6.16029e+06 0
4810 6.12035e+06 0
4821 5.55375e+06 0
4830 6.74421e+06 0
4840 5.77009e+06 0
4850 5.7249e+06 0
4860 5.75272e+06 0
4870 6.32975e+06 0
4880 5.46175e+06 0
4890 5.55987e+06 0
4900 6.28248e+06 0
4910 5.59697e+06 0
4920 5.00643e+06 0
4930 5.59964e+06 0
4940 5.28895e+06 0
4950 6.23151e+06 0
4960 5.7839e+06 0
4970 6.21011e+06 0
4980 5.75111e+06 0
4990 5.7785e+06 0
5000 5.80972e+06 0
5010 5.90524e+06 0
5020 6.33552e+06 0
5030 6.18479e+06 0
5040 6.27010e+06 0
5051 4.29571e+06 0
5060 7.69479e+06 0
5070 6.35789e+06 0
5080 6.0404e+06 0
5090 6.12442e+06 0
5100 5.97894e+06 0
5110 5.91161e+06 0
5120 5.70372e+06 0
5131 5.03405e+06 0
5140 6.89722e+06 0
5150 5.69133e+06 0
5160 6.24113e+06 0
5170 6.65638e+06 0
5180 6.43192e+06 0
5190 6.61919e+06 0
5200 6.63966e+06 0
5210 5.10093e+06 0
5220 8.47595e+06 0
5230 6.65042e+06 0
5240 6.60121e+06 0
5250 6.05744e+06 0
5260 5.82886e+06 0
5270 6.17485e+06 0
5280 6.1049e+06 0
5290 5.91106e+06 0
5300 5.49441e+06 0
5310 5.95154e+06 0
5320 5.89664e+06 0
5330 6.33891e+06 0
5340 5.80595e+06 0
5350 6.3799e+06 0
5360 6.47444e+06 0
5370 6.41493e+06 0
5380 6.28610e+06 0
5390 6.23976e+06 0
5400 5.95069e+06 0
5410 5.97907e+06 0
5420 5.99968e+06 0
5430 6.18252e+06 0
5440 6.54626e+06 0
5452 5.92216e+06 0
5460 6.73549e+06 0
5470 6.12745e+06 0
5480 6.34328e+06 0
5490 6.49553e+06 0
5500 6.36673e+06 0
5510 5.80827e+06 0
5520 5.85923e+06 0
5530 5.7919e+06 0
5540 5.94325e+06 0
5550 5.97542e+06 0
5560 6.09987e+06 0
5570 6.7256e+06 0
5580 5.78596e+06 0
5590 5.61558e+06 0
5602 5.42241e+06 0
5610 6.47656e+06 0
5620 5.57825e+06 0
5630 4.0172e+06 0
5640 7.29948e+06 0
5650 5.70888e+06 0
5660 5.94056e+06 0
5670 6.35522e+06 0
5680 6.51723e+06 0
5690 6.27224e+06 0
5700 6.08957e+06 0
5710 6.09386e+06 0
5720 5.83014e+06 0
5733 5.09087e+06 0
5740 6.01113e+06 0
5750 5.00154e+06 0
5760 6.61105e+06 0
5770 5.41372e+06 0
5780 5.66102e+06 0
5790 5.68472e+06 0
5800 5.36426e+06 0
5810 6.08966e+06 0
5820 5.96704e+06 0
5830 5.97107e+06 0
5840 6.0252e+06 0
5850 5.8625e+06 0
5860 5.77539e+06 0
5870 6.06173e+06 0
5880 4.3895e+06 0
5890 7.2705e+06 0
5900 6.36375e+06 0
5910 6.03333e+06 0
5920 5.78663e+06 0
5930 5.64776e+06 0
5940 6.07149e+06 0
5950 6.0772e+06 0
5960 5.85336e+06 0
5970 6.08094e+06 0
5980 6.42445e+06 0
5990 6.35722e+06 0
6000 5.45514e+06 0
6010 5.82189e+06 0
6020 5.87761e+06 0
6030 5.11044e+06 0
6040 6.93393e+06 0
6050 6.39074e+06 0
6060 6.10994e+06 0
6070 5.96577e+06 0
6080 6.2763e+06 0
6090 6.43189e+06 0
6100 6.451e+06 0
6110 6.00815e+06 0
6120 5.65394e+06 0
6130 5.32065e+06 0
6140 5.65268e+06 0
6150 5.41647e+06 0
6160 5.11275e+06 0
6170 6.24618e+06 0
6180 6.32885e+06 0
6190 6.60942e+06 0
6200 5.7862e+06 0
6210 5.91597e+06 0
6221 5.21887e+06 0
6230 7.0071e+06 0
6243 5.6174e+06 0
6250 6.01089e+06 0
6260 5.76243e+06 0
6270 5.88064e+06 0
6280 5.57806e+06 0
6290 5.59037e+06 0
6300 3.9407e+06 0
6310 7.7802e+06 0
6320 6.22375e+06 0
6330 6.23405e+06 0
6340 6.3214e+06 0
6350 6.14315e+06 0
6360 6.2843e+06 0
6370 6.18641e+06 0
6380 5.68359e+06 0
6390 6.0844e+06 0
6400 6.18388e+06 0
6410 6.11908e+06 0
6420 5.93584e+06 0
6430 5.93167e+06 0
6440 6.30388e+06 0
6450 6.33916e+06 0
6460 6.38964e+06 0
6470 6.51717e+06 0
6480 6.34692e+06 0
6490 5.78662e+06 0
6500 6.34625e+06 0
6511 5.48145e+06 0
6520 7.05879e+06 0
6530 6.23236e+06 0
6540 6.46074e+06 0
6550 5.91294e+06 0
6560 6.37552e+06 0
6570 5.89355e+06 0
6580 5.76747e+06 0
6590 5.49010e+06 0
6600 5.71323e+06 0
6610 5.44248e+06 0
6620 5.87214e+06 0
6630 5.9041e+06 0
6640 5.81032e+06 0
6650 5.37823e+06 0
6660 4.91588e+06 0
6670 5.17808e+06 0
6680 5.7591e+06 0
6690 6.52978e+06 0
6700 6.12539e+06 0
6710 6.11453e+06 0
6720 5.97542e+06 0
6730 5.89894e+06 0
6740 6.19982e+06 0
6750 5.66902e+06 0
6760 6.17502e+06 0
6770 6.02422e+06 0
6780 6.00356e+06 0
6790 5.7779e+06 0
6800 5.97039e+06 0
6810 6.02786e+06 0
6820 5.91755e+06 0
6830 5.97312e+06 0
6840 5.5257e+06 0
6850 5.80541e+06 0
6860 5.92755e+06 0
6870 5.6457e+06 0
6880 6.03574e+06 0
6890 6.27606e+06 0
6902 6.33582e+06 0
6910 6.71204e+06 0
6920 6.58827e+06 0
6930 6.43371e+06 0
6940 6.43292e+06 0
6950 6.52826e+06 0
6960 6.21897e+06 0
6970 6.1555e+06 0
6980 6.14726e+06 0
6990 6.46177e+06 0
7000 5.92264e+06 0
7010 6.48214e+06 0
7020 6.7995e+06 0
7030 6.17714e+06 0
7040 6.25054e+06 0
7052 5.59576e+06 0
7060 6.32988e+06 0
7070 5.52545e+06 0
7080 5.90226e+06 0
7090 5.64134e+06 0
7100 6.22066e+06 0
7110 6.05453e+06 0
7120 5.81159e+06 0
7130 5.3755e+06 0
7140 5.5677e+06 0
7150 5.61145e+06 0
7160 5.80193e+06 0
7170 6.23598e+06 0
7180 6.36682e+06 0
7190 6.46218e+06 0
7200 6.61347e+06 0
7210 6.36594e+06 0
7220 6.57178e+06 0
7230 6.59033e+06 0
7240 6.02694e+06 0
7250 6.34589e+06 0
7260 6.37473e+06 0
7270 6.1886e+06 0
7280 5.77553e+06 0
7290 6.05635e+06 0
7301 5.07208e+06 0
7311 6.23072e+06 0
7320 7.07264e+06 0
7330 5.86642e+06 0
7342 5.55588e+06 0
7350 5.92986e+06 0
7360 6.1461e+06 0
7370 5.98452e+06 0
7380 5.60067e+06 0
7390 5.80747e+06 0
7400 6.01617e+06 0
7410 5.39071e+06 0
7423 5.44968e+06 0
7430 6.32529e+06 0
7440 5.97185e+06 0
7452 6.44092e+06 0
7460 6.8209e+06 0
7470 6.27994e+06 0
7480 6.00792e+06 0
7490 6.01617e+06 0
7502 5.45938e+06 0
7510 6.57796e+06 0
7520 6.01052e+06 0
7530 5.77996e+06 0
7540 5.98058e+06 0
7550 6.38449e+06 0
7560 6.13878e+06 0
7570 6.26266e+06 0
7580 5.58673e+06 0
7590 6.33715e+06 0
7600 6.26417e+06 0
7610 6.56367e+06 0
7620 6.48989e+06 0
7630 4.8306e+06 0
7640 7.19739e+06 0
7650 6.4607e+06 0
7661 5.56079e+06 0
7670 7.03316e+06 0
7680 4.74235e+06 0
7690 7.78892e+06 0
7700 5.88998e+06 0
7710 5.47242e+06 0
7720 5.796e+06 0
7730 5.97282e+06 0
7740 6.41135e+06 0
7750 6.43589e+06 0
7760 6.48108e+06 0
7770 6.6028e+06 0
7780 6.44721e+06 0
7790 5.47611e+06 0
7800 6.11247e+06 0
7810 6.16477e+06 0
7820 6.00118e+06 0
7832 6.19935e+06 0
7840 6.94946e+06 0
7850 6.38402e+06 0
7860 5.9351e+06 0
7870 6.05709e+06 0
7880 5.86916e+06 0
7890 5.91256e+06 0
7900 5.47234e+06 0
7910 5.8513e+06 0
7920 5.72298e+06 0
7930 4.42785e+06 0
7940 7.49798e+06 0
7950 5.90281e+06 0
7960 5.8753e+06 0
7970 6.06744e+06 0
7980 6.10441e+06 0
7993 5.32269e+06 0
8000 5.99144e+06 0
8010 5.34088e+06 0
8020 5.8276e+06 0
8030 5.24876e+06 0
8040 5.02801e+06 0
8050 5.51309e+06 0
8060 6.24447e+06 0
8070 5.88924e+06 0
8080 6.26573e+06 0
8090 6.08932e+06 0
8101 4.44719e+06 0
8110 7.78438e+06 0
8121 5.44302e+06 0
8131 5.84584e+06 0
8140 7.00621e+06 0
8150 5.97395e+06 0
8160 6.18156e+06 0
8170 6.1934e+06 0
8180 5.40664e+06 0
8190 5.41211e+06 0
8200 5.20342e+06 0
8210 5.16929e+06 0
8220 5.54321e+06 0
8230 5.51357e+06 0
8240 5.77013e+06 0
8250 6.47366e+06 0
8260 6.62687e+06 0
8270 6.50973e+06 0
8280 6.571e+06 0
8290 6.3657e+06 0
8300 6.62536e+06 0
8310 6.92236e+06 0
8320 6.64803e+06 0
8330 6.47723e+06 0
8340 6.21066e+06 0
8350 5.99816e+06 0
8360 6.26838e+06 0
8370 6.3946e+06 0
8380 6.50917e+06 0
8390 6.12689e+06 0
8400 5.83092e+06 0
8410 5.36392e+06 0
8420 5.63928e+06 0
8430 6.04525e+06 0
8440 6.36388e+06 0
8450 6.49572e+06 0
8460 6.31933e+06 0
8470 6.36032e+06 0
8480 6.00094e+06 0
8490 5.81342e+06 0
8501 4.10623e+06 0
8510 6.20690e+06 0
8520 5.4199e+06 0
8530 6.27675e+06 0
8540 6.31188e+06 0
8550 6.88527e+06 0
8560 6.9852e+06 0
8570 6.41699e+06 0
8580 6.36388e+06 0
8590 6.10192e+06 0
8600 6.02969e+06 0
8610 6.50904e+06 0
8620 5.84821e+06 0
8630 5.71655e+06 0
8640 6.12412e+06 0
8650 5.96351e+06 0
8660 6.0852e+06 0
8670 6.00412e+06 0
8680 5.46344e+06 0
8690 5.85124e+06 0
8700 6.00277e+06 0
8710 6.4089e+06 0
8720 6.00393e+06 0
8730 5.90905e+06 0
8740 5.66703e+06 0
8752 5.64522e+06 0
8760 6.01652e+06 0
8770 6.15226e+06 0
8780 6.2599e+06 0
8790 6.19362e+06 0
8800 6.135e+06 0
8810 5.95674e+06 0
8820 6.71306e+06 0
8830 6.56396e+06 0
8840 6.28921e+06 0
8850 5.70086e+06 0
8860 5.46078e+06 0
8870 5.67352e+06 0
8880 5.56588e+06 0
8890 6.37601e+06 0
8900 6.63028e+06 0
8910 5.79771e+06 0
8920 5.49066e+06 0
8930 6.20472e+06 0
8941 5.34204e+06 0
8950 7.08134e+06 0
8960 6.52311e+06 0
8970 6.39661e+06 0
8980 5.64934e+06 0
8990 5.65497e+06 0
9002 5.45848e+06 0
9010 5.68625e+06 0
9020 5.91058e+06 0
9030 5.42768e+06 0
9040 6.1066e+06 0
9052 5.88274e+06 0
9060 5.70166e+06 0
9070 6.49848e+06 0
9080 6.25964e+06 0
9090 5.90742e+06 0
9100 5.86391e+06 0
9110 6.01330e+06 0
9120 4.75599e+06 0
9130 7.54551e+06 0
9140 6.50299e+06 0
9150 6.23921e+06 0
9160 6.23952e+06 0
9170 6.2509e+06 0
9180 6.11428e+06 0
9190 6.5473e+06 0
9200 6.49548e+06 0
9210 6.1303e+06 0
9220 6.21138e+06 0
9230 6.30903e+06 0
9240 6.52026e+06 0
9250 6.75611e+06 0
9260 6.6898e+06 0
9270 6.4497e+06 0
9280 6.44892e+06 0
9290 6.15309e+06 0
9302 4.92897e+06 0
9310 6.24357e+06 0
9320 5.54454e+06 0
9330 5.42702e+06 0
9340 5.46902e+06 0
9350 5.85748e+06 0
9360 4.53386e+06 0
9370 7.59839e+06 0
9380 5.74358e+06 0
9390 5.63413e+06 0
9400 6.31546e+06 0
9410 6.17302e+06 0
9420 6.09036e+06 0
9430 6.58367e+06 0
9440 6.09757e+06 0
9450 6.04651e+06 0
9460 6.19176e+06 0
9470 6.64492e+06 0
9480 5.97441e+06 0
9490 6.1732e+06 0
9500 6.31128e+06 0
9510 6.47807e+06 0
9520 6.66913e+06 0
9531 5.36259e+06 0
9540 7.26644e+06 0
9550 6.08132e+06 0
9560 5.88966e+06 0
9570 6.26382e+06 0
9581 4.79514e+06 0
9590 7.29706e+06 0
9600 6.36237e+06 0
9611 5.61074e+06 0
9620 6.83901e+06 0
9630 6.41012e+06 0
9640 6.53804e+06 0
9650 6.25934e+06 0
9660 6.45512e+06 0
9670 5.98802e+06 0
9680 6.27424e+06 0
9690 6.01302e+06 0
9700 6.17403e+06 0
9710 6.08416e+06 0
9720 5.92514e+06 0
9730 6.00568e+06 0
9740 6.27398e+06 0
9750 5.95697e+06 0
9760 6.72464e+06 0
9770 6.8644e+06 0
9780 6.37474e+06 0
9790 6.66266e+06 0
9800 5.89664e+06 0
9810 5.90182e+06 0
9820 6.57464e+06 0
9830 6.39588e+06 0
9840 6.71197e+06 0
9850 6.72943e+06 0
9860 6.61197e+06 0
9870 6.71604e+06 0
9882 6.32036e+06 0
9890 7.18978e+06 0
9900 6.04605e+06 0
9910 6.11944e+06 0
9920 6.06849e+06 0
9930 6.68819e+06 0
9940 6.54724e+06 0
9950 6.11284e+06 0
9960 6.49201e+06 0
9970 5.7773e+06 0
9980 5.64316e+06 0
9990 5.73246e+06 0
10000 5.48963e+06 0
10010 6.16042e+06 0
10020 6.04008e+06 0
10030 6.53971e+06 0
10040 5.98323e+06 0
10050 6.29916e+06 0
10060 6.12702e+06 0
10070 6.3174e+06 0
10080 6.69549e+06 0
10090 6.8343e+06 0
10100 6.17382e+06 0
10110 5.54349e+06 0
10120 5.83493e+06 0
10130 6.16205e+06 0
10140 6.35152e+06 0
10150 6.80362e+06 0
10160 6.49583e+06 0
10170 6.35928e+06 0
10180 6.15551e+06 0
10190 6.22352e+06 0
10202 5.95294e+06 0
10210 7.0095e+06 0
10220 6.80338e+06 0
10230 6.74114e+06 0
10240 6.63258e+06 0
10250 6.65730e+06 0
10260 6.70058e+06 0
10270 6.75622e+06 0
10280 6.03554e+06 0
10290 6.73252e+06 0
10300 6.98353e+06 0
10310 6.73234e+06 0
10320 6.82493e+06 0
10330 6.40313e+06 0
10340 6.63441e+06 0
10350 6.11888e+06 0
10360 5.88409e+06 0
10370 6.14369e+06 0
10380 5.72461e+06 0
10390 5.1076e+06 0
10400 5.6545e+06 0
10410 5.83323e+06 0
10420 6.48809e+06 0
10430 5.77219e+06 0
10440 5.85233e+06 0
10450 5.75801e+06 0
10460 6.22763e+06 0
10470 6.1152e+06 0
10480 6.38964e+06 0
10492 5.99222e+06 0
10503 6.92017e+06 0
10510 5.92639e+06 0
10520 5.49667e+06 0
10530 6.14634e+06 0
10540 6.10369e+06 0
10550 6.46014e+06 0
10560 6.34876e+06 0
10570 6.00354e+06 0
10580 5.88737e+06 0
10590 6.19282e+06 0
10600 6.24388e+06 0
10610 6.15939e+06 0
10620 6.44897e+06 0
10630 5.7542e+06 0
10640 5.72422e+06 0
10650 5.91618e+06 0
10660 5.96429e+06 0
10670 6.04124e+06 0
10680 5.70008e+06 0
10690 6.35126e+06 0
10700 6.00624e+06 0
10710 6.17794e+06 0
10720 5.63993e+06 0
10730 6.24127e+06 0
10740 6.06356e+06 0
10750 5.79486e+06 0
10760 6.52050e+06 0
10770 6.11612e+06 0
10780 5.76784e+06 0
10791 4.23284e+06 0
10800 6.60736e+06 0
10812 5.68268e+06 0
10820 6.31052e+06 0
10830 6.35659e+06 0
10840 5.85597e+06 0
10850 5.2847e+06 0
10860 5.36829e+06 0
10870 5.73358e+06 0
10880 6.02992e+06 0
10890 6.00174e+06 0
10900 6.57281e+06 0
10910 6.35358e+06 0
10920 6.42546e+06 0
10930 5.53006e+06 0
10940 5.27325e+06 0
10950 5.39816e+06 0
10960 5.67947e+06 0
10970 6.1215e+06 0
10980 6.04708e+06 0
10990 6.30824e+06 0
11000 6.11841e+06 0
11012 5.76293e+06 0
11020 6.7507e+06 0
11030 5.96386e+06 0
11040 6.21217e+06 0
11050 5.43629e+06 0
11060 6.14314e+06 0
11070 5.70214e+06 0
11080 6.47905e+06 0
11090 6.04609e+06 0
11100 5.73178e+06 0
11110 6.26873e+06 0
11120 6.07228e+06 0
11130 6.07252e+06 0
11140 6.01283e+06 0
11150 5.86435e+06 0
11160 5.97474e+06 0
11170 6.00549e+06 0
11180 5.55867e+06 0
11190 6.29648e+06 0
11200 5.73238e+06 0
11210 5.93228e+06 0
11220 5.37822e+06 0
11230 5.85979e+06 0
11240 5.91705e+06 0
11250 6.45578e+06 0
11260 6.49487e+06 0
11270 6.05113e+06 0
11280 5.66733e+06 0
11290 5.62396e+06 0
11300 6.40463e+06 0
11310 5.99453e+06 0
11320 5.7417e+06 0
11330 5.65393e+06 0
11340 5.8681e+06 0
11350 6.37165e+06 0
11360 6.5402e+06 0
11370 6.25684e+06 0
11380 5.97823e+06 0
11390 6.23202e+06 0
11400 6.83062e+06 0
11410 6.19546e+06 0
11420 5.97096e+06 0
11430 6.21124e+06 0
11440 6.33765e+06 0
11450 6.28078e+06 0
11460 6.42442e+06 0
11470 6.29143e+06 0
11480 6.67754e+06 0
11490 6.46645e+06 0
11502 5.98159e+06 0
11510 7.12450e+06 0
11520 6.4871e+06 0
11530 6.54244e+06 0
11540 6.39195e+06 0
11550 5.88452e+06 0
11560 5.74977e+06 0
11570 6.00792e+06 0
11580 5.8899e+06 0
11590 5.47314e+06 0
11600 5.95882e+06 0
11610 6.21938e+06 0
11620 6.71089e+06 0
11630 6.2369e+06 0
11640 6.42536e+06 0
11650 6.04669e+06 0
11660 6.56354e+06 0
11670 6.39772e+06 0
11680 6.33891e+06 0
11690 6.15012e+06 0
11700 5.96166e+06 0
11710 5.52157e+06 0
11720 5.9556e+06 0
11730 5.59498e+06 0
11740 3.49327e+06 0
11750 8.20756e+06 0
11760 6.51625e+06 0
11770 6.57944e+06 0
11780 6.358e+06 0
11790 6.38013e+06 0
11800 6.63282e+06 0
11810 6.45602e+06 0
11820 6.26884e+06 0
11830 6.49965e+06 0
11840 6.3388e+06 0
11850 6.60438e+06 0
11860 6.52106e+06 0
11870 5.95082e+06 0
11880 6.07919e+06 0
11890 5.92343e+06 0
11900 5.87261e+06 0
11910 5.56176e+06 0
11920 5.85979e+06 0
11930 6.33867e+06 0
11940 6.08944e+06 0
11950 5.95537e+06 0
11960 6.02161e+06 0
11970 5.76886e+06 0
11980 5.97107e+06 0
11990 5.8559e+06 0
12000 5.92058e+06 0
12010 6.30721e+06 0
12020 5.89179e+06 0
12030 5.62509e+06 0
12040 6.27165e+06 0
12052 6.56856e+06 0
12060 6.52839e+06 0
12070 6.28862e+06 0
12080 6.32622e+06 0
12090 6.0175e+06 0
12100 5.92137e+06 0
12110 5.59599e+06 0
12120 5.46102e+06 0
12130 5.87214e+06 0
12140 5.90385e+06 0
12150 6.40074e+06 0
12160 6.43783e+06 0
12170 6.51615e+06 0
12180 6.30514e+06 0
12190 6.03574e+06 0
12200 5.8031e+06 0
12210 6.40178e+06 0
12220 6.57705e+06 0
12230 6.17732e+06 0
12240 6.02029e+06 0
12250 6.60039e+06 0
12260 6.1532e+06 0
12270 6.14210e+06 0
12280 6.519e+06 0
12290 6.65469e+06 0
12300 6.54476e+06 0
12310 6.61918e+06 0
12320 6.77604e+06 0
12331 5.50588e+06 0
12340 7.38599e+06 0
12351 5.54949e+06 0
12360 7.0657e+06 0
12370 6.41962e+06 0
12380 5.97037e+06 0
12390 5.87318e+06 0
12400 5.86929e+06 0
12410 5.91554e+06 0
12420 6.4663e+06 0
12430 6.3325e+06 0
12440 6.25485e+06 0
12450 6.59113e+06 0
12460 6.36842e+06 0
12470 6.35037e+06 0
12480 6.12755e+06 0
12490 6.44402e+06 0
12500 6.94811e+06 0
12510 6.73046e+06 0
12520 6.54602e+06 0
12530 6.00552e+06 0
12540 6.25046e+06 0
12550 6.35305e+06 0
12560 6.53268e+06 0
12570 5.98367e+06 0
12580 6.32712e+06 0
12591 5.46106e+06 0
12600 7.08959e+06 0
12610 6.23643e+06 0
12620 6.93599e+06 0
12630 6.21054e+06 0
12640 5.98865e+06 0
12650 5.71323e+06 0
12661 4.72610e+06 0
12670 7.28608e+06 0
12680 6.25649e+06 0
12690 6.41722e+06 0
12702 5.87474e+06 0
12710 5.69972e+06 0
12720 6.1345e+06 0
12730 6.59314e+06 0
12740 6.59992e+06 0
12750 6.7343e+06 0
12760 6.56297e+06 0
12771 5.53885e+06 0
12780 7.04989e+06 0
12790 6.26163e+06 0
12800 5.79051e+06 0
12810 5.69783e+06 0
12820 5.80838e+06 0
12830 5.64658e+06 0
12841 4.73656e+06 0
12850 6.53785e+06 0
12860 5.59116e+06 0
12873 6.01572e+06 0
12880 6.07696e+06 0
12890 6.16612e+06 0
12902 6.54741e+06 0
12910 6.47917e+06 0
12920 5.65793e+06 0
12930 6.40917e+06 0
12940 6.12951e+06 0
12950 5.71576e+06 0
12960 5.7462e+06 0
12970 6.35643e+06 0
12980 6.613e+06 0
12990 6.18666e+06 0
13000 6.18975e+06 0
13010 6.83969e+06 0
13020 6.08623e+06 0
13030 6.2029e+06 0
13040 5.51436e+06 0
13050 5.69722e+06 0
13060 6.29334e+06 0
13070 6.50252e+06 0
13080 6.35205e+06 0
13090 6.14314e+06 0
13100 6.25728e+06 0
13110 5.67249e+06 0
13120 6.22763e+06 0
13130 6.30286e+06 0
13140 6.63876e+06 0
13150 6.4391e+06 0
13160 6.53469e+06 0
13170 6.72452e+06 0
13180 6.80568e+06 0
13190 6.57409e+06 0
13200 6.46359e+06 0
13210 6.26806e+06 0
13220 6.70573e+06 0
13230 6.57487e+06 0
13240 6.12666e+06 0
13250 6.25545e+06 0
13260 6.06482e+06 0
13270 6.3554e+06 0
13280 5.83069e+06 0
13290 6.57281e+06 0
13300 6.56172e+06 0
13310 6.47802e+06 0
13320 6.37704e+06 0
13330 6.50196e+06 0
13340 6.67997e+06 0
13350 6.4139e+06 0
13360 6.41068e+06 0
13370 6.11828e+06 0
13380 6.31807e+06 0
13391 5.80413e+06 0
13400 7.11686e+06 0
13410 6.78095e+06 0
13420 6.40201e+06 0
13430 6.39377e+06 0
13440 6.21423e+06 0
13450 6.40772e+06 0
13463 6.03288e+06 0
13470 6.15528e+06 0
13480 5.52706e+06 0
13490 6.35826e+06 0
13500 6.02979e+06 0
13510 6.34716e+06 0
13520 6.34406e+06 0
13530 4.92577e+06 0
13540 7.62326e+06 0
13550 6.14132e+06 0
13560 6.05509e+06 0
13570 5.71764e+06 0
13580 5.55041e+06 0
13590 6.16193e+06 0
13600 6.22843e+06 0
13610 6.75999e+06 0
13620 6.37891e+06 0
13630 6.67688e+06 0
13640 5.42599e+06 0
13650 5.9453e+06 0
13660 6.39995e+06 0
13670 5.77711e+06 0
13680 6.43268e+06 0
13690 6.68228e+06 0
13700 6.12047e+06 0
13710 6.28327e+06 0
13720 6.03702e+06 0
13731 4.94018e+06 0
13740 6.80786e+06 0
13750 5.94507e+06 0
13760 6.24357e+06 0
13770 6.30927e+06 0
13780 6.30824e+06 0
13790 5.91543e+06 0
13800 5.89917e+06 0
13810 6.63154e+06 0
13820 6.39583e+06 0
13830 6.6287e+06 0
13840 6.43007e+06 0
13850 6.48832e+06 0
13860 6.02053e+06 0
13870 5.86723e+06 0
13880 5.70317e+06 0
13890 5.95585e+06 0
13900 5.95562e+06 0
13910 6.74227e+06 0
13920 6.54936e+06 0
13930 6.1089e+06 0
13940 5.74977e+06 0
13950 6.34511e+06 0
13960 6.43395e+06 0
13970 5.99191e+06 0
13980 6.66167e+06 0
13990 6.13514e+06 0
14000 6.40922e+06 0
14010 6.48856e+06 0
14020 6.24928e+06 0
14030 6.59366e+06 0
14040 6.00015e+06 0
14050 5.7611e+06 0
14060 5.94119e+06 0
14070 6.31729e+06 0
14080 6.34188e+06 0
14090 5.7982e+06 0
14100 6.10066e+06 0
14110 6.4028e+06 0
14120 6.18023e+06 0
14130 6.83144e+06 0
14140 7.31082e+06 0
14150 6.52335e+06 0
14160 5.89584e+06 0
14170 6.03198e+06 0
14180 5.81953e+06 0
14190 6.3271e+06 0
14201 5.54138e+06 0
14210 7.14893e+06 0
14220 6.66936e+06 0
14230 6.87174e+06 0
14240 6.3452e+06 0
14250 6.23906e+06 0
14260 6.57821e+06 0
14270 6.29485e+06 0
14280 6.26346e+06 0
14290 5.98112e+06 0
14300 6.2431e+06 0
14310 6.77749e+06 0
14320 6.56354e+06 0
14330 6.35152e+06 0
14340 6.34976e+06 0
14350 5.97506e+06 0
14360 5.95871e+06 0
14370 5.47259e+06 0
14380 6.07284e+06 0
14390 5.70031e+06 0
14400 5.91543e+06 0
14410 6.36467e+06 0
14420 5.91566e+06 0
14430 6.12951e+06 0
14440 3.94712e+06 0
14450 8.07373e+06 0
14461 4.44548e+06 0
14470 6.05143e+06 0
14480 4.97965e+06 0
14490 6.14241e+06 0
14500 6.1135e+06 0
14510 6.20885e+06 0
14520 6.37728e+06 0
14530 5.92057e+06 0
14540 6.08841e+06 0
14550 5.96525e+06 0
14561 4.92212e+06 0
14570 6.98454e+06 0
14580 5.6465e+06 0
14590 5.44351e+06 0
14600 5.61145e+06 0
14610 6.13617e+06 0
14620 6.82951e+06 0
14630 6.7047e+06 0
14640 6.19466e+06 0
14650 6.5576e+06 0
14660 6.30103e+06 0
14670 5.61249e+06 0
14680 5.68359e+06 0
14690 5.60114e+06 0
14700 5.54655e+06 0
14710 5.43265e+06 0
14720 6.41874e+06 0
14730 6.15218e+06 0
14740 6.00452e+06 0
14750 5.87912e+06 0
14760 6.01997e+06 0
14770 6.09907e+06 0
14780 6.96884e+06 0
14790 5.41278e+06 0
14800 6.05373e+06 0
14810 6.05738e+06 0
14820 6.40225e+06 0
14830 6.33194e+06 0
14840 6.34509e+06 0
14850 6.19205e+06 0
14860 5.67741e+06 0
14870 6.16605e+06 0
14880 6.17818e+06 0
14890 6.65881e+06 0
14900 6.55066e+06 0
14910 6.14909e+06 0
14920 6.11062e+06 0
14930 6.47389e+06 0
14940 6.3411e+06 0
14950 6.38626e+06 0
14961 4.27169e+06 0
14970 7.51865e+06 0
14980 6.15139e+06 0
14990 6.27448e+06 0
15000 6.77876e+06 0
15010 6.08168e+06 0
15020 6.09617e+06 0
15030 6.24569e+06 0
15040 6.4939e+06 0
15050 6.03062e+06 0
15060 6.55079e+06 0
15070 6.06415e+06 0
15080 6.09508e+06 0
15090 6.35517e+06 0
15100 6.18412e+06 0
15110 5.98328e+06 0
15120 5.53372e+06 0
15130 5.79654e+06 0
15140 5.8801e+06 0
15150 5.97839e+06 0
15160 5.99155e+06 0
15170 6.61603e+06 0
15180 6.43966e+06 0
15190 6.48855e+06 0
15200 5.9061e+06 0
15210 5.82796e+06 0
15220 6.26312e+06 0
15230 6.28718e+06 0
15240 6.2743e+06 0
15250 6.17048e+06 0
15260 6.55713e+06 0
15270 6.47279e+06 0
15280 6.53208e+06 0
15290 6.08877e+06 0
15300 5.80312e+06 0
15310 5.87135e+06 0
15320 6.32988e+06 0
15330 6.41231e+06 0
15340 6.65755e+06 0
15350 6.34098e+06 0
15360 5.94657e+06 0
15370 5.21888e+06 0
15380 4.50354e+06 0
15390 7.45441e+06 0
15400 6.24927e+06 0
15410 5.88864e+06 0
15420 5.82322e+06 0
15430 5.61524e+06 0
15440 6.42969e+06 0
15453 5.88609e+06 0
15460 6.02374e+06 0
15470 6.13695e+06 0
15480 5.85796e+06 0
15490 6.2748e+06 0
15500 6.28636e+06 0
15510 5.90226e+06 0
15520 5.99428e+06 0
15530 5.93548e+06 0
15540 6.11016e+06 0
15550 6.66373e+06 0
15560 6.07078e+06 0
15570 5.02801e+06 0
15580 5.39611e+06 0
15590 5.75055e+06 0
15600 5.90797e+06 0
15610 6.50711e+06 0
15620 6.26552e+06 0
15630 6.69718e+06 0
15640 6.15527e+06 0
15650 3.69165e+06 0
15660 7.65253e+06 0
15670 5.99945e+06 0
15680 6.27156e+06 0
15690 6.49347e+06 0
15700 6.14029e+06 0
15710 5.80129e+06 0
15720 6.01598e+06 0
15730 6.30088e+06 0
15740 6.23439e+06 0
15750 6.31013e+06 0
15760 6.40922e+06 0
15772 6.01228e+06 0
15780 6.92315e+06 0
15790 6.36911e+06 0
15800 6.42455e+06 0
15811 5.72123e+06 0
15820 7.80735e+06 0
15830 6.33606e+06 0
15840 6.61439e+06 0
15850 6.68955e+06 0
15860 6.01878e+06 0
15870 6.4577e+06 0
15880 6.20085e+06 0
15890 6.26084e+06 0
15900 6.57306e+06 0
15910 6.35152e+06 0
15920 5.78377e+06 0
15930 5.92137e+06 0
15940 6.22478e+06 0
15950 6.292e+06 0
15960 6.25545e+06 0
15970 6.40693e+06 0
15980 6.4691e+06 0
15990 6.25988e+06 0
16000 6.03622e+06 0
16010 6.40201e+06 0
16020 6.31521e+06 0
16030 6.61942e+06 0
16042 5.59632e+06 0
16050 6.03463e+06 0
16060 6.62547e+06 0
16070 6.02211e+06 0
16080 5.98786e+06 0
16090 6.39352e+06 0
16100 6.53905e+06 0
16110 6.50378e+06 0
16120 5.71862e+06 0
16130 6.24824e+06 0
16140 6.79356e+06 0
16150 6.47389e+06 0
16160 6.37213e+06 0
16170 6.61378e+06 0
16180 6.6224e+06 0
16190 6.57566e+06 0
16200 6.48238e+06 0
16210 5.80675e+06 0
16220 6.45516e+06 0
16230 6.25928e+06 0
16240 6.06652e+06 0
16250 6.36304e+06 0
16260 6.08314e+06 0
16270 6.17684e+06 0
16280 6.12264e+06 0
16290 6.42214e+06 0
16300 6.3163e+06 0
16310 6.43577e+06 0
16320 5.99325e+06 0
16330 5.54266e+06 0
16340 5.70189e+06 0
16350 6.42856e+06 0
16360 6.51972e+06 0
16370 6.80957e+06 0
16380 6.70463e+06 0
16390 6.6255e+06 0
16400 6.76865e+06 0
16410 6.71233e+06 0
16420 6.69871e+06 0
16431 5.22433e+06 0
16440 7.57841e+06 0
16450 6.59263e+06 0
16460 6.42959e+06 0
16470 6.54087e+06 0
16480 6.65652e+06 0
16490 6.77889e+06 0
16500 6.27916e+06 0
16510 6.57693e+06 0
16520 6.49141e+06 0
16530 6.2186e+06 0
16540 6.5396e+06 0
16550 6.76265e+06 0
16560 6.64494e+06 0
16570 6.84405e+06 0
16580 6.57718e+06 0
16590 6.87449e+06 0
16600 6.87847e+06 0
16610 6.85810e+06 0
16620 6.66227e+06 0
16630 6.65629e+06 0
16640 6.50256e+06 0
16650 6.47698e+06 0
16660 6.62609e+06 0
16670 6.60748e+06 0
16680 6.49757e+06 0
16690 6.53435e+06 0
16700 6.33709e+06 0
16710 6.21067e+06 0
16720 6.12333e+06 0
16730 6.62354e+06 0
16740 4.77611e+06 0
16750 8.74850e+06 0
16760 6.98109e+06 0
16770 6.83568e+06 0
16780 6.24928e+06 0
16790 6.31958e+06 0
16800 6.04034e+06 0
16810 6.01332e+06 0
16820 6.22581e+06 0
16830 6.7101e+06 0
16840 6.75932e+06 0
16850 6.75956e+06 0
16860 6.8247e+06 0
16870 7.00916e+06 0
16880 6.84199e+06 0
16890 6.72349e+06 0
16900 6.68949e+06 0
16910 6.69028e+06 0
16920 6.67482e+06 0
16930 6.21448e+06 0
16940 6.57026e+06 0
16950 6.75828e+06 0
16960 6.78794e+06 0
16970 6.80646e+06 0
16980 6.86236e+06 0
16990 6.77295e+06 0
17000 6.7181e+06 0
17010 6.69876e+06 0
17020 6.64288e+06 0
17030 6.72634e+06 0
17040 6.63567e+06 0
17050 6.69567e+06 0
17060 6.76653e+06 0
17070 6.68306e+06 0
17080 6.61324e+06 0
17090 6.23508e+06 0
17100 6.54524e+06 0
17110 6.62973e+06 0
17120 6.86957e+06 0
17130 6.77065e+06 0
17140 6.83581e+06 0
17150 6.69234e+06 0
17160 6.8232e+06 0
17170 6.75416e+06 0
17180 6.75313e+06 0
17190 6.84229e+06 0
17200 6.67816e+06 0
17210 6.94376e+06 0
17220 6.72246e+06 0
17230 6.81084e+06 0
17240 6.82114e+06 0
17250 7.0934e+06 0
17260 6.86751e+06 0
17270 6.87987e+06 0
17282 6.54293e+06 0
17290 7.37707e+06 0
17300 6.9337e+06 0
17310 7.0594e+06 0
17320 6.98885e+06 0
17330 7.05275e+06 0
17341 6.2104e+06 0
17350 7.51417e+06 0
17360 7.0738e+06 0
17370 6.99608e+06 0
17380 6.84358e+06 0
17390 6.89696e+06 0
17400 7.12498e+06 0
17410 7.08984e+06 0
17420 7.06924e+06 0
17430 6.9567e+06 0
17440 6.72302e+06 0
17450 6.62616e+06 0
17460 6.5857e+06 0
17470 6.65543e+06 0
17480 6.84259e+06 0
17490 6.98121e+06 0
17500 6.73574e+06 0
17510 6.91055e+06 0
17520 6.77633e+06 0
17530 6.60785e+06 0
17540 6.69477e+06 0
17550 6.92132e+06 0
17560 6.7181e+06 0
17570 6.94994e+06 0
17580 6.75622e+06 0
17590 6.89145e+06 0
17600 6.91042e+06 0
17610 6.97522e+06 0
17620 6.74295e+06 0
17630 6.49324e+06 0
17640 6.81164e+06 0
17650 6.95795e+06 0
17660 6.8214e+06 0
17670 6.6759e+06 0
17680 6.77295e+06 0
17690 7.0713e+06 0
17700 6.80391e+06 0
17710 6.51166e+06 0
17720 6.4788e+06 0
17730 6.55602e+06 0
17740 6.85696e+06 0
17750 7.02178e+06 0
17760 7.00294e+06 0
17770 6.8412e+06 0
17780 6.75805e+06 0
17790 7.03133e+06 0
17800 6.89829e+06 0
17813 6.78095e+06 0
17820 6.81859e+06 0
17830 6.99012e+06 0
17840 6.82447e+06 0
17850 6.76265e+06 0
17860 6.63361e+06 0
17870 6.49347e+06 0
17880 6.94376e+06 0
17890 7.00146e+06 0
17900 6.83878e+06 0
17910 4.75955e+06 0
17920 8.32552e+06 0
17930 6.82258e+06 0
17940 6.77217e+06 0
17950 6.80799e+06 0
17961 5.78971e+06 0
17970 7.62279e+06 0
17980 6.56026e+06 0
17991 5.88984e+06 0
18000 7.77016e+06 0
18010 6.93689e+06 0
18020 6.87234e+06 0
18030 6.87861e+06 0
18040 6.92601e+06 0
18050 6.86064e+06 0
18060 6.80839e+06 0
18070 6.90418e+06 0
18081 5.94434e+06 0
18090 7.41052e+06 0
18100 6.7661e+06 0
18110 6.96749e+06 0
18120 6.98676e+06 0
18130 6.76556e+06 0
18140 6.96125e+06 0
18150 6.69211e+06 0
18160 6.87243e+06 0
18170 6.71272e+06 0
18180 6.73637e+06 0
18190 6.74326e+06 0
18200 6.69009e+06 0
18210 4.54829e+06 0
18220 8.03363e+06 0
18230 6.72233e+06 0
18240 6.81094e+06 0
18250 6.69688e+06 0
18260 6.73458e+06 0
18270 4.61094e+06 0
18281 7.26826e+06 0
18290 7.45862e+06 0
18300 6.84862e+06 0
18310 6.1723e+06 0
18320 6.66761e+06 0
18330 6.91824e+06 0
18340 4.56021e+06 0
18350 8.72518e+06 0
18360 6.60888e+06 0
18370 6.83762e+06 0
18380 6.72349e+06 0
18390 6.47676e+06 0
18400 6.39098e+06 0
18410 6.73626e+06 0
18420 6.58781e+06 0
18430 6.60402e+06 0
18440 6.86854e+06 0
18450 6.69052e+06 0
18460 6.85228e+06 0
18470 6.55816e+06 0
18480 6.29562e+06 0
18490 6.51591e+06 0
18500 6.64137e+06 0
18510 6.78236e+06 0
18520 6.76797e+06 0
18530 6.91971e+06 0
18540 6.23358e+06 0
18550 6.73538e+06 0
18560 6.8498e+06 0
18570 6.87449e+06 0
18580 6.44735e+06 0
18590 6.59107e+06 0
18600 7.01102e+06 0
18610 6.72914e+06 0
18620 6.41164e+06 0
18630 6.81162e+06 0
18640 6.22066e+06 0
18650 6.71501e+06 0
18660 6.66967e+06 0
18670 6.6367e+06 0
18680 6.78817e+06 0
18690 6.73277e+06 0
18700 6.69337e+06 0
18710 6.57718e+06 0
18720 6.67089e+06 0
18730 6.65937e+06 0
18740 6.75519e+06 0
18750 6.53366e+06 0
18760 6.51305e+06 0
18770 6.44322e+06 0
18780 6.70161e+06 0
18790 6.62458e+06 0
18800 6.46153e+06 0
18810 6.78095e+06 0
18820 6.67197e+06 0
18830 6.70264e+06 0
18840 6.62227e+06 0
18850 6.62433e+06 0
18861 5.70474e+06 0
18870 6.75246e+06 0
18880 6.2029e+06 0
18890 6.8018e+06 0
18900 6.87218e+06 0
18910 6.67754e+06 0
18920 6.81986e+06 0
18931 5.42065e+06 0
18940 6.74109e+06 0
18950 5.23103e+06 0
18960 6.10914e+06 0
18970 6.44049e+06 0
18980 5.52545e+06 0
18990 6.12356e+06 0
19000 5.72274e+06 0
19010 6.7481e+06 0
19020 6.22370e+06 0
19030 6.41661e+06 0
19040 6.20712e+06 0
19050 6.07505e+06 0
19060 6.31679e+06 0
19070 6.43893e+06 0
19080 6.72748e+06 0
19090 6.59882e+06 0
19100 6.55299e+06 0
19112 6.58518e+06 0
19120 6.61106e+06 0
19130 6.46884e+06 0
19140 5.67235e+06 0
19150 6.43691e+06 0
19160 6.3349e+06 0
19170 6.6028e+06 0
19180 6.26947e+06 0
19190 6.33353e+06 0
19200 6.61839e+06 0
19210 6.17132e+06 0
19220 5.77839e+06 0
19230 6.02677e+06 0
19240 5.81007e+06 0
19250 6.0084e+06 0
19260 6.5664e+06 0
19270 6.33606e+06 0
19280 6.59554e+06 0
19290 6.59033e+06 0
19300 6.571e+06 0
19310 6.17532e+06 0
19320 5.50121e+06 0
19330 4.85284e+06 0
19340 7.71219e+06 0
19350 6.607e+06 0
19361 5.2476e+06 0
19370 7.6666e+06 0
19380 6.43395e+06 0
19390 6.15939e+06 0
19400 5.84147e+06 0
19410 6.14497e+06 0
19420 5.83426e+06 0
19430 6.48935e+06 0
19440 6.6761e+06 0
19450 6.20187e+06 0
19460 5.89894e+06 0
19470 5.99125e+06 0
19480 6.04118e+06 0
19490 6.45759e+06 0
19500 6.68288e+06 0
19510 5.84454e+06 0
19520 6.01073e+06 0
19530 6.07175e+06 0
19540 6.07682e+06 0
19550 6.23812e+06 0
19560 6.39995e+06 0
19570 6.549e+06 0
19580 6.77708e+06 0
19590 6.83762e+06 0
19600 6.43498e+06 0
19610 6.80053e+06 0
19620 5.93602e+06 0
19630 5.74517e+06 0
19640 6.51535e+06 0
19650 6.36753e+06 0
19660 6.54486e+06 0
19673 6.59524e+06 0
19680 6.54257e+06 0
19690 6.04373e+06 0
19700 6.07513e+06 0
19710 5.86561e+06 0
19720 6.05635e+06 0
19730 6.44567e+06 0
19740 6.44671e+06 0
19750 6.68525e+06 0
19760 6.41287e+06 0
19770 5.51617e+06 0
19780 5.87287e+06 0
19790 7.50186e+06 0
19800 6.63132e+06 0
19810 6.1326e+06 0
19820 5.30972e+06 0
19830 6.14752e+06 0
19840 6.36308e+06 0
19850 6.5641e+06 0
19860 6.39068e+06 0
19870 6.16914e+06 0
19880 6.00530e+06 0
19890 6.17485e+06 0
19900 5.91967e+06 0
19910 5.96167e+06 0
19920 6.67627e+06 0
19930 6.67949e+06 0
19940 6.52338e+06 0
19950 5.74655e+06 0
19960 5.87257e+06 0
19970 6.6116e+06 0
19980 6.62786e+06 0
19990 6.82888e+06 0
20000 6.75058e+06 0
20010 6.66349e+06 0
20020 6.73483e+06 0
20030 6.65549e+06 0
20040 6.58669e+06 0
20050 6.47389e+06 0
20060 6.25981e+06 0
20070 5.92882e+06 0
20080 6.0558e+06 0
20090 6.67816e+06 0
20100 6.77810e+06 0
20112 6.4034e+06 0
20120 5.82132e+06 0
20130 7.442e+06 0
20140 5.75478e+06 0
20150 5.70418e+06 0
20160 5.97228e+06 0
20170 6.50148e+06 0
20180 6.37887e+06 0
20190 6.64265e+06 0
20200 6.85565e+06 0
20211 5.79517e+06 0
20220 7.98015e+06 0
20230 6.76769e+06 0
20240 6.68191e+06 0
20250 6.77063e+06 0
20260 6.87964e+06 0
20272 6.38795e+06 0
20280 6.58694e+06 0
20290 6.52517e+06 0
20300 6.35025e+06 0
20310 6.40311e+06 0
20320 6.32758e+06 0
20330 6.42468e+06 0
20340 6.33582e+06 0
20350 6.75004e+06 0
20360 6.59754e+06 0
20370 6.98522e+06 0
20380 6.8232e+06 0
20390 6.84108e+06 0
20400 6.69199e+06 0
20410 6.35478e+06 0
20420 6.63258e+06 0
20430 6.55269e+06 0
20440 6.6784e+06 0
20450 6.54936e+06 0
20460 6.03004e+06 0
20470 6.19696e+06 0
20480 6.3862e+06 0
20490 6.4883e+06 0
20500 6.40943e+06 0
20510 6.83817e+06 0
20520 6.54008e+06 0
20530 6.48032e+06 0
20540 6.47929e+06 0
20550 6.20211e+06 0
20560 6.5427e+06 0
20570 6.95041e+06 0
20580 6.87884e+06 0
20590 6.39789e+06 0
20600 6.49633e+06 0
20610 6.60888e+06 0
20620 7.0957e+06 0
20630 6.7047e+06 0
20640 6.28304e+06 0
20650 6.77112e+06 0
20660 6.69325e+06 0
20670 6.49414e+06 0
20680 6.08829e+06 0
20690 6.32116e+06 0
20700 6.26169e+06 0
20710 6.55348e+06 0
20720 6.73458e+06 0
20731 5.22641e+06 0
20740 7.39026e+06 0
20750 4.43529e+06 0
20760 8.37103e+06 0
20770 6.54349e+06 0
20780 6.66239e+06 0
20790 6.14194e+06 0
20800 5.97838e+06 0
20810 6.27213e+06 0
20820 6.96975e+06 0
20830 7.00661e+06 0
20840 6.74798e+06 0
20850 6.6864e+06 0
20860 6.80156e+06 0
20870 6.07902e+06 0
20880 6.19010e+06 0
20890 6.3474e+06 0
20900 6.5916e+06 0
20910 6.7119e+06 0
20920 6.52532e+06 0
20930 7.04952e+06 0
20942 5.94604e+06 0
20950 6.23035e+06 0
20960 6.11042e+06 0
20970 6.37213e+06 0
20980 5.73498e+06 0
20990 6.07901e+06 0
21000 6.32679e+06 0
21010 5.75881e+06 0
21021 4.48966e+06 0
21031 6.43039e+06 0
21040 6.79114e+06 0
21050 5.82279e+06 0
21060 5.67729e+06 0
21070 6.07156e+06 0
21080 6.12586e+06 0
21090 6.23842e+06 0
21100 6.38552e+06 0
21110 6.54833e+06 0
21120 6.571e+06 0
21130 5.77117e+06 0
21140 6.15606e+06 0
21150 5.89723e+06 0
21160 6.29073e+06 0
21170 6.5916e+06 0
21180 6.60603e+06 0
21190 6.30927e+06 0
21200 6.82756e+06 0
21210 6.87084e+06 0
21220 6.77914e+06 0
21230 6.41437e+06 0
21240 6.76059e+06 0
21250 7.01613e+06 0
21260 6.83169e+06 0
21270 6.44104e+06 0
21280 6.58392e+06 0
21290 6.7298e+06 0
21300 6.8137e+06 0
21310 6.20164e+06 0
21320 6.36373e+06 0
21331 5.60418e+06 0
21340 7.13953e+06 0
21350 6.4585e+06 0
21360 6.07241e+06 0
21370 6.34314e+06 0
21380 6.61414e+06 0
21390 5.2177e+06 0
21401 8.31617e+06 0
21410 7.10356e+06 0
21420 6.0773e+06 0
21430 6.58437e+06 0
21440 6.37522e+06 0
21450 6.36413e+06 0
21460 4.59786e+06 0
21470 8.03949e+06 0
21480 6.6153e+06 0
21490 6.07356e+06 0
21500 6.10938e+06 0
21510 6.29588e+06 0
21520 6.42626e+06 0
21530 6.3694e+06 0
21540 6.08465e+06 0
21550 6.87908e+06 0
21560 6.62664e+06 0
21570 6.77398e+06 0
21580 7.15397e+06 0
21590 6.38824e+06 0
