# TimeStamp(s) Sum Stdev
0 9.71976e+06 1.65336e+06
10.125 9.18498e+06 1.23637e+06
20 9.85371e+06 2.1899e+06
30 9.5415e+06 1.10102e+06
40 8.5214e+06 1.08073e+06
50 9.31275e+06 812710
60 9.1685e+06 1.19907e+06
70 9.88668e+06 1.32616e+06
80 9.36118e+06 639603
90 9.05309e+06 1.16186e+06
100 1.04112e+07 1.80376e+06
110 1.07873e+07 2.22747e+06
120 9.31584e+06 998737
130 9.25608e+06 1.27105e+06
140 9.86298e+06 1.43806e+06
150.125 1.02906e+07 1.27177e+06
160.25 1.0785e+07 1.48164e+06
170 9.7808e+06 1.27548e+06
180 1.03947e+07 1.4238e+06
190 1.0305e+07 1.15255e+06
200 9.8465e+06 1.27688e+06
210 1.01783e+07 1.5914e+06
220 1.0508e+07 932622
230 1.01165e+07 1.21971e+06
240 8.44516e+06 1.09481e+06
250 9.08916e+06 1.32503e+06
260 9.736e+06 1.97743e+06
270 1.04907e+07 1.42177e+06
280 1.03215e+07 1.65608e+06
290 9.53222e+06 990214
300 8.59868e+06 1.09184e+06
310.125 9.18601e+06 1.05774e+06
320 9.02115e+06 1.45183e+06
330 9.16335e+06 876061
340 9.32924e+06 1.23694e+06
350 9.52811e+06 947422
360 9.34573e+06 1.33315e+06
370 9.81971e+06 641296
380 1.01463e+07 1.26359e+06
390 8.85732e+06 1.48117e+06
400 1.03133e+07 1.79608e+06
410.125 1.00956e+07 1.73796e+06
420 9.28311e+06 1.2371e+06
430 1.01502e+07 1.89889e+06
440 1.05041e+07 1.61274e+06
450.125 9.70636e+06 1.91806e+06
460 9.2602e+06 1.3012e+06
470.125 9.1291e+06 1.06198e+06
480.125 9.94566e+06 1.05938e+06
490.125 9.5178e+06 569398
500 9.62599e+06 1.05713e+06
510 9.86196e+06 825167
520 9.4024e+06 1.15285e+06
530 9.97736e+06 1.25871e+06
540 1.05904e+07 2.11859e+06
550.125 9.66490e+06 1.34503e+06
560 9.24602e+06 1.73115e+06
570 1.06049e+07 1.08126e+06
580.125 1.04225e+07 1.51592e+06
590 9.92766e+06 980973
600.125 9.87662e+06 759089
610 1.00845e+07 1.14418e+06
620 9.5518e+06 982249
630 9.321e+06 977762
640 9.7651e+06 933279
650 9.98354e+06 1.14695e+06
660 1.07069e+07 836448
670 1.09717e+07 1.3038e+06
680 1.03947e+07 2.65709e+06
690 1.0778e+07 1.67654e+06
700 1.09264e+07 619307
710 1.02185e+07 1.43036e+06
720 1.00041e+07 1.00727e+06
730 8.68318e+06 1.0446e+06
740 9.83310e+06 1.45543e+06
750 1.08851e+07 1.94801e+06
760 9.96706e+06 1.05863e+06
770 9.69091e+06 1.53875e+06
780 1.04936e+07 1.7638e+06
790 1.00526e+07 889437
800 1.0304e+07 1.19937e+06
810 9.68164e+06 1.06491e+06
820 9.81353e+06 783035
830 9.64248e+06 1.35195e+06
840 8.53995e+06 1.209e+06
850 9.01909e+06 513289
860 9.34754e+06 793591
870 1.05701e+07 1.33844e+06
880 9.04279e+06 854139
890 9.5178e+06 1.20349e+06
900 9.14583e+06 1.03051e+06
910 1.02463e+07 1.75041e+06
920 1.01639e+07 1.46283e+06
930 9.95263e+06 1.99964e+06
940 1.03151e+07 1.54901e+06
950 9.69527e+06 1.30155e+06
960 1.04864e+07 1.62653e+06
970 1.01525e+07 1.20766e+06
980 9.63836e+06 724925
990 9.79498e+06 507645
1000 9.87123e+06 1.45882e+06
1010 8.6716e+06 1.0532e+06
1020 9.76328e+06 787439
1030 1.00451e+07 1.27792e+06
1040 9.36658e+06 1.00936e+06
1050 8.30193e+06 944255
1060 8.77901e+06 1.87126e+06
1070.12 8.92223e+06 1.70977e+06
1080 8.0433e+06 1.1979e+06
1090 9.01291e+06 1.34633e+06
1100 9.2262e+06 1.32488e+06
1110 9.79292e+06 1.33808e+06
1120 1.03555e+07 1.26414e+06
1130 1.11036e+07 1.24578e+06
1140 1.03071e+07 929953
1150 1.1015e+07 1.51283e+06
1160 1.01113e+07 802286
1170 8.73882e+06 860451
1180 1.01165e+07 1.60247e+06
1190.12 9.9516e+06 541698
1200 9.52502e+06 1.61148e+06
1210 9.78983e+06 1.23774e+06
1220 1.02597e+07 858616
1230 9.41991e+06 1.8069e+06
1240.38 9.65975e+06 1.60154e+06
1250 8.63087e+06 1.17129e+06
1260 9.46525e+06 1.17077e+06
1270 9.3653e+06 903461
1280 9.54872e+06 819713
1290 1.04039e+07 1.93702e+06
1300.12 9.78364e+06 732803
1310 8.86453e+06 1.0118e+06
1320.12 9.51471e+06 956850
1330 8.27823e+06 985480
1340 8.47607e+06 807546
1350 8.52965e+06 1.16254e+06
1360 9.40858e+06 1.05268e+06
1370 9.70224e+06 1.04918e+06
1380 9.9413e+06 761992
1390 7.77952e+06 740998
1400 9.49616e+06 1.35825e+06
1410 1.07234e+07 1.10592e+06
1420 1.01196e+07 1.1555e+06
1430 1.04235e+07 1.88935e+06
1440 1.03287e+07 1.25286e+06
1450 9.9493e+06 892866
1460 8.37842e+06 744367
1470 9.00157e+06 1.0525e+06
1480 9.56005e+06 905425
1490 8.75016e+06 858132
1500.25 8.7664e+06 947916
1510 8.55771e+06 1.03102e+06
1520 8.677e+06 765732
1530 9.33748e+06 1.23121e+06
1540 8.75943e+06 848786
1550 8.76252e+06 945604
1560.12 8.33902e+06 891070
1570 9.0974e+06 1.27901e+06
1580 9.73831e+06 1.11071e+06
1590 1.03287e+07 738809
1600 9.03764e+06 1.35492e+06
1610 9.66618e+06 1.002e+06
1620 9.0263e+06 875394
1630 9.48998e+06 1.12266e+06
1640 9.74964e+06 1.76706e+06
1650 9.88462e+06 1.29171e+06
1660 9.77231e+06 1.11406e+06
1670 8.81507e+06 805570
1680 9.82383e+06 1.10942e+06
1690 8.17828e+06 1.02933e+06
1700 9.70327e+06 1.24593e+06
1710 9.79189e+06 1.56694e+06
1720 9.59714e+06 2.26689e+06
1730 9.90626e+06 639587
1740 8.2875e+06 721367
1750 9.40961e+06 1.01037e+06
1760 9.12522e+06 1.09052e+06
1770 8.5925e+06 876385
1780 9.0366e+06 955097
1790 9.12522e+06 943468
1800 1.0712e+07 1.3018e+06
1810 1.0676e+07 896911
1820.5 9.73934e+06 907699
1830 1.0168e+07 1.80251e+06
1840 1.07945e+07 966848
1850 1.07028e+07 1.49055e+06
1860 1.02772e+07 1.40156e+06
1870 1.0678e+07 1.45324e+06
1880 9.36633e+06 1.83854e+06
1890 8.99539e+06 1.15327e+06
1900 9.31172e+06 906965
1910 1.05461e+07 1.30915e+06
1920 1.02865e+07 1.24386e+06
1930 8.78519e+06 581839
1940 9.23238e+06 933839
1950 9.44361e+06 867538
1960 8.64608e+06 762292
1970 8.67184e+06 915905
1980 1.00979e+07 1.12e+06
1990 9.48483e+06 1.00188e+06
2000.25 8.8058e+06 1.27432e+06
2010 8.49874e+06 1.84789e+06
2020 8.27514e+06 1.64868e+06
2030 8.6502e+06 973078
2040.38 8.44103e+06 918770
2050.25 8.4874e+06 814105
2060 9.07679e+06 1.19592e+06
2070 9.73522e+06 824509
2080.12 9.23135e+06 1.0425e+06
2090 8.81198e+06 798047
2100 1.01196e+07 1.16356e+06
2110 1.05575e+07 1.03221e+06
2120 1.0711e+07 988558
2130 8.96139e+06 995072
2140 8.9315e+06 759435
2150 9.06648e+06 766216
2160 9.60332e+06 883687
2170 9.31275e+06 648468
2180.12 7.82692e+06 791123
2190 8.35963e+06 869550
2200 8.34933e+06 1.34788e+06
2210 8.91502e+06 1.03833e+06
2220 9.11079e+06 1.25384e+06
2230 9.25505e+06 1.10202e+06
2240 9.75273e+06 1.3116e+06
2250 9.58581e+06 725102
2260 9.54253e+06 1.00001e+06
2270 9.13449e+06 659988
2280 9.53429e+06 488198
2290 8.90471e+06 834385
2300.12 1.01783e+07 1.41399e+06
2310 9.66103e+06 1.09609e+06
2320 9.43537e+06 1.16727e+06
2330 9.20765e+06 1.06234e+06
2340 8.61826e+06 734531
2350.38 9.74243e+06 1.4308e+06
2360 9.26123e+06 1.23697e+06
2370.25 9.55696e+06 1.941e+06
2380 8.29266e+06 1.28078e+06
2390 8.15767e+06 994425
2400 8.77282e+06 1.26029e+06
2410 8.27102e+06 1.02115e+06
2420 9.74346e+06 1.30993e+06
2430 9.57653e+06 1.04036e+06
2440 9.65794e+06 1.19038e+06
2450 9.43228e+06 1.36773e+06
2460 8.72233e+06 1.00036e+06
2470 9.12316e+06 401808
2480.38 8.98714e+06 1.35984e+06
2490.12 8.56571e+06 1.18475e+06
2500 8.46267e+06 1.13512e+06
2510 9.20662e+06 897844
2520 9.52708e+06 1.03073e+06
2530 1.00979e+07 1.11472e+06
2540 1.00472e+07 1.85355e+06
2550 9.7437e+06 1.48887e+06
2560 9.93614e+06 1.11857e+06
2570 9.31584e+06 1.16733e+06
2580 1.03143e+07 731107
2590 9.59817e+06 887199
2600 9.07061e+06 1.60409e+06
2610.12 9.48277e+06 1.0841e+06
2620 9.73831e+06 1.12287e+06
2630 1.02236e+07 1.27943e+06
2640.12 1.07128e+07 972053
2650 1.07298e+07 1.08531e+06
2660 9.74449e+06 2.06438e+06
2670 1.02597e+07 876086
2680 9.67339e+06 1.01495e+06
2690.25 9.51368e+06 1.59774e+06
2700 8.85113e+06 1.40151e+06
2710 9.19116e+06 1.72104e+06
2720.12 8.77385e+06 1.05885e+06
2730 8.88617e+06 2.09936e+06
2740 9.6837e+06 1.05136e+06
2750 1.01051e+07 1.76555e+06
2760 9.65382e+06 1.827e+06
2770 9.70946e+06 1.53108e+06
2780 1.05523e+07 2.11883e+06
2790.12 9.85474e+06 1.07423e+06
2800.12 9.24681e+06 1.16959e+06
2810 8.22156e+06 463774
2820 8.16798e+06 1.41028e+06
2830 8.52244e+06 1.08999e+06
2840 7.78879e+06 871601
2850.38 7.70612e+06 638513
2860 7.44591e+06 868300
2870.12 8.69245e+06 1.10532e+06
2880 9.30039e+06 2.14241e+06
2890 9.40961e+06 1.13455e+06
2900 8.75324e+06 1.0037e+06
2910 8.60281e+06 773919
2920 8.72542e+06 988185
2930.12 8.96963e+06 2.12002e+06
2940 7.97014e+06 1.43769e+06
2950 8.20198e+06 1.36108e+06
2960 8.39158e+06 1.13663e+06
2970 8.94284e+06 585877
2980 9.17365e+06 1.69466e+06
2990 9.80425e+06 1.0264e+06
3000 9.90523e+06 1.17761e+06
3010 1.0337e+07 1.13243e+06
3020.12 1.017e+07 716320
3030 1.0983e+07 2.22008e+06
3040 1.07131e+07 1.4251e+06
3050 1.10366e+07 1.61517e+06
3060 1.01989e+07 1.11141e+06
3070 9.64454e+06 971339
3080 8.44722e+06 712267
3090.12 9.03764e+06 857269
3100 9.2499e+06 1.54544e+06
3110 9.97633e+06 1.09727e+06
3120 8.91296e+06 1.16974e+06
3130 8.00105e+06 1.40052e+06
3140 8.75118e+06 922312
3150 8.12779e+06 688653
3160 8.57396e+06 944589
3170.25 8.29369e+06 1.19374e+06
3180 8.96963e+06 1.01483e+06
3190 9.88978e+06 1.22121e+06
3200 9.82692e+06 744129
3210 9.47968e+06 878092
3220 9.54847e+06 1.15284e+06
3230 9.87044e+06 1.36235e+06
3240 9.22105e+06 830643
3250 1.00196e+07 718339
3260 1.01237e+07 1.23914e+06
3270 9.99282e+06 1.6822e+06
3280 9.32718e+06 1.84939e+06
3290 9.29214e+06 1.0063e+06
3300 9.38282e+06 1.21194e+06
3310 9.58375e+06 933226
3320 9.12522e+06 790940
3330 8.03712e+06 857098
3340 7.98663e+06 1.24014e+06
3350 8.55232e+06 1.10072e+06
3360 9.2262e+06 2.04051e+06
3370 9.34264e+06 640529
3380 9.04073e+06 827501
3390 9.63939e+06 1.11516e+06
3400 1.05678e+07 1.31324e+06
3410 9.90111e+06 1.05927e+06
3420 9.64351e+06 964670
3430 8.87483e+06 876682
3440 9.33542e+06 432719
3450 9.19529e+06 1.22927e+06
3460 8.64608e+06 809467
3470 8.65433e+06 1.36889e+06
3480 8.67596e+06 1.1728e+06
3490 9.1077e+06 1.01108e+06
3500 8.33799e+06 621986
3510 7.60641e+06 1.30039e+06
3520 9.61672e+06 1.05874e+06
3530 8.96757e+06 828514
3540 9.97736e+06 895682
3550 9.9753e+06 1.2676e+06
3560 1.06152e+07 1.41314e+06
3570 1.01865e+07 1.45675e+06
3580 1.06131e+07 1.90562e+06
3590 1.02494e+07 1.9796e+06
3600 1.06698e+07 1.24845e+06
3610 9.46422e+06 1.05945e+06
3620 1.03978e+07 2.7026e+06
3630 1.06348e+07 2.31483e+06
3640 1.08501e+07 1.41274e+06
3650 9.47246e+06 1.06027e+06
3660 8.00105e+06 2.5874e+06
3670 9.07061e+06 1.19925e+06
3680 9.71358e+06 2.30447e+06
3690 9.20456e+06 1.31363e+06
3700 8.57808e+06 730691
3710 8.25453e+06 889235
3720.12 9.88565e+06 1.17915e+06
3730 7.94335e+06 1.0386e+06
3740.12 9.2736e+06 1.24972e+06
3750 9.40755e+06 1.85064e+06
3760 8.37612e+06 1.1572e+06
3770 7.8434e+06 552804
3780 9.54459e+06 1.51314e+06
3790 9.40652e+06 1.35598e+06
3800 9.10152e+06 671269
3810 9.38797e+06 1.12939e+06
3820 8.19065e+06 1.12349e+06
3830 9.28081e+06 1.86316e+06
3840.12 8.93047e+06 1.06957e+06
3850 8.80374e+06 1.04516e+06
3860 9.77231e+06 1.3497e+06
3870 8.21022e+06 892003
3880 9.60539e+06 753886
3890 9.8465e+06 851211
3900 1.01948e+07 864039
3910.38 8.64093e+06 1.17785e+06
3920 8.08039e+06 985443
3930 8.82331e+06 639468
3940 9.46422e+06 799418
3950 8.59971e+06 677169
3960.12 9.34469e+06 1.01768e+06
3970 9.84032e+06 1.51638e+06
3980 8.66463e+06 560254
3990 9.22929e+06 487118
4000 8.15458e+06 1.09325e+06
4010 8.90471e+06 1.58096e+06
4020 9.41476e+06 1.43632e+06
4030 9.97736e+06 949822
4040 1.06894e+07 949599
4050 1.01958e+07 824373
4060 1.06214e+07 957216
4070 1.0746e+07 789260
4080 1.09191e+07 992825
4090 1.01144e+07 2.29354e+06
4100.12 8.92841e+06 1.19854e+06
4110 7.37663e+06 877315
4120 9.65382e+06 664672
4130 9.69297e+06 1.14205e+06
4140.25 8.50364e+06 926266
4150 9.28723e+06 553614
4160 9.6363e+06 1.54478e+06
4170 9.5415e+06 832230
4180.12 9.87099e+06 1.20749e+06
4190.12 1.03751e+07 1.67416e+06
4200 8.81016e+06 1.4738e+06
4210 8.77488e+06 831178
4220.12 8.59044e+06 1.27761e+06
4230 8.58941e+06 1.30937e+06
4240 8.68524e+06 1.22405e+06
4250 9.35191e+06 248294
4260.12 1.03213e+07 998277
4270 1.05206e+07 1.36923e+06
4280 8.06288e+06 1.13869e+06
4290 9.11079e+06 1.19012e+06
4300 8.77179e+06 1.21835e+06
4310 9.48174e+06 1.24074e+06
4320.5 1.00742e+07 1.00852e+06
4330.25 9.89984e+06 1.02782e+06
4340 9.32536e+06 637586
4350 9.38797e+06 722399
4360 9.69709e+06 1.43887e+06
4370 9.87638e+06 1.69597e+06
4380 9.69606e+06 1.42431e+06
4390 9.47658e+06 1.7889e+06
4400 8.81816e+06 1.06581e+06
4410 8.90162e+06 594325
4420 8.75094e+06 1.02357e+06
4430 8.91423e+06 1.36116e+06
4440.25 8.27926e+06 872586
4450 8.78313e+06 1.21141e+06
4460 8.83155e+06 605319
4470 8.95211e+06 953504
4480.12 8.71924e+06 1.2765e+06
4490 8.79137e+06 814533
4500 7.79497e+06 995787
4510.25 7.71357e+06 816057
4520 8.10306e+06 1.0724e+06
4530 7.41785e+06 1.425e+06
4540 9.94336e+06 1.69136e+06
4550 1.00186e+07 558130
4560.25 9.70946e+06 545348
4570 1.08058e+07 1.50739e+06
4580 9.51986e+06 715089
4590 8.76252e+06 818319
4600 9.02218e+06 1.57633e+06
4610 1e+07 1.13926e+06
4620 1.0235e+07 1.22626e+06
4630 9.56005e+06 1.23242e+06
4640.12 9.51986e+06 1.02038e+06
4650 9.14892e+06 1.84058e+06
4660 1.01051e+07 1.41207e+06
4670 9.98663e+06 616243
4680 1.00348e+07 1.47066e+06
4690 1.13759e+07 1.58146e+06
4700 1.04987e+07 1.24603e+06
4710 9.7517e+06 1.62896e+06
4720 9.05412e+06 936805
4730 9.79189e+06 983884
4740 1.0304e+07 1.15788e+06
4750 1.07666e+07 1.33393e+06
4760 9.84856e+06 784431
4770 9.31275e+06 1.04338e+06
4780 1.01927e+07 547023
4790 1.01752e+07 914797
4800 9.94336e+06 490028
4810 1.03215e+07 895572
4820 9.89699e+06 1.32833e+06
4830.12 1.02226e+07 1.42807e+06
4840 1.01824e+07 1.19343e+06
4850.12 9.9413e+06 1.26881e+06
4860.25 8.97993e+06 1.67109e+06
4870 9.69915e+06 1.26039e+06
4880 9.74037e+06 1.15846e+06
4890 9.14068e+06 1.13689e+06
4900 1.00485e+07 1.65849e+06
4910 1.02422e+07 1.03362e+06
4920 1.03617e+07 1.17799e+06
4930 8.46061e+06 593000
4940 9.79807e+06 1.4156e+06
4950 1.01175e+07 1.8609e+06
4960 8.77385e+06 921546
4970 1.06193e+07 1.47001e+06
4980 9.59302e+06 1.54316e+06
4990 9.82486e+06 1.66341e+06
5000 9.32409e+06 2.14459e+06
5010 9.34676e+06 1.10345e+06
5020 8.78004e+06 840741
5030 9.22414e+06 928506
5040 9.68576e+06 918424
5050 8.12058e+06 1.27585e+06
5060 8.65639e+06 1.73934e+06
5070 8.2298e+06 1.6646e+06
5080 8.21332e+06 939818
5090 8.73882e+06 1.01584e+06
5100 8.36582e+06 720488
5110 9.88566e+06 823705
5120 1.00412e+07 2.09602e+06
5130 9.45598e+06 831215
5140 8.92635e+06 1.04268e+06
5150 1.0576e+07 1.20278e+06
5160 1.00309e+07 972586
5170 8.83156e+06 977965
5180 7.3519e+06 1.33378e+06
5190 8.88617e+06 1.0009e+06
5200 9.7888e+06 1.26333e+06
5210 8.51934e+06 1.35774e+06
5220 9.99282e+06 1.47446e+06
5230 8.97478e+06 1.25598e+06
5240 9.46319e+06 1.88305e+06
5250 8.62342e+06 884497
5260 9.2839e+06 953810
5270 7.67545e+06 812485
5280.38 8.35448e+06 661595
5290 8.83671e+06 947960
5300 9.01497e+06 824536
5310 8.76561e+06 1.24227e+06
5320 9.05618e+06 623466
5330 9.84238e+06 775748
5340 9.31251e+06 818552
5350 9.64272e+06 1.0585e+06
5360 1.01894e+07 1.62975e+06
5370 9.93845e+06 1.87023e+06
5380.12 8.97169e+06 930964
5390 7.89492e+06 1.05181e+06
5400 7.60847e+06 678230
5410 8.76458e+06 590395
5420 8.61208e+06 695334
5430 9.06030e+06 1.01738e+06
5440 9.20147e+06 1.38535e+06
5450 8.68524e+06 1.15805e+06
5460 1.00351e+07 1.21686e+06
5470 1.00382e+07 675045
5480 1.01546e+07 1.11726e+06
5490 9.99282e+06 1.5636e+06
5500.12 8.75015e+06 757762
5510 8.7427e+06 1.33355e+06
5520 8.46394e+06 1.14973e+06
5530 8.83877e+06 546877
5540 8.76252e+06 1.02859e+06
5550 8.39879e+06 759504
5560 8.3689e+06 895330
5570 7.99281e+06 717098
5580 7.95159e+06 923092
5590.12 8.42558e+06 434918
5600 8.01136e+06 617698
5610 8.70894e+06 1.35704e+06
5620 8.36066e+06 1.44831e+06
5630 8.90265e+06 1.97932e+06
5640 9.05515e+06 1.2418e+06
5650.12 7.69296e+06 864988
5660.12 1.03339e+07 1.72043e+06
5670.25 1.0109e+07 680027
5680 8.75246e+06 1.19927e+06
5690 8.05463e+06 582658
5700 8.84598e+06 1.65843e+06
5710 9.78571e+06 1.41636e+06
5720 9.62163e+06 1.62591e+06
5730.12 9.09661e+06 1.07069e+06
5740.38 9.04279e+06 1.84452e+06
5750 7.76612e+06 1.00006e+06
5760 9.60538e+06 1.75805e+06
5770 8.62238e+06 960940
5780 9.21383e+06 899483
5790 8.66875e+06 1.10906e+06
5800 7.49307e+06 911876
5810 7.69502e+06 547079
5820 8.61826e+06 1.40385e+06
5830 1.04823e+07 1.17983e+06
5840.12 9.06649e+06 761505
5850.12 9.25814e+06 1.19151e+06
5860 9.45392e+06 1.21257e+06
5870 1.02082e+07 1.38078e+06
5880 9.18189e+06 687547
5890 9.63012e+06 1.72073e+06
5900 8.88926e+06 632382
5910 1.04627e+07 898668
5920 8.779e+06 1.08132e+06
5930 9.20765e+06 743780
5940 1.0845e+07 526216
5950 1.02782e+07 1.66433e+06
5960 9.39415e+06 867580
5970.25 8.10615e+06 731980
5980 7.51161e+06 590936
5990 7.82382e+06 963752
6000 7.80012e+06 728050
6010 9.83619e+06 1.52256e+06
6020 9.98663e+06 1.06777e+06
6030 9.76407e+06 473944
6040 8.94696e+06 1.22166e+06
6050 9.10667e+06 768003
6060 9.24578e+06 1.69312e+06
6070 8.93872e+06 1.04111e+06
6080 8.93047e+06 645519
6090 8.77798e+06 523379
6100 9.29833e+06 892735
6110 9.08194e+06 728021
6120.12 1.01391e+07 1.17124e+06
6130 9.55799e+06 1.10148e+06
6140 1.00062e+07 1.23891e+06
6150 9.35294e+06 1.32083e+06
6160.12 9.77207e+06 1.6667e+06
6170 9.87869e+06 1.91772e+06
6180 9.64042e+06 1.20888e+06
6190.12 9.37664e+06 1.14909e+06
6200.12 9.39930e+06 806960
6210 9.11776e+06 1.01134e+06
6220 8.09094e+06 1.40086e+06
6230 9.40318e+06 1.2805e+06
6240 9.32615e+06 1.39381e+06
6250 1.00384e+07 1.08278e+06
6260 9.64454e+06 870521
6270.12 9.48459e+06 1.48528e+06
6280 8.75452e+06 1.2187e+06
6290 8.80064e+06 1.14384e+06
6300 9.965e+06 734753
6310 1.07914e+07 1.9762e+06
6320 9.18601e+06 739707
6330 8.21022e+06 1.25169e+06
6340 8.35757e+06 911489
6350 7.58683e+06 890044
6360 9.05412e+06 2.56809e+06
6370 8.75634e+06 1.23643e+06
6380 9.2839e+06 847743
6390 8.86659e+06 629570
6400.12 8.69554e+06 812563
6410.25 9.01084e+06 1.07027e+06
6420 8.74706e+06 1.48226e+06
6430 8.80064e+06 1.33201e+06
6440 9.25196e+06 1.3588e+06
6450 7.74448e+06 879319
6460 9.90626e+06 1.14555e+06
6470 1.18774e+07 1.49992e+06
6480 1.15601e+07 1.31481e+06
6490 1.17847e+07 467631
6500 9.76613e+06 1.42507e+06
6510.12 8.9315e+06 934834
6520 8.15149e+06 1.18658e+06
6530 1.01814e+07 2.00514e+06
6540 1.01597e+07 1.02702e+06
6550 9.37767e+06 1.01225e+06
6560 8.14737e+06 765080
6570 9.75376e+06 1.01345e+06
6580 1.00979e+07 909283
6590 8.53583e+06 897320
6600 9.89081e+06 1.03238e+06
6610 8.71821e+06 2.04043e+06
6620 8.74088e+06 1.06007e+06
6630 9.25711e+06 1.19868e+06
6640 8.70894e+06 1.26216e+06
6650 8.20919e+06 1.1868e+06
6660 9.44773e+06 1.3997e+06
6670 8.13294e+06 855832
6680.12 8.44182e+06 613540
6690 9.3944e+06 1.21935e+06
6700 1.02648e+07 1.26716e+06
6710 1.0372e+07 901831
6720 9.78674e+06 1.29837e+06
6730 9.81971e+06 1.05582e+06
6740 8.64299e+06 929784
6750 8.64608e+06 1.07967e+06
6760 8.56056e+06 1.00176e+06
6770 9.3259e+06 665673
6780 1.02012e+07 1.48432e+06
6790.12 1.01175e+07 1.95228e+06
6800 8.33902e+06 874896
6810 9.12007e+06 1.04519e+06
6820 8.5008e+06 1.70877e+06
6830 1.01834e+07 1.42898e+06
6840 1.00351e+07 1.35935e+06
6850 1.00289e+07 1.11739e+06
6860 8.36788e+06 1.30339e+06
6870 7.59405e+06 888762
6880 8.85113e+06 893182
6890 9.35191e+06 946743
6900.25 8.65536e+06 1.18452e+06
6910 9.07885e+06 710124
6920.12 9.85783e+06 1.76803e+06
6930 9.90523e+06 1.71999e+06
6940 1.01453e+07 763172
6950 8.50904e+06 957791
6960 9.04691e+06 1.81228e+06
6970.12 9.44567e+06 1.51707e+06
6980 9.07988e+06 1.02419e+06
6990 9.28699e+06 1.26633e+06
7000 9.22002e+06 721317
7010.5 9.32924e+06 1.47048e+06
7020 9.18807e+06 1.06687e+06
7030.12 9.57114e+06 1.97859e+06
7040 8.75555e+06 1.23265e+06
7050 1.00114e+07 922743
7060 1.03679e+07 971026
7070 1.06378e+07 1.1187e+06
7080.12 1.00423e+07 1.31253e+06
7090 8.60178e+06 820632
7100 8.51934e+06 844670
7110 7.89492e+06 710420
7120 8.75324e+06 561001
7130 1.00814e+07 1.00841e+06
7140 9.94954e+06 1.69662e+06
7150 9.91038e+06 990940
7160 9.31275e+06 945500
7170 9.05e+06 1.31104e+06
7180 9.02321e+06 915588
7190 8.75221e+06 1.04326e+06
7200 8.84495e+06 594638
7210.12 9.45598e+06 1.01293e+06
7220 8.8635e+06 1.41025e+06
7230 9.94518e+06 1.3176e+06
7240 9.47477e+06 691293
7250 8.29266e+06 1.3102e+06
7260.25 9.25068e+06 1.12377e+06
7270 9.96112e+06 1.1028e+06
7280 1.00031e+07 1.46495e+06
7290 9.52295e+06 1.06338e+06
7300 9.65897e+06 2.09377e+06
7310 9.46834e+06 623117
7320 9.85577e+06 1.62137e+06
7330 9.90523e+06 873899
7340 9.54047e+06 852701
7350 8.87071e+06 1.61537e+06
7360 8.79137e+06 873554
7370 8.61517e+06 1.56613e+06
7380 8.95726e+06 1.22883e+06
7390 8.80992e+06 1.2403e+06
7400.25 8.64196e+06 977303
7410 1.09233e+07 1.46573e+06
7420.38 1.18772e+07 1.15474e+06
7430 1.17046e+07 1.54156e+06
7440 1.13643e+07 1.46832e+06
7450.25 1.01412e+07 1.03571e+06
7460 9.74964e+06 822175
7470 9.48483e+06 1.30313e+06
7480.12 9.78055e+06 1.45159e+06
7490 8.71306e+06 1.562e+06
7500 8.1958e+06 969469
7510 9.36197e+06 769248
7520.12 1.00095e+07 1.09972e+06
7530 8.91502e+06 762312
7540 8.57602e+06 1.29546e+06
7550.12 8.99951e+06 515311
7560 1.05297e+07 1.56788e+06
7570 1.03359e+07 1.55711e+06
7580 9.21692e+06 1.08681e+06
7590 9.60332e+06 1.29128e+06
7600.25 7.5858e+06 252546
7610 8.0536e+06 1.44751e+06
7620 6.94798e+06 927348
7630 9.71255e+06 2.10224e+06
7640.12 9.67854e+06 1.76446e+06
7650 9.29420e+06 1.13985e+06
7660 8.15973e+06 1.15424e+06
7670 8.82331e+06 1.00089e+06
7680 1.01536e+07 1.03716e+06
7690.25 1.06129e+07 1.49739e+06
7700 9.35112e+06 1.65865e+06
7710 8.07318e+06 1.56898e+06
7720 8.98612e+06 1.0933e+06
7730 9.69812e+06 1.09348e+06
7740 9.63527e+06 935861
7750 9.19013e+06 1.02698e+06
7760 8.43588e+06 1.02431e+06
7770 7.58683e+06 588707
7780 7.91244e+06 1.28947e+06
7790 8.50286e+06 719108
7800.12 9.2128e+06 889983
7810.12 8.59353e+06 670511
7820 9.03764e+06 1.16957e+06
7830 1.078e+07 1.40853e+06
7840 1.00495e+07 1.6317e+06
7850 1.03596e+07 1.47232e+06
7860 1.06337e+07 1.45932e+06
7870 1.03473e+07 2.21021e+06
7880 9.49204e+06 1.16851e+06
7890 9.29396e+06 1.27796e+06
7900 8.80707e+06 1.63402e+06
7910 9.76819e+06 1.90667e+06
7920 9.56623e+06 1.48329e+06
7930 9.58993e+06 1.38422e+06
7940 8.60796e+06 1.01034e+06
7950 9.14995e+06 1.59424e+06
7960 9.9176e+06 1.3014e+06
7970 9.73831e+06 1.93234e+06
7980 1.017e+07 719716
7990 8.70688e+06 265918
8000 8.24526e+06 820739
8010 9.42198e+06 820740
8020.12 8.66875e+06 816586
8030 8.59044e+06 1.02406e+06
8040 9.28699e+06 1.1986e+06
8050 1.00752e+07 1.79776e+06
8060 9.389e+06 1.85047e+06
8070.12 9.8939e+06 1.08723e+06
8080 1.07213e+07 1.57902e+06
8090.12 9.72879e+06 851935
8100 8.62778e+06 1.32948e+06
8110 1.00856e+07 2.32486e+06
8120 8.70069e+06 1.06578e+06
8130 8.75815e+06 1.00041e+06
8140 9.31918e+06 1.01417e+06
8150 8.55438e+06 1.37979e+06
8160 8.98199e+06 1.20358e+06
8170 9.21795e+06 1.02644e+06
8180 1.05894e+07 1.23038e+06
8190 9.41579e+06 1.03907e+06
8200 9.69915e+06 647696
8210 9.29524e+06 926327
8220.25 1.01865e+07 1.0415e+06
8230.38 9.43022e+06 1.18745e+06
8240 8.36272e+06 1.24333e+06
8250.12 9.64763e+06 1.3142e+06
8260 1.01226e+07 1.01102e+06
8270 8.71615e+06 1.21542e+06
8280 8.68318e+06 806891
8290 8.71203e+06 809853
8300 9.37354e+06 1.4969e+06
8310 9.3416e+06 809191
8320 1.01391e+07 1.31523e+06
8330.12 8.82846e+06 1.17586e+06
8340.12 8.90265e+06 1.04095e+06
8350 9.16334e+06 1.17846e+06
8360 8.76561e+06 958683
8370 8.34211e+06 709662
8380 9.76613e+06 1.7153e+06
8390 8.93254e+06 983617
8400 9.0026e+06 936555
8410 9.38282e+06 555247
8420.12 1.0651e+07 1.15149e+06
8430 8.88435e+06 833712
8440 9.67236e+06 1.62785e+06
8450 9.28287e+06 1.60516e+06
8460 8.31636e+06 1.64637e+06
8470 1.03458e+07 2.02275e+06
8480 9.5863e+06 1.13962e+06
8490 8.46576e+06 973496
8500 9.16953e+06 924414
8510.12 9.90317e+06 1.40456e+06
8520 1.01257e+07 1.62773e+06
8530 1.09356e+07 872252
8540 1.01917e+07 1.51019e+06
8550 9.61569e+06 989689
8560.38 9.26329e+06 1.18149e+06
8570 9.34263e+06 867575
8580.12 8.33902e+06 1.34288e+06
8590 8.04639e+06 966900
8600.12 7.94953e+06 933980
8610 7.86298e+06 913390
8620 9.22929e+06 1.00811e+06
8630 8.98302e+06 1.38235e+06
8640 9.38385e+06 970343
8650 9.2128e+06 1.01715e+06
8660 8.00002e+06 891330
8670 9.34984e+06 1.147e+06
8680 9.78055e+06 2.32004e+06
8690.25 1.02308e+07 1.49718e+06
8700 9.5312e+06 1.40176e+06
8710 9.45598e+06 1.38147e+06
8720.12 9.4364e+06 998557
8730 9.92069e+06 1.3541e+06
8740 9.41888e+06 1.01311e+06
8750 9.99076e+06 1.84973e+06
8760 9.72491e+06 1.24705e+06
8770 9.16438e+06 717602
8780 9.23341e+06 872903
8790 8.87071e+06 1.23776e+06
8800 7.7991e+06 1.32303e+06
8810 8.10203e+06 1.61075e+06
8820 7.13964e+06 851064
8830 6.86143e+06 486799
8840 7.64144e+06 1.34262e+06
8850 8.29575e+06 977191
8860 9.25299e+06 745228
8870 8.26587e+06 1.51595e+06
8880.12 8.90574e+06 1.17293e+06
8890 9.97015e+06 1.3184e+06
8900 1.01824e+07 1.68136e+06
8910 1.04142e+07 1.75131e+06
8920 8.9789e+06 821906
8930 9.51471e+06 751488
8940 8.60281e+06 886385
8950 8.70997e+06 1.16165e+06
8960 9.77437e+06 1.23727e+06
8970 9.84032e+06 1.24567e+06
8980 9.7651e+06 1.30812e+06
8990 9.45598e+06 1.32604e+06
9000 9.82589e+06 732583
9010 1.07448e+07 1.75665e+06
9020.12 9.64994e+06 1.12308e+06
9030 9.3787e+06 795432
9040 9.3313e+06 1.5111e+06
9050 1.02988e+07 2.39391e+06
9060 9.26226e+06 1.16326e+06
9070 1.00237e+07 649877
9080 1.07903e+07 1.69325e+06
9090 1.05946e+07 936305
9100 9.79498e+06 1.34631e+06
9110 9.79807e+06 1.46675e+06
9120 9.96809e+06 1.48093e+06
9130.12 1.00237e+07 1.11784e+06
9140.12 8.95108e+06 1.17296e+06
9150 8.85628e+06 1.35433e+06
9160 9.52605e+06 896985
9170.12 9.69194e+06 1.24669e+06
9180.12 9.04873e+06 853556
9190 9.07085e+06 707565
9200 8.76149e+06 1.25577e+06
9210.12 9.74116e+06 1.06966e+06
9220 9.30475e+06 1.79796e+06
9230 8.97581e+06 1.40821e+06
9240 1.0236e+07 1.32133e+06
9250 8.19271e+06 696179
9260 7.63217e+06 449974
9270 8.58323e+06 692538
9280 9.0974e+06 1.15199e+06
9290 9.45804e+06 1.18509e+06
9300 9.65278e+06 1.50422e+06
9310 9.16207e+06 1.12932e+06
9320 8.88847e+06 1.08414e+06
9330 9.05927e+06 999160
9340.25 9.33336e+06 1.0585e+06
9350.12 9.36427e+06 1.09413e+06
9360.12 9.016e+06 1.54128e+06
9370 8.067e+06 726540
9380 9.82383e+06 1.65279e+06
9390 9.14146e+06 1.42483e+06
9400.12 9.93742e+06 1.56897e+06
9410 8.6739e+06 965138
9420 9.11594e+06 988586
9430 1.00485e+07 1.26647e+06
9440 9.4838e+06 1.45488e+06
9450 9.23341e+06 849044
9460 9.72697e+06 1.27225e+06
9470 1.01041e+07 1.15009e+06
9480 8.48534e+06 1.3672e+06
9490 7.67957e+06 1.13498e+06
9500 8.69348e+06 800447
9510 7.83722e+06 1.39929e+06
9520 7.44361e+06 1.26159e+06
9530 1.01793e+07 1.03826e+06
9540 8.87174e+06 801847
9550 9.50956e+06 720783
9560.12 1.05049e+07 1.90854e+06
9570 1.1117e+07 1.07789e+06
9580 1.03493e+07 925912
9590 9.52295e+06 1.48773e+06
9600 8.6162e+06 841510
9610.12 9.04691e+06 981994
9620 7.97632e+06 739193
9630 9.53223e+06 1.14366e+06
9640 1.09892e+07 1.30878e+06
9650.38 9.86068e+06 938889
9660.12 9.56108e+06 1.08079e+06
9670 9.43846e+06 1.05416e+06
9680.25 1.00353e+07 944402
9690 9.58866e+06 1.05398e+06
9700 9.06467e+06 1.16211e+06
9710 1.06801e+07 1.65353e+06
9720 8.74397e+06 1.23622e+06
9730 9.01703e+06 1.33147e+06
9740 9.63424e+06 1.46595e+06
9750 9.89596e+06 1.09638e+06
9760 9.15922e+06 985776
9770 1.00351e+07 1.117e+06
9780 9.90523e+06 1.14872e+06
9790 8.35448e+06 1.02549e+06
9800 9.38282e+06 910593
9810 1.0887e+07 1.71561e+06
9820 1.02816e+07 2.06605e+06
9830 8.40394e+06 1.10911e+06
9840 9.14377e+06 578685
9850 9.01806e+06 924594
9860.25 9.65794e+06 1.18726e+06
9870 9.25299e+06 1.6804e+06
9880 8.77900e+06 773248
9890 8.11646e+06 454814
9900 8.2061e+06 1.03486e+06
9910 8.61929e+06 691419
9920 9.46628e+06 978090
9930 9.4024e+06 778767
9940 8.43279e+06 1.17048e+06
9950 9.82692e+06 1.39095e+06
9960 7.97632e+06 1.19923e+06
9970 1.03153e+07 1.87496e+06
9980 1.04936e+07 1.58031e+06
9990 1.08357e+07 1.25246e+06
10000 1.06832e+07 1.36855e+06
10010 1.04915e+07 1.84545e+06
10020.1 9.46834e+06 867474
10030 9.18704e+06 487718
10040 9.63836e+06 823179
10050 1.07697e+07 1.37433e+06
10060 1.03535e+07 1.12466e+06
10070 1.06121e+07 1.83732e+06
10080 1.09975e+07 1.35903e+06
10090 1.10242e+07 899029
10100 1.05997e+07 1.2487e+06
10110 9.85577e+06 623393
10120 8.59971e+06 551842
10130 9.33542e+06 847958
10140.1 7.81867e+06 1.08487e+06
10150 8.46988e+06 1.38502e+06
10160 9.50338e+06 1.48243e+06
10170 8.76561e+06 1.55133e+06
10180 9.88977e+06 1.69386e+06
10190 9.41167e+06 1.9625e+06
10200 1.02174e+07 1.52925e+06
10210 1.02082e+07 1.24206e+06
10220 8.94284e+06 998782
10230 8.96654e+06 809387
10240 9.81019e+06 1.60126e+06
10250.4 1.09727e+07 2.75052e+06
10260 8.72464e+06 1.1142e+06
10270 9.08091e+06 1.20014e+06
10280 9.39106e+06 1.45947e+06
10290 8.27102e+06 1.02367e+06
10300 8.89956e+06 966961
10310.1 8.76561e+06 1.20365e+06
10320 8.94387e+06 973234
10330 8.47607e+06 703665
10340 8.4297e+06 814777
10350 8.02578e+06 1.32389e+06
10360 7.46834e+06 1.2483e+06
10370 8.81301e+06 1.5575e+06
10380 9.03867e+06 1.47546e+06
10390 9.1314e+06 1.42116e+06
10400 8.4194e+06 759028
10410 8.23392e+06 1.05093e+06
10420.1 8.40394e+06 990668
10430 8.85422e+06 951731
10440 7.72181e+06 534142
10450 9.71667e+06 1.26342e+06
10460 9.21795e+06 1.02632e+06
10470 8.73779e+06 1.16184e+06
10480 8.50389e+06 679147
10490 8.19477e+06 1.01684e+06
10500 9.04691e+06 1.03188e+06
10510 1.02123e+07 924115
10520 9.49823e+06 1.66321e+06
10530.2 9.22723e+06 1.46718e+06
10540 8.67596e+06 722077
10550 1.00175e+07 2.10806e+06
10560.1 8.44103e+06 1.19509e+06
10570.1 8.77798e+06 1.09393e+06
10580 9.51677e+06 1.33047e+06
10590 7.1417e+06 684013
10600 7.3496e+06 987622
10610.1 8.72336e+06 1.0586e+06
10620.5 8.72154e+06 1.54689e+06
10630.1 9.41785e+06 1.26693e+06
10640 8.21125e+06 844111
10650.2 9.83183e+06 1.16379e+06
10660 9.53144e+06 989246
10670 1.02185e+07 1.59869e+06
10680.1 8.87483e+06 984070
10690 9.51162e+06 755979
10700 9.54562e+06 1.36898e+06
10710 9.49204e+06 746379
10720 1.03061e+07 1.42028e+06
10730 8.65948e+06 689558
10740 7.81661e+06 970409
10750 8.25968e+06 778881
10760 9.40137e+06 575585
10770 1.00989e+07 949014
10780 9.965e+06 767289
10790 1.01649e+07 1.03425e+06
10800 8.73161e+06 624288
10810 9.49616e+06 1.30471e+06
10820 1.04975e+07 1.03347e+06
10830 9.50465e+06 1.06435e+06
10840 1.03617e+07 1.22478e+06
10850.1 9.98354e+06 987485
10860 9.11183e+06 816679
10870 8.97993e+06 1.2612e+06
10880.1 8.29884e+06 1.29676e+06
10890 9.13862e+06 898034
10900 1.01937e+07 1.10685e+06
10910.1 1.0313e+07 1.03446e+06
10920 8.45055e+06 1.02857e+06
10930 9.39209e+06 1.07859e+06
10940 9.27875e+06 1.2565e+06
10950 8.1247e+06 920600
10960 7.67854e+06 1.48533e+06
10970 9.52398e+06 1.25107e+06
10980 9.10358e+06 996279
10990 8.81198e+06 987525
11000.2 9.17571e+06 920505
11010 7.81146e+06 1.25381e+06
11020 7.84134e+06 1.19156e+06
11030 7.57962e+06 603139
11040 9.79498e+06 1.16532e+06
11050 9.06649e+06 1.0965e+06
11060 1.01896e+07 925173
11070 9.78674e+06 1.03413e+06
11080 8.6533e+06 934636
11090 9.53738e+06 1.28298e+06
11100 1.0473e+07 769009
11110 1.04039e+07 1.30084e+06
11120 9.66103e+06 1.08867e+06
11130 9.16128e+06 1.08945e+06
11140 9.65382e+06 1.66858e+06
11150 1.05657e+07 1.38727e+06
11160 8.69554e+06 725951
11170 8.93975e+06 672102
11180.4 8.33284e+06 1.65277e+06
11190 8.26174e+06 1.67298e+06
11200 9.65072e+06 1.35653e+06
11210 8.41115e+06 722479
11220.2 8.27926e+06 809079
11230 8.90678e+06 895826
11240 8.74294e+06 1.05284e+06
11250 8.89235e+06 980561
11260 9.38076e+06 1.40967e+06
11270 9.1922e+06 803135
11280.1 8.75118e+06 534214
11290 8.81095e+06 570142
11300 1.10181e+07 857679
11310.4 1.00093e+07 965208
11320 8.89004e+06 692471
11330 8.4557e+06 966824
11340 9.90111e+06 1.03833e+06
11350 8.84083e+06 1.90592e+06
11360 9.76716e+06 934806
11370 9.06236e+06 1.00569e+06
11380 8.78416e+06 907885
11390 9.16540e+06 1.22431e+06
11400.2 9.1054e+06 1.05478e+06
11410 9.66436e+06 1.75432e+06
11420 8.89235e+06 1.54827e+06
11430.1 9.14686e+06 1.61517e+06
11440 9.4704e+06 845504
11450 1.0066e+07 632539
11460 9.36736e+06 889620
11470 9.80322e+06 1.35306e+06
11480 1.02174e+07 1.08265e+06
11490 9.86608e+06 524322
11500 9.50132e+06 981542
11510 1.01103e+07 1.44148e+06
11520 1.05564e+07 1.10311e+06
11530 1.05925e+07 577404
11540 1.02381e+07 1.62867e+06
11550.1 9.26844e+06 1.23458e+06
11560 8.28235e+06 1.01687e+06
11570.2 8.51419e+06 962108
11580 8.66978e+06 1.84783e+06
11590 8.0567e+06 1.13129e+06
11600 8.63166e+06 1.33082e+06
11610.1 1.01041e+07 1.08725e+06
11620 9.12831e+06 1.76703e+06
11630 8.77488e+06 1.58725e+06
11640 9.30142e+06 900424
11650 9.25299e+06 1.18683e+06
11660 9.71461e+06 1.40872e+06
11670 1.12746e+07 1.16719e+06
11680 1.01917e+07 1.80664e+06
11690 1.0136e+07 1.83848e+06
11700.1 1.05894e+07 1.29637e+06
11710 9.28905e+06 1.10964e+06
11720 9.4127e+06 922842
11730 9.31172e+06 945674
11740 9.94954e+06 1.18316e+06
11750 9.66103e+06 1.8488e+06
11760 9.11183e+06 923298
11770 9.52708e+06 859401
11780.1 1.0474e+07 1.74915e+06
11790 1.01175e+07 1.38443e+06
11800 1.11417e+07 997030
11810 1.08924e+07 1.81268e+06
11820 1.04235e+07 1.16987e+06
11830.1 1.00781e+07 1.28369e+06
11840 9.93432e+06 1.32774e+06
11850 1.04565e+07 1.50091e+06
11860 9.74243e+06 1.33892e+06
11870 1.05307e+07 1.04821e+06
11880 9.97633e+06 2.41294e+06
11890.1 1.05616e+07 1.70347e+06
11900.1 1.14506e+07 1.48005e+06
11910 1.06422e+07 1.35186e+06
11920 1.03782e+07 1.61414e+06
11930.1 1.01257e+07 1.30848e+06
11940.1 9.95778e+06 870712
11950 9.30657e+06 707104
11960 8.99539e+06 1.26755e+06
11970 8.46885e+06 1.12519e+06
11980 8.14325e+06 916078
11990 9.98045e+06 1.50497e+06
12000 1.05101e+07 1.46298e+06
12010 1.07955e+07 1.08397e+06
12020.1 1.14465e+07 2.11122e+06
12030 1.01353e+07 1.07138e+06
12040 9.82898e+06 1.57493e+06
12050 1.0033e+07 1.45868e+06
12060 1.09552e+07 1.53643e+06
12070 9.92893e+06 1.14404e+06
12080.1 9.80734e+06 735117
12090 9.89493e+06 1.46207e+06
12100.1 9.79807e+06 990984
12110 9.06855e+06 2.00081e+06
12120 9.60436e+06 1.04285e+06
12130 9.73418e+06 1.45722e+06
12140.1 9.52604e+06 988754
12150 9.1077e+06 1.23139e+06
12160 9.965e+06 1.02017e+06
12170.4 9.24784e+06 1.30755e+06
12180 1.02069e+07 619035
12190 1.01445e+07 1.3532e+06
12200.1 1.05912e+07 2.10493e+06
12210 1.17169e+07 870680
12220 9.2262e+06 977914
12230.1 9.02115e+06 896302
12240 1.0304e+07 1.12508e+06
12250 1.06636e+07 1.50325e+06
12260 9.22208e+06 1.32977e+06
12270 8.62341e+06 821089
12280 8.7584e+06 991879
12290 9.60023e+06 1.40845e+06
12300 9.12934e+06 1.2253e+06
12310 8.45237e+06 436476
12320 8.70585e+06 846552
12330 8.94284e+06 1.26683e+06
12340 9.05206e+06 940306
12350 9.87535e+06 810183
12360 8.96757e+06 1.036e+06
12370 8.87998e+06 746624
12380 8.53377e+06 794428
12390.1 9.19219e+06 1.02803e+06
12400.1 9.32978e+06 1.09774e+06
12410 9.44204e+06 1.03921e+06
12420 1.00361e+07 1.12977e+06
12430 9.6023e+06 1.61752e+06
12440 9.64969e+06 1.32916e+06
12450.5 9.47762e+06 1.41457e+06
12460 8.96138e+06 822954
12470.1 8.11749e+06 1.34821e+06
12480 8.50801e+06 750834
12490 8.05463e+06 735523
12500 9.20662e+06 999445
12510 9.57447e+06 1.76998e+06
12520 9.17159e+06 1.29893e+06
12530 9.82898e+06 861169
12540 1.01371e+07 756991
12550 9.1685e+06 932938
12560 8.92944e+06 1.26048e+06
12570 8.08039e+06 448218
12580 8.47401e+06 1.52429e+06
12590 8.66772e+06 982086
12600 7.73315e+06 928383
12610.1 8.7584e+06 1.12535e+06
12620 9.65484e+06 1.61136e+06
12630 1.02071e+07 1.06035e+06
12640 9.55902e+06 1.59864e+06
12650 1.07728e+07 2.07595e+06
12660.2 1.05317e+07 1.09144e+06
12670 1.08625e+07 1.67104e+06
12680 9.15098e+06 746658
12690 9.93202e+06 1.46185e+06
12700.5 9.46422e+06 819601
12710 9.64042e+06 1.1027e+06
12720 1.12715e+07 1.36472e+06
12730 1.16793e+07 1.92929e+06
12740 1.04217e+07 1.39471e+06
12750 1.15062e+07 1.80823e+06
12760 9.97245e+06 1.14299e+06
12770.1 9.8308e+06 1.75263e+06
12780 9.90444e+06 1.22789e+06
12790 8.92326e+06 570673
12800 8.71821e+06 1.59776e+06
12810 7.88874e+06 1.1385e+06
12820.9 7.65072e+06 583344
12830 8.11955e+06 1.07947e+06
12840 8.27308e+06 1.34527e+06
12850 9.52192e+06 796824
12860 9.23444e+06 768852
12870.1 8.70688e+06 1.24878e+06
12880 7.61156e+06 641578
12890 9.12419e+06 1.10041e+06
12900 8.27823e+06 675675
12910 9.49616e+06 1.01131e+06
12920 9.52708e+06 1.41532e+06
12930.1 8.75324e+06 647692
12940.1 9.13116e+06 802273
12950 8.52783e+06 1.12143e+06
12960 9.48586e+06 2.27031e+06
12970 9.28905e+06 1.17382e+06
12980 9.71564e+06 1.20479e+06
12990 8.31532e+06 1.41385e+06
13000.1 9.04897e+06 1.44208e+06
13010 8.8501e+06 906712
13020 9.24372e+06 835304
13030.1 9.81146e+06 934637
13040 8.82125e+06 808557
13050 8.16386e+06 1.23316e+06
13060.2 8.46473e+06 1.29175e+06
13070.2 8.79343e+06 1.70885e+06
13080 7.81867e+06 1.01448e+06
13090 7.76818e+06 1.19233e+06
13100 7.84237e+06 940387
13110 8.70894e+06 1.52569e+06
13120 1.02028e+07 1.69106e+06
13130 9.8519e+06 1.04415e+06
13140 8.96242e+06 811812
13150 8.31326e+06 562706
13160 7.18188e+06 765977
13170 8.55438e+06 889584
13180 8.19992e+06 723524
13190 9.04279e+06 772622
13200 9.64248e+06 1.24196e+06
13210 9.4364e+06 1.30457e+06
13220 9.05697e+06 1.07749e+06
13230 9.12237e+06 850245
13240 1.01834e+07 1.21031e+06
13250 1.09202e+07 1.48147e+06
13260 1.08965e+07 1.45213e+06
13270 1.0506e+07 635421
13280 9.60332e+06 749216
13290.1 1.11397e+07 680677
13300 9.95572e+06 1.65058e+06
13310 1.07574e+07 1.42042e+06
13320 9.02321e+06 1.0727e+06
13330 9.03533e+06 877328
13340 9.7097e+06 1.28142e+06
13350 1.03916e+07 1.28719e+06
13360 1.12654e+07 2.29184e+06
13370 1.01595e+07 1.36057e+06
13380 9.28002e+06 892376
13390.1 9.64248e+06 1.24588e+06
13400 9.03248e+06 1.4412e+06
13410 8.21228e+06 1.06345e+06
13420 8.07009e+06 1.12557e+06
13430.1 9.24062e+06 958216
13440 9.01291e+06 1.27932e+06
13450.1 8.70894e+06 1.50288e+06
13460 7.3993e+06 1.64982e+06
13470 8.32151e+06 1.34496e+06
13480 8.63681e+06 1.02494e+06
13490 8.76458e+06 982177
13500.1 8.04021e+06 868816
13510 8.0536e+06 754739
13520 7.96705e+06 938466
13530 9.66412e+06 492790
13540 9.08194e+06 976160
13550 9.57756e+06 1.50406e+06
13560 8.99745e+06 1.12637e+06
13570 9.1551e+06 1.40087e+06
13580 1.02751e+07 373776
13590 9.46216e+06 781727
13600 1.02896e+07 1.72588e+06
13610 8.76149e+06 1.28115e+06
13620 9.51574e+06 758168
13630 8.67803e+06 1.31691e+06
13640 9.61054e+06 614522
13650 9.45495e+06 2.71799e+06
13660 8.96242e+06 852374
13670 8.80270e+06 1.62332e+06
13680 1.05049e+07 1.13613e+06
13690 1.04235e+07 1.1251e+06
13700 1.07821e+07 1.47621e+06
13710 1.11448e+07 1.73352e+06
13720 1.08728e+07 937110
13730 1.0034e+07 2.07993e+06
13740 9.48792e+06 1.06689e+06
13750.1 1.00742e+07 991021
13760.5 9.61363e+06 1.57384e+06
13770 9.49101e+06 952703
13780 9.66412e+06 812827
13790 9.14376e+06 2.15056e+06
13800 8.70172e+06 514653
13810 8.98921e+06 1.65098e+06
13820 9.17571e+06 1.77812e+06
13830 9.39003e+06 865908
13840 9.40652e+06 1.22155e+06
13850.1 9.73625e+06 1.3836e+06
13860 9.03764e+06 1.15549e+06
13870 8.34212e+06 577309
13880 8.30399e+06 744615
13890 8.31532e+06 1.19218e+06
13900 9.26638e+06 1.36411e+06
13910 9.06443e+06 1.54593e+06
13920 9.99694e+06 1.98592e+06
13930.1 8.70276e+06 838783
13940 9.49925e+06 1.77064e+06
13950 1.02113e+07 1.32168e+06
13960 9.4735e+06 633336
13970 8.04536e+06 768614
13980 8.64402e+06 446314
13990 9.54356e+06 1.59153e+06
14000 9.83001e+06 1.28946e+06
14010 9.19632e+06 1.2089e+06
14020 9.3416e+06 1.01714e+06
14030.1 9.3076e+06 1.59916e+06
14040.1 8.78828e+06 1.09381e+06
14050 9.38694e+06 1.85284e+06
14060 9.71358e+06 1.19103e+06
14070 9.38282e+06 1.52181e+06
14080 1.03947e+07 1.14847e+06
14090 9.13037e+06 1.08138e+06
14100.2 9.39931e+06 678673
14110 9.74346e+06 1.27193e+06
14120.1 1.02296e+07 1.01364e+06
14130.1 9.76946e+06 1.34558e+06
14140 9.24372e+06 1.07406e+06
14150 8.78004e+06 1.03105e+06
14160 8.54098e+06 1.48685e+06
14170 9.50028e+06 1.025e+06
14180 9.29627e+06 1.03748e+06
14190 1.0236e+07 854305
14200 1.02061e+07 827690
14210 9.79704e+06 1.03281e+06
14220 9.95572e+06 1.35055e+06
14230 8.8027e+06 1.09392e+06
14240 8.89441e+06 1.05667e+06
14250 9.9753e+06 1.99023e+06
14260 9.28699e+06 918233
14270 9.48895e+06 742850
14280.1 9.70612e+06 1.33305e+06
14290.1 9.0634e+06 980427
14300 9.05952e+06 1.06056e+06
14310 8.40394e+06 1.09532e+06
14320 8.99848e+06 949528
14330 9.42919e+06 764559
14340 1.05173e+07 869947
14350 1.03514e+07 649589
14360 9.95675e+06 1.95916e+06
14370 9.85062e+06 845596
14380 1.04328e+07 1.31146e+06
14390 1.05204e+07 874942
14400 1.06203e+07 1.4571e+06
14410 9.70636e+06 1.24268e+06
14420 9.91141e+06 868083
14430 1.01896e+07 897659
14440 9.76201e+06 906516
14450 9.40549e+06 930235
14460 9.52398e+06 2.04331e+06
14470 9.92172e+06 1.89726e+06
14480 8.12779e+06 673754
14490 8.37715e+06 767620
14500 9.85371e+06 1.30372e+06
14510 9.63321e+06 1.0982e+06
14520 7.76921e+06 707985
14530 9.60745e+06 1.42675e+06
14540 9.98457e+06 1.4281e+06
14550 9.53429e+06 1.14136e+06
14560 9.79601e+06 1.43294e+06
14570 9.92378e+06 1.62296e+06
14580 9.74552e+06 890328
14590 9.99075e+06 923883
14600 9.69606e+06 920027
14610 9.66e+06 947407
14620 9.87226e+06 420123
14630 9.87432e+06 1.44805e+06
14640 1.03143e+07 1.51246e+06
14650.1 1.03901e+07 1.34345e+06
14660 1.0118e+07 1.39064e+06
14670 8.76046e+06 2.07816e+06
14680 9.90523e+06 1.12642e+06
14690 1.06657e+07 2.0321e+06
14700 9.72594e+06 1.35384e+06
14710.2 9.40755e+06 801992
14720 1.03542e+07 1.16196e+06
14730.1 1.0162e+07 1.42867e+06
14740 9.30348e+06 1.25978e+06
14750 9.64454e+06 917873
14760 8.6399e+06 925257
14770.1 9.08503e+06 1.41433e+06
14780 9.32203e+06 1.46314e+06
14790 7.87328e+06 1.66346e+06
14800 8.79034e+06 1.39341e+06
14810 8.66978e+06 781167
14820.1 9.10564e+06 432859
14830 8.62548e+06 653373
14840 9.43846e+06 1.00831e+06
14850 8.033e+06 529279
14860 8.51316e+06 1.01141e+06
14870 8.6296e+06 625827
14880 9.76819e+06 1.00616e+06
14890.1 8.94593e+06 1.03941e+06
14900.2 8.89647e+06 948388
14910.1 8.96757e+06 1.22636e+06
14920 8.89235e+06 1.28618e+06
14930.2 9.17983e+06 925331
14940 9.83001e+06 1.7572e+06
14950.1 9.69297e+06 1.21042e+06
14960 8.41837e+06 1.28111e+06
14970 8.56777e+06 896353
14980.1 7.80528e+06 746542
14990 8.70894e+06 1.06203e+06
15000.1 9.86171e+06 2.21832e+06
15010 9.61799e+06 1.3025e+06
15020 1.04256e+07 1.16742e+06
15030 9.70842e+06 428722
15040 1.07625e+07 1.09889e+06
15050 1.02285e+07 816280
15060.1 9.96421e+06 1.02482e+06
15070.2 9.56417e+06 749940
15080.1 9.34366e+06 971264
15090 9.85577e+06 1.45183e+06
15100 1.09222e+07 1.52222e+06
15110 9.8331e+06 789960
15120 9.23959e+06 911411
15130.1 9.4127e+06 1.26597e+06
15140.2 1.02576e+07 2.15089e+06
15150 9.32306e+06 1.24482e+06
15160.4 9.06649e+06 1.82783e+06
15170.1 8.54819e+06 956960
15180 8.78622e+06 1.26185e+06
15190 8.05154e+06 816716
15200 8.55438e+06 1.34862e+06
15210 8.67184e+06 534014
15220 9.24887e+06 1.10046e+06
15230 8.7821e+06 1.27059e+06
15240 9.29499e+06 2.34472e+06
15250 1.00209e+07 740509
15260 8.84186e+06 1.21667e+06
15270.1 8.42146e+06 999226
15280 9.19426e+06 1.3872e+06
15290 9.89493e+06 1.60957e+06
15300 1.0548e+07 2.1424e+06
15310 9.84159e+06 1.77565e+06
15320 9.69194e+06 943723
15330 9.01806e+06 567109
15340 9.45701e+06 580046
15350 8.71306e+06 705611
15360 1.05214e+07 986768
15370 9.44052e+06 850858
15380.1 1.00608e+07 1.2972e+06
15390 9.9753e+06 1.12407e+06
15400 9.65691e+06 1.84169e+06
15410 9.90214e+06 1.30599e+06
15420 9.57138e+06 1.27056e+06
15430.1 8.37921e+06 1.2865e+06
15440.5 8.76458e+06 1.05617e+06
15450.1 8.94078e+06 957794
15460 1.00546e+07 1.16283e+06
15470 9.50647e+06 1.19871e+06
15480 9.25711e+06 1.02761e+06
15490 9.7991e+06 1.32219e+06
15500 1.01989e+07 1.65643e+06
15510 9.68266e+06 1.34579e+06
15520 8.58735e+06 1.39561e+06
15530 7.71254e+06 1.43685e+06
15540 9.24062e+06 1.08744e+06
15550.1 9.33645e+06 925634
15560 9.16952e+06 1.39713e+06
15570 8.63166e+06 1.1172e+06
15580 8.95623e+06 1.42811e+06
15590 9.43331e+06 870853
15600 1.16858e+07 1.65366e+06
15610 1.03741e+07 1.64792e+06
15620 9.57756e+06 1.69921e+06
15630 9.66927e+06 958458
15640 8.76767e+06 1.45819e+06
15650.1 9.0737e+06 979472
15660 9.40343e+06 1.84844e+06
15670 8.64093e+06 1.22531e+06
15680.6 7.57422e+06 1.0846e+06
15690 7.7643e+06 802104
15700 7.85783e+06 1.13581e+06
15710 7.35293e+06 955767
15720 8.38848e+06 1.28172e+06
15730 8.83877e+06 964371
15740 9.23341e+06 1.6397e+06
15750 9.0397e+06 1.07172e+06
15760 8.24423e+06 701979
15770 8.37303e+06 842180
15780 8.86659e+06 555278
15790 8.88514e+06 775142
15800.1 8.55644e+06 792101
15810 9.20844e+06 1.14378e+06
15820 8.3506e+06 1.86656e+06
15830 9.33954e+06 1.19928e+06
15840.1 1.02618e+07 1.41517e+06
15850 9.96706e+06 1.81306e+06
15860 9.87123e+06 1.84034e+06
15870 8.37097e+06 1.17783e+06
15880 8.58941e+06 1.70775e+06
15890 9.70534e+06 1.59394e+06
15900 9.15407e+06 896137
15910 9.3179e+06 903092
15920 1.02875e+07 2.56125e+06
15930 9.41064e+06 1.17061e+06
15940 9.29833e+06 1.37869e+06
15950 8.71306e+06 856841
15960 9.5392e+06 1.2544e+06
15970 8.90084e+06 1.81053e+06
15980.2 9.41991e+06 1.33221e+06
15990.1 9.65381e+06 1.52802e+06
16000 9.38591e+06 1.24059e+06
16010 9.65175e+06 763555
16020 1.02504e+07 965913
16030 8.82228e+06 2.26621e+06
16040 8.65433e+06 1.12871e+06
16050.1 9.08812e+06 1.22085e+06
16060 9.50338e+06 1.24226e+06
16070 9.98045e+06 2.10799e+06
16080.1 1.06026e+07 1.67948e+06
16090 1.00487e+07 1.24467e+06
16100.2 9.97015e+06 589391
16110 9.20559e+06 627227
16120 9.5075e+06 1.46555e+06
16130 9.13964e+06 1.31993e+06
16140 8.34624e+06 1.05009e+06
16150.1 9.16953e+06 986408
16160.1 9.46113e+06 1.59947e+06
16170 8.41115e+06 1.37933e+06
16180 8.66051e+06 893951
16190 9.45701e+06 1.10989e+06
16200 8.73882e+06 853257
16210 8.73058e+06 918876
16220 8.61414e+06 1.19139e+06
16230 7.9485e+06 806061
16240 9.13346e+06 1.36609e+06
16250 8.89029e+06 775422
16260 9.74346e+06 865359
16270 8.59456e+06 1.17779e+06
16280 9.21796e+06 1.536e+06
16290.1 9.07988e+06 1.03981e+06
16300 9.29936e+06 828685
16310 1.02772e+07 1.57467e+06
16320.1 1.01474e+07 1.11645e+06
16330 8.43897e+06 1.7053e+06
16340 8.95932e+06 840117
16350.1 8.11955e+06 963642
16360.1 8.8027e+06 816257
16370 9.01497e+06 1.03292e+06
16380 8.73882e+06 1.21944e+06
16390 8.93823e+06 969493
16400.1 8.92374e+06 1.07865e+06
16410.2 9.26742e+06 1.35475e+06
16420 8.74191e+06 1.24825e+06
16430 8.93975e+06 923799
16440 9.99694e+06 1.36591e+06
16450 1.0033e+07 2.05707e+06
16460 1.01773e+07 1.19517e+06
16470 1.09202e+07 1.90753e+06
16480 1.04009e+07 1.86016e+06
16490 9.92172e+06 972814
16500 1.10387e+07 776169
16510 9.31378e+06 902119
16520 8.3689e+06 1.01545e+06
16530.5 9.19298e+06 2.01539e+06
16540 8.32278e+06 1.31748e+06
16550 9.61878e+06 945579
16560 9.88875e+06 1.57566e+06
16570 9.40343e+06 579883
16580.4 1.01639e+07 1.39921e+06
16590 1.02937e+07 1.52275e+06
16600 9.68060e+06 891322
16610 8.93769e+06 662302
16620 9.35191e+06 1.29751e+06
16630 9.70328e+06 879225
16640 9.90935e+06 1.70323e+06
16650 9.78158e+06 816903
16660 9.63012e+06 1.19349e+06
16670 8.76149e+06 1.47576e+06
16680 9.95778e+06 1.17801e+06
16690 1.03782e+07 622332
16700 9.51265e+06 1.75958e+06
16710.1 9.22517e+06 687300
16720 8.59868e+06 1.05063e+06
16730 9.04485e+06 1.59688e+06
16740.1 9.18704e+06 652918
16750 9.04073e+06 915296
16760 9.84959e+06 1.60154e+06
16770 1.03679e+07 2.21937e+06
16780 9.2159e+06 1.7528e+06
16790 8.81355e+06 958352
16800 9.80474e+06 1.37268e+06
16810 8.62444e+06 991554
16820 1.04039e+07 1.6882e+06
16830 1.02391e+07 1.64295e+06
16840 1.02968e+07 1.68043e+06
16850.1 8.71512e+06 1.00498e+06
16860 8.24011e+06 844857
16870 8.42558e+06 737313
16880.1 9.70842e+06 779736
16890 8.80373e+06 1.02178e+06
16900 8.52553e+06 946363
16910.1 8.25556e+06 1.03761e+06
16920 7.52604e+06 1.20193e+06
16930 8.95211e+06 958897
16940 8.32254e+06 1.17192e+06
16950 9.22105e+06 1.30188e+06
16960 8.73779e+06 451311
16970 9.18395e+06 535928
16980.2 8.26999e+06 305449
16990.1 9.75582e+06 1.62849e+06
17000 9.17262e+06 993127
17010 9.41167e+06 1.23767e+06
17020 1.03802e+07 2.1625e+06
17030 9.76407e+06 1.14287e+06
17040 9.02527e+06 914384
17050 8.90574e+06 1.97467e+06
17060 8.25041e+06 945587
17070 8.31326e+06 2.23333e+06
17080 8.84907e+06 1.40891e+06
17090 9.85141e+06 1.55337e+06
17100 8.79676e+06 924937
17110.1 9.02812e+06 1.0342e+06
17120.2 9.4624e+06 1.30803e+06
17130.1 9.67339e+06 1.11199e+06
17140 7.76097e+06 568062
17150 9.52295e+06 1.29805e+06
17160.1 8.54486e+06 1.07383e+06
17170.1 9.97324e+06 1.62285e+06
17180 9.96318e+06 1.22221e+06
17190 9.21177e+06 1.08446e+06
17200.5 7.43536e+06 982745
17210.1 8.10179e+06 986958
17220 9.72618e+06 1.41465e+06
17230 1.03854e+07 1.41635e+06
17240 9.65278e+06 1.21226e+06
17250 9.66515e+06 1.4377e+06
17260 9.08297e+06 1.90816e+06
17270.1 1.04905e+07 1.30555e+06
17280 1.05492e+07 1.82931e+06
17290 1.00248e+07 1.31687e+06
17300 1.03401e+07 954193
17310 9.53429e+06 913964
17320 9.72776e+06 1.89294e+06
17330 8.41346e+06 1.87229e+06
17340 9.01497e+06 1.76462e+06
17350 9.15304e+06 872046
17360.1 1.01196e+07 1.61027e+06
17370 9.14583e+06 1.30482e+06
17380 9.35191e+06 1.24691e+06
17390 9.62702e+06 1.24029e+06
17400.1 9.26123e+06 1.56384e+06
17410 9.97839e+06 1.78738e+06
17420 9.86505e+06 1.312e+06
17430 1.03254e+07 591683
17440 1.08215e+07 1.88523e+06
17450 1.03926e+07 1.49594e+06
17460 1.03493e+07 1.05485e+06
17470 9.89699e+06 1.30131e+06
17480.1 9.26948e+06 1.08441e+06
17490 8.8398e+06 819809
17500 9.63424e+06 1.07967e+06
17510 8.98302e+06 933014
17520.1 9.81353e+06 1.43116e+06
17530 1.02968e+07 953626
17540 9.35603e+06 1.52869e+06
17550 9.23444e+06 1.19363e+06
17560 9.45495e+06 1.69361e+06
17570 9.65278e+06 1.06762e+06
17580 8.72748e+06 812453
17590 9.73006e+06 1.48194e+06
17600.1 1.05874e+07 1.00174e+06
17610 1.00752e+07 412432
17620 1.08367e+07 2.07878e+06
17630 1.00536e+07 1.1816e+06
17640 9.32821e+06 959093
17650.1 9.47634e+06 1.81735e+06
17660.1 1.00948e+07 1.09184e+06
17670 9.91372e+06 1.46586e+06
17680 1.0066e+07 1.08517e+06
17690 1.04503e+07 328495
17700.2 9.43743e+06 891467
17710 9.07576e+06 939311
17720 9.01497e+06 1.04742e+06
17730 9.61672e+06 1.02397e+06
17740 9.25814e+06 870909
17750 1.11726e+07 907220
17760 1.09933e+07 1.6436e+06
17770 1.10768e+07 1.11456e+06
17780 1.02391e+07 1.05752e+06
17790 1.01288e+07 1.1857e+06
17800 1.027e+07 1.23312e+06
17810.1 9.46319e+06 937666
17820 9.77437e+06 1.04189e+06
17830 9.37252e+06 631349
17840 9.33336e+06 1.32127e+06
17850.1 9.42816e+06 1.46216e+06
17860 9.45495e+06 1.26027e+06
17870.4 1.02545e+07 1.38977e+06
17880 9.55593e+06 1.65677e+06
17890 1.04987e+07 1.36059e+06
17900 1.017e+07 1.4082e+06
17910 8.90987e+06 1.01981e+06
17920 9.24578e+06 1.05499e+06
17930 8.65433e+06 1.16836e+06
17940 8.82022e+06 884927
17950 9.62806e+06 546720
17960 1.01453e+07 1.95454e+06
17970 1.04318e+07 1.4955e+06
17980.1 9.48895e+06 1.05157e+06
17990.2 9.48174e+06 1.49168e+06
18000 1.03586e+07 1.08746e+06
18010 9.12213e+06 923571
18020 8.89647e+06 1.37257e+06
18030 8.85216e+06 1.48064e+06
18040 7.96293e+06 1.32865e+06
18050 8.51316e+06 812451
18060 8.94902e+06 804625
18070 9.05309e+06 923232
18080 9.53404e+06 1.42649e+06
18090 9.72104e+06 1.52544e+06
18100.2 9.694e+06 1.18193e+06
18110.1 1.00155e+07 1.57617e+06
18120 8.98921e+06 864545
18130 9.64866e+06 990971
18140 9.09431e+06 1.11598e+06
18150.1 8.89647e+06 1.4547e+06
18160.2 7.90316e+06 875195
18170.2 8.87689e+06 896123
18180 9.79189e+06 1.57829e+06
18190 1.0609e+07 1.41954e+06
18200 8.73264e+06 1.0013e+06
18210 8.90447e+06 1.69512e+06
18220 9.13886e+06 1.25815e+06
18230.1 9.5549e+06 1.08565e+06
18240 1.01288e+07 1.0802e+06
18250 9.23856e+06 1.07637e+06
18260 9.33439e+06 1.03235e+06
18270 9.07473e+06 1.1656e+06
18280 1.05327e+07 1.07356e+06
18290 1.10129e+07 943125
18300.1 1.06121e+07 1.14877e+06
18310 9.34676e+06 721672
18320 1.02133e+07 932688
18330 1.01824e+07 1.3182e+06
18340 1.06657e+07 1.08848e+06
18350 1.00668e+07 1.85969e+06
18360 9.11722e+06 852347
18370 9.34572e+06 940124
18380 1.10047e+07 955188
18390.1 1.05389e+07 915239
18400 9.67545e+06 1.00967e+06
18410 1.04936e+07 890633
18420 1.0506e+07 1.0147e+06
18430 8.30399e+06 603588
18440 9.94748e+06 1.01527e+06
18450.5 1.01536e+07 1.43415e+06
18460 1.02048e+07 1.33897e+06
18470 1.08267e+07 1.09617e+06
18480 1.17466e+07 1.48495e+06
18490.1 1.12458e+07 676278
18500.1 1.06574e+07 1.7949e+06
18510 9.65381e+06 1.03763e+06
18520.2 9.49307e+06 818061
18530 7.96602e+06 1.74422e+06
18540 9.51677e+06 729683
18550 1.05997e+07 1.38246e+06
18560 9.62806e+06 1.73353e+06
18570.1 1.04019e+07 1.07909e+06
18580.2 9.52914e+06 1.00945e+06
18590.2 1.01402e+07 879481
18600 9.9856e+06 943815
18610 9.27154e+06 867140
18620 9.11904e+06 586257
18630 9.02527e+06 854710
18640 9.74964e+06 1.40742e+06
18650.1 9.65278e+06 1.65332e+06
18660 1.01165e+07 603924
18670 9.79601e+06 1.34576e+06
18680 9.27772e+06 1.19042e+06
18690 9.60951e+06 1.41104e+06
18700 9.99797e+06 1.60814e+06
18710 1.0033e+07 1.56711e+06
18720.1 1.10428e+07 1.33943e+06
18730 1.0203e+07 1.69437e+06
18740.6 8.83131e+06 943000
18750 7.41191e+06 1.07767e+06
18760 6.82124e+06 801136
18770.1 8.24629e+06 855257
18780.2 8.26793e+06 1.02699e+06
18790 9.38694e+06 970845
18800 9.05824e+06 880302
18810 8.81404e+06 633876
18820 8.51935e+06 658525
18830 8.52965e+06 815355
18840 1.00619e+07 1.71225e+06
18850 9.72182e+06 1.59717e+06
18860 9.84959e+06 1.25404e+06
18870 8.42352e+06 1.02782e+06
18880 8.32254e+06 903399
18890.1 9.58581e+06 1.23384e+06
18900 8.36581e+06 801690
18910.1 9.23959e+06 981180
18920 8.85295e+06 1.0227e+06
18930 9.13861e+06 1.47041e+06
18940 9.30166e+06 540845
18950 9.51368e+06 1.11754e+06
18960 9.46422e+06 1.18979e+06
18970 9.62908e+06 1.76468e+06
18980 9.33645e+06 1.25295e+06
18990 9.67236e+06 1.11127e+06
19000 9.65588e+06 1.04049e+06
19010 9.88153e+06 1.01371e+06
19020.1 9.35294e+06 723752
19030 9.5312e+06 1.16388e+06
19040 9.46319e+06 1.30233e+06
19050 9.62187e+06 940369
19060 9.77952e+06 1.0345e+06
19070 9.27669e+06 1.06336e+06
19080 9.60642e+06 1.30642e+06
19090 1.02978e+07 683011
19100 9.92481e+06 1.50545e+06
19110.2 9.92275e+06 1.12318e+06
19120 1.01309e+07 1.16862e+06
19130 9.84135e+06 908707
19140 1.04122e+07 681626
19150 1.04699e+07 1.25331e+06
19160 1.04256e+07 1.74987e+06
19170 1.10253e+07 1.33578e+06
19180 1.06966e+07 1.07961e+06
19190 9.37458e+06 1.24774e+06
19200 9.9382e+06 1.00611e+06
19210 1.03267e+07 1.90733e+06
19220 9.74346e+06 908756
19230 1.00835e+07 1.27293e+06
19240 9.49513e+06 865334
19250 9.22826e+06 1.0891e+06
19260.2 9.24268e+06 1.3259e+06
19270 1.10294e+07 1.59878e+06
19280 1.08901e+07 1.42738e+06
19290 9.76843e+06 1.64072e+06
19300 9.76304e+06 2.58265e+06
19310 9.56211e+06 1.19358e+06
19320 1.01948e+07 1.98195e+06
19330.1 1.01803e+07 1.52877e+06
19340 8.98406e+06 990507
19350 7.89492e+06 894553
19360 9.38076e+06 1.58002e+06
19370 9.73522e+06 1.59795e+06
19380 1.00011e+07 1.03631e+06
19390 9.83826e+06 1.52146e+06
19400 9.98045e+06 1.10365e+06
19410 8.8161e+06 986405
19420 9.47349e+06 775857
19430 8.83774e+06 1.06034e+06
19440 9.56108e+06 966457
19450 9.26329e+06 965573
19460 9.66412e+06 937988
19470 9.74655e+06 1.28137e+06
19480 9.73625e+06 520122
19490 1.10449e+07 2.26221e+06
19500 9.10976e+06 1.55491e+06
19510.1 9.91348e+06 717075
19520 9.36633e+06 999610
19530 9.19116e+06 2.22039e+06
19540 9.40137e+06 1.36255e+06
19550 8.34315e+06 1.23693e+06
19560 9.67442e+06 752001
19570 9.70121e+06 1.56735e+06
19580 1.01216e+07 1.41017e+06
19590 9.84238e+06 1.16632e+06
19600 9.17674e+06 1.05835e+06
19610 9.64018e+06 1.97671e+06
19620.4 9.17801e+06 738278
19630 8.9346e+06 1.47412e+06
19640 1.04586e+07 2.02468e+06
19650.2 9.99179e+06 1.2136e+06
19660 9.13243e+06 1.17447e+06
19670.2 9.05206e+06 969782
19680 9.73831e+06 1.04836e+06
19690 9.96087e+06 1.06553e+06
19700 8.2535e+06 887647
19710.1 9.20765e+06 1.15134e+06
19720 1.08965e+07 906461
19730 1.04802e+07 1.54353e+06
19740 1.0914e+07 1.09099e+06
19750 9.67958e+06 838380
19760 9.96887e+06 929461
19770 1.06175e+07 740435
19780 9.43228e+06 1.8864e+06
19790 9.49616e+06 827357
19800 8.27823e+06 1.36653e+06
19810.1 9.45701e+06 1.59827e+06
19820 9.31687e+06 1.18132e+06
19830.1 9.94233e+06 773545
19840.2 8.75428e+06 826026
19850 1.03823e+07 1.59424e+06
19860.1 9.70018e+06 1.64135e+06
19870 8.73367e+06 682850
19880 9.30245e+06 1.11106e+06
19890 8.97787e+06 1.23109e+06
19900 9.54538e+06 1.20553e+06
19910 9.90754e+06 1.40462e+06
19920 1.0034e+07 1.03934e+06
19930 1.11263e+07 1.10222e+06
19940.1 1.07409e+07 1.31532e+06
19950 9.89596e+06 1.12015e+06
19960 1.05472e+07 1.54422e+06
19970 9.78261e+06 852563
19980 8.57911e+06 1.31464e+06
19990 8.52759e+06 947192
20000 8.9686e+06 1.19245e+06
20010 1.01587e+07 1.7714e+06
20020 9.24371e+06 1.27921e+06
20030 9.45495e+06 1.43966e+06
20040 9.73419e+06 353898
20050 8.20816e+06 778814
20060 9.10152e+06 1.44233e+06
20070 9.10667e+06 853943
20080 9.43719e+06 1.56406e+06
20090 9.59223e+06 970375
20100 9.2973e+06 1.58192e+06
20110 9.94336e+06 1.45121e+06
20120 1.10428e+07 563763
20130 1.0134e+07 1.33613e+06
20140 9.67751e+06 1.233e+06
20150 1.01587e+07 1.09269e+06
20160 1.0305e+07 1.05612e+06
20170 1.06121e+07 1.57084e+06
20180 9.81353e+06 1.13229e+06
20190 9.08503e+06 997166
20200 9.74964e+06 598650
20210.1 9.65381e+06 1.50556e+06
20220 9.1788e+06 1.4803e+06
20230.1 1.02834e+07 2.29277e+06
20240 1.04359e+07 1.32478e+06
20250 1.0236e+07 854853
20260 9.83414e+06 1.36348e+06
20270 9.20662e+06 975669
20280 9.22414e+06 1.25883e+06
20290 7.96602e+06 847164
20300.1 9.04588e+06 1.15344e+06
20310 8.79343e+06 1.03229e+06
20320 8.98818e+06 985466
20330.1 9.5755e+06 1.43517e+06
20340 9.84856e+06 1.37606e+06
20350 9.93099e+06 1.63813e+06
20360 1.03202e+07 1.50059e+06
20370 1.03084e+07 1.34471e+06
20380 9.95263e+06 1.01871e+06
20390 9.16746e+06 1.15618e+06
20400 9.41167e+06 1.28954e+06
20410 9.31791e+06 1.72675e+06
20420 1.00894e+07 794574
20430 9.23365e+06 832845
20440 9.33542e+06 580665
20450 9.80734e+06 1.12025e+06
20460 1.06904e+07 1.30351e+06
20470 1.00155e+07 587750
20480 1.071e+07 2.02382e+06
20490 1.03751e+07 1.51775e+06
20500 1.06327e+07 1.32762e+06
20510.1 9.55799e+06 1.82604e+06
20520 8.43897e+06 945427
20530.1 8.90471e+06 443119
20540 1.04359e+07 2.46048e+06
20550 9.5889e+06 1.5307e+06
20560 9.6806e+06 778823
20570 1.05307e+07 1.46421e+06
20580 9.78262e+06 1.17163e+06
20590 9.17262e+06 720353
20600.1 9.51986e+06 969261
20610.1 9.20971e+06 732638
20620.1 9.52296e+06 1.24494e+06
20630 1.03689e+07 1.82771e+06
20640 9.78468e+06 1.13129e+06
20650 9.25711e+06 915653
20660 8.53583e+06 802187
20670 9.16025e+06 606397
20680 9.55284e+06 611315
20690 9.05515e+06 1.12721e+06
20700 9.13758e+06 1.04798e+06
20710 1.03596e+07 2.31653e+06
20720 8.78519e+06 1.26256e+06
20730 1.0981e+07 1.24935e+06
20740 1.02525e+07 963025
20750 9.09431e+06 844495
20760.2 8.65845e+06 847471
20770 8.68009e+06 1.11903e+06
20780 9.38694e+06 572302
20790 8.42661e+06 1.36813e+06
20800 1.02865e+07 2.23287e+06
20810.1 1.17079e+07 2.56103e+06
20820.1 9.60484e+06 1.34596e+06
20830.1 9.86092e+06 1.65878e+06
20840.1 9.18498e+06 1.45656e+06
20850 9.62599e+06 787612
20860 8.47813e+06 999720
20870 7.81867e+06 408963
20880 8.21332e+06 1.20957e+06
20890 1.00577e+07 1.20579e+06
20900 9.35063e+06 947676
20910 9.46756e+06 1.06011e+06
20920.4 9.96706e+06 1.04438e+06
20930 9.61775e+06 1.28592e+06
20940 9.00878e+06 1.05828e+06
20950 9.48277e+06 1.55264e+06
20960 1.00866e+07 1.09178e+06
20970 9.43331e+06 561275
20980.1 8.92223e+06 789536
20990 8.91811e+06 1.20948e+06
21000 9.75582e+06 607478
21010 9.64557e+06 1.27422e+06
21020 9.98457e+06 1.17468e+06
21030 8.64093e+06 875262
21040 9.68782e+06 769606
21050 9.21177e+06 1.39403e+06
21060 1.05006e+07 1.03312e+06
21070 1.02517e+07 962590
21080 1.01113e+07 1.15219e+06
21090 9.52192e+06 1.62442e+06
21100 8.34624e+06 1.15565e+06
21110 9.19116e+06 1.45307e+06
21120 9.62496e+06 828154
21130 1.04503e+07 876809
21140 9.32924e+06 852200
21150 9.82898e+06 1.38309e+06
21160.2 9.39494e+06 1.13044e+06
21170 9.96009e+06 974617
21180 9.26329e+06 1.60069e+06
21190 9.19941e+06 1.4177e+06
21200 8.59972e+06 941156
21210 8.55335e+06 747063
21220 9.85062e+06 1.09926e+06
21230 9.26844e+06 1.10123e+06
21240 9.1631e+06 1.68366e+06
21250.1 1.05608e+07 1.9127e+06
21260 9.55284e+06 920857
21270 9.79601e+06 1.54667e+06
21280 1.04452e+07 1.59483e+06
21290 9.44567e+06 954788
21300 8.9583e+06 1.08337e+06
21310 8.66154e+06 1.36944e+06
21320 9.31275e+06 1.67057e+06
21330 8.46988e+06 1.179e+06
21340 9.05309e+06 607411
21350.1 7.6095e+06 1.03611e+06
21360 8.12573e+06 1.31775e+06
21370 9.17777e+06 1.07496e+06
21380 8.88617e+06 3.02711e+06
21390 9.30245e+06 1.71205e+06
21400 8.17107e+06 1.32473e+06
21410 8.94696e+06 1.28886e+06
21420 7.96087e+06 1.02867e+06
21430 8.53686e+06 687494
21440 9.47556e+06 1.3142e+06
21450 1e+07 2.02877e+06
21460 1.01422e+07 1.93208e+06
21470 9.88153e+06 1.08108e+06
21480.1 9.88875e+06 2.12212e+06
21490.5 9.66721e+06 1.21569e+06
21500 8.9315e+06 937090
21510 1.01484e+07 1.72631e+06
21520.1 9.58581e+06 1.05239e+06
21530 9.84959e+06 1.30305e+06
21540 1.00835e+07 894369
21550 9.70018e+06 1.0219e+06
21560 1.06234e+07 1.59756e+06
21570 9.02733e+06 881675
21580 9.90111e+06 717328
21590 8.84495e+06 638978
