# TimeStamp(s) Sum Stdev
0.125 4.18342e+06 58397.8
10.75 4.1319e+06 93621.9
21.25 3.45081e+06 236157
33.625 1.48274e+06 234373
41.5 2.47478e+06 629487
50.625 7.31402e+06 580326
61 2.09995e+06 272360
71.125 3.21175e+06 419832
80.625 6.61516e+06 475878
91.25 4.16281e+06 270973
103 1.51675e+06 207814
110.75 4.23058e+06 731969
120.625 6.14967e+06 591862
133.125 1.45595e+06 253976
140.125 4.20609e+06 633876
151.125 5.63525e+06 636904
161 3.86297e+06 363391
171.25 2.16384e+06 287830
181.125 2.81505e+06 550716
191.875 5.35602e+06 740362
202.125 3.07986e+06 618190
210.75 5.05617e+06 586811
220.625 3.8269e+06 427644
232.875 1.43637e+06 196694
241.25 2.81893e+06 565227
251.25 7.56440e+06 1.60763e+06
263.25 2.0237e+06 429342
271.5 2.62315e+06 543764
280.875 6.85858e+06 873828
290.625 3.82587e+06 616920
302.5 2.68007e+06 256176
310.625 1.88357e+06 586391
321.625 7.24474e+06 912957
332.125 1.4905e+06 420366
340.5 4.53424e+06 755314
351.25 5.79497e+06 1.08061e+06
361.125 3.84957e+06 489035
373.5 1.45286e+06 303627
381.75 4.46163e+06 588695
391.875 4.85603e+06 1.05371e+06
402.125 2.16923e+06 773218
410.625 6.62238e+06 1.10576e+06
420.5 4.54715e+06 849075
430.75 3.91861e+06 580725
443.375 1.62185e+06 343424
451.875 5.16024e+06 729907
460.875 4.01340e+06 1.03903e+06
471.125 2.61206e+06 533571
480.625 7.23444e+06 1.25353e+06
490.25 4.19476e+06 666399
504 3.42917e+06 666280
510.625 1.20041e+06 318352
523.75 7.11594e+06 1.18379e+06
532.75 1.26714e+06 542480
541.25 6.82046e+06 1.13208e+06
550.75 3.80526e+06 648673
560.375 4.10202e+06 636043
570.75 530653 183509
580.625 6.82331e+06 747160
592.375 1.43328e+06 547092
600.375 4.59122e+06 599566
610.25 5.71999e+06 1.13551e+06
621.5 3.87739e+06 380779
631.75 2.64916e+06 315181
641.375 3.15817e+06 456164
651.5 5.26534e+06 325846
661.125 3.51057e+06 596977
670.25 6.18858e+06 618899
680.875 4.28955e+06 240752
691.375 2.53169e+06 348127
701.375 3.75374e+06 342818
711.875 5.4436e+06 594950
722.75 1.80732e+06 260997
730.75 6.80991e+06 1.06161e+06
740.75 4.1659e+06 620494
750.25 4.12778e+06 570986
761.5 514168 231805
770.625 7.97014e+06 1.05525e+06
783.75 3.39207e+06 467073
790.875 1.38073e+06 270719
800.875 7.39106e+06 960566
811 4.07832e+06 485584
823 3.06338e+06 370196
831.75 2.11129e+06 469044
840.75 7.25814e+06 830340
851.75 2.53787e+06 364300
861.5 3.86788e+06 597722
870.625 6.2218e+06 959195
880.125 3.94334e+06 490018
892.625 1.18805e+06 291618
900.625 6.16258e+06 769518
912.125 3.95079e+06 487491
921.75 1.57651e+06 297726
930.375 6.99744e+06 816721
940.375 3.92067e+06 544813
950.25 4.15766e+06 482489
960.5 276144 57922.9
970.5 7.1283e+06 1.07448e+06
981.375 2.97682e+06 537754
990.5 4.8944e+06 913581
1002.12 2.64194e+06 428922
1010.5 5.04999e+06 775602
1020.62 5.83103e+06 1.32973e+06
1030.5 3.94952e+06 784165
1042.75 1.00979e+06 270091
1051.12 5.26534e+06 884743
1061 5.63972e+06 1.16776e+06
1073.25 1.41061e+06 195023
1081 4.49024e+06 1.01207e+06
1090.75 6.27022e+06 1.00826e+06
1100.75 3.92479e+06 590843
1112.25 1.15817e+06 513279
1120.75 5.16181e+06 1.05939e+06
1131.12 5.83461e+06 1.01543e+06
1140.5 294691 90461.6
1150.62 8.10512e+06 1.26084e+06
1160.75 4.04844e+06 487000
1174 3.46935e+06 603500
1181 1.46316e+06 341649
1190.88 7.35708e+06 1.12653e+06
1203.12 2.74601e+06 568862
1210.38 3.95031e+06 390446
1221.12 5.80345e+06 966602
1230.38 4.31531e+06 441350
1242.5 1.34158e+06 213304
1251 5.14557e+06 711184
1261.75 4.24549e+06 692167
1271.5 4.08014e+06 971571
1280.5 6.31762e+06 618165
1293.25 1.5899e+06 340464
1301 3.10768e+06 580445
1311.38 7.1757e+06 1.79102e+06
1323.25 2.70491e+06 362551
1330.75 436886 180570
1341 7.423e+06 931336
1351.62 3.79393e+06 684212
1362.12 1.84853e+06 441915
1370.75 3.29212e+06 425451
1380.88 6.89646e+06 900858
1393.62 3.62082e+06 527616
1401 1.07883e+06 257956
1410.62 7.46628e+06 951404
1420.5 3.86915e+06 453329
1433.12 2.74292e+06 402357
1440.62 1.76816e+06 290441
1450.75 7.04254e+06 1.12738e+06
1462 3.05434e+06 368283
1471 2.25245e+06 570333
1481 7.33851e+06 865643
1491 3.98043e+06 420773
1502 2.35034e+06 343271
1511 2.18135e+06 369464
1522.75 6.68729e+06 821277
1531.75 1.64864e+06 509019
1540.5 2.95906e+06 470153
1550.5 7.21819e+06 982742
1560.88 3.79187e+06 537088
1572.75 3.04998e+06 427749
1580.25 2.86451e+06 611068
1592.25 5.4333e+06 736728
1603.12 3.35292e+06 474863
1610.75 5.48172e+06 724494
1620.25 4.17209e+06 577606
1634.12 3.36528e+06 403003
1641.5 1.1355e+06 333397
1652.88 7.34366e+06 941312
1663.38 2.76868e+06 469694
1670.75 5.42093e+06 361393
1681 4.04741e+06 470296
1691.62 3.79084e+06 375112
1702.12 463676 193401
1710.75 6.44927e+06 684322
1722.25 2.57266e+06 371835
1730.25 4.33798e+06 865874
1740.75 6.26301e+06 1.28737e+06
1750.62 4.10305e+06 391996
1762.5 1.44668e+06 428723
1770.75 6.83337e+06 540282
1783.12 2.02243e+06 382724
1790.38 5.74369e+06 553749
1800.75 4.90700e+06 504039
1811.5 4.18754e+06 369318
1823.25 1.20144e+06 481182
1831.88 3.47632e+06 641989
1841.38 6.01365e+06 1.21482e+06
1851.75 1.97527e+06 564772
1860.75 5.79703e+06 952997
1870.62 5.0469e+06 1.21657e+06
1880.12 4.14942e+06 429037
1890.88 671816 103932
1900.75 7.71769e+06 700511
1912.75 3.20866e+06 318648
1921.75 1.98764e+06 287160
1930.75 6.92738e+06 909738
1941.12 4.18342e+06 558336
1952.38 2.66667e+06 317444
1960.88 1.50438e+06 375623
1971.88 7.04793e+06 904582
1981.62 930204 366939
1990.62 6.07420e+06 1.04123e+06
2000 4.48866e+06 571378
2010 3.86812e+06 309911
2022 692425 122934
2031.25 6.74602e+06 567457
2044.38 3.25606e+06 567232
2050.5 1.28078e+06 467169
2060.88 7.72388e+06 589809
2070.88 3.86709e+06 322347
2082.12 2.47811e+06 228344
2090.62 2.305e+06 369590
2102.5 6.05257e+06 242653
2112 1.88308e+06 418899
2120.38 5.97371e+06 521418
2130.25 3.91861e+06 183353
2140.38 3.90728e+06 177216
2151.75 505923 86085.3
2160.88 3.33516e+06 860792
2170.62 6.84416e+06 753571
2182.88 1.10871e+06 194857
2190.25 6.53686e+06 603822
2200.62 4.44514e+06 471952
2210.88 4.02062e+06 280117
2221.62 368879 154064
2231.38 4.99435e+06 730615
2241.75 5.85576e+06 628285
2251.38 413188 95737.9
2260.75 7.29008e+06 758936
2270.38 4.11129e+06 449492
2280.25 4.06286e+06 175800
2291.5 366820 100473
2300.62 4.58322e+06 688354
2312.12 3.87945e+06 434139
2322.75 2.37404e+06 499284
2330.12 6.43484e+06 750485
2340.5 4.0505e+06 395458
2354 3.45699e+06 223456
2360.5 1.92375e+06 289592
2373.88 6.42969e+06 556458
2381.88 2.92251e+06 333339
2390.12 5.64835e+06 651781
2400.62 4.08038e+06 294932
2412.12 2.74704e+06 265071
2420 3.44875e+06 337839
2431 6.20507e+06 453234
2442.12 2.33591e+06 247566
2451.25 3.09841e+06 350495
2460.75 6.67081e+06 897142
2470.5 4.03607e+06 448391
2481.62 2.38331e+06 230194
2490.88 2.30912e+06 455136
2501.25 6.65123e+06 491563
2512.62 2.43896e+06 248873
2521 2.644e+06 564064
2530.12 6.82949e+06 859004
2541.25 3.77023e+06 332616
2553.88 3.2303e+06 261325
2560 239049 168709
2571 7.55489e+06 645261
2581 321482 164619
2590.25 7.46937e+06 640962
2600.25 4.10408e+06 313250
2610.62 4.11438e+06 271171
2622 600720 203130
2631.12 6.68523e+06 374400
2641.75 1.85781e+06 405014
2650.5 7.19219e+06 443977
2660.5 3.72283e+06 232153
2671 3.57858e+06 234748
2682.5 790313 192000
2690.38 4.63758e+06 973519
2702 6.49897e+06 1.02509e+06
2711.38 312207 84686.3
2720.12 7.83722e+06 526293
2730.75 4.0165e+06 292713
2743 2.53787e+06 156623
2750.75 1.55075e+06 193745
2760.12 7.36324e+06 384116
2773.62 3.77847e+06 189616
2780.5 368880 110678
2790.88 7.57035e+06 405331
2800.38 4.08966e+06 332835
2811 3.92994e+06 231030
2822.38 580111 209979
2830.5 6.69014e+06 740102
2843.38 2.46629e+06 393827
2850.25 5.87813e+06 642290
2860.38 4.60382e+06 622766
2870.88 3.98868e+06 213033
2883 880989 167360
2891.75 5.5827e+06 496073
2902.25 3.58682e+06 452503
2911.25 2.45956e+06 444522
2920.62 6.34108e+06 422614
2930.62 3.90315e+06 363600
2943.25 3.13447e+06 278490
2951.38 112311 43835.4
2960.38 8.1587e+06 628300
2972.12 1.59172e+06 411957
2980.38 5.58604e+06 953190
2990 4.73881e+06 695462
3000.5 3.87739e+06 301880
3013 1.04688e+06 215962
3021.25 4.44926e+06 754171
3031 6.38539e+06 867691
3041 954146 212081
3051.25 7.04666e+06 780293
3060.75 4.20015e+06 149414
3073 3.78981e+06 324822
3081.5 467798 293231
3090.12 7.97014e+06 774820
3103.12 3.04586e+06 229333
3110.25 1.90315e+06 405209
3121.12 7.22825e+06 970869
3130.88 4.12056e+06 353445
3142.62 2.40392e+06 504393
3150.38 3.44772e+06 622122
3160.5 6.34314e+06 591026
3172.62 1.56826e+06 430728
3180.88 6.98611e+06 688992
3190.88 3.91449e+06 434749
3200.75 3.8166e+06 357000
3213.5 1.26533e+06 369872
3221.12 3.63937e+06 669129
3231.88 4.82845e+06 719898
3242.38 2.34106e+06 503469
3250.38 7.0469e+06 483255
3260 4.14942e+06 435195
3273 2.99743e+06 267515
3281.12 1.73416e+06 345846
3293 6.79342e+06 591113
3303 2.95622e+06 369998
3310.5 5.77848e+06 461058
3320.12 4.17106e+06 516727
3332 4.0742e+06 380648
3340.12 443068 164540
3353.75 7.76406e+06 853286
3360.75 107159 52842.4
3370.38 7.9382e+06 882352
3380.62 4.22567e+06 468124
3391.88 4.18033e+06 375474
3400.75 924266 184981
3412.38 7.76612e+06 684270
3421.62 3.14066e+06 615334
3430.5 5.83309e+06 584245
3441.12 4.11438e+06 429731
3454.12 1.51674e+06 189538
3460.62 3.04277e+06 580455
3470.62 7.76921e+06 1.33941e+06
3481.88 1.74962e+06 242806
3490.25 4.22154e+06 709748
3500.12 6.26483e+06 969597
3510.5 4.17415e+06 493033
3522.75 1.11283e+06 248760
3531 5.28904e+06 548877
3542.12 3.83206e+06 461250
3551.88 2.16899e+06 589289
3560.25 6.92738e+06 697487
3570.5 4.04123e+06 357333
3580.75 3.99074e+06 362755
3590.5 228744 111462
3600.38 7.15485e+06 1.17686e+06
3612.38 2.86633e+06 846575
3620.62 3.67774e+06 784943
3630.5 6.27847e+06 1.23803e+06
3640.75 4.03813e+06 556680
3653.12 1.58578e+06 297234
3661 4.21227e+06 766282
3672.38 5.37663e+06 604373
3682.25 1.28878e+06 512474
3690.5 7.15946e+06 799477
3701 3.65895e+06 428925
3711.12 3.47141e+06 308196
3722.12 368880 142499
3730.75 4.7736e+06 844371
3741 6.00026e+06 1.15231e+06
3752 494590 133381
3760.5 7.26363e+06 540826
3770.62 4.14220e+06 340154
3781.12 3.97734e+06 289914
3790.38 288510 152972
3800.12 8.06288e+06 573411
3812 1.81144e+06 574152
3820.12 5.88049e+06 577640
3830.62 3.71871e+06 646620
3841.88 2.19269e+06 486729
3851.12 4.85524e+06 1.00453e+06
3861.38 5.10254e+06 1.13914e+06
3870.88 2.25966e+06 901340
3880.88 2.88512e+06 1.2988e+06
3890.38 7.33954e+06 1.0752e+06
3900.12 4.09687e+06 831827
3911.5 207107 57174.6
3920.62 6.70148e+06 1.45904e+06
3930.88 4.25476e+06 732656
3941.5 1.94642e+06 447601
3950.5 3.32304e+06 512082
3960.88 6.38782e+06 908770
3970.75 4.27616e+06 524679
3981 231836 92420
3990.88 8.00596e+06 1.17324e+06
4000.25 3.98274e+06 226931
4013.5 1.85266e+06 145054
4020.88 3.69089e+06 958162
4031.25 6.46679e+06 774497
4043.38 3.5693e+06 218250
4052 182378 56067.8
4060.62 8.07524e+06 330120
4070.5 3.92376e+06 213574
4082.25 887170 185855
4090.38 6.7687e+06 543316
4100.62 4.64401e+06 513605
4112.62 4.0608e+06 254264
4121.25 194743 91722.4
4130.5 7.36633e+06 492880
4143.25 3.90727e+06 515804
4150.75 724367 269895
4160.5 7.48276e+06 477688
4170.62 3.87842e+06 237238
4182.75 3.20763e+06 230789
4190.12 1.98455e+06 190040
4201.25 6.70069e+06 288477
4211.88 1.55262e+06 268149
4221.12 6.37939e+06 379154
4230.5 3.72386e+06 365930
4240.62 4.12984e+06 481921
4253.62 1.63112e+06 190300
4260.62 5.27256e+06 500382
4272.88 3.11077e+06 389946
4280.5 5.08375e+06 760976
4290.38 5.89104e+06 1.22865e+06
4300.75 4.19888e+06 294655
4312.5 1.10768e+06 241126
4320.88 5.42378e+06 660472
4332.12 3.70453e+06 535519
4340.5 4.49769e+06 481899
4350.5 5.66823e+06 779258
4360.88 3.83412e+06 110684
4372.38 1.39001e+06 260208
4380.88 4.4369e+06 462575
4391.62 3.95055e+06 437453
4400.75 4.31301e+06 425091
4410.12 6.15482e+06 603993
4420.75 4.09378e+06 125234
4433.38 1.54457e+06 233912
4440.88 4.30913e+06 328931
4451.38 4.7656e+06 368317
4461.38 2.05565e+06 404586
4470.62 7.34572e+06 499467
4480.38 4.12366e+06 196586
4492.12 2.5152e+06 217804
4500.38 2.54199e+06 392937
4513.12 5.8063e+06 580804
4522.25 3.60306e+06 285850
4530.75 5.14606e+06 389913
4540.88 4.19476e+06 300236
4551.38 2.34931e+06 331132
4560.25 4.11851e+06 239523
4570.5 5.69502e+06 732016
4581 1.79186e+06 466317
4590.38 7.54871e+06 628506
4600.5 3.95879e+06 251611
4610.38 4.03813e+06 400857
4622.12 608965 164299
4631.25 5.98559e+06 634720
4641.88 2.43174e+06 460885
4650.62 6.90368e+06 806562
4660.38 3.97837e+06 346469
4671 4.04226e+06 339985
4682.88 1.09737e+06 165330
4691.38 4.97992e+06 422865
4701.62 3.54354e+06 378196
4710.75 3.83927e+06 438942
4720 6.31017e+06 772488
4730.62 4.13396e+06 253386
4743 1.47347e+06 274341
4751.25 4.7522e+06 682508
4762.12 4.2607e+06 788873
4771.75 2.71407e+06 551092
4780.38 6.72748e+06 579809
4790.88 3.97631e+06 256468
4803.12 2.02267e+06 336334
4810.75 4.74087e+06 346053
4821.62 4.40599e+06 374751
4831.62 2.90009e+06 762113
4840.5 6.51776e+06 843891
4851 4.0639e+06 269969
4861.62 2.2133e+06 228219
4870.62 2.89542e+06 633870
4881.25 6.24113e+06 436134
4892.88 2.09995e+06 313596
4901 4.62316e+06 928892
4910.75 5.70866e+06 669315
4921.12 3.89697e+06 418869
4931 2.24524e+06 386824
4940.75 1.98558e+06 614783
4950.38 7.50955e+06 871178
4961.12 2.32458e+06 400705
4970.38 2.91912e+06 637654
4980.62 6.76766e+06 1.00567e+06
4990.75 4.06698e+06 359381
5001.75 851108 285711
5011 7.37251e+06 831347
5021.25 4.25555e+06 504222
5031.12 336938 124542
5040.38 7.40239e+06 596634
5050.25 4.04226e+06 364723
5063.25 3.4879e+06 319059
5070.5 1.17259e+06 361627
5080.75 7.62599e+06 446793
5092 2.84905e+06 213121
5101 2.66255e+06 353146
5110.38 6.82537e+06 355372
5121.38 3.96395e+06 234358
5131.88 2.71201e+06 310214
5140.88 2.46368e+06 427201
5150.5 6.97478e+06 592674
5162.38 2.26791e+06 308768
5170.38 2.54199e+06 496909
5181 7.49100e+06 891633
5190.75 4.06286e+06 380352
5203.38 1.42195e+06 200078
5210.88 4.02474e+06 258636
5220.25 6.33902e+06 566666
5232.5 1.14374e+06 278459
5240.62 6.79961e+06 432705
5250.12 4.63474e+06 561759
5264.5 4.03298e+06 230071
5272.38 442039 172929
5280.5 8.07009e+06 493709
5292.25 3.68574e+06 257660
5300.5 808860 248595
5311.25 7.20352e+06 901695
5320.75 3.99074e+06 417808
5331.88 2.30088e+06 288396
5340.38 2.78311e+06 561399
5350.75 7.12109e+06 788811
5361.62 2.14529e+06 321986
5370.5 3.49408e+06 947232
5380.62 6.22052e+06 541552
5390.5 3.96704e+06 441252
5402 1.93509e+06 389796
5410.88 4.11129e+06 913933
5420.5 6.54922e+06 947557
5431.25 562596 185979
5440.5 6.8738e+06 687603
5450.25 4.51006e+06 868653
5463.75 3.34158e+06 387419
5470.75 935600 301870
5480.25 7.44155e+06 747857
5493.88 3.5827e+06 367375
5501 1.16744e+06 237788
5510.62 7.52501e+06 719216
5521.38 4.15148e+06 436605
5531.88 2.41113e+06 229828
5540.62 2.54302e+06 440566
5550.62 7.00466e+06 724446
5561.12 2.39258e+06 296840
5570.88 3.85472e+06 783138
5580.75 5.61568e+06 617829
5590.12 4.02371e+06 506043
5601.62 2.49357e+06 375656
5610.38 3.19424e+06 476446
5622.88 5.29007e+06 755060
5631.12 3.69477e+06 801345
5640.5 5.06156e+06 905150
5650.25 3.8609e+06 522007
5661.25 2.1185e+06 150453
5670.12 2.80372e+06 513362
5681.75 6.10306e+06 1.25547e+06
5693 1.81659e+06 375916
5700.12 6.92944e+06 963165
5711 3.72798e+06 554824
5720.88 4.15457e+06 574804
5730.75 180317 45441.7
5740.5 6.74681e+06 731325
5752.38 3.99383e+06 781959
5762.12 798800 334480
5770.38 7.48585e+06 1.08346e+06
5780.25 3.89697e+06 594043
5790.62 3.80938e+06 555615
5800.88 242141 54833.2
5810.25 7.65254e+06 1.09607e+06
5821 1.67361e+06 706397
5830 5.0155e+06 947003
5841.62 5.49355e+06 1.14579e+06
5852.62 1.35909e+06 596377
5861.12 6.95673e+06 1.22481e+06
5871 4.25001e+06 1.49998e+06
5880.38 246262 147015
5890.62 7.97194e+06 1.71218e+06
5901 3.99357e+06 998816
5912.88 2.02267e+06 1.09774e+06
5920.62 3.76096e+06 555648
5930.38 6.14109e+06 1.79246e+06
5940.5 3.67852e+06 877559
5952.75 812981 195504
5960.62 5.6301e+06 1.67445e+06
5970.75 5.22234e+06 593113
5983.5 1.74343e+06 306914
5990.5 3.69477e+06 900028
6000.62 6.57419e+06 1.17011e+06
6011.38 4.15354e+06 611009
6023.25 1.31891e+06 744088
6031 3.82538e+06 1.15162e+06
6040.75 6.64347e+06 1.06042e+06
6052.75 848016 172587
6060.62 4.55412e+06 808179
6070.38 6.44539e+06 1.06666e+06
6080.12 4.19064e+06 452018
6091.25 561565 130853
6100.88 6.69117e+06 632716
6111.25 4.92864e+06 646948
6122.12 814014 369448
6131.25 6.76766e+06 701271
6140.75 4.05256e+06 440876
6150.62 3.5353e+06 280244
6163 1.3086e+06 228157
6170.38 4.91088e+06 504719
6183.38 3.86503e+06 451358
6191.25 2.50956e+06 532600
6200.5 7.0546e+06 873504
6210.5 3.57755e+06 448355
6223.5 1.49098e+06 278808
6230.88 4.20482e+06 652978
6240.5 5.42839e+06 501614
6253.5 1.74652e+06 355703
6260.62 5.30013e+06 1.78185e+06
6270.25 5.70144e+06 906653
6281 3.96188e+06 544131
6292.25 2.22566e+06 518775
6300.38 3.49718e+06 474516
6311 5.4436e+06 834462
6322.38 1.75065e+06 629354
6331 7.14273e+06 1.02663e+06
6340.38 4.24215e+06 522099
6353.62 3.87533e+06 417721
6361.62 62853 30806.7
6370.5 7.76794e+06 993803
6382.25 1.81581e+06 330576
6391.12 1.38618e+06 516969
6400.38 7.99354e+06 909201
6410.88 4.21227e+06 504256
6422.75 2.96858e+06 358361
6431.38 1.20866e+06 465056
6440.75 7.75788e+06 780451
6451.75 2.4709e+06 324069
6461.25 2.29882e+06 487788
6470.12 7.36014e+06 1.07705e+06
6480.5 4.23597e+06 397260
6491.5 2.16693e+06 327995
6500.75 3.68265e+06 526194
6510.62 6.10718e+06 631069
6521.12 2.31530e+06 350673
6530.62 2.07419e+06 551588
6541.25 7.36426e+06 878471
6550.62 4.06183e+06 519395
6561.88 1.87842e+06 285748
6570.38 4.14014e+06 664415
6580.88 5.07138e+06 432376
6590.75 1.75707e+06 546234
6600.5 7.61981e+06 778758
6610.88 3.9217e+06 413499
6621.5 2.36167e+06 202593
6630.75 3.11902e+06 503523
6641.5 5.1283e+06 591131
6651.12 3.86503e+06 711300
6660.5 5.60743e+06 909532
6670.75 3.81557e+06 330121
6683.5 1.67337e+06 243218
6690.88 3.98970e+06 683181
6701.75 5.31377e+06 642223
6711.5 1.75271e+06 354341
6720.88 6.76869e+06 595634
6730.88 3.9114e+06 398726
6742.88 3.41474e+06 379651
6751.25 288509 136083
6760.88 7.10254e+06 642568
6772.12 1.84957e+06 543528
6780 6.00826e+06 829270
6790.38 4.74499e+06 498208
6800.38 3.97013e+06 417934
6812.38 1.69913e+06 402950
6821.88 3.2777e+06 640722
6831.75 5.53324e+06 867322
6841.88 3.27667e+06 500785
6850.38 6.13912e+06 634743
6860.12 4.06802e+06 443228
6873.5 3.25091e+06 415277
6880.75 1.09016e+06 246908
6893.38 7.14891e+06 852964
6901.12 653271 396852
6911.12 7.10563e+06 943625
6920.75 3.9083e+06 502950
6931.25 3.68368e+06 405558
6943.25 1.36012e+06 310066
6951.38 4.51624e+06 570211
6961.75 4.23082e+06 751749
6971.12 3.31994e+06 673418
6980.38 6.41012e+06 910996
6990.38 3.54045e+06 381982
7001.75 2.22257e+06 326752
7010.5 2.54405e+06 709665
7023.12 6.71202e+06 890682
7032 1.78671e+06 339963
7040.88 7.39827e+06 879640
7050.88 4.27925e+06 609531
7061.25 2.26172e+06 295823
7071.5 4.06365e+06 567126
7081.38 6.37017e+06 649048
7092.5 1.35703e+06 395695
7101.12 4.41708e+06 855508
7111.12 6.34338e+06 1.00234e+06
7120.5 4.15869e+06 678255
7132.25 1.356e+06 92907.8
7140.38 6.22337e+06 871555
7151.5 2.53193e+06 370868
7160.75 6.62856e+06 987333
7170.25 4.38847e+06 581206
7180 4.10408e+06 562977
7193.75 1.73416e+06 342954
7200.75 4.41423e+06 1.04683e+06
7211.12 4.33489e+06 695392
7220.75 3.09635e+06 497998
7230.88 6.89955e+06 1.2708e+06
7240.5 3.77023e+06 687383
7252.75 2.26791e+06 342581
7260.62 2.08037e+06 563760
7271.88 6.68523e+06 810805
7281.5 2.09456e+06 503168
7290 4.05874e+06 879512
7300.88 6.1167e+06 855476
7313.62 3.01495e+06 457432
7320.75 1.32921e+06 343074
7331 7.44464e+06 841936
7341.12 3.96292e+06 442015
7351.25 473981 125794
7360.88 7.25892e+06 977380
7370.38 4.69165e+06 741627
7382.75 3.00361e+06 402858
7390.5 1.34364e+06 396145
7400 7.43639e+06 768654
7410.12 4.06698e+06 414784
7421.75 551262 152878
7430.62 6.1533e+06 1.02634e+06
7441 5.04096e+06 1.22607e+06
7451.12 4.24318e+06 530254
7461.62 438947 161347
7471.38 4.40859e+06 1.08205e+06
7481.38 6.42709e+06 1.10338e+06
7492.62 1.11077e+06 384713
7501 5.59713e+06 650717
7510.12 4.75529e+06 1.19108e+06
7520.25 3.81042e+06 432220
7533.12 1.40752e+06 190798
7541.25 4.62934e+06 731316
7551.38 4.30628e+06 437011
7560.62 2.66461e+06 667040
7570.88 7.22413e+06 894634
7580 4.06389e+06 485235
7592.12 2.43792e+06 338930
7600.88 2.66461e+06 599724
7612.5 6.39775e+06 539724
7622.75 1.54638e+06 368051
7631.12 6.99666e+06 430000
7640.75 4.07317e+06 448906
7651.12 4.20815e+06 527915
7661.62 553322 263558
7670.5 6.93253e+06 1.01217e+06
7682.12 2.15638e+06 454384
7690.5 4.20712e+06 766215
7701 6.00335e+06 997094
7711.38 3.70119e+06 436911
7721.38 2.28542e+06 403361
7731 1.94848e+06 524382
7742.5 6.45854e+06 891669
7752.75 2.26045e+06 394178
7760.62 6.3269e+06 898100
7770.38 4.35241e+06 454753
7781.38 3.90006e+06 315799
7790.62 55639 15126.4
7800.38 7.53713e+06 875589
7811.5 935845 291353
7820.38 7.28184e+06 690158
7830.88 3.86090e+06 257805
7841 4.10099e+06 314469
7851.62 559503 224922
7861.5 4.44308e+06 1.007e+06
7873.25 4.881e+06 1.1405e+06
7881.25 2.28439e+06 465812
7891.12 6.74912e+06 907724
7901 3.56106e+06 348882
7913 2.84905e+06 323932
7920.75 1.56105e+06 463911
7932 7.04484e+06 493113
7941.25 748068 518969
7950.38 6.80476e+06 428642
7960.75 4.06286e+06 331851
7970.62 3.91552e+06 265168
7982.12 642967 164509
7991.25 4.62855e+06 720881
8000.88 5.30759e+06 913966
8010.75 1.85472e+06 279131
8020.88 6.9315e+06 396031
8030.88 3.76817e+06 287669
8043.62 3.75271e+06 348838
8051 394641 200218
8060.5 7.93098e+06 669065
8072.25 1.74343e+06 378840
8080.5 4.72953e+06 1.11638e+06
8091.25 6.01238e+06 379976
8100.5 4.03813e+06 486391
8112.5 1.8269e+06 348558
8120.75 3.35268e+06 619393
8130.75 6.01881e+06 658616
8142.5 2.3027e+06 456948
8150.38 6.79573e+06 668451
8160.88 4.1422e+06 373011
8173.5 3.77435e+06 355592
8181 1.02937e+06 353850
8190.62 7.81249e+06 649665
8202.12 1.45571e+06 212200
8210.38 6.92453e+06 845539
8220.25 4.03401e+06 295769
8233.38 3.92273e+06 274947
8241.62 400822 150402
8250.88 7.99384e+06 527561
8262.88 2.9387e+06 334120
8271.12 2.32973e+06 363162
8280.38 7.00569e+06 355533
8290.25 4.07626e+06 268644
8301.75 2.38228e+06 243122
8311.38 2.39259e+06 333639
8321.75 6.28440e+06 580745
8332.12 2.43277e+06 361981
8340.62 6.23392e+06 304980
8350.38 4.18548e+06 394482
8363.12 3.68471e+06 179579
8370.75 1.38898e+06 233180
8383.5 6.99538e+06 444930
8393.12 2.7522e+06 423692
8400.75 6.12882e+06 465743
8410.5 4.14221e+06 362241
8422.75 3.18702e+06 151955
8430.12 2.87172e+06 156966
8441.62 6.0979e+06 644562
8452.25 2.90524e+06 386751
8461 5.34104e+06 867805
8470.5 5.41681e+06 950886
8483.12 3.46111e+06 355386
8491.12 1.01288e+06 338340
8501.25 7.78158e+06 580694
8512.5 2.4915e+06 527095
8521 6.22258e+06 724240
8531.12 4.22464e+06 427567
8541.12 4.07832e+06 445025
8551.25 543018 256665
8560.38 6.81197e+06 789810
8572.12 1.593e+06 444815
8580.62 7.30244e+06 655329
8591.25 4.13087e+06 389206
8601.12 3.91139e+06 472757
8613.25 1.14889e+06 330640
8620.62 4.61928e+06 718492
8633 3.6981e+06 652779
8640.75 3.9954e+06 574593
8650.38 6.71663e+06 1.03626e+06
8661 4.1896e+06 313261
8674.12 1.74756e+06 283043
8680.62 4.7893e+06 451225
8692.88 4.71383e+06 566140
8701.38 2.59685e+06 536018
8710.12 6.82949e+06 742176
8720.62 4.25967e+06 270042
8733.75 1.75992e+06 195211
8741.5 4.43381e+06 384717
8751.5 4.55643e+06 478875
8762.12 2.52654e+06 405124
8770.88 6.28338e+06 536097
8780.62 3.96601e+06 283641
8793.5 3.30243e+06 297138
8800.5 2.25348e+06 337008
8811.75 6.35550e+06 497951
8823 1.48995e+06 358999
8830.62 6.7316e+06 366205
8840.25 3.86915e+06 303693
8851.38 4.0371e+06 390272
8863.25 1.1221e+06 311952
8871.62 4.81275e+06 763511
8882.12 5.84158e+06 794069
8890.88 601750 311406
8900 7.64453e+06 867087
8910.62 4.07832e+06 473170
8921.75 3.95055e+06 388188
8930.5 127768 44271.3
8940.88 7.37972e+06 846294
8953.12 2.31531e+06 604522
8960.38 2.12341e+06 571583
8971.12 7.94359e+06 844373
8980.75 3.89697e+06 379774
8992.12 1.75477e+06 287041
9001 4.85397e+06 627977
9012.25 4.34132e+06 528583
9021.25 2.8913e+06 730422
9030.12 6.60177e+06 935332
9040.88 4.06492e+06 478062
9053.5 2.53478e+06 372982
9060.75 2.10304e+06 500974
9070.75 6.99744e+06 810274
9081.62 1.93303e+06 382527
9091.62 4.3715e+06 1.11069e+06
9101.5 5.99844e+06 1.07034e+06
9110.62 3.95776e+06 377127
9122.12 2.80578e+06 513774
9131 1.71664e+06 272336
9140.38 7.18601e+06 1.15688e+06
9151.62 2.32561e+06 500338
9160.5 2.08141e+06 489100
9171.12 7.8434e+06 1.55275e+06
9181 3.97734e+06 706213
9191.38 2.41628e+06 187218
9200.62 2.19681e+06 443445
9210.62 7.67339e+06 1.24257e+06
9223.12 1.84338e+06 288085
9231.38 3.96061e+06 391345
9241 5.9642e+06 869259
9250.5 3.932e+06 491988
9262 1.06028e+06 192168
9270.62 4.67365e+06 1.05389e+06
9281.12 5.82818e+06 940158
9292.75 1.0747e+06 282581
9300.75 5.09302e+06 847487
9310.38 5.6561e+06 1.5731e+06
9320.5 4.19372e+06 435770
9332.12 650179 171588
9341 7.01678e+06 855692
9353.12 3.55718e+06 508373
9361 1.85963e+06 358608
9370.38 7.43046e+06 660800
9380.38 4.14426e+06 675112
9392.88 3.86090e+06 561658
9400.88 167953 77354.6
9411 7.90832e+06 1.07541e+06
9422.88 1.47553e+06 595759
9431.38 3.9534e+06 1.11632e+06
9440.62 6.20634e+06 844306
9450.75 3.77332e+06 583284
9462.12 2.63267e+06 480584
9470.5 2.86657e+06 671689
9483.25 5.65586e+06 841202
9491.75 1.72646e+06 464312
9500.38 6.61771e+06 1.06779e+06
9510.88 3.70428e+06 437667
9523.12 3.58991e+06 467425
9531.25 175165 73495.1
9540.88 7.51883e+06 785761
9552.25 1.42607e+06 385064
9560.5 6.24834e+06 1.08778e+06
9570.12 4.16178e+06 324475
9580.38 3.91861e+06 360443
9590.88 126736 23719.2
9600.62 7.96602e+06 749834
9612.38 2.55333e+06 524062
9621 472707 145381
9630.38 8.43612e+06 851742
9640.5 3.79084e+06 407659
9653.12 3.0541e+06 421661
9661 2.14323e+06 294062
9672.88 6.36272e+06 888504
9682.25 4.01007e+06 653880
9691 4.87918e+06 559190
9701.12 3.864e+06 593978
9711.88 332816 125505
9720.75 7.06751e+06 1.30167e+06
9730.62 4.4132e+06 826721
9741.62 573930 241513
9750.5 6.93562e+06 1.47256e+06
9760.12 4.45957e+06 500338
9773.38 3.39929e+06 700025
9781.25 423492 262782
9790.25 7.89354e+06 1.17499e+06
9801 3.91346e+06 583690
9812.25 889231 195941
9820.62 6.25634e+06 1.26799e+06
9830.88 4.46805e+06 829697
9841.38 3.89182e+06 562237
9850.88 194743 72023.9
9860.5 7.29317e+06 1.24313e+06
9872.25 4.25658e+06 506969
9880.75 24726 7981.32
9890.62 7.67442e+06 997055
9900.5 3.68058e+06 451250
9913.25 3.47656e+06 489473
9920.62 734672 283517
9930.12 7.65175e+06 922534
9942.62 2.38822e+06 412024
9950.88 5.37147e+06 991652
9960.88 4.83179e+06 811128
9970.5 4.03401e+06 602577
9983.38 3.09429e+06 613457
9990.5 1.79908e+06 339803
10000.5 7.37766e+06 1.42781e+06
10012.2 2.26697e+06 445625
10021.8 3.54639e+06 711721
10031.6 6.61129e+06 1.2293e+06
10041.8 4.12778e+06 824390
10052 173104 57903.9
10060.4 6.80142e+06 1.3007e+06
10071 4.88228e+06 540642
10083.5 1.49305e+06 404514
10090.5 4.52036e+06 659292
10101.1 6.21537e+06 937601
10111.1 3.96292e+06 465603
10123 1.14271e+06 481325
10131.5 5.03841e+06 949471
10141.4 5.84879e+06 967299
10151 615146 152978
10160.2 7.88565e+06 1.09128e+06
10170.5 4.29058e+06 527891
10182.1 2.49048e+06 403681
10191.5 2.4338e+06 476641
10201.4 6.65329e+06 731501
10213.1 3.19812e+06 397064
10221.4 1.67773e+06 369935
10230.5 7.57756e+06 1.06119e+06
10240.5 4.08244e+06 485225
10253 2.87275e+06 375267
10260.6 2.45441e+06 469762
10272.8 6.42763e+06 812044
10282.6 2.26482e+06 566412
10290.9 6.54304e+06 576444
10300.5 4.12057e+06 623651
10312.9 3.53427e+06 216510
10320.5 789284 369182
10331.1 7.63011e+06 649520
10342 1.60227e+06 394935
10351 5.0706e+06 871427
10360.9 5.93407e+06 1.019e+06
10370.5 3.87533e+06 591827
10382.9 3.17054e+06 331580
10390.1 2.17311e+06 453046
10402.1 6.20919e+06 1.03542e+06
10410.1 2.76844e+06 742006
10421.6 5.856e+06 1.26118e+06
10431.6 3.77744e+06 438330
10442.4 695517 292201
10451 6.26046e+06 914071
10461.1 4.29289e+06 814173
10471 1.62263e+06 542299
10480.6 7.92917e+06 793825
10491.4 4.34416e+06 657964
10502.5 3.59506e+06 479393
10510.5 1.41577e+06 419047
10522.1 7.12109e+06 935252
10530.8 1.44462e+06 510083
10541 6.87895e+06 680348
10552 3.75168e+06 432131
10562.5 3.89182e+06 390445
10571.1 131888 40410
10581.2 7.79703e+06 963294
10593 3.53118e+06 287013
10600.8 1.00361e+06 494886
10610.2 7.74551e+06 642385
10620 4.169e+06 386228
10631.1 2.12777e+06 310475
10641.5 4.24628e+06 874668
10651.5 6.1216e+06 542417
10662.6 1.5796e+06 486676
10671.5 4.67286e+06 1.00349e+06
10680.8 5.64247e+06 778335
10690.9 4.0031e+06 387934
10702.5 757340 340566
10710.8 6.55516e+06 813679
10720.8 4.80087e+06 726281
10732 564656 249858
10740.1 6.65305e+06 859658
10751.1 4.18882e+06 610811
10761.4 3.71974e+06 411112
10772.9 908810 233638
10781.1 4.47296e+06 495066
10792 5.16745e+06 778504
10802.8 1.68652e+06 399050
10811.8 6.30423e+06 669283
10821.1 4.41629e+06 833683
10833.5 3.63937e+06 352409
10841.4 768676 267931
10850.9 7.52707e+06 824504
10862.6 3.5693e+06 475208
10870.6 1.44952e+06 269030
10880.8 7.28414e+06 738149
10891.6 4.01444e+06 446806
10902.2 2.99949e+06 331960
10910.8 2.48017e+06 660509
10921.4 6.48018e+06 1.1163e+06
10932.1 2.6677e+06 448831
10940.5 6.18343e+06 1.06446e+06
10950.2 4.04019e+06 616037
10961.1 2.28336e+06 373951
10971.4 3.73726e+06 527075
10981.1 6.30192e+06 985992
10993.2 1.49717e+06 207553
11001 4.54073e+06 718641
11010.6 5.98996e+06 1.03878e+06
11021 3.71562e+06 510013
11032.8 888202 214475
11041.1 5.24679e+06 880284
11050.4 5.13242e+06 1.22321e+06
11062.2 928386 271005
11070.6 6.90883e+06 541525
11080.4 4.66874e+06 896511
11093.2 3.39516e+06 306593
11101 1.66924e+06 367785
11110.6 7.40445e+06 733033
11122.9 3.12005e+06 217719
11131.1 2.54381e+06 527595
11140.4 6.79367e+06 576970
11151 4.30192e+06 308929
11162.1 2.55539e+06 215455
11170.9 3.57858e+06 613076
11181.5 5.52603e+06 686013
11191.5 2.25966e+06 368692
11200.4 6.89028e+06 683696
11210.5 3.90418e+06 247922
11221.6 2.8779e+06 283146
11230.9 2.60073e+06 384144
11241.1 6.55849e+06 677075
11252.8 1.89181e+06 384084
11261.1 4.20482e+06 423387
11271.2 5.67774e+06 841790
11281.4 3.87842e+06 404784
11291.2 2.24215e+06 215351
11301.8 1.64142e+06 571874
11311.9 6.85628e+06 1.04086e+06
11322.6 3.03246e+06 382812
11330.4 6.26586e+06 693353
11340.6 4.02165e+06 476819
11353.4 3.75683e+06 381937
11360.9 454405 200388
11370.5 7.66617e+06 713850
11382.8 1.44153e+06 289509
11390.9 3.55979e+06 1.18652e+06
11400.8 6.59583e+06 1.09695e+06
11410.9 4.20197e+06 593038
11423.1 1.47862e+06 261596
11431.1 4.6842e+06 492377
11441.4 4.62237e+06 472666
11452.2 1.84338e+06 499785
11460.5 6.6162e+06 573141
11470.5 3.9794e+06 493653
11482.8 3.66101e+06 452303
11490.5 597628 197488
11500.4 7.67751e+06 836716
11512.1 1.77847e+06 638795
11520.5 3.71047e+06 871070
11530.4 6.38435e+06 952920
11541.5 3.93716e+06 463904
11552 1.99897e+06 229624
11560.9 3.50645e+06 645005
11572.1 5.33644e+06 511558
11582.4 2.77589e+06 360807
11590.5 6.15561e+06 772395
11600.5 4.07214e+06 509425
11612.5 2.97064e+06 151268
11621 2.33179e+06 508016
11632.6 6.55849e+06 546598
11643.1 2.10407e+06 377337
11651.2 6.56262e+06 816957
11660.9 4.00104e+06 350923
11672.4 3.34777e+06 444979
11680.8 1.35497e+06 445015
11690.8 7.53119e+06 512300
11702.8 2.47605e+06 407475
11710.4 2.87996e+06 563401
11721.1 6.38024e+06 888160
11731 3.70326e+06 425341
11742.4 2.60897e+06 467063
11751.6 3.00052e+06 563900
11762 5.40445e+06 667353
11772.5 3.29728e+06 481786
11780.5 5.97838e+06 612638
11790.5 3.92479e+06 400558
11803.5 3.1829e+06 394979
11811 1.49202e+06 372256
11821.4 7.01599e+06 676989
11832.1 1.18241e+06 323304
11841.1 6.65893e+06 604151
11850.8 4.20609e+06 511732
11860.8 4.15663e+06 477706
11873 1.64452e+06 290613
11880.9 5.00956e+06 913536
11892.4 4.06723e+06 631859
11900.4 3.52808e+06 1.18143e+06
11910.9 6.6368e+06 1.01092e+06
11920.5 4.11954e+06 478285
11933.4 1.68161e+06 305538
11940.8 4.08244e+06 706283
11951.5 5.84855e+06 1.00326e+06
11962 2.35961e+06 582545
11970.9 6.75118e+06 734321
11980.8 4.14324e+06 568566
11993.2 3.65689e+06 461002
12001 815043 222224
12010.6 7.6466e+06 1.07219e+06
12022.4 1.88181e+06 489015
12030.9 4.51879e+06 698220
12041.2 5.74266e+06 1.13074e+06
12050.6 3.81969e+06 591961
12060.6 3.98146e+06 676178
12071.2 190620 68215.6
12080.6 6.78366e+06 1.14673e+06
12091.2 2.91239e+06 906516
12101 3.73598e+06 983822
12110.5 6.21664e+06 1.00108e+06
12121.9 3.99795e+06 522962
12132.4 2.40907e+06 487998
12141.5 2.68522e+06 470063
12152.6 6.34005e+06 682423
12162.6 2.28082e+06 259610
12171.4 4.31865e+06 1.09792e+06
12180.6 5.1677e+06 400013
12191.2 3.93716e+06 490799
12202.1 2.26791e+06 195854
12210.8 2.9253e+06 674852
12220.9 6.44927e+06 1.07892e+06
12232.5 1.92478e+06 371639
12241 7.02217e+06 850181
12250.6 4.12572e+06 541092
12263.1 3.69707e+06 474872
12270.9 543017 245428
12281 7.48997e+06 706572
12292.2 3.13447e+06 785913
12300.4 3.32407e+06 242158
12311 6.76972e+06 1.08478e+06
12321.4 4.25349e+06 486284
12331.2 770736 254294
12340.5 7.70327e+06 552873
12350.1 4.71305e+06 1.00081e+06
12362 888202 185505
12371.5 5.44669e+06 1.0095e+06
12380.8 5.48791e+06 1.05661e+06
12391.6 3.96188e+06 454092
12402.1 840803 241127
12410.5 7.56004e+06 687887
12422.4 4.61516e+06 595882
12431 527562 374737
12440.8 7.8671e+06 781049
12450.9 3.99177e+06 503879
12462.8 3.86503e+06 477814
12470.5 399792 151079
12480.9 7.29111e+06 767574
12493.4 2.592e+06 628020
12501.4 3.75708e+06 601975
12510.5 6.22592e+06 765945
12520.8 4.04844e+06 549999
12531.6 2.76868e+06 373626
12541.5 3.21691e+06 676223
12551.4 6.10409e+06 879985
12562.6 1.54044e+06 420300
12570.2 6.85422e+06 875264
12580.2 3.86091e+06 414174
12590.8 3.94231e+06 492291
12601.6 571870 246625
12610.2 6.71718e+06 870488
12623 3.89364e+06 572783
12630.8 985304 187631
12640.6 7.92274e+06 1.18462e+06
12650.4 3.90933e+06 541894
12660.6 4.08656e+06 412205
12671.1 219472 129043
12681.2 7.40445e+06 925588
12691.9 2.13062e+06 743238
12700.4 5.40032e+06 614653
12710.5 4.805e+06 698809
12721 3.9794e+06 492072
12732.5 903657 227085
12741.1 5.01344e+06 802101
12752 6.0819e+06 1.27497e+06
12760.9 514166 173205
12770.8 7.58065e+06 804507
12780.6 3.932e+06 357239
12793.6 3.58682e+06 485058
12800.2 832561 142434
12812.4 7.56004e+06 827654
12821.6 1.14968e+06 446081
12830.9 6.98944e+06 736619
12840.6 3.85369e+06 624953
12850.9 4.28131e+06 413910
12860.5 314269 250396
12870.8 7.77952e+06 858189
12881.8 1.33927e+06 337349
12890.4 6.87919e+06 713951
12901.2 3.79908e+06 304167
12912 4.00516e+06 364268
12920.4 1.21278e+06 405023
12930.5 7.50955e+06 546041
12941.4 1.04482e+06 346094
12950.4 6.12239e+06 598864
12960.1 4.72668e+06 834154
12971.6 4.1216e+06 452185
12982.8 1.57754e+06 350787
12991.8 3.94025e+06 663481
13000.8 4.7656e+06 832524
13010.8 3.70326e+06 825865
13020.5 6.08554e+06 615643
13030.1 4.09378e+06 441550
13042.8 1.49305e+06 229372
13051.1 4.65844e+06 809334
13061.2 5.85061e+06 1.46578e+06
13072.6 500772 205460
13081.8 5.61416e+06 1.01375e+06
13090.9 5.44924e+06 1.55191e+06
13101.1 3.90624e+06 482809
13113.4 1.14992e+06 340170
13120.9 5.06750e+06 1.00242e+06
13132 4.83876e+06 537195
13141.5 1.37249e+06 387077
13150.4 7.46937e+06 672845
13160.1 4.0742e+06 337684
13172 3.79496e+06 318105
13181 231836 51260.5
13190.8 7.97632e+06 565065
13202 2.3501e+06 340957
13210.5 1.80962e+06 610156
13221 7.48173e+06 382585
13230.6 3.89079e+06 292543
13243.2 2.78208e+06 208080
13251.1 1.33024e+06 303714
13261.2 7.11388e+06 433824
13271.2 1.31376e+06 397665
13280.8 3.67804e+06 600683
13290.8 6.68675e+06 1.00597e+06
13300.5 4.01856e+06 500473
13312.4 2.02885e+06 416724
13320.8 3.01186e+06 591609
13331.2 6.4503e+06 933724
13342.2 1.7795e+06 502787
13351 6.78209e+06 1.00082e+06
13360.4 4.08038e+06 595334
13370.5 4.12984e+06 609433
13380.4 191651 106243
13390.4 8.18858e+06 1.09209e+06
13401.9 2.38228e+06 425459
13410.4 2.21433e+06 481348
13420.9 7.45803e+06 990096
13430.9 4.32046e+06 616152
13441.6 2.41835e+06 195857
13450.2 3.29831e+06 851961
13461.6 5.85267e+06 357185
13471.9 1.87017e+06 481514
13480.8 7.30244e+06 757210
13491.1 4.13087e+06 454927
13501.2 3.80526e+06 327670
13511.1 243172 129634
13520.9 7.1994e+06 739259
13533 2.70558e+06 836318
13541.1 2.84366e+06 418870
13550.8 7.22977e+06 515728
13560.6 4.12881e+06 690203
13573.5 3.16642e+06 253354
13581 2.82844e+06 601273
13592.2 5.62392e+06 733638
13601.6 3.17132e+06 245357
13610.5 6.76482e+06 1.17355e+06
13621 4.14736e+06 414570
13631.6 2.30294e+06 245209
13640.2 3.56312e+06 657999
13651.4 5.6909e+06 519722
13661.6 1.91036e+06 389123
13670.8 6.71717e+06 819204
13681.5 3.864e+06 279840
13692.6 2.85112e+06 390821
13701.2 1.93715e+06 683368
13710.8 7.19219e+06 684072
13722.1 2.32046e+06 301290
13730.4 2.67079e+06 400875
13740.4 7.02526e+06 752889
13750.4 4.16075e+06 414584
13762.8 1.51778e+06 196584
13771.4 3.86891e+06 790384
13780.6 5.60149e+06 1.34696e+06
13790.8 1.64201e+06 375755
13800.8 7.40857e+06 1.08482e+06
13810.8 3.54972e+06 499281
13822.9 3.77950e+06 500499
13831.5 17514 8916.27
13840.8 7.54252e+06 889998
13853.4 1.88023e+06 370632
13860.4 2.91603e+06 810600
13870.5 7.32638e+06 627893
13881 4.31325e+06 601431
13892 1.03349e+06 295838
13901 6.3349e+06 568155
13912.8 4.1613e+06 606818
13920.8 770191 394688
13930.6 7.8805e+06 660720
13940.4 4.00928e+06 339710
13951 4.04638e+06 459016
13963 1.19423e+06 318589
13971.6 5.40832e+06 476231
13982.2 3.27588e+06 855300
13991.4 2.77383e+06 660161
14000.8 6.15973e+06 741852
14010.4 3.79187e+06 342787
14022.5 3.44359e+06 350402
14030.5 1.38176e+06 279685
14040.6 6.94798e+06 683677
14052.8 2.23906e+06 454199
14061 2.54872e+06 387268
14071.1 7.43791e+06 970433
14081.6 3.81969e+06 448478
14092.9 3.22206e+06 400972
14101.8 1.70531e+06 392926
14111.1 6.92635e+06 536182
14122.6 2.00515e+06 387005
14130.6 2.59867e+06 370806
14140.8 7.00672e+06 1.03637e+06
14150.4 4.12469e+06 420451
14162.5 862441 136876
14171.1 4.79911e+06 678494
14181 6.26635e+06 1.13332e+06
14193.4 1.3457e+06 263314
14200.5 3.99589e+06 554481
14211 6.11645e+06 530415
14220.9 4.11644e+06 305022
14232.2 944875 242505
14240.8 6.57086e+06 395643
14250.9 4.45029e+06 393654
14261.4 315298 111405
14270.5 7.05824e+06 455490
14280.4 4.18857e+06 449516
14293 3.67544e+06 251824
14301 192683 90557.4
14310.6 6.68062e+06 518944
14320.5 4.45181e+06 316413
14332.8 962390 234577
14340 7.06339e+06 551316
14350.8 4.11335e+06 382258
14361.8 3.98868e+06 356293
14372.8 888202 282982
14381.1 6.38332e+06 561673
14392.4 2.89954e+06 730711
14401.9 1.87945e+06 446583
14410.6 7.31274e+06 926954
14420.6 3.93406e+06 424157
14432.6 2.576e+06 227814
14441.1 734673 408089
14450.9 7.00259e+06 658628
14462.9 2.46265e+06 696455
14471.4 1.57214e+06 366023
14480.4 7.92917e+06 918917
14491 4.07523e+06 383873
14501.2 4.30913e+06 653213
14511.4 329725 137696
14521.1 7.80116e+06 1.02724e+06
14532.6 3.40032e+06 472252
14541.4 1.36219e+06 266712
14550.1 7.46421e+06 953028
14560.4 4.17518e+06 490951
14573.4 3.1118e+06 413236
14581.1 1.28284e+06 306273
14592.1 7.08812e+06 757422
14601.9 1.36194e+06 366326
14610.5 6.69063e+06 898618
14621.1 3.82999e+06 258435
14630.2 3.64555e+06 443371
14643 1.67646e+06 357423
14650.5 5.19321e+06 692843
14662.5 2.90264e+06 510412
14670.1 5.64840e+06 1.02416e+06
14680.5 5.14297e+06 490631
14691 4.27925e+06 720820
14702.8 1.27048e+06 203667
14711.2 5.22103e+06 999907
14722.9 3.42583e+06 950379
14730.2 4.43381e+06 927630
14740.4 6.26507e+06 1.5597e+06
14751.1 4.23494e+06 618819
14762.6 1.16538e+06 208970
14771.1 6.5611e+06 675169
14782.1 4.50745e+06 528250
14791.9 1.02524e+06 283598
14800.1 7.3179e+06 830588
14810.4 3.77538e+06 305305
14823.8 3.67646e+06 297713
14831.4 526531 168107
14843.2 7.40651e+06 713656
14852.1 3.34674e+06 755477
14860.8 5.56313e+06 471990
14870.6 3.87224e+06 389847
14883.8 3.67028e+06 519192
14891.2 617207 239813
14904.2 7.67751e+06 998237
14912.1 2.56187e+06 484884
14921.4 5.60507e+06 948843
14930.6 4.14427e+06 596664
14942.9 3.63937e+06 544946
14951.5 416279 190788
14960.6 7.88438e+06 1.08891e+06
14973.1 2.97501e+06 440790
14980 2.19887e+06 329383
14992 7.02217e+06 890358
15001.5 4.26688e+06 649884
15012.8 1.74034e+06 382850
15021.2 3.54251e+06 550865
15031.2 6.04535e+06 865030
15042 3.41474e+06 279030
15051.8 1.39619e+06 393316
15060.9 7.37045e+06 1.00393e+06
15070.5 4.38847e+06 491056
15081.6 2.22051e+06 327877
15091.8 3.45262e+06 679580
15101.2 6.84725e+06 635304
15113.5 3.2643e+06 320870
15121.5 229777 162898
15131.5 7.31584e+06 1.15939e+06
15141.2 3.74859e+06 523430
15153.6 3.94643e+06 481164
15161.2 837712 315039
15170.9 7.52373e+06 1.12148e+06
15182.8 2.62958e+06 486775
15191.1 2.59066e+06 609206
15201.1 7.05206e+06 700607
15211.2 4.14014e+06 648916
15222.6 3.04792e+06 363717
15231 2.49048e+06 776023
15242.5 7.02424e+06 719110
15251.2 423005 132253
15260.1 7.38124e+06 801095
15271 3.84133e+06 387866
15282 3.65998e+06 431190
15292.4 493559 144561
15301.9 5.55179e+06 798944
15311.2 4.21742e+06 553941
15322.1 1.65791e+06 483703
15331 6.98405e+06 738930
15340.8 4.12469e+06 536226
15352.2 2.69655e+06 312646
15360.5 1.70634e+06 405690
15371.1 7.00156e+06 648245
15382.5 2.95415e+06 348820
15391.2 905718 334814
15400.5 7.24783e+06 688813
15410.5 3.80217e+06 473938
15423.6 3.43741e+06 385810
15431.1 294692 147709
15440.2 8.08039e+06 798862
15453 3.1015e+06 399628
15461 1.10252e+06 284400
15471 7.61671e+06 935762
15481.8 3.96704e+06 403545
15492.4 2.75632e+06 537993
15501.8 1.70634e+06 316800
15512.8 6.47915e+06 1.02725e+06
15522.2 1.32048e+06 506569
15530.9 6.07111e+06 1.22826e+06
15540.9 4.36732e+06 607749
15550.6 3.99383e+06 595353
15563.4 1.40855e+06 211854
15570.4 4.04122e+06 566650
15581.1 4.89852e+06 509513
15590.8 2.81711e+06 640018
15600.5 6.55231e+06 937579
15610.9 4.18857e+06 531214
15621.6 2.19372e+06 173417
15631 3.85575e+06 603114
15641.5 5.10666e+06 445683
15652.1 2.56672e+06 425511
15661 6.2741e+06 512073
15670.8 4.05874e+06 466506
15683 3.22206e+06 239153
15691 1.21381e+06 344381
15701.1 7.40754e+06 589765
15710.6 974512 307785
15720.8 7.13576e+06 498277
15730.4 3.94025e+06 307564
15740.2 3.63113e+06 239802
15752.5 1.1592e+06 260339
15761 6.56031e+06 407683
15773 4.59994e+06 510221
15780.6 527561 258596
15790.1 7.68472e+06 492048
15800.5 3.77538e+06 228312
15814.1 3.70016e+06 246149
15820.4 566717 86231.5
15831.5 7.49719e+06 562651
15840.9 466768 385738
15850.8 7.37663e+06 513117
15860.9 3.98146e+06 345041
15871.4 3.89491e+06 216217
15881.6 679031 303749
15891 7.20352e+06 578125
15902.9 1.42146e+06 237553
15910.1 6.70299e+06 457886
15920.9 4.47321e+06 501663
15931.4 4.08038e+06 293127
15941.9 632663 270247
15951.4 6.779e+06 469530
15962.5 3.13035e+06 312928
15971.9 1.10665e+06 356863
15980.9 7.41578e+06 405749
15990.6 4.04329e+06 238408
16000.8 4.00516e+06 274807
16011.1 189591 73310.6
16020.9 7.9279e+06 647948
16031.4 233897 103430
16040 7.1314e+06 495099
16051.6 3.7692e+06 315816
16061.4 3.85575e+06 350811
16073.4 1.38794e+06 298898
16080.9 5.02938e+06 686012
16092.8 3.60512e+06 419405
16100.9 5.01623e+06 802893
16111 5.38281e+06 530983
16120.5 4.14014e+06 350269
16132 778979 319450
16141.5 6.04281e+06 509682
16152.1 3.88818e+06 681588
16160.8 736733 203138
16170.6 8.40909e+06 582402
16180.8 4.09481e+06 417592
16192.5 2.54096e+06 366900
16200.2 2.45235e+06 466062
16212.5 6.91604e+06 745932
16223.5 1.70816e+06 421950
16231.9 4.84106e+06 488746
16241.1 4.8676e+06 867407
16251.9 4.04535e+06 317456
16262.6 993304 452039
16271.6 5.5487e+06 441032
16281.8 4.71717e+06 681646
16293.2 1.61772e+06 408602
16301.1 6.10821e+06 572854
16310.5 4.19888e+06 568956
16322.2 3.96086e+06 176731
16330.5 209168 85690.2
16340.5 7.93511e+06 385865
16351.9 1.77641e+06 459953
16360.6 2.64867e+06 497249
16371.9 7.43276e+06 523109
16381.5 3.92685e+06 538141
16391.5 2.63679e+06 332333
16401 2.70583e+06 639470
16412.5 5.80218e+06 826040
16422.9 2.4709e+06 504708
16430.2 6.71718e+06 847702
16440.9 3.93097e+06 358383
16451 3.72489e+06 320043
16462.1 812982 221759
16471.4 3.86375e+06 790282
16481.5 5.9271e+06 970780
16492.4 1.26739e+06 257360
16501.6 6.47812e+06 510886
16511.4 4.65019e+06 860978
16521 4.03504e+06 417128
16532 679031 229143
16540.8 7.71976e+06 745458
16552 3.75580e+06 421828
16560.4 1.26533e+06 463577
16571.2 7.56622e+06 917549
16581.2 4.00104e+06 494485
16592.8 3.12108e+06 334529
16601 1.64452e+06 342849
16610.9 7.19734e+06 612410
16621.9 2.47708e+06 193171
16630.4 2.50799e+06 420064
16640.5 7.12418e+06 582755
16651 3.94849e+06 311222
16663.2 1.65585e+06 242438
16671 3.51057e+06 687728
16681.4 6.55746e+06 874348
16693.2 1.70119e+06 445190
16700.9 4.94695e+06 619214
16710.4 5.86812e+06 659719
16720.8 4.15663e+06 292999
16732.4 934570 199430
16741.4 5.40111e+06 915181
16753.2 4.79984e+06 580705
16761 1.63936e+06 477524
16771.1 7.10667e+06 769292
16780.9 3.82175e+06 371519
16793.1 3.34983e+06 476548
16800.9 490468 291230
16810.8 6.9758e+06 903392
16822.8 2.52036e+06 617693
16830.8 2.5026e+06 509004
16840.4 7.34905e+06 1.20538e+06
16851.1 4.00001e+06 431849
16862.5 1.24472e+06 359579
16871 5.37226e+06 745444
16881 5.38408e+06 527696
16892.5 1.00258e+06 324594
16901.1 6.76148e+06 455446
16910.6 4.49872e+06 653143
16921.5 3.89491e+06 231897
16930.9 167951 46924.4
16940.2 7.80528e+06 586500
16953 3.6301e+06 362832
16960.4 686244 233361
16970.2 7.55901e+06 579614
16980.6 4.0639e+06 393909
16993.2 3.00567e+06 346864
17000.6 2.36476e+06 352166
17011.5 6.58116e+06 381412
17021.8 2.56157e+06 302800
17030.9 4.87482e+06 675029
17040.4 5.29728e+06 786369
17050.9 4.58322e+06 460207
17061.5 580112 187973
17070.5 7.34572e+06 702447
17082.6 3.85472e+06 578681
17090.8 694487 236345
17100.6 7.73212e+06 738915
17110.1 3.92685e+06 411208
17122.5 2.74395e+06 297218
17131.4 2.97888e+06 324934
17141.1 6.79033e+06 718915
17153.9 2.16281e+06 320953
17161.4 3.68368e+06 840962
17170.5 6.37508e+06 775911
17180.8 4.20197e+06 383859
17192.2 964450 231682
17200.6 6.66669e+06 545028
17211.1 4.81094e+06 510729
17220.9 549200 153117
17230.9 7.72388e+06 652721
17240.6 4.10717e+06 352146
17252.8 3.16848e+06 198656
17260.9 1.26224e+06 217804
17270.4 7.31068e+06 489518
17283.6 3.39929e+06 288350
17290.9 843408 213165
17300 7.22256e+06 477739
17310.5 3.97322e+06 292031
17324.4 3.53118e+06 212447
17330.6 1.39413e+06 283270
17343 7.20043e+06 535808
17351.9 1.96551e+06 364391
17360.2 5.86037e+06 697596
17370.6 4.28234e+06 513394
17381.5 4.05668e+06 191955
17391 212260 105863
17400.9 8.10409e+06 347697
17413.4 3.72386e+06 267625
17421.2 1.52602e+06 250620
17431.5 7.51986e+06 586921
17441 4.14014e+06 359424
17452.5 2.75632e+06 324675
17460.9 2.00928e+06 484758
17470.5 6.86555e+06 588841
17481.9 2.38331e+06 230319
17491.1 2.71098e+06 340190
17500.9 6.87586e+06 716559
17510.8 4.18239e+06 416859
17521 2.06286e+06 242509
17530.9 3.62779e+06 604159
17540.9 5.50567e+06 971733
17551.1 2.55127e+06 532756
17560.4 6.50079e+06 358004
17570.4 3.81145e+06 403483
17582.9 3.29315e+06 263935
17590.5 955178 297257
17601.5 7.33335e+06 403307
17610.5 205834 99947.5
17620.5 7.67466e+06 472194
17630.6 4.08759e+06 518264
17641.2 3.8166e+06 503749
17651.1 544048 172018
17660.2 7.65975e+06 1.16084e+06
17671.1 863472 292295
17681 7.56131e+06 1.06517e+06
17690.8 3.94128e+06 664586
17701.1 3.77950e+06 469833
17712.1 658423 257433
17720.9 7.13758e+06 924796
17733.4 3.00258e+06 654582
17740.8 1.75786e+06 491633
17750.4 7.38178e+06 1.02876e+06
17760.1 4.14117e+06 510785
17773.4 3.37868e+06 463253
17781.4 1.67852e+06 361051
17792.9 6.60074e+06 826648
17802.6 3.24576e+06 463560
17810.8 5.25813e+06 691556
17820 4.04226e+06 499332
17830.1 4.0134e+06 361952
17842 643997 161332
17851 5.9588e+06 1.24649e+06
17863.4 4.43896e+06 680272
17870.8 1.51262e+06 400822
17880.5 7.63114e+06 884562
17890.6 4.07832e+06 514490
17902.9 2.7862e+06 392975
17910.9 1.94746e+06 608016
17921.5 6.95623e+06 866572
17932.9 1.78465e+06 492710
17941.1 4.31634e+06 679783
17950.8 6.3823e+06 1.22679e+06
17960.9 4.09996e+06 561516
17973.6 1.94745e+06 330907
17980.8 4.09329e+06 929069
17993.1 4.21482e+06 863299
18000.2 4.11905e+06 891743
18010.8 6.52498e+06 1.31226e+06
18020.9 4.24318e+06 543215
18032.6 994332 226139
18040.9 5.2808e+06 897147
18052.2 3.97631e+06 591554
18061.1 3.47553e+06 748167
18070.9 6.30604e+06 999383
18082 744975 199557
18090.6 6.95701e+06 957467
18100.1 4.37017e+06 830155
18111.5 2.36889e+06 223200
18120.8 2.24215e+06 694011
18130.4 7.13139e+06 1.00734e+06
18140.5 4.07214e+06 547743
18150.6 444100 141104
18160.8 7.88153e+06 1.0388e+06
18170.8 4.11644e+06 455816
18182.8 1.21381e+06 198868
18190.8 4.74862e+06 795714
18200.8 6.05202e+06 759052
18210.6 3.90728e+06 516604
18223 2.01237e+06 232096
18231 4.16075e+06 498040
18241.4 4.45132e+06 704221
18250.9 2.31324e+06 503464
18260 7.3519e+06 1.24649e+06
18270.8 4.03092e+06 514402
18283.1 3.44565e+06 405781
18290.8 1.68161e+06 424959
18302.6 6.78415e+06 664968
18312.8 2.88694e+06 438928
18320.5 6.1981e+06 728333
18330.5 4.10202e+06 545234
18343.6 3.74859e+06 522749
18350.4 935599 260273
18363.1 7.35705e+06 921208
18370.2 71095 36281.9
18380 7.88977e+06 952908
18390.9 4.62752e+06 537851
18402.9 3.74756e+06 412141
18410.9 946935 305925
18420.4 7.5992e+06 669764
18433.1 2.02576e+06 426408
18440.2 3.47244e+06 420403
18450.9 6.94077e+06 756260
18460.9 4.08038e+06 468294
18471.5 2.31324e+06 360484
18480.4 4.55436e+06 539951
18491.6 4.19682e+06 595289
18500.6 2.67182e+06 508679
18510.2 7.96808e+06 1.0339e+06
18520.1 4.15251e+06 498794
18531.5 2.3761e+06 261737
18540.6 3.37765e+06 472030
18551.5 5.46112e+06 734888
18561.4 3.60949e+06 580587
18570.2 5.13036e+06 757290
18580.1 3.95055e+06 407660
18591.4 2.29882e+06 177650
18600.8 3.32922e+06 594603
18610.8 6.97992e+06 520791
18623.1 1.71149e+06 440115
18630.2 4.01444e+06 420628
18640.1 6.19991e+06 822470
18650.5 3.91861e+06 444321
18662.8 1.8372e+06 205731
18670.4 4.23185e+06 639391
18681.2 4.78414e+06 286455
18690.8 2.84342e+06 517954
18700.2 7.00102e+06 855750
18710.1 4.21639e+06 473616
18722.1 2.24421e+06 203429
18730.9 3.83206e+06 579355
18741.2 6.32871e+06 1.07423e+06
18752.2 969604 225678
18760.4 7.59404e+06 659521
18770 4.14633e+06 372900
18780.8 4.25143e+06 394205
18791.1 844927 334075
18801.1 7.67854e+06 972800
18812.5 2.5232e+06 568567
18820.8 3.87327e+06 1.00766e+06
18830.1 6.21974e+06 1.13785e+06
18840.6 4.02062e+06 540287
18852.4 2.42041e+06 422169
18861.4 2.71716e+06 419945
18872.9 5.76096e+06 781989
18882.5 3.07162e+06 666595
18890.9 5.98868e+06 742764
18900.6 3.85266e+06 515027
18912.9 3.17466e+06 413178
18920 1.77847e+06 255941
18932.5 6.59044e+06 675839
18943.5 2.73056e+06 327942
18950.4 6.34829e+06 872971
18961 4.03298e+06 556343
18973.4 3.87327e+06 395444
18980.4 948995 329610
18990.4 7.25813e+06 613776
19001.5 1.06264e+06 310106
19011.1 7.05690e+06 803290
19021.1 4.10305e+06 501577
19031.1 3.898e+06 370507
19042.2 970633 332881
19050.9 5.79781e+06 734194
19062.9 3.07598e+06 570160
19070.4 5.74526e+06 517659
19080 4.57316e+06 712557
19093.2 1.75064e+06 313146
19101.4 4.67262e+06 560144
19111.8 6.0542e+06 1.34982e+06
19122.4 3.16951e+06 375264
19132 1.46214e+06 475060
19140.6 7.65381e+06 686217
19150.5 4.23597e+06 411202
19161.6 873777 217392
19170.9 6.84185e+06 650420
19181 4.65947e+06 618373
19190.8 2.15456e+06 497038
19200.9 3.2066e+06 839288
19211.1 6.98611e+06 613625
19220.6 3.9691e+06 244737
19232.6 1.07264e+06 269258
19240.6 7.48173e+06 662719
19252.9 4.30501e+06 568567
19261.1 929418 221436
19270.6 7.45803e+06 1.05196e+06
19281 3.69501e+06 457622
19293.1 3.21484e+06 425895
19300 2.0845e+06 207484
19312.1 6.80064e+06 728837
19323 2.01649e+06 376653
19330.6 5.80836e+06 927349
19340.9 4.64195e+06 903934
19350.4 4.32252e+06 437805
19361.5 722306 239727
19370.6 6.99823e+06 577384
19382.6 1.25424e+06 417390
19390.1 6.05851e+06 466375
19401 4.73905e+06 830452
19410.5 3.87224e+06 456647
19421.2 2.37198e+06 266413
19430.8 4.16796e+06 334960
19441 4.73778e+06 519762
19451.2 3.04998e+06 745219
19460.6 6.79342e+06 629488
19470.9 4.07111e+06 388237
19483 916021 246916
19490.4 4.97016e+06 806144
19500.4 5.82224e+06 739954
19512.5 1.14889e+06 289060
19520.5 7.389e+06 613406
19530.2 3.9351e+06 475505
19540.8 3.71974e+06 285820
19551 410096 153283
19560.5 7.12624e+06 751163
19572.1 2.0317e+06 325352
19580.6 6.96162e+06 476287
19590.8 4.16487e+06 380048
19600.9 4.07008e+06 315564
19613.5 1.29933e+06 263983
19620.8 5.09532e+06 470390
19631.9 3.73108e+06 844796
19640.9 2.29755e+06 650260
19650.8 6.89258e+06 920850
19660.8 3.9928e+06 317323
19672.1 1.82484e+06 233084
19681 2.98816e+06 449812
19691.6 6.06184e+06 435395
19701.9 2.1448e+06 414073
19710.1 6.43121e+06 700510
19720.8 3.84339e+06 309599
19733.6 3.39619e+06 285218
19740.5 1.67749e+06 407020
19750.5 7.0469e+06 544420
19763.5 3.27461e+06 311899
19771 706609 256359
19780.5 7.82304e+06 900900
19790.4 3.91861e+06 423934
19803 3.04174e+06 324018
19810.2 1.3828e+06 247071
19822.1 6.99023e+06 627478
19830.9 1.21278e+06 455398
19840.1 6.76972e+06 818653
19850.5 3.90728e+06 347436
19860.8 3.78053e+06 319709
19872 582173 193584
19880.8 7.16824e+06 650902
19892.5 2.9173e+06 369750
19900.8 2.07213e+06 573960
19910.4 7.76303e+06 495194
19920.5 4.2607e+06 423487
19932 2.87584e+06 274568
19941.4 2.20299e+06 545407
19951.8 6.56364e+06 856083
19962.9 2.7285e+06 313292
19970.4 5.3045e+06 931515
19980.5 4.47812e+06 578602
19991 3.78569e+06 430790
20003.9 1.49614e+06 122925
20010.6 4.1582e+06 636600
20021 4.82069e+06 981549
20030.2 2.43586e+06 460502
20040.6 7.23856e+06 891691
20050.4 4.06699e+06 484248
20062.4 2.56775e+06 291138
20070.5 2.53581e+06 585802
20083.2 6.07214e+06 542740
20092.2 1.87484e+06 535995
20100.1 5.71817e+06 408629
20110.4 4.04432e+06 364622
20120.8 4.00722e+06 348535
20133.2 1.01288e+06 289498
20140.8 5.32201e+06 1.10178e+06
20153 3.2437e+06 553443
20160.2 5.74733e+06 985459
20170.1 4.95028e+06 455647
20180.4 3.64246e+06 407110
20191.5 2.06492e+06 377759
20200.6 2.98713e+06 502894
20211.8 5.76302e+06 1.0671e+06
20222 1.61463e+06 419340
20231.1 7.05102e+06 1.07601e+06
20240.9 3.9454e+06 505726
20252.5 3.17569e+06 377941
20260.9 1.61154e+06 415965
20272.2 7.15406e+06 621858
20281.5 2.07292e+06 273099
20290 6.03529e+06 626077
20300.9 4.14633e+06 457966
20310.9 3.85575e+06 443478
20322.6 1.27357e+06 272957
20330.8 5.186e+06 704986
20344 3.20454e+06 453416
20350.9 5.13321e+06 766534
20360 5.04096e+06 690015
20370.6 4.09378e+06 379187
20382.1 1.09016e+06 248156
20391.1 6.87173e+06 938119
20402.9 1.94309e+06 364489
20410.9 6.72978e+06 871657
20420 4.15972e+06 438006
20430.1 3.92273e+06 400640
20441.5 470889 119814
20450.9 4.94464e+06 829748
20461.2 6.17646e+06 1.11573e+06
20470.9 354454 173493
20480.5 7.81249e+06 852003
20491.1 3.92788e+06 339667
20503.4 3.6878e+06 342179
20511.4 235958 132140
20520.5 7.59817e+06 532353
20532.8 3.31582e+06 396994
20540.8 837712 317109
20550.5 7.53119e+06 542752
20560.1 4.21845e+06 322631
20573 3.05307e+06 212642
20580.8 1.92788e+06 358983
20590.5 7.31893e+06 612989
20602.4 2.61824e+06 273431
20611.1 2.91476e+06 514369
20620.6 6.62468e+06 561732
20631 4.01959e+06 347793
20642.8 1.86296e+06 255979
20650.2 4.2821e+06 559904
20660.5 4.66177e+06 487827
20670.9 2.91294e+06 185145
20680.5 7.05721e+06 954818
20690.5 4.19063e+06 376117
20701.8 2.01443e+06 333181
20710 3.80939e+06 514065
20721.6 4.78105e+06 741073
20731 4.56855e+06 889521
20740.4 5.16254e+06 766871
20750.4 3.98971e+06 383873
20763 907779 180272
20770.9 5.57549e+06 733638
20783.5 3.18163e+06 422468
20790.6 3.70841e+06 901864
20801 6.1373e+06 983586
20810.9 3.96086e+06 473047
20823 1.83926e+06 331236
20830.5 4.2347e+06 550436
20840.6 4.86373e+06 457499
20851.8 1.88229e+06 639555
20861.1 6.86064e+06 899059
20870.6 3.91346e+06 389673
20882.1 2.71201e+06 361337
20890.8 1.60021e+06 376528
20903.6 6.77591e+06 655315
20911.9 2.76559e+06 592711
20921.2 5.57343e+06 811888
20931 3.96601e+06 405921
20942.9 3.11902e+06 294950
20950.4 1.67336e+06 291656
20962.5 6.81094e+06 563006
20971.5 1.32612e+06 377367
20980.4 6.71305e+06 605228
20990.6 4.07523e+06 339469
21000.4 4.05977e+06 294009
21010.5 307056 117128
21021.2 7.92378e+06 428083
21032.8 1.60021e+06 507905
21040.9 3.92788e+06 946155
21050.4 5.94334e+06 981569
21060.4 3.7692e+06 442637
21071 2.32149e+06 267793
21080.8 2.69243e+06 617401
21093 6.15767e+06 718506
21102.1 2.1525e+06 581110
21110.9 6.8027e+06 689207
21120.8 4.02062e+06 524002
21132.8 3.14684e+06 503417
21140.6 2.09068e+06 452553
21153.1 6.5214e+06 963849
21162.6 1.73416e+06 494997
21170.9 6.80682e+06 1.24181e+06
21181 3.81763e+06 573660
21193.2 3.4642e+06 186407
21201.2 1.02422e+06 362067
21211 7.52604e+06 556349
21222.9 2.36143e+06 385099
21230.5 3.45905e+06 298290
21240.8 6.79779e+06 590885
21251 4.41217e+06 607420
21261.6 1.99691e+06 334541
21270.5 4.47811e+06 527206
21281.2 4.83566e+06 563099
21290.8 2.84493e+06 678373
21300.8 6.2875e+06 1.13447e+06
21313.9 3.43947e+06 873728
21320.5 1.48686e+06 374428
21332 7.24875e+06 1.19112e+06
21341.5 4.16692e+06 1.17657e+06
21352.5 747037 465779
21360.6 6.34829e+06 941583
21370.2 4.73881e+06 1.56571e+06
21383.8 3.63422e+06 902943
21390.2 323542 123954
21400.5 7.50955e+06 1.61607e+06
21410.6 4.10202e+06 733086
21421.5 322513 110723
21430.5 7.0706e+06 737705
21441 4.9331e+06 1.50918e+06
21453.1 3.05513e+06 365842
21461.2 1.34055e+06 429828
21470.9 7.59816e+06 949378
21480.9 3.95776e+06 425578
21490.9 906505 354156
21500.6 7.74782e+06 617479
21510.4 3.94643e+06 396169
21523.2 3.10253e+06 435004
21530.9 1.53323e+06 241650
21540.5 7.46112e+06 702880
21552 2.27718e+06 209208
21560.6 2.76353e+06 602338
21571 7.06957e+06 313170
21581 3.94128e+06 331188
