# TimeStamp(s) Sum Stdev
0 8.34006e+06 645098
10 5.51779e+06 1.03815e+06
20 5.2097e+06 794828
30 5.08399e+06 510492
40 5.20558e+06 492917
50.25 5.3622e+06 653257
60 4.69141e+06 615853
70 5.51161e+06 735292
80 4.59352e+06 575909
90 5.32614e+06 656978
100 5.16848e+06 731411
110 6.10718e+06 797132
120 6.0979e+06 599370
130 5.79394e+06 387415
140 4.78311e+06 478249
150 5.4539e+06 490325
160 5.47142e+06 661417
170 4.32768e+06 668761
180 5.09533e+06 675390
190 4.74293e+06 354478
200 5.30244e+06 172220
210 5.92171e+06 1.26925e+06
220 5.86297e+06 467185
230 5.92892e+06 868299
240 5.36735e+06 772638
250 5.26843e+06 578519
260 5.25401e+06 810390
270 5.18291e+06 564212
280 4.88615e+06 451571
290 5.59816e+06 675391
300 3.64349e+06 473565
310 5.81248e+06 710889
320 5.43639e+06 769005
330 4.99744e+06 683505
340 4.99332e+06 389973
350 5.18188e+06 659408
360 5.13963e+06 924024
370 5.13654e+06 1.01488e+06
380 5.16539e+06 630579
390 4.48636e+06 589932
400 5.30656e+06 391581
410 5.26019e+06 1.01754e+06
420 5.14375e+06 768148
430 4.96962e+06 216676
440 4.73262e+06 671885
450 5.3148e+06 608403
460 5.14684e+06 419452
470.375 5.47142e+06 963275
480 4.18857e+06 421042
490 5.24473e+06 1.05018e+06
500 4.97683e+06 1.18229e+06
510 4.67389e+06 475991
520 5.16848e+06 493190
530 5.42711e+06 766341
540.125 4.98404e+06 934812
550 4.16384e+06 590040
560 4.65122e+06 444679
570 4.9181e+06 544201
580 5.26225e+06 578266
590 4.99434e+06 582112
600 5.01804e+06 634132
610 4.99641e+06 582043
620 4.97786e+06 527994
630 5.0232e+06 450962
640 5.13551e+06 493679
650 4.73572e+06 380365
660 4.93149e+06 1.07473e+06
670 4.7079e+06 738765
680 5.3859e+06 453425
690 5.1963e+06 875602
700 5.02526e+06 768492
710 4.88512e+06 464643
720 4.90058e+06 919865
730 5.29831e+06 662269
740 5.68059e+06 448368
750 5.47451e+06 562842
760 5.30347e+06 508932
770 5.38899e+06 721750
780 5.27152e+06 803718
790 5.82794e+06 929858
800 4.92737e+06 958191
810 5.65174e+06 968611
820 5.21485e+06 1.03394e+06
830 5.14272e+06 993470
840 5.25298e+06 572370
850 5.13345e+06 536906
860 5.01083e+06 496495
870 5.12211e+06 485820
880 5.01392e+06 640481
890 5.05102e+06 843505
900 4.41938e+06 556075
910 4.99022e+06 427060
920 4.75735e+06 696068
930 5.08914e+06 433679
940 4.39465e+06 305887
950 4.65534e+06 537054
960 5.23958e+06 325378
970 5.04896e+06 649003
980 5.05308e+06 509993
990 4.80578e+06 623847
1000 4.99228e+06 508719
1010 5.18188e+06 851347
1020 5.17054e+06 734434
1030.12 5.33232e+06 675689
1040 4.62752e+06 525888
1050 5.25916e+06 648691
1060 5.14684e+06 599500
1070 5.35292e+06 799379
1080 4.77178e+06 566605
1090 4.7893e+06 577449
1100 4.91294e+06 597281
1110 4.80784e+06 326901
1120 5.16848e+06 522367
1130 4.14221e+06 286024
1140 4.93046e+06 664485
1150 5.01804e+06 1.01976e+06
1160 4.95416e+06 679778
1170 5.08914e+06 554769
1180 4.98095e+06 693740
1190 5.23649e+06 548136
1200 5.01186e+06 435117
1210 5.02423e+06 616952
1220 4.65946e+06 576805
1230 4.73365e+06 319776
1240 5.21897e+06 413067
1250 4.9758e+06 465280
1260 5.29522e+06 528442
1270 5.45081e+06 384947
1280 5.65277e+06 951546
1290 5.66823e+06 594441
1300 5.2911e+06 624882
1310 5.17466e+06 427488
1320 5.47142e+06 480334
1330 5.67441e+06 704706
1340 5.50439e+06 890983
1350 5.66101e+06 708626
1360 4.69862e+06 656597
1370 5.71975e+06 658762
1380 5.46936e+06 680933
1390.12 6.03608e+06 754426
1400 5.59404e+06 936181
1410 5.69399e+06 514999
1420 4.88306e+06 481507
1430 5.38075e+06 801083
1440 5.40650e+06 723994
1450 5.54973e+06 531074
1460 5.20352e+06 254289
1470 5.56107e+06 411696
1480 5.65174e+06 743262
1490 5.14994e+06 449384
1500 5.18703e+06 455641
1510 5.35602e+06 374524
1520 4.86554e+06 563867
1530 4.85318e+06 458915
1540 5.1623e+06 853623
1550 5.30656e+06 616456
1560 5.35396e+06 844087
1570 5.33129e+06 384528
1580 5.43226e+06 615639
1590 5.21897e+06 672240
1600 5.46215e+06 383542
1610 5.25092e+06 588130
1620 4.74911e+06 668226
1630 4.5997e+06 1.03654e+06
1640 4.83566e+06 673970
1650 5.34777e+06 1.12475e+06
1660 5.91552e+06 794394
1670 5.45906e+06 387380
1680 5.56622e+06 898628
1690 5.6198e+06 781051
1700 5.45081e+06 891731
1710 5.89595e+06 632464
1720 5.7012e+06 622360
1730 5.05926e+06 541102
1740 5.22516e+06 574966
1750 4.81196e+06 352143
1760 5.29522e+06 1.08503e+06
1770 5.31583e+06 517159
1780 5.7589e+06 563533
1790 5.38075e+06 1.02193e+06
1800 5.75169e+06 517329
1810 5.81454e+06 681693
1820 5.63216e+06 459535
1830 5.20764e+06 656192
1840 5.18806e+06 773852
1850 5.76921e+06 787045
1860 5.45493e+06 1.03698e+06
1870 5.37147e+06 683057
1880 4.96756e+06 737304
1890 4.95828e+06 544599
1900 4.89131e+06 927067
1910 5.01289e+06 316470
1920.12 5.40857e+06 255071
1930 4.73159e+06 538617
1940 4.64092e+06 437016
1950 5.01908e+06 622441
1960 5.08296e+06 513013
1970 5.36117e+06 309789
1980 5.7826e+06 1.17453e+06
1990.5 5.65792e+06 791732
2000 4.93355e+06 351887
2010 5.22103e+06 652831
2020 5.16745e+06 1.14879e+06
2030 5.16951e+06 621658
2040 4.97786e+06 565765
2050 5.02423e+06 853850
2060 5.43021e+06 588256
2070.12 4.98713e+06 586599
2080 4.28543e+06 287773
2090 4.82845e+06 463292
2100 5.35086e+06 582050
2110 5.18497e+06 589726
2120 5.34674e+06 488175
2130 5.20042e+06 708616
2140 4.55334e+06 612057
2150 4.19578e+06 531345
2160 4.84597e+06 234644
2170 4.98816e+06 572966
2180 5.33747e+06 480657
2190 5.12315e+06 769665
2200 5.1283e+06 344565
2210 5.10975e+06 768439
2220 5.53634e+06 807020
2230 5.35808e+06 592957
2240 5.42093e+06 803877
2250 5.71666e+06 524018
2260 5.41784e+06 502393
2270 6.29677e+06 972937
2280 5.67235e+06 676303
2290 5.61671e+06 448883
2300 5.03762e+06 540088
2310 5.15303e+06 480656
2320 5.17054e+06 280911
2330 6.06699e+06 1.37945e+06
2340 5.60743e+06 582601
2350 5.16848e+06 480560
2360 5.43536e+06 706546
2370 4.93767e+06 564860
2380 4.47193e+06 582315
2390 4.87276e+06 359899
2400 5.86297e+06 777851
2410 5.31995e+06 731349
2420 5.51367e+06 1.10466e+06
2430 5.50852e+06 524442
2440 5.3725e+06 675967
2450 5.48584e+06 820262
2460 5.14375e+06 824955
2470 4.86452e+06 426524
2480 5.53118e+06 831878
2490 5.51058e+06 974579
2500 6.1824e+06 663712
2510 6.55128e+06 372069
2520 5.7146e+06 623074
2530 5.98971e+06 594725
2540 5.87328e+06 555807
2550 6.16179e+06 447787
2560 6.03608e+06 349501
2570 5.80836e+06 643910
2580 5.72902e+06 884116
2590 5.62701e+06 559487
2600 5.86298e+06 733018
2610 6.04948e+06 600382
2620 5.11799e+06 374126
2630 5.32923e+06 758886
2640 6.06287e+06 638895
2650 6.23495e+06 677481
2660 5.63731e+06 453296
2670 4.64504e+06 380347
2680 5.11387e+06 668567
2690 4.66874e+06 461389
2700 4.64916e+06 1.01176e+06
2710 5.87431e+06 717245
2720 6.25246e+06 606797
2730 6.08863e+06 729837
2740 5.08502e+06 488941
2750 5.38384e+06 511997
2760 4.62237e+06 596871
2770 4.80166e+06 411560
2780 4.94798e+06 439752
2790 5.37456e+06 539515
2800 4.37611e+06 261683
2810 5.49718e+06 952902
2820 5.38281e+06 797992
2830 4.65431e+06 622800
2840 4.87173e+06 512620
2850 4.82433e+06 838128
2860 4.82227e+06 860906
2870 4.93149e+06 321058
2880 5.20249e+06 678641
2890 4.9181e+06 522528
2900 5.08708e+06 357287
2910 4.99022e+06 483065
2920 4.61207e+06 653337
2930 4.47296e+06 797234
2940 5.23649e+06 409581
2950 5.78157e+06 613456
2960 5.66101e+06 413530
2970 5.58889e+06 564838
2980 5.43536e+06 654524
2990 5.10357e+06 379994
3000 5.00362e+06 792912
3010 4.95107e+06 630748
3020 5.57137e+06 899453
3030 5.48688e+06 563696
3040 5.71356e+06 576421
3050 5.53943e+06 505048
3060 5.34468e+06 822507
3070 5.41475e+06 587323
3080 5.52809e+06 816596
3090 5.50955e+06 568293
3100 5.83309e+06 735704
3110 5.53015e+06 768062
3120 5.91037e+06 422474
3130 4.96343e+06 432877
3140 5.46215e+06 480471
3150 4.87997e+06 392145
3160 5.58889e+06 378475
3170 5.56622e+06 703015
3180 6.23186e+06 756515
3190.12 6.12136e+06 541710
3200 5.9508e+06 739052
3210 6.06493e+06 262300
3220 5.98147e+06 415835
3230 6.17209e+06 347783
3240 5.28183e+06 391508
3250 4.9047e+06 395668
3260 5.83824e+06 497982
3270 4.66668e+06 301175
3280 6.51213e+06 386305
3290 6.06802e+06 395568
3300 6.00311e+06 483625
3310 5.4776e+06 377669
3320 6.00414e+06 858753
3330 5.37147e+06 164296
3340 5.30553e+06 410601
3350 5.79703e+06 535534
3360 6.17519e+06 473474
3370 6.69141e+06 590477
3380 5.84134e+06 348000
3390 5.50645e+06 272427
3400 5.93716e+06 297979
3410 6.0165e+06 410982
3420 5.83103e+06 222614
3430 4.89646e+06 429663
3440 5.61568e+06 739396
3450 5.25401e+06 700783
3460 5.42093e+06 838425
3470 5.27462e+06 904163
3480 4.85009e+06 506020
3490 5.27152e+06 1.05311e+06
3500 4.37405e+06 507003
3510 4.69759e+06 451612
3520 5.20352e+06 653845
3530 4.87379e+06 577308
3540 5.31789e+06 603169
3550 4.64092e+06 668908
3560 4.53788e+06 507467
3570 5.47657e+06 794628
3580 4.70171e+06 481442
3590 4.51109e+06 386142
3600 5.03556e+06 720223
3610 4.52551e+06 513680
3620 5.47039e+06 447329
3630 5.65586e+06 496582
3640 4.89543e+06 443682
3650 5.02732e+06 782413
3660 5.36014e+06 859352
3670 5.33747e+06 567297
3680 5.7146e+06 680807
3690 5.65174e+06 604709
3700 5.39723e+06 586738
3710 5.08811e+06 1.28909e+06
3720 5.20867e+06 889382
3730 5.62495e+06 732296
3740 5.88255e+06 868904
3750 5.04174e+06 666415
3760 5.60331e+06 550133
3770 4.89852e+06 633845
3780 4.86761e+06 503228
3790 5.66514e+06 720200
3800 5.65483e+06 734581
3810 5.89286e+06 637713
3820 3.99383e+06 397568
3830 5.62598e+06 381139
3840 6.31635e+06 844131
3850 6.25968e+06 322095
3860 5.21485e+06 369004
3870 5.09945e+06 296150
3880 5.50336e+06 390054
3890 5.15509e+06 516400
3900 5.40342e+06 652784
3910 5.63628e+06 490615
3920 5.08914e+06 600383
3930 5.39208e+06 630563
3940 5.60022e+06 842435
3950 5.27462e+06 525651
3960 5.29728e+06 393904
3970 4.95313e+06 621989
3980 4.23288e+06 433788
3990 5.23031e+06 372829
4000 4.5523e+06 593656
4010 4.80887e+06 955092
4020 4.97374e+06 327242
4030 5.43948e+06 971970
4040 5.22928e+06 766074
4050 5.39414e+06 1.00012e+06
4060 5.31171e+06 617323
4070 4.89130e+06 707698
4080 5.14788e+06 928013
4090 5.67029e+06 874566
4100 5.33129e+06 729665
4110 5.53737e+06 1.07371e+06
4120 5.20661e+06 682347
4130 5.37765e+06 1.06445e+06
4140 5.37353e+06 993286
4150 5.30553e+06 534629
4160 5.46112e+06 890944
4170 5.42505e+06 657410
4180 5.58786e+06 651370
4190 6.24834e+06 791629
4200 6.36787e+06 815766
4210 6.08657e+06 678795
4220 4.73366e+06 952688
4230 4.92325e+06 524002
4240 5.35292e+06 685485
4250 5.81557e+06 694236
4260 4.74499e+06 352626
4270 6.15664e+06 714040
4280.12 6.21228e+06 590060
4290 6.03402e+06 482894
4300 6.04948e+06 731211
4310 5.3622e+06 994538
4320 5.15406e+06 963032
4330 5.42505e+06 587694
4340 5.67132e+06 810811
4350 5.07987e+06 721855
4360 5.1283e+06 678599
4370 4.99125e+06 461336
4380 5.12521e+06 438081
4390 5.20352e+06 641735
4400 5.16539e+06 376145
4410 5.58992e+06 1.08869e+06
4420 5.24782e+06 670575
4430 5.40135e+06 860389
4440.5 5.18806e+06 673697
4450 4.53994e+06 549620
4460 5.3488e+06 985132
4470 5.79909e+06 391213
4480 6.11851e+06 799052
4490.25 6.22568e+06 982279
4500 5.36426e+06 475462
4510 4.99229e+06 663443
4520 5.36014e+06 476289
4530 5.02526e+06 660979
4540 5.3725e+06 476708
4550 5.14788e+06 581444
4560 4.77487e+06 395431
4570 5.45699e+06 729838
4580 5.38487e+06 839649
4590 6.03093e+06 727576
4600 4.87791e+06 1.04521e+06
4610 4.92016e+06 780361
4620 5.99177e+06 778822
4630 5.53737e+06 626935
4640 5.47863e+06 883255
4650 5.46936e+06 647360
4660 5.42711e+06 663825
4670 5.11799e+06 634573
4680 5.73623e+06 395264
4690 5.99177e+06 492183
4700 4.79548e+06 573071
4710 6.14324e+06 456339
4720 6.20919e+06 1.1509e+06
4730 5.58992e+06 906248
4740 5.87328e+06 626595
4750 5.72284e+06 1.30998e+06
4760 5.186e+06 427780
4770 5.31686e+06 434653
4780 4.56467e+06 466148
4790 5.1757e+06 665504
4800 5.07266e+06 660114
4810 5.74345e+06 680326
4820 5.83618e+06 594438
4830 5.34777e+06 803353
4840 5.68986e+06 657264
4850 5.1046e+06 585938
4860 5.46524e+06 781850
4870 4.74396e+06 766776
4880 5.31892e+06 671550
4890 5.00362e+06 469394
4900 5.17776e+06 481404
4910 5.77333e+06 916252
4920 5.98662e+06 927380
4930 5.29625e+06 799527
4940 5.76302e+06 469234
4950 5.54252e+06 668138
4960 5.14994e+06 470516
4970 4.37714e+06 724025
4980 4.83876e+06 762987
4990 5.22825e+06 618233
5000 4.94179e+06 329123
5010 5.30759e+06 604835
5020 5.63113e+06 770823
5030 5.23855e+06 545587
5040 5.48069e+06 618107
5050 4.91913e+06 398131
5060.5 5.10666e+06 594250
5070 4.6574e+06 445567
5080 5.83618e+06 1.20693e+06
5090 5.49512e+06 518786
5100 6.24525e+06 1.16979e+06
5110 4.86245e+06 679857
5120 5.85576e+06 576247
5130 6.07833e+06 369404
5140 4.26276e+06 403005
5150 4.17518e+06 698177
5160 4.46472e+06 465474
5170 4.65740e+06 683813
5180 4.9655e+06 492022
5190 5.08193e+06 399184
5200 3.42607e+06 294536
5210 4.72232e+06 351097
5220 4.81609e+06 859401
5230 5.97529e+06 697066
5240 6.26277e+06 874226
5250 5.35189e+06 547909
5260 5.64247e+06 472977
5270 5.91655e+06 1.23786e+06
5280 5.52809e+06 711996
5290 5.03453e+06 1.32823e+06
5300 5.7589e+06 521016
5310 5.70738e+06 548984
5320 5.49409e+06 660077
5330 5.58992e+06 303810
5340 4.88821e+06 253730
5350 4.87688e+06 656173
5360 4.10614e+06 378563
5370 5.45081e+06 597035
5380 5.14066e+06 1.12003e+06
5390 5.98868e+06 550814
5400 6.23804e+06 578602
5410 6.05669e+06 452912
5420 5.46524e+06 729762
5430 5.66411e+06 508718
5440 5.40754e+06 535220
5450 5.97116e+06 608981
5460 5.80115e+06 585869
5470 5.67956e+06 672773
5480 5.77539e+06 594816
5490 5.56519e+06 697855
5500 4.88409e+06 675693
5510 5.16642e+06 1.05005e+06
5520 5.44669e+06 707076
5530 4.99228e+06 742834
5540 5.7383e+06 631180
5550 5.43020e+06 847218
5560 5.46009e+06 758278
5570 5.04174e+06 382548
5580 6.06287e+06 780389
5590 5.9248e+06 753288
5600 4.02577e+06 587964
5610.25 4.46369e+06 277279
5620 4.22979e+06 606773
5630 5.67441e+06 631804
5640 5.5858e+06 1.17915e+06
5650 5.3622e+06 759610
5660 5.45802e+06 693783
5670 5.87122e+06 696091
5680 5.06132e+06 552639
5690 5.71047e+06 456149
5700 5.44772e+06 886396
5710 6.22876e+06 845332
5720 6.08039e+06 566094
5730.12 5.33129e+06 639888
5740 5.76302e+06 619476
5750 5.01907e+06 644167
5760 4.94283e+06 732725
5770 5.05102e+06 587532
5780 5.33438e+06 1.17962e+06
5790 5.16951e+06 602317
5800 5.47245e+06 623102
5810 5.07884e+06 572026
5820 5.25194e+06 479685
5830 5.07884e+06 615659
5840 5.08399e+06 677564
5850 5.25091e+06 698958
5860 5.66204e+06 742189
5870 5.6064e+06 701926
5880 6.47503e+06 553037
5890 5.47348e+06 1.02112e+06
5900 5.9722e+06 415689
5910 4.49666e+06 534210
5920 5.30244e+06 621202
5930 5.41475e+06 514136
5940 6.30501e+06 421217
5950 6.09275e+06 559775
5960 5.54767e+06 537826
5970 6.23186e+06 674275
5980 5.48172e+06 803775
5990 5.63526e+06 790123
6000 5.28904e+06 759039
6010.38 4.9387e+06 766546
6020 5.48894e+06 593377
6030.25 5.53015e+06 661092
6040 5.46936e+06 620383
6050 5.84133e+06 918814
6060 5.94437e+06 488474
6070 5.52603e+06 718569
6080 5.40754e+06 284006
6090 6.04741e+06 430638
6100 5.5147e+06 769401
6110 5.27462e+06 772550
6120 6.17003e+06 473796
6130 4.84185e+06 1.31299e+06
6140 5.20455e+06 735555
6150 5.90007e+06 471317
6160 5.2674e+06 895213
6170 5.20455e+06 676621
6180 5.29625e+06 541688
6190 5.17673e+06 660354
6200 5.21382e+06 499384
6210 6.06184e+06 878026
6220 5.84442e+06 875211
6230 4.71717e+06 259218
6240 5.47863e+06 721870
6250 5.8166e+06 574089
6260 5.79291e+06 758867
6270 6.10924e+06 1.0162e+06
6280 5.50955e+06 402194
6290.12 6.13706e+06 811026
6300 6.02062e+06 582088
6310 5.87534e+06 952391
6320 5.33747e+06 617386
6330 6.01959e+06 787200
6340 5.457e+06 528853
6350 5.64041e+06 605635
6360 5.58992e+06 774860
6370 5.1046e+06 405140
6380 6.17415e+06 638483
6390 6.46267e+06 612070
6400 5.17776e+06 368248
6410 5.59095e+06 702529
6420 5.20558e+06 549958
6430 5.51882e+06 988970
6440 4.97477e+06 331914
6450 5.41475e+06 382598
6460 4.94592e+06 320807
6470 5.2674e+06 694693
6480 5.41063e+06 599090
6490 5.76302e+06 450110
6500 5.13139e+06 431158
6510 5.39723e+06 540452
6520 5.66101e+06 491551
6530 5.2911e+06 655421
6540 5.04071e+06 938842
6550 5.13036e+06 662030
6560 5.46215e+06 604793
6570 5.74242e+06 796782
6580 5.85576e+06 474004
6590 6.04123e+06 444002
6600 6.16591e+06 517398
6610 5.85164e+06 576684
6620 5.34159e+06 497706
6630 6.39775e+06 839175
6640 5.39929e+06 591511
6650 6.18755e+06 573530
6660 5.56931e+06 877616
6670 6.2741e+06 821487
6680 5.53118e+06 543301
6690 5.16539e+06 832513
6700 5.21176e+06 721011
6710 5.45494e+06 756998
6720 5.40857e+06 848729
6730 5.77127e+06 474933
6740 5.89594e+06 891321
6750 5.31583e+06 729097
6760 5.57549e+06 670565
6770 5.4436e+06 567856
6780 5.58579e+06 579693
6790 5.57652e+06 453306
6800 4.36271e+06 356190
6810 5.09842e+06 480872
6820 5.45802e+06 671545
6830 5.02114e+06 1.07672e+06
6840 5.38462e+06 423579
6850 5.42014e+06 843615
6860 5.08708e+06 760377
6870 5.73108e+06 715116
6880 5.22309e+06 596360
6890 5.34983e+06 1.22948e+06
6900 4.96034e+06 514046
6910 5.43948e+06 762623
6920 5.12521e+06 575025
6930 5.32304e+06 1.15295e+06
6940 6.04226e+06 682221
6950 5.0912e+06 743795
6960.12 5.04380e+06 767313
6970 4.70892e+06 752711
6980 5.37353e+06 564265
6990 6.0773e+06 713967
7000 6.02578e+06 842451
7010 5.67853e+06 508875
7020 5.38384e+06 565810
7030 6.32871e+06 643086
7040 5.68265e+06 399623
7050 5.91449e+06 801822
7060 5.66307e+06 722566
7070 5.11181e+06 422513
7080 4.85318e+06 527806
7090 4.51109e+06 488818
7100 5.48276e+06 432720
7110 5.52603e+06 515767
7120 5.26225e+06 531424
7130 5.25916e+06 833312
7140 5.31995e+06 496073
7150 5.30347e+06 796020
7160 6.04123e+06 871030
7170 5.89182e+06 666032
7180 5.64144e+06 374300
7190.12 5.68059e+06 650337
7200 5.50027e+06 685345
7210 5.86194e+06 584738
7220 5.45596e+06 588080
7230 5.57549e+06 670984
7240 5.83721e+06 583074
7250 5.46833e+06 533655
7260 6.21125e+06 702145
7270 5.79188e+06 659372
7280 5.44051e+06 639693
7290 5.33335e+06 646065
7300 5.65483e+06 514952
7310 5.58374e+06 1.12377e+06
7320 5.7012e+06 509985
7330.5 5.49924e+06 907059
7340 4.15663e+06 220625
7350 4.47812e+06 670988
7360 4.27719e+06 310205
7370 4.94901e+06 500804
7380 5.22619e+06 513813
7390 5.2334e+06 453424
7400 5.34262e+06 377884
7410 5.16127e+06 583453
7420 5.0809e+06 731131
7430 5.67441e+06 932060
7440 5.48997e+06 661494
7450 5.6198e+06 719125
7460 5.87534e+06 774012
7470 5.56313e+06 741094
7480 5.55385e+06 743895
7490 5.17054e+06 688105
7500 5.17158e+06 725407
7510 5.9351e+06 719640
7520 4.77281e+06 548308
7530 5.01805e+06 786786
7540 5.46215e+06 626210
7550 6.43484e+06 610964
7560 5.58579e+06 685672
7570 5.7486e+06 494513
7580 5.52397e+06 705065
7590 5.45390e+06 1.00518e+06
7600 5.83721e+06 558168
7610 6.41115e+06 1.22453e+06
7620 5.52912e+06 640415
7630 5.80733e+06 1.03713e+06
7640 5.52397e+06 499523
7650 5.34983e+06 803625
7660 5.78466e+06 828567
7670 5.58682e+06 643682
7680 4.57704e+06 481047
7690 5.57446e+06 721975
7700 5.46936e+06 336510
7710 4.96859e+06 544591
7720 5.20455e+06 686572
7730 5.82073e+06 945753
7740 6.38642e+06 1.12211e+06
7750 5.23237e+06 1.22831e+06
7760 4.85318e+06 673443
7770 5.6198e+06 477954
7780 5.32098e+06 701561
7790 5.38178e+06 751717
7800 5.80733e+06 790896
7810.12 5.63113e+06 775220
7820 5.41372e+06 737714
7830 5.63732e+06 639040
7840 5.58064e+06 542543
7850 5.10254e+06 860416
7860 4.85318e+06 760046
7870 5.43124e+06 607916
7880 5.30656e+06 544453
7890 5.17879e+06 645358
7900 5.39929e+06 832028
7910 4.77384e+06 598341
7920 5.40754e+06 233962
7930 5.08399e+06 488298
7940 5.46009e+06 540718
7950 5.87328e+06 511563
7960 4.82639e+06 736881
7970 5.71253e+06 1.39167e+06
7980 6.97271e+06 1.40431e+06
7990 5.25504e+06 452131
8000 4.881e+06 609357
8010 5.68471e+06 1.23083e+06
8020 5.77436e+06 861388
8030 5.33541e+06 485113
8040 5.61362e+06 526985
8050 6.1824e+06 445676
8060 6.4874e+06 742143
8070 5.2437e+06 342649
8080 5.43845e+06 882681
8090 5.24679e+06 601281
8100 5.04999e+06 630577
8110 4.89749e+06 1.15413e+06
8120 6.14221e+06 918791
8130 6.30089e+06 755431
8140 6.20301e+06 687869
8150 5.12624e+06 328817
8160 4.21433e+06 975776
8170 5.30552e+06 786650
8180.12 5.22516e+06 680940
8190 4.92737e+06 693694
8200 5.9588e+06 528409
8210 6.05154e+06 305636
8220 5.6435e+06 1.02837e+06
8230 5.42402e+06 409182
8240 4.99538e+06 321960
8250 5.79909e+06 956628
8260 5.32716e+06 615713
8270 5.07987e+06 497961
8280 5.55900e+06 414759
8290 5.38074e+06 623055
8300 5.55385e+06 866625
8310 5.34777e+06 355067
8320 5.53324e+06 717284
8330 5.36014e+06 534517
8340 5.56931e+06 485319
8350 5.87328e+06 707748
8360 6.25349e+06 427242
8370 5.24473e+06 925935
8380 6.05669e+06 494048
8390 6.2267e+06 1.57106e+06
8400 5.66514e+06 989215
8410 5.55488e+06 776454
8420 6.08863e+06 678021
8430 6.30914e+06 572576
8440 6.35035e+06 419081
8450 6.37817e+06 817236
8460 5.11181e+06 668250
8470 5.08296e+06 288482
8480 5.90419e+06 1.01745e+06
8490 6.3586e+06 760731
8500 5.2437e+06 514244
8510 4.2844e+06 764571
8520 5.14376e+06 503700
8530 5.45906e+06 594108
8540 5.29316e+06 432565
8550 5.01598e+06 904418
8560 5.59816e+06 730196
8570 5.3148e+06 376048
8580 5.57858e+06 446052
8590 4.63783e+06 384194
8600 5.59095e+06 1.28387e+06
8610 5.60331e+06 456921
8620 4.73262e+06 476670
8630 5.47451e+06 726463
8640 5.33335e+06 931791
8650 5.23855e+06 775031
8660 5.16642e+06 398911
8670 5.68883e+06 793062
8680 5.44875e+06 817706
8690 5.06441e+06 474789
8700 4.82227e+06 747533
8710 5.1623e+06 536890
8720 4.84391e+06 467450
8730 5.13963e+06 595396
8740 4.95004e+06 524669
8750 5.21485e+06 563255
8760 5.92377e+06 953099
8770 5.24061e+06 786710
8780 5.03659e+06 721647
8790 5.27358e+06 517014
8800 5.97426e+06 698996
8810 5.92789e+06 416342
8820 5.1757e+06 1.10409e+06
8830 5.90625e+06 620412
8840 5.11593e+06 829582
8850 5.31995e+06 707365
8860 5.52088e+06 387380
8870 4.9284e+06 568625
8880.12 5.62289e+06 866230
8890 5.62598e+06 773545
8900 5.61258e+06 1.18338e+06
8910 6.33284e+06 902410
8920 6.35138e+06 940618
8930 5.7826e+06 631566
8940 5.82794e+06 463874
8950 5.87431e+06 551404
8960 5.15509e+06 251506
8970 6.13191e+06 1.03856e+06
8980 5.54664e+06 643175
8990 5.46627e+06 478677
9000 5.32716e+06 1.44732e+06
9010 5.37662e+06 944764
9020 5.00671e+06 532451
9030 5.56416e+06 419177
9040 5.39517e+06 1.02022e+06
9050 4.576e+06 462608
9060.12 5.00259e+06 700284
9070 5.07369e+06 806955
9080 4.74808e+06 424390
9090 5.46421e+06 576520
9100 5.94025e+06 629218
9110 5.52397e+06 578313
9120 4.84906e+06 285422
9130 5.48482e+06 836299
9140 5.49512e+06 775502
9150 5.48584e+06 785768
9160 5.93819e+06 607763
9170 5.70738e+06 423402
9180 5.864e+06 818527
9190 5.58270e+06 508211
9200 5.59507e+06 737697
9210 5.97323e+06 425529
9220 6.30501e+06 733351
9230 5.93922e+06 945674
9240 5.76096e+06 1.07058e+06
9250 4.82124e+06 543585
9260 4.74499e+06 239616
9270 5.23958e+06 596782
9280 5.40651e+06 464068
9290 5.10357e+06 651516
9300 5.26534e+06 310213
9310 4.8367e+06 516225
9320 5.87328e+06 362243
9330 5.28698e+06 567854
9340 4.83154e+06 656842
9350 5.75478e+06 467121
9360 5.77951e+06 614303
9370 6.00414e+06 594095
9380 6.01547e+06 785252
9390 5.31583e+06 904640
9400 4.80063e+06 703002
9410 5.22000e+06 618722
9420 5.2437e+06 774792
9430 5.32613e+06 484339
9440 5.30244e+06 257772
9450 5.75478e+06 688914
9460 5.77745e+06 588235
9470.25 5.51882e+06 446360
9480 4.68523e+06 402788
9490 4.42041e+06 459710
9500 4.86245e+06 475444
9510 5.0438e+06 250954
9520 5.13551e+06 374037
9530 4.61825e+06 409671
9540 5.1623e+06 1.1014e+06
9550 5.67441e+06 322187
9560 5.38178e+06 855015
9570 5.98559e+06 760789
9580 5.23443e+06 436002
9590 5.70326e+06 626540
9600 6.135e+06 624067
9610 5.11181e+06 984800
9620 5.60125e+06 860341
9630 6.43691e+06 1.14899e+06
9640 5.6672e+06 321947
9650 4.82948e+06 1.01341e+06
9660 4.25246e+06 567432
9670 5.69605e+06 755617
9680 5.2437e+06 560689
9690 5.48482e+06 502595
9700 5.51161e+06 726790
9710 5.82279e+06 974189
9720 5.85164e+06 882860
9730 5.57755e+06 771093
9740 5.58373e+06 1.01373e+06
9750 5.62804e+06 505229
9760 5.95365e+06 536233
9770 4.71923e+06 610802
9780 4.2741e+06 480909
9790 5.34159e+06 517917
9800 5.18394e+06 431678
9810 5.42299e+06 378353
9820 5.23958e+06 548082
9830 5.30965e+06 753541
9840 5.97838e+06 1.24409e+06
9850 6.35035e+06 1.01754e+06
9860 5.82073e+06 584417
9870 5.48585e+06 740038
9880 5.2334e+06 764671
9890 5.1726e+06 271967
9900 5.71254e+06 477681
9910 6.38332e+06 1.07031e+06
9920 6.1216e+06 706923
9930 5.95365e+06 737884
9940.12 6.00414e+06 909046
9950 5.55282e+06 441444
9960 5.75272e+06 663456
9970 6.19992e+06 833020
9980 6.26174e+06 565427
9990 5.76818e+06 1.26681e+06
10000 5.77127e+06 1.28347e+06
10010 5.69708e+06 1.02049e+06
10020 5.79084e+06 694580
10030 6.00414e+06 506577
10040 5.85679e+06 775351
10050 5.525e+06 950047
10060 5.82176e+06 1.27852e+06
10070 5.69296e+06 843658
10080 5.51882e+06 744973
10090 5.24473e+06 564546
10100 4.91604e+06 655828
10110 5.5621e+06 1.05412e+06
10120 5.09739e+06 748567
10130 5.34674e+06 703849
10140 5.43433e+06 560372
10150 5.90831e+06 932923
10160 5.45493e+06 660662
10170 5.49615e+06 469929
10180 5.03247e+06 599066
10190 4.90367e+06 491570
10200 4.08862e+06 294622
10210 6.19064e+06 792004
10220 5.6909e+06 548955
10230 5.50955e+06 464407
10240 5.8434e+06 616349
10250 5.5621e+06 520418
10260 5.67956e+06 409083
10270 5.65689e+06 331929
10280 5.15097e+06 577128
10290 5.16127e+06 559289
10300 5.48894e+06 643436
10310 5.58683e+06 813179
10320 5.12624e+06 265841
10330 5.62598e+06 555981
10340 4.9181e+06 448577
10350 5.97735e+06 679462
10360 4.63164e+06 722408
10370 5.97735e+06 953090
10380 5.31892e+06 481901
10390 5.71563e+06 767120
10400 5.03865e+06 336093
10410 5.47657e+06 844084
10420 5.66823e+06 369240
10430 6.09893e+06 742482
10440 4.77796e+06 482169
10450 5.49409e+06 899886
10460 4.92016e+06 465254
10470 5.26534e+06 507445
10480 5.89182e+06 756911
10490 5.73417e+06 898177
10500 5.8671e+06 898540
10510 6.05257e+06 557138
10520 5.94849e+06 586387
10530 4.84906e+06 706470
10540 5.37353e+06 495526
10550 5.76096e+06 372901
10560 5.61052e+06 696931
10570 6.74294e+06 748140
10580 6.42454e+06 389802
10590 5.36323e+06 1.0909e+06
10600 4.97786e+06 461896
10610 5.76921e+06 560633
10620 5.18291e+06 370115
10630 5.55591e+06 693881
10640 5.36838e+06 417331
10650 4.85524e+06 490810
10660 5.36735e+06 607924
10670 5.67029e+06 995385
10680 5.87328e+06 897922
10690 5.71666e+06 509393
10700 5.29419e+06 947189
10710 5.44566e+06 490793
10720 5.39826e+06 532376
10730 6.05051e+06 649814
10740 5.63732e+06 624685
10750 5.90728e+06 655412
10760 5.76405e+06 770827
10770 5.99383e+06 857311
10780 5.76302e+06 957974
10790 4.9861e+06 705678
10800 5.0706e+06 613772
10810 5.19424e+06 471550
10820 5.41372e+06 476704
10830 5.58476e+06 536693
10840 6.19888e+06 873937
10850 5.76509e+06 500829
10860.1 4.34004e+06 401054
10870 5.27255e+06 421084
10880 5.68265e+06 682109
10890 6.19682e+06 828062
10900 6.71408e+06 888170
10910 5.93407e+06 731136
10920 5.80939e+06 513660
10930 5.70635e+06 672310
10940 4.12881e+06 462808
10950 4.57703e+06 367657
10960 3.64452e+06 679471
10970 3.88872e+06 495576
10980 3.97322e+06 591669
10990 4.09996e+06 776495
11000 5.48172e+06 979052
11010 5.6301e+06 984781
11020 6.14324e+06 709353
11030 5.64659e+06 919059
11040 5.90728e+06 440409
11050 6.11233e+06 434111
11060 6.46060e+06 967764
11070 5.67647e+06 537101
11080 5.86297e+06 775085
11090 5.46936e+06 597993
11100 5.36117e+06 736173
11110 5.51367e+06 665020
11120 5.83618e+06 608470
11130 5.25092e+06 263367
11140 5.04586e+06 983844
11150 5.31274e+06 653124
11160 5.24061e+06 587208
11170 5.53222e+06 775321
11180 4.67492e+06 348788
11190 4.23185e+06 507639
11200 5.13139e+06 560322
11210.5 4.66668e+06 457939
11220 4.52448e+06 512540
11230 5.28183e+06 544172
11240 5.78775e+06 615178
11250 5.2808e+06 625870
11260 4.91191e+06 866003
11270 4.68729e+06 267646
11280 5.61568e+06 539456
11290.1 4.62752e+06 474636
11300 5.49821e+06 403885
11310 5.99692e+06 763659
11320 5.56519e+06 727683
11330 4.72335e+06 322816
11340 5.76818e+06 399792
11350 6.02166e+06 694430
11360 4.54612e+06 619830
11370 4.73469e+06 247459
11380 5.58476e+06 693859
11390 5.89698e+06 1.16999e+06
11400 6.45751e+06 739978
11410 5.79497e+06 716287
11420 5.37353e+06 524840
11430 5.23134e+06 546698
11440 5.29419e+06 816456
11450 5.42299e+06 663788
11460 6.02578e+06 598019
11470 5.96292e+06 1.06224e+06
11480 5.27256e+06 565315
11490 5.10151e+06 705950
11500 5.28801e+06 625964
11510 5.17157e+06 483208
11520 6.13809e+06 705367
11530 6.07936e+06 429609
11540 6.48224e+06 553370
11550 5.68574e+06 426844
11560 5.63113e+06 582584
11570 6.52655e+06 593312
11580 5.85164e+06 739969
11590 5.54046e+06 553572
11600 6.21125e+06 929941
11610 6.3215e+06 695599
11620 6.68111e+06 947392
11630 6.02578e+06 1.72557e+06
11640 5.21382e+06 548357
11650 4.93252e+06 755651
11660 4.37611e+06 440542
11670 5.0335e+06 515332
11680 4.63474e+06 435777
11690 4.98301e+06 504925
11700 5.92171e+06 1.19308e+06
11710 5.36941e+06 737352
11720 6.01032e+06 607816
11730 5.40857e+06 662712
11740.2 4.22464e+06 635912
11750 5.59301e+06 345655
11760 5.68780e+06 716056
11770 6.06493e+06 1.02255e+06
11780 6.30398e+06 781334
11790 5.98765e+06 739282
11800 5.39002e+06 505477
11810 5.02938e+06 576447
11820 5.27874e+06 722127
11830 4.77075e+06 609246
11840 5.12005e+06 247924
11850 5.22825e+06 567193
11860 5.48172e+06 756172
11870 5.47245e+06 665098
11880 6.05566e+06 1.10203e+06
11890 5.78672e+06 770658
11900 5.38178e+06 349448
11910 4.46781e+06 699483
11920 5.53015e+06 819121
11930 5.22722e+06 487224
11940 5.49203e+06 604090
11950 6.15148e+06 420650
11960 6.05772e+06 747902
11970 5.86503e+06 1.14341e+06
11980 5.81145e+06 810939
11990 5.28183e+06 536091
12000 5.6672e+06 613821
12010 5.80218e+06 305077
12020 5.22619e+06 586025
12030 4.9861e+06 361377
12040 5.54355e+06 663013
12050 5.55694e+06 370092
12060 5.84236e+06 660731
12070 5.1757e+06 670271
12080 5.04896e+06 481806
12090 5.04586e+06 558898
12100 5.16642e+06 409412
12110 5.5827e+06 410637
12120 5.66410e+06 790209
12130 6.93665e+06 933128
12140 6.48327e+06 706325
12150 6.05772e+06 805082
12160 5.44875e+06 864853
12170 5.41372e+06 679032
12180 5.20352e+06 1.01799e+06
12190 5.20249e+06 301844
12200 5.7723e+06 667713
12210 4.98919e+06 831587
12220 5.66926e+06 699642
12230 6.56261e+06 1.37264e+06
12240 6.26998e+06 567579
12250 6.35344e+06 607587
12260 5.34262e+06 1.02518e+06
12270 5.53428e+06 471901
12280 5.86503e+06 1.2196e+06
12290 6.6976e+06 1.01521e+06
12300 6.39054e+06 640511
12310 5.88461e+06 468322
12320 5.63422e+06 503800
12330 5.55179e+06 714424
12340 6.0299e+06 392394
12350 5.89079e+06 728060
12360 5.3045e+06 479319
12370 5.73211e+06 711906
12380 6.25968e+06 756126
12390 4.86142e+06 635695
12400 5.02423e+06 767447
12410 5.56828e+06 621057
12420 5.35499e+06 758882
12430 5.32407e+06 505545
12440 4.8099e+06 670493
12450 5.457e+06 428846
12460 5.58167e+06 592337
12470 6.02372e+06 782365
12480 5.28698e+06 938155
12490 5.67853e+06 855776
12500 6.58425e+06 833662
12510 6.7553e+06 905920
12520 5.75272e+06 240944
12530 5.80218e+06 733640
12540 5.7115e+06 515417
12550 4.94901e+06 773082
12560 5.7249e+06 505602
12570 4.86658e+06 654377
12580 5.44875e+06 551810
12590 5.24988e+06 534478
12600 4.69965e+06 471134
12610 5.457e+06 423291
12620 4.9655e+06 501046
12630 5.19527e+06 891295
12640 5.21176e+06 620499
12650 5.71666e+06 505104
12660 6.11954e+06 758848
12670 4.86142e+06 281111
12680 5.69399e+06 947920
12690 5.93613e+06 933162
12700 7.00568e+06 598366
12710 5.81042e+06 559691
12720 5.64865e+06 385988
12730 5.86916e+06 622075
12740 6.3586e+06 660085
12750 5.76715e+06 498928
12760 5.90213e+06 802647
12770 5.04793e+06 388494
12780 4.97065e+06 865703
12790 3.94437e+06 464567
12800 3.32922e+06 286760
12810 5.55282e+06 438476
12820 6.11645e+06 970860
12830 5.05926e+06 687300
12840 4.32871e+06 463791
12850 5.09945e+06 781622
12860 4.31531e+06 651300
12870 5.27152e+06 678626
12880 5.9011e+06 751896
12890 5.16539e+06 820980
12900 5.62701e+06 301321
12910 5.85679e+06 477394
12920 4.50181e+06 530246
12930 5.41372e+06 507316
12940 6.19888e+06 808368
12950 6.09584e+06 478610
12960 5.65483e+06 744163
12970 5.91449e+06 1.27409e+06
12980 5.95674e+06 927820
12990 5.796e+06 688809
13000 5.6909e+06 646073
13010 5.51985e+06 610065
13020 5.37044e+06 608811
13030 5.38487e+06 711756
13040 5.51264e+06 601983
13050 5.40238e+06 545014
13060 5.17054e+06 993681
13070 5.45494e+06 793306
13080 5.01083e+06 1.03326e+06
13090 5.06544e+06 1.17639e+06
13100 6.2741e+06 561174
13110 5.43639e+06 527104
13120 5.31068e+06 526589
13130 5.98971e+06 571232
13140 5.68780e+06 377095
13150 4.32871e+06 331563
13160 5.5827e+06 969488
13170 5.12727e+06 583385
13180 6.11027e+06 775962
13190 5.29831e+06 571187
13200 5.34365e+06 672654
13210 5.61568e+06 832663
13220 5.14994e+06 532007
13230 4.90161e+06 856434
13240 6.30810e+06 671215
13250 5.864e+06 578114
13260 4.56158e+06 528180
13270 4.85318e+06 585905
13280 6.13809e+06 794152
13290 5.6909e+06 678207
13300 5.44051e+06 576317
13310 5.24782e+06 450442
13320 5.27564e+06 510613
13330 5.20764e+06 724738
13340 4.95725e+06 480388
13350 6.11233e+06 939754
13360 5.91037e+06 638615
13370 4.97889e+06 602526
13380 5.11181e+06 574457
13390 5.17054e+06 394431
13400 6.02372e+06 353124
13410 5.94025e+06 630251
13420 5.74036e+06 424179
13430 6.21125e+06 796472
13440 5.34056e+06 1.50458e+06
13450 5.83103e+06 768796
13460 6.35344e+06 590499
13470 5.7146e+06 690353
13480 4.83669e+06 727605
13490 5.7146e+06 909713
13500 5.16642e+06 429416
13510 5.68368e+06 822480
13520 5.56725e+06 665876
13530 5.81042e+06 415451
13540 4.84185e+06 470325
13550 4.09996e+06 464380
13560 4.96756e+06 548188
13570 5.44875e+06 476341
13580 5.28492e+06 456706
13590 5.30965e+06 434236
13600 5.18909e+06 677508
13610 5.34262e+06 525614
13620 5.59919e+06 858184
13630 6.04535e+06 796257
13640 5.38280e+06 569210
13650 6.4369e+06 324828
13660 6.07626e+06 586871
13670 6.20094e+06 1.11936e+06
13680 5.36529e+06 795641
13690 5.5621e+06 900541
13700 6.0639e+06 640972
13710 5.87637e+06 509546
13720 5.71459e+06 429754
13730 5.76405e+06 786826
13740 5.5858e+06 446424
13750 5.75684e+06 826173
13760 5.87946e+06 564377
13770 5.7826e+06 1.45926e+06
13780 5.46936e+06 454247
13790.1 6.07008e+06 874568
13800 5.62907e+06 696810
13810 6.55128e+06 845423
13820 6.15561e+06 1.16065e+06
13830 5.61053e+06 1.03966e+06
13840 5.21382e+06 498100
13850 5.38281e+06 624359
13860 5.63525e+06 891703
13870 5.37559e+06 558896
13880 5.67647e+06 711909
13890 5.9825e+06 755631
13900 5.55798e+06 656563
13910 5.12212e+06 698305
13920 5.54664e+06 661766
13930 5.64865e+06 682129
13940 6.04844e+06 904650
13950 5.27564e+06 524173
13960 4.54097e+06 742160
13970 4.29574e+06 448143
13980 5.25607e+06 784251
13990 5.41784e+06 615819
14000 5.83e+06 690263
14010.1 5.57652e+06 645858
14020 4.97168e+06 523858
14030 5.03453e+06 568717
14040 4.8336e+06 655512
14050 3.16848e+06 365332
14060 3.94437e+06 368812
14070 4.33283e+06 515085
14080 3.88151e+06 564148
14090 4.07626e+06 324329
14100 3.52706e+06 483838
14110 4.0979e+06 371949
14120 3.97425e+06 337699
14130 5.01495e+06 631175
14140 5.37456e+06 472728
14150 5.6064e+06 658874
14160 5.5621e+06 666591
14170 5.06854e+06 589003
14180 4.83669e+06 717234
14190 5.81557e+06 726959
14200 5.36941e+06 650324
14210 5.1994e+06 548265
14220 5.64659e+06 973484
14230 5.37971e+06 746680
14240 5.48585e+06 729916
14250 4.80063e+06 461750
14260 5.91862e+06 534105
14270 5.7146e+06 533549
14280 5.66617e+06 95454.2
14290 5.77024e+06 419331
14300 5.23031e+06 241984
14310 6.14633e+06 258361
14320 5.92377e+06 366086
14330 6.03093e+06 197670
14340 5.54561e+06 495556
14350 6.07318e+06 254947
14360 6.27204e+06 385354
14370 6.59868e+06 394814
14380 6.68729e+06 286506
14390 6.101e+06 619596
14400 5.9722e+06 524903
14410 5.06338e+06 249874
14420 5.40032e+06 786583
14430 5.94334e+06 460617
14440 5.81248e+06 265593
14450 5.75478e+06 358335
14460 6.04432e+06 335619
14470 6.59971e+06 334212
14480 5.83412e+06 462023
14490 5.39723e+06 392467
14500 4.25246e+06 271551
14510 5.18394e+06 754614
14520.1 5.07369e+06 804867
14530 4.93355e+06 459981
14540 5.30244e+06 859084
14550 5.28595e+06 860570
14560 5.24164e+06 680894
14570 5.07369e+06 550529
14580 6.22773e+06 863199
14590 5.54664e+06 994066
14600 5.78672e+06 629385
14610 5.54767e+06 683998
14620 3.91964e+06 785387
14630 4.69038e+06 481630
14640 5.31789e+06 545126
14650 5.29934e+06 507424
14660 3.7929e+06 750872
14670 5.14581e+06 394337
14680 5.28286e+06 677135
14690 5.36735e+06 767306
14700 4.46369e+06 841291
14710 4.98919e+06 604123
14720 4.83154e+06 380002
14730 5.4673e+06 782062
14740 5.40651e+06 1.00457e+06
14750 5.80939e+06 908481
14760 5.50027e+06 811102
14770 5.92995e+06 224093
14780 5.01289e+06 351801
14790 6.29986e+06 601611
14800 5.51779e+06 368595
14810 5.52991e+06 1.18794e+06
14820 5.23673e+06 834596
14830 5.40548e+06 503826
14840 6.1113e+06 890844
14850 5.53015e+06 857655
14860 6.10924e+06 670748
14870 5.79187e+06 489476
14880 6.01753e+06 692462
14890 5.48894e+06 712866
14900 6.4583e+06 921536
14910 5.88692e+06 937037
14920 5.05102e+06 606007
14930 4.59455e+06 663542
14940 5.3622e+06 492199
14950 5.80115e+06 476028
14960 5.79909e+06 748005
14970 6.3689e+06 697070
14980 6.1587e+06 627475
14990 5.24782e+06 1.47335e+06
15000 5.58167e+06 416466
15010 5.49615e+06 935217
15020 5.3251e+06 606746
15030 4.79445e+06 611436
15040 4.91088e+06 362788
15050 4.63062e+06 399196
15060 4.92531e+06 802169
15070 4.25349e+06 590706
15080 4.71511e+06 555870
15090 4.69141e+06 528439
15100 5.83927e+06 551130
15110 4.57188e+06 199243
15120 4.89028e+06 616824
15130 5.48585e+06 1.02241e+06
15140 5.36838e+06 558490
15150 5.18497e+06 779236
15160 5.43433e+06 466708
15170 5.68677e+06 899939
15180 5.76612e+06 575795
15190 4.91707e+06 497613
15200 5.77951e+06 711335
15210 5.87122e+06 493373
15220 6.14427e+06 664067
15230 6.34108e+06 581736
15240 5.42196e+06 738974
15250 5.84855e+06 456783
15260 5.33541e+06 805098
15270 5.57961e+06 825044
15280 5.98868e+06 357598
15290 5.89079e+06 813138
15300 5.37972e+06 353305
15310 5.20455e+06 1.54965e+06
15320 5.30656e+06 520210
15330 5.17466e+06 449004
15340.2 5.42069e+06 298916
15350 5.32844e+06 870935
15360 5.71562e+06 811580
15370 5.16539e+06 554933
15380 5.11799e+06 577836
15390 4.56364e+06 526292
15400 4.99022e+06 555649
15410 4.72026e+06 458017
15420 4.67698e+06 404591
15430 5.5487e+06 600191
15440 5.20455e+06 410037
15450 5.43639e+06 429654
15460 5.01289e+06 583915
15470 5.60537e+06 539052
15480.1 6.16282e+06 872126
15490 5.78363e+06 524826
15500 5.56107e+06 645780
15510 5.67029e+06 617526
15520 4.55436e+06 367574
15530 4.28543e+06 417818
15540 5.10048e+06 922416
15550 4.63577e+06 782922
15560 4.35447e+06 470713
15570 4.96343e+06 588353
15580 5.50749e+06 724764
15590 6.05978e+06 817614
15600 5.92171e+06 712670
15610 5.62289e+06 400650
15620 5.46215e+06 584661
15630 5.60125e+06 543193
15640 5.70532e+06 701719
15650.1 5.70738e+06 954508
15660 5.09842e+06 510582
15670 4.53376e+06 510282
15680 4.94592e+06 792103
15690 4.5657e+06 719638
15700 5.32408e+06 846120
15710 5.17776e+06 667093
15720 5.22309e+06 464313
15730 5.13757e+06 606629
15740 4.81402e+06 434076
15750 5.67441e+06 729623
15760 6.15664e+06 418774
15770 5.92274e+06 477134
15780 4.93664e+06 413796
15790 5.0438e+06 451937
15800 5.65998e+06 1.29161e+06
15810 5.99074e+06 791065
15820 5.27874e+06 802414
15830 5.52294e+06 536760
15840 5.39208e+06 610201
15850 5.28801e+06 636405
15860 5.42299e+06 778533
15870 5.69605e+06 573785
15880 5.41681e+06 505372
15890 4.92119e+06 409815
15900 5.06441e+06 524291
15910 5.28801e+06 520363
15920 6.05978e+06 727767
15930 5.26431e+06 548920
15940 4.80166e+06 253457
15950 5.20764e+06 313708
15960 5.35499e+06 687768
15970 4.68729e+06 390297
15980 4.62134e+06 536707
15990 5.03762e+06 595257
16000 5.20249e+06 632240
16010 5.5384e+06 665474
16020 5.79909e+06 593107
16030 5.09945e+06 577496
16040 4.15457e+06 822218
16050 5.3014e+06 758992
16060 5.46112e+06 579495
16070 5.92274e+06 803008
16080 5.14478e+06 567969
16090 4.96216e+06 454954
16100 4.534e+06 762487
16110 5.81042e+06 619987
16120 5.43948e+06 525001
16130 5.65586e+06 273188
16140 5.1283e+06 451509
16150 6.18652e+06 424952
16160 6.06596e+06 527266
16170 5.51058e+06 925481
16180 5.70017e+06 519855
16190 5.84339e+06 611317
16200 5.59198e+06 448968
16210 5.9928e+06 434282
16220 5.24782e+06 447651
16230 5.35292e+06 398071
16240 5.63422e+06 675620
16250 5.41269e+06 908114
16260 4.78827e+06 435234
16270 5.39002e+06 785974
16280 5.00774e+06 218323
16290 4.85112e+06 1.24652e+06
16300 5.64453e+06 1.05198e+06
16310 5.51676e+06 800797
16320 5.4807e+06 865926
16330 5.4776e+06 471680
16340 4.89337e+06 830910
16350 5.31995e+06 702083
16360 5.36529e+06 989381
16370 4.69965e+06 656187
16380 5.04277e+06 460658
16390 5.43536e+06 859509
16400 5.88461e+06 632565
16410 5.91243e+06 666986
16420 5.76921e+06 963763
16430 5.82176e+06 708979
16440 5.70944e+06 1.01006e+06
16450 5.56931e+06 654050
16460 5.60846e+06 960442
16470 4.78827e+06 356713
16480 4.93561e+06 636895
16490 5.50646e+06 549628
16500 4.26276e+06 400520
16510 5.39105e+06 320757
16520 5.40548e+06 1.50509e+06
16530.1 5.55488e+06 755922
16540 4.85112e+06 591143
16550 4.83979e+06 571006
16560 5.62186e+06 645629
16570 4.88615e+06 598100
16580 4.93458e+06 434330
16590 5.36014e+06 733711
16600 5.44154e+06 670200
16610 5.12109e+06 669313
16620 5.37766e+06 632867
16630 5.67956e+06 677173
16640 5.16024e+06 486373
16650 5.00568e+06 552617
16660 5.47863e+06 786305
16670 5.6301e+06 1.00348e+06
16680 6.16694e+06 466113
16690 5.70017e+06 897313
16700 5.65586e+06 789874
16710 4.64195e+06 446484
16720 5.85782e+06 519961
16730 5.59404e+06 1.13227e+06
16740 5.26122e+06 975636
16750 5.39826e+06 1.25343e+06
16760 5.61259e+06 1.05949e+06
16770 5.4539e+06 1.03273e+06
16780 5.11902e+06 447729
16790 4.78414e+06 178672
16800 5.68883e+06 1.03583e+06
16810 5.26843e+06 552801
16820 5.97323e+06 643334
16830 5.09017e+06 784744
16840 5.35808e+06 360622
16850 4.49563e+06 1.20676e+06
16860 5.40754e+06 279579
16870 4.94283e+06 529019
16880 5.29522e+06 587084
16890 5.89904e+06 818542
16900 5.79703e+06 556645
16910 5.22e+06 497978
16920 5.81454e+06 448504
16930 5.35086e+06 435462
16940 5.48688e+06 753452
16950 5.41475e+06 564776
16960 4.82433e+06 690178
16970 5.66926e+06 857034
16980 5.58992e+06 336111
16990 5.43845e+06 478496
17000 5.27255e+06 269492
17010 4.64195e+06 371525
17020 5.31892e+06 510404
17030 4.64195e+06 878189
17040 4.84803e+06 627536
17050 5.39517e+06 772735
17060 5.24782e+06 691734
17070 5.63113e+06 408983
17080 5.20661e+06 513091
17090 4.49357e+06 675863
17100 5.31377e+06 1.05977e+06
17110 5.21382e+06 548672
17120 4.79033e+06 531126
17130 4.93561e+06 486150
17140 4.93973e+06 673478
17150 5.13551e+06 493960
17160 4.68213e+06 697857
17170 4.53994e+06 452557
17180 5.39517e+06 798228
17190 4.90367e+06 365885
17200 4.87997e+06 730577
17210 4.97065e+06 587351
17220 5.10254e+06 647285
17230 4.19579e+06 881382
17240 4.71717e+06 594414
17250 5.38281e+06 541747
17260 5.66308e+06 555570
17270 5.08502e+06 518029
17280 4.83978e+06 565415
17290 5.36323e+06 420567
17300 5.37456e+06 864782
17310 4.32665e+06 669028
17320 4.91088e+06 599930
17330 5.14375e+06 933358
17340 5.25916e+06 698461
17350 5.04277e+06 365366
17360 5.00568e+06 542440
17370 4.82433e+06 547110
17380 4.23185e+06 523751
17390 4.19579e+06 361560
17400 4.11645e+06 484525
17410 5.21897e+06 1.19771e+06
17420 5.25273e+06 568917
17430 4.62674e+06 603214
17440 5.2571e+06 779541
17450 4.52758e+06 347575
17460 5.5827e+06 541258
17470 5.14994e+06 590174
17480 4.83566e+06 862254
17490 5.29419e+06 499751
17500 5.8277e+06 797640
17510 5.13575e+06 750383
17520 5.07162e+06 491521
17530 5.01083e+06 622172
17540 5.21897e+06 542089
17550 5.34159e+06 552071
17560 4.47399e+06 651605
17570 4.44926e+06 673295
17580 5.03556e+06 457995
17590 5.19012e+06 442768
17600 4.76972e+06 516445
17610 5.26019e+06 509020
17620.1 5.22697e+06 777497
17630 4.82972e+06 612728
17640 4.95416e+06 547921
17650 5.27255e+06 524884
17660 4.88718e+06 941786
17670 4.93355e+06 632637
17680 4.99332e+06 398890
17690 4.73468e+06 534191
17700 4.77384e+06 566460
17710 4.33386e+06 501835
17720 5.25298e+06 461341
17730 5.08811e+06 668576
17740 5.03144e+06 1.04643e+06
17750 5.08708e+06 677697
17760 5.22516e+06 948758
17770 4.99538e+06 841531
17780 5.18703e+06 450205
17790 5.23443e+06 1.20284e+06
17800 5.27358e+06 609627
17810 4.9284e+06 310301
17820 5.08502e+06 422296
17830 5.57343e+06 211227
17840 5.50955e+06 635528
17850 5.92274e+06 849962
17860 5.52706e+06 626654
17870 5.60949e+06 569941
17880 5.46627e+06 858318
17890 6.36787e+06 421342
17900 5.85061e+06 1.20641e+06
17910 5.88255e+06 760241
17920 5.20558e+06 696698
17930 5.59816e+06 1.19975e+06
17940 5.29213e+06 646279
17950 5.66926e+06 675787
17960 5.79497e+06 632340
17970 5.56004e+06 1.00407e+06
17980 5.46421e+06 634757
17990 5.89801e+06 1.09302e+06
18000 5.67441e+06 1.37869e+06
18010 5.35498e+06 442827
18020 5.6095e+06 561745
18030 5.46421e+06 1.45641e+06
18040 4.98198e+06 767718
18050 5.33129e+06 709067
18060 5.16539e+06 687832
18070 5.77642e+06 643977
18080 5.3385e+06 726525
18090 5.02629e+06 632153
18100 5.54252e+06 500730
18110 5.83927e+06 453556
18120 5.76509e+06 605931
18130 6.17106e+06 480383
18140 5.76714e+06 818235
18150 5.34365e+06 625034
18160 5.35808e+06 599337
18170 5.8537e+06 532182
18180 6.39878e+06 683747
18190 5.8434e+06 319286
18200 5.35911e+06 498938
18210 5.30038e+06 898762
18220 4.08965e+06 477316
18230 5.64556e+06 609542
18240 4.88822e+06 351166
18250 5.54355e+06 669841
18260 5.46936e+06 750089
18270 5.08502e+06 506886
18280 5.36632e+06 771374
18290 5.59404e+06 787513
18300 4.97168e+06 880608
18310 5.74035e+06 539893
18320 4.15251e+06 352893
18330 6.48533e+06 768132
18340 5.78363e+06 432954
18350 6.33077e+06 842237
18360 6.41321e+06 637306
18370 4.98919e+06 1.15963e+06
18380 4.91706e+06 475668
18390 5.58992e+06 602477
18400 5.4436e+06 387606
18410 5.26225e+06 807347
18420 5.05514e+06 640242
18430 5.42608e+06 706725
18440 5.59816e+06 504785
18450 5.43639e+06 938419
18460 5.38487e+06 457404
18470 4.68729e+06 763196
18480 5.0572e+06 811942
18490 5.48276e+06 1.12467e+06
18500 5.11078e+06 696208
18510 4.96859e+06 434545
18520 5.11696e+06 1.07084e+06
18530 5.31147e+06 1.22648e+06
18540 4.43714e+06 485130
18550 5.38281e+06 438793
18560 5.51676e+06 720422
18570 5.28801e+06 624769
18580 4.8336e+06 340316
18590 5.37044e+06 1.65254e+06
18600 5.46112e+06 992132
18610 5.50645e+06 1.26885e+06
18620 5.64556e+06 637937
18630 5.53324e+06 774896
18640 5.11387e+06 383536
18650 5.4302e+06 851146
18660 5.39311e+06 1.00859e+06
18670 5.56004e+06 577708
18680 5.5013e+06 674976
18690 5.79084e+06 514487
18700 5.21279e+06 760010
18710 5.69914e+06 707986
18720 5.5013e+06 432204
18730 5.02011e+06 463215
18740 5.14994e+06 344347
18750 4.9861e+06 539814
18760 4.64916e+06 488975
18770 5.48688e+06 896424
18780 5.72696e+06 836203
18790 5.34365e+06 449854
18800 4.89852e+06 543324
18810 4.55849e+06 441014
18820 5.13551e+06 1.05047e+06
18830 5.76405e+06 457031
18840 5.85782e+06 826642
18850 5.62392e+06 444944
18860 4.63577e+06 490063
18870 4.78723e+06 398808
18880 5.48482e+06 401113
18890 5.49718e+06 666435
18900 4.93664e+06 928024
18910 5.52706e+06 714097
18920 5.75581e+06 395448
18930 5.23649e+06 878299
18940 5.61052e+06 1.4222e+06
18950 5.97941e+06 565174
18960 5.57961e+06 1.06069e+06
18970 4.96137e+06 712372
18980 5.59507e+06 224267
18990 5.94025e+06 702132
19000 5.4776e+06 342055
19010 5.13139e+06 397769
19020 5.61259e+06 887136
19030 5.3385e+06 402138
19040 5.50748e+06 650006
19050 6.19373e+06 1.47195e+06
19060 5.43433e+06 1.02601e+06
19070 5.41269e+06 706482
19080 5.53118e+06 353308
19090 5.35086e+06 979100
19100 5.37559e+06 544331
19110 5.43124e+06 851075
19120 5.3622e+06 566267
19130 5.152e+06 321525
19140 4.95519e+06 364481
19150 5.46524e+06 598616
19160 5.28801e+06 713215
19170 4.68008e+06 574754
19180 5.57137e+06 545741
19190 5.0912e+06 671071
19200 4.38847e+06 506467
19210 5.26225e+06 564255
19220 5.11387e+06 902420
19230 5.5961e+06 663984
19240 5.26843e+06 502308
19250 4.92943e+06 508783
19260 5.11902e+06 700593
19270 4.44308e+06 627010
19280 5.07472e+06 520059
19290 5.48379e+06 467978
19300 5.02114e+06 474900
19310 5.30037e+06 659275
19320 5.15612e+06 1.1572e+06
19330 5.37044e+06 621359
19340 5.21073e+06 557212
19350 5.17363e+06 449526
19360 5.61156e+06 794865
19370 5.55488e+06 870548
19380 5.15406e+06 814222
19390 5.34777e+06 856862
19400 5.40857e+06 829885
19410 5.79290e+06 720070
19420 4.83772e+06 490383
19430 5.1386e+06 565238
19440 5.27564e+06 563744
19450 5.62907e+06 871684
19460 5.43124e+06 1.09002e+06
19470 4.80578e+06 480925
19480 5.03247e+06 523864
19490 5.491e+06 500203
19500 5.61052e+06 397534
19510 5.55488e+06 465967
19520 5.10563e+06 811377
19530 4.98404e+06 464851
19540 5.47657e+06 452058
19550 5.24164e+06 692641
19560 5.21794e+06 1.39337e+06
19570 4.93458e+06 708610
19580 5.31789e+06 336480
19590 4.87379e+06 325051
19600 4.52964e+06 733184
19610 4.71511e+06 529413
19620 5.45494e+06 751785
19630 5.6538e+06 656601
19640 5.36941e+06 767416
19650 4.7419e+06 330875
19660 5.46421e+06 768318
19670 5.32407e+06 687136
19680 5.20661e+06 569978
19690 4.9861e+06 630714
19700 5.00156e+06 494847
19710 4.94695e+06 612471
19720 5.31995e+06 599681
19730 5.30346e+06 936939
19740 5.1046e+06 810857
19750 5.17776e+06 559376
19760 5.20042e+06 438685
19770 6.01547e+06 705307
19780 5.94644e+06 1.00729e+06
19790 4.9047e+06 812652
19800 5.28904e+06 231924
19810 5.09223e+06 792361
19820 4.95416e+06 917744
19830 4.80887e+06 659434
19840 5.06854e+06 605583
19850 4.91294e+06 543299
19860 4.69656e+06 490771
19870 5.40135e+06 317818
19880 5.67029e+06 914342
19890 6.33902e+06 500151
19900 5.74138e+06 289991
19910 5.45081e+06 1.43667e+06
19920 5.37972e+06 967467
19930 4.53067e+06 1.07568e+06
19940 5.25298e+06 1.10589e+06
19950 5.39826e+06 740301
19960 5.25401e+06 419606
19970 5.06029e+06 446769
19980 5.53324e+06 443947
19990 4.64092e+06 884833
20000 5.36014e+06 593390
20010 4.63062e+06 526809
20020 5.26637e+06 811774
20030 5.90625e+06 731469
20040 5.12933e+06 384398
20050 5.2437e+06 417375
20060 5.42814e+06 563121
20070 5.41063e+06 454047
20080 5.28389e+06 1.31569e+06
20090 5.4333e+06 497911
20100 4.20506e+06 338898
20110 5.05205e+06 824726
20120 5.48791e+06 778717
20130 4.68626e+06 481967
20140 4.78312e+06 922756
20150 4.79548e+06 660048
20160 5.14375e+06 510409
20170 5.42608e+06 368724
20180 5.38796e+06 594881
20190 5.46215e+06 729535
20200 5.04896e+06 677872
20210 5.32201e+06 673350
20220 5.18703e+06 455245
20230 5.89698e+06 704534
20240 5.6064e+06 871926
20250 5.23649e+06 539800
20260 5.87225e+06 870772
20270 5.31068e+06 465176
20280 5.99462e+06 343989
20290.2 5.45518e+06 635177
20300 5.25401e+06 533247
20310 5.05102e+06 558894
20320 4.64092e+06 672731
20330 5.04484e+06 568438
20340 4.95725e+06 371870
20350 4.60485e+06 370290
20360 4.74087e+06 386773
20370 4.9655e+06 782302
20380 4.74705e+06 576896
20390 4.847e+06 810639
20400 5.65792e+06 689769
20410 5.75272e+06 579232
20420 5.32407e+06 832063
20430 5.74139e+06 803493
20440 5.22516e+06 822696
20450 5.56519e+06 666433
20460 6.07627e+06 1.27006e+06
20470 5.34777e+06 413104
20480 5.5961e+06 764120
20490 5.61568e+06 649598
20500 5.7115e+06 767426
20510 5.69296e+06 658266
20520 5.91862e+06 626243
20530 5.31068e+06 366144
20540 5.80218e+06 813311
20550 6.09172e+06 796050
20560 5.56107e+06 354993
20570 4.56879e+06 433679
20580 5.27358e+06 320853
20590 5.57343e+06 855387
20600.2 5.50027e+06 744927
20610 3.99486e+06 486353
20620 5.18188e+06 743590
20630 5.20455e+06 655265
20640 5.03041e+06 651848
20650 5.05205e+06 819963
20660 5.10666e+06 513850
20670 4.6842e+06 469999
20680 4.83669e+06 596538
20690 4.7759e+06 728259
20700 5.09945e+06 696151
20710 5.37868e+06 366159
20720 5.11799e+06 712977
20730 5.6909e+06 676566
20740 5.34365e+06 524395
20750 5.35911e+06 547100
20760.1 4.92634e+06 644299
20770 5.69296e+06 453109
20780.6 5.36426e+06 581485
20790 4.45132e+06 364590
20800 5.19115e+06 456795
20810 4.97168e+06 485045
20820 5.29831e+06 738434
20830 4.99332e+06 802692
20840 5.2808e+06 1.37003e+06
20850 5.19424e+06 385739
20860 4.62752e+06 598894
20870 4.93767e+06 529624
20880 4.6471e+06 286980
20890 4.81712e+06 529441
20900 4.92428e+06 435902
20910 5.12315e+06 834457
20920 4.87585e+06 653948
20930 4.28852e+06 489015
20940 4.83979e+06 264206
20950 4.72129e+06 487597
20960 5.12108e+06 506902
20970 5.13963e+06 826232
20980 4.59764e+06 453546
20990 5.62701e+06 479134
21000 5.45184e+06 539985
21010 5.457e+06 543245
21020 5.22103e+06 717593
21030 5.58889e+06 632102
21040 5.50439e+06 894461
21050 4.98919e+06 530780
21060 5.26328e+06 396331
21070 5.34674e+06 537878
21080 5.46936e+06 969415
21090 5.32922e+06 686904
21100 4.89646e+06 760971
21110 5.77642e+06 530405
21120 5.18085e+06 703405
21130 5.44463e+06 1.01415e+06
21140 6.12264e+06 811777
21150 5.71048e+06 753285
21160 5.69193e+06 467214
21170 5.19734e+06 567544
21180 5.44257e+06 587599
21190 5.76612e+06 647233
21200 4.46781e+06 317424
21210 5.29522e+06 509264
21220 4.55230e+06 597120
21230 4.84185e+06 809871
21240 5.0572e+06 545053
21250 5.08605e+06 796780
21260 4.87173e+06 602112
21270 4.62031e+06 850269
21280 5.01186e+06 422358
21290 5.2097e+06 692536
21300 5.21794e+06 811340
21310 5.12727e+06 583452
21320 5.54561e+06 719045
21330 5.34056e+06 723290
21340 5.56931e+06 543801
21350 5.3385e+06 559923
21360 5.31789e+06 680343
21370 5.37765e+06 788995
21380 5.46318e+06 720940
21390 5.86194e+06 902521
21400 5.7115e+06 498953
21410 5.74551e+06 926732
21420 5.2231e+06 673216
21430 6.65432e+06 1.17833e+06
21440 4.64195e+06 502843
21450 5.44566e+06 762664
21460 5.51676e+06 389115
21470.1 5.45802e+06 617127
21480 4.96653e+06 473319
21490 5.37869e+06 411464
21500 5.07781e+06 715372
21510 5.10666e+06 514940
21520 5.99589e+06 625355
21530 5.92171e+06 490795
21540 5.83515e+06 644991
21550 5.58579e+06 675067
21560 5.2571e+06 570928
21570 5.24061e+06 541135
21580 5.26843e+06 548439
21590 5.23649e+06 853157
