# TimeStamp(s) Sum Stdev
0 4.54355e+07 8.22499e+06
10 3.53231e+07 3.74731e+06
20 3.1388e+07 4.16749e+06
30 2.98105e+07 4.39633e+06
40 3.21536e+07 1.78378e+06
50 3.4275e+07 3.53722e+06
60.25 3.27863e+07 4.2578e+06
70 3.36467e+07 4.06394e+06
80 3.21518e+07 4.16308e+06
90 3.26142e+07 1.22606e+07
100 3.55478e+07 1.18503e+07
110 3.41918e+07 3.62944e+06
120 3.33888e+07 5.75269e+06
130 3.50555e+07 4.9944e+06
140 3.59249e+07 6.67452e+06
150 3.53386e+07 5.40682e+06
160 3.55859e+07 3.71273e+06
170 3.58693e+07 2.75609e+06
180 3.56642e+07 3.39996e+06
190 3.2505e+07 1.1365e+06
200 3.1453e+07 7.10482e+06
210 3.56683e+07 1.04726e+07
220 3.75354e+07 9.70849e+06
230 3.53726e+07 3.32694e+06
240 3.45596e+07 1.88214e+06
250 3.50068e+07 5.14942e+06
260 3.5692e+07 5.77347e+06
270 3.7217e+07 7.74413e+06
280 3.54396e+07 3.97773e+06
290 3.38157e+07 3.55809e+06
300 3.28965e+07 4.23921e+06
310 3.49007e+07 3.05619e+06
320 3.58785e+07 8.64829e+06
330 3.64679e+07 7.81532e+06
340 3.45452e+07 2.62837e+06
350 3.22917e+07 4.23047e+06
360 2.98445e+07 3.60795e+06
370 3.00908e+07 5.01089e+06
380 3.19414e+07 6.19493e+06
390 2.89068e+07 4.92571e+06
400 3.09367e+07 3.63245e+06
410 2.82824e+07 3.64863e+06
420 3.3115e+07 3.54537e+06
430 3.54702e+07 4.46787e+06
440 3.54439e+07 2.43328e+06
450 3.33664e+07 4.63959e+06
460 3.3319e+07 4.36053e+06
470 3.38023e+07 4.59308e+06
480 3.56446e+07 8.81726e+06
490 3.60053e+07 6.01948e+06
500 3.69574e+07 4.94229e+06
510 3.39311e+07 3.90894e+06
520 3.50449e+07 3.35821e+06
530 3.45936e+07 2.04525e+06
540 3.25751e+07 2.19128e+06
550 3.63030e+07 3.03532e+06
560 3.2539e+07 5.6564e+06
570 3.33705e+07 1.07277e+07
580 3.20357e+07 1.32924e+07
590 3.49887e+07 9.15071e+06
600 3.48213e+07 7.75723e+06
610 3.65112e+07 7.67657e+06
620 3.48605e+07 7.93872e+06
630 3.30841e+07 4.13478e+06
640 3.52819e+07 4.87282e+06
650 3.28584e+07 4.61804e+06
660 3.03494e+07 5.50636e+06
670 3.315e+07 4.22023e+06
680 3.50851e+07 1.31927e+07
690 3.45246e+07 8.49675e+06
700 3.25256e+07 3.00708e+06
710 3.03389e+07 3.38931e+06
720 2.97026e+07 1.00933e+07
730 3.27358e+07 7.42826e+06
740 3.44275e+07 6.75787e+06
750 3.55377e+07 6.16721e+06
760 3.70004e+07 5.36962e+06
770 3.58705e+07 3.68404e+06
780 3.30284e+07 6.98736e+06
790 2.81369e+07 4.523e+06
800 2.85423e+07 2.5657e+06
810 3.1015e+07 5.94604e+06
820 3.01361e+07 4.34639e+06
830 3.27183e+07 1.88455e+06
840 3.5012e+07 6.33839e+06
850 3.27626e+07 3.01235e+06
860 3.28468e+07 4.64582e+06
870 3.46011e+07 5.43823e+06
880 3.05851e+07 7.25377e+06
890 3.22497e+07 7.14039e+06
900 3.11469e+07 2.15257e+06
910 3.51356e+07 4.49572e+06
920 3.22453e+07 2.59156e+06
930 3.35653e+07 3.60229e+06
940 3.27873e+07 4.38681e+06
950 3.13705e+07 5.00778e+06
960 3.37909e+07 5.57299e+06
970 3.53252e+07 5.4382e+06
980 3.32675e+07 2.64505e+06
990 3.4234e+07 7.33225e+06
1000 3.50583e+07 7.68282e+06
1010 3.56694e+07 4.74542e+06
1020 3.08605e+07 2.35247e+06
1030 3.40619e+07 1.8799e+06
1040 3.62979e+07 2.60096e+06
1050 3.46822e+07 2.1979e+06
1060 3.19362e+07 2.19755e+06
1070 3.21114e+07 4.00542e+06
1080 3.15601e+07 3.75136e+06
1090 3.04256e+07 5.18454e+06
1100 3.14365e+07 7.28983e+06
1110 3.09056e+07 7.82031e+06
1120 2.9718e+07 5.75884e+06
1130 3.07482e+07 6.06691e+06
1140 2.76384e+07 4.89394e+06
1150 2.79898e+07 4.34562e+06
1160 3.11624e+07 4.60047e+06
1170 3.50068e+07 4.3469e+06
1180 3.1489e+07 4.46228e+06
1190 2.87008e+07 2.64604e+06
1200 3.11758e+07 4.26612e+06
1210 3.01206e+07 2.60241e+06
1220 2.93128e+07 2.75851e+06
1230 3.1455e+07 1.5116e+07
1240 2.87409e+07 7.15602e+06
1250 3.28533e+07 4.02155e+06
1260 3.25555e+07 4.97113e+06
1270 3.23618e+07 3.91343e+06
1280 3.33479e+07 2.69124e+06
1290 3.2981e+07 4.18187e+06
1300 3.2707e+07 6.33201e+06
1310 3.2402e+07 4.11372e+06
1320 3.42052e+07 2.57647e+06
1330 3.46204e+07 2.51844e+06
1340 3.1386e+07 6.38482e+06
1350 2.96693e+07 4.17474e+06
1360 3.42433e+07 6.34895e+06
1370 3.42556e+07 8.8916e+06
1380 3.20135e+07 1.70622e+06
1390 3.40228e+07 1.93027e+06
1400 3.08139e+07 1.28314e+07
1410 3.30761e+07 9.86525e+06
1420 3.35776e+07 5.12612e+06
1430 3.30357e+07 6.02089e+06
1440 3.45297e+07 4.47541e+06
1450 3.24854e+07 6.22305e+06
1460 3.28615e+07 3.6308e+06
1470 3.2302e+07 5.06269e+06
1480 3.2301e+07 6.54125e+06
1490 3.09192e+07 4.92261e+06
1500 3.33437e+07 4.91552e+06
1510 3.31632e+07 8.02783e+06
1520 3.07989e+07 4.08459e+06
1530 3.04957e+07 3.90157e+06
1540 3.14612e+07 4.3083e+06
1550 3.18981e+07 6.69567e+06
1560 3.40372e+07 4.58189e+06
1570 3.25885e+07 2.92312e+06
1580 3.19908e+07 4.97501e+06
1590 3.47059e+07 4.71272e+06
1600 3.34983e+07 3.16987e+06
1610 3.44937e+07 1.77081e+06
1620 3.44349e+07 3.33717e+06
1630 3.44164e+07 1.36665e+06
1640 3.35199e+07 1.24833e+06
1650 3.75591e+07 1.35299e+06
1660 3.56879e+07 2.28654e+06
1670 3.41712e+07 2.52045e+06
1680 3.48986e+07 2.3144e+06
1690 3.4879e+07 2.062e+06
1700 3.65297e+07 1.54697e+06
1710 3.62072e+07 1.40824e+06
1720 3.35416e+07 1.13678e+06
1730 3.3012e+07 1.68561e+06
1740 3.49769e+07 1.60487e+06
1750 3.18291e+07 1.65557e+06
1760 3.29367e+07 2.0346e+06
1770 3.21639e+07 1.74468e+06
1780 3.1727e+07 1.13615e+06
1790 3.32541e+07 1.7576e+06
1800 3.23494e+07 2.48126e+06
1810 3.38486e+07 3.32393e+06
1820 3.46627e+07 3.03987e+06
1830 3.31212e+07 2.0787e+06
1840 3.34293e+07 1.73577e+06
1850 3.4302e+07 5.26257e+06
1860 3.04236e+07 6.70538e+06
1870.25 3.32263e+07 1.22355e+07
1880 3.54641e+07 9.14452e+06
1890 3.20622e+07 6.90436e+06
1900 3.37515e+07 4.28928e+06
1910 3.31637e+07 5.15007e+06
1920 3.14076e+07 5.44401e+06
1930 3.22309e+07 2.89235e+06
1940 3.34579e+07 1.1377e+07
1950 3.44774e+07 9.37569e+06
1960 3.5793e+07 2.96054e+06
1970 3.45751e+07 2.71621e+06
1980 3.54045e+07 2.51113e+06
1990 3.37322e+07 2.48287e+06
2000 3.44916e+07 2.81425e+06
2010 3.57982e+07 2.7696e+06
2020 3.22288e+07 4.05879e+06
2030 3.34849e+07 3.23098e+06
2040 3.30367e+07 2.31441e+06
2050 3.34602e+07 2.26514e+06
2060 3.34952e+07 3.52756e+06
2070 3.25689e+07 3.00329e+06
2080 3.35681e+07 8.98417e+06
2090 3.44558e+07 7.09042e+06
2100 3.45635e+07 9.69137e+06
2110 3.27999e+07 9.76349e+06
2120 3.0572e+07 3.18981e+06
2130 3.12098e+07 6.06771e+06
2140 3.15261e+07 5.66746e+06
2150 3.17889e+07 2.44694e+06
2160 3.37886e+07 6.43014e+06
2170 3.39282e+07 4.90266e+06
2180 3.53953e+07 3.22471e+06
2190 3.49409e+07 3.84161e+06
2200 3.45194e+07 3.09987e+06
2210 3.54684e+07 1.18645e+07
2220 3.4066e+07 5.97939e+06
2230 3.32294e+07 5.02436e+06
2240 3.3589e+07 3.97399e+06
2250 3.33592e+07 5.29187e+06
2260 3.20691e+07 7.34906e+06
2270 2.9725e+07 4.39665e+06
2280 3.11078e+07 3.61443e+06
2290 2.99712e+07 3.93029e+06
2300 2.91984e+07 4.98469e+06
2310 3.13283e+07 5.74068e+06
2320 3.18404e+07 2.41848e+06
2330 3.25534e+07 4.14535e+06
2340 3.19022e+07 2.85312e+06
2350 3.23234e+07 3.7307e+06
2360 3.26289e+07 2.41461e+06
2370 3.40815e+07 4.86174e+06
2380 3.56951e+07 8.79981e+06
2390.12 3.4554e+07 1.04085e+07
2400 3.42335e+07 6.52182e+06
2410 3.38033e+07 4.84107e+06
2420 3.34736e+07 3.77436e+06
2430 3.2607e+07 2.76009e+06
2440 3.38218e+07 4.46139e+06
2450 3.40856e+07 4.36086e+06
2460 3.43525e+07 5.46615e+06
2470 3.18795e+07 3.39588e+06
2480 2.91078e+07 3.74391e+06
2490 2.89653e+07 4.53957e+06
2500 3.17819e+07 5.92554e+06
2510 3.29099e+07 5.41144e+06
2520 3.24123e+07 2.63383e+06
2530 3.21124e+07 1.05068e+07
2540 2.94014e+07 5.44054e+06
2550.12 3.11624e+07 1.73383e+06
2560 2.93968e+07 5.43144e+06
2570 3.13762e+07 4.19525e+06
2580 3.14282e+07 2.30539e+06
2590 3.13973e+07 3.62717e+06
2600 3.37126e+07 5.30154e+06
2610 3.32386e+07 4.02261e+06
2620 3.11521e+07 3.83851e+06
2630 3.12407e+07 6.49069e+06
2640 3.02845e+07 4.96497e+06
2650 2.99496e+07 4.04321e+06
2660 3.01845e+07 1.42098e+06
2670 3.08193e+07 2.12619e+06
2680 3.04823e+07 4.64437e+06
2690 3.16322e+07 2.57591e+06
2700 3.36189e+07 3.06816e+06
2710 3.15282e+07 6.75e+06
2720 3.25421e+07 3.15036e+06
2730 3.43504e+07 3.85166e+06
2740 3.44473e+07 7.03971e+06
2750 3.26748e+07 4.67208e+06
2760 2.99148e+07 2.91447e+06
2770 3.04452e+07 6.96767e+06
2780 2.93417e+07 3.98776e+06
2790 3.0512e+07 8.65882e+06
2800 3.19643e+07 3.33233e+06
2810 2.92963e+07 2.50927e+06
2820 3.00568e+07 8.88344e+06
2830 3.01565e+07 4.94001e+06
2840 2.98138e+07 5.28468e+06
2850 3.0913e+07 1.54149e+06
2860 3.26884e+07 2.91152e+06
2870 3.1353e+07 4.14085e+06
2880 3.13806e+07 6.75678e+06
2890 3.13914e+07 5.51913e+06
2900 3.10439e+07 5.50959e+06
2910 3.14066e+07 4.51975e+06
2920 3.26496e+07 3.52224e+06
2930 3.33568e+07 5.00884e+06
2940 3.25761e+07 3.08811e+06
2950 3.10841e+07 5.09516e+06
2960 3.34736e+07 3.20968e+06
2970 3.14117e+07 3.0534e+06
2980 3.04522e+07 8.56744e+06
2990 2.992e+07 4.30512e+06
3000 3.16158e+07 5.12345e+06
3010 3.17608e+07 3.10516e+06
3020 3.08587e+07 3.23342e+06
3030 3.16209e+07 3.55946e+06
3040 3.22896e+07 8.68224e+06
3050 3.18837e+07 5.7461e+06
3060 3.07193e+07 3.6414e+06
3070 3.03389e+07 3.41802e+06
3080 3.24135e+07 9.89016e+06
3090 3.32891e+07 4.54073e+06
3100 3.26892e+07 3.60249e+06
3110 3.21271e+07 5.1029e+06
3120 3.10774e+07 5.48371e+06
3130 2.93731e+07 4.41241e+06
3140 3.0269e+07 3.99965e+06
3150 3.30697e+07 7.10192e+06
3160 3.24854e+07 5.38125e+06
3170 3.07111e+07 2.58823e+06
3180 3.20423e+07 3.7614e+06
3190 3.27368e+07 5.18543e+06
3200 3.09512e+07 6.28708e+06
3210 3.14004e+07 4.89184e+06
3220 3.33623e+07 3.13641e+06
3230 3.33025e+07 5.87105e+06
3240 3.3047e+07 2.21715e+06
3250 3.02268e+07 4.1461e+06
3260 3.07935e+07 3.8948e+06
3270 3.43989e+07 3.11831e+06
3280 3.68543e+07 2.10945e+06
3290 3.40619e+07 4.28178e+06
3300 3.39743e+07 3.80842e+06
3310 3.46678e+07 2.79596e+06
3320 3.1902e+07 3.28096e+06
3330 3.17118e+07 2.87038e+06
3340 3.33005e+07 3.4061e+06
3350 3.50697e+07 6.44938e+06
3360 3.41186e+07 4.1761e+06
3370 3.30782e+07 8.90423e+06
3380 3.49725e+07 4.30048e+06
3390 3.47894e+07 4.33133e+06
3400 3.39352e+07 8.40029e+06
3410 3.28337e+07 5.53922e+06
3420 3.21928e+07 6.74519e+06
3430 3.27389e+07 5.70904e+06
3440 3.19146e+07 4.93472e+06
3450 3.27822e+07 3.34437e+06
3460 3.51387e+07 2.8902e+06
3470 3.49048e+07 3.32737e+06
3480 3.26696e+07 7.00354e+06
3490 3.17067e+07 6.03276e+06
3500 3.03721e+07 4.68701e+06
3510 2.96034e+07 2.86205e+06
3520 3.20063e+07 4.88931e+06
3530 3.28883e+07 4.86561e+06
3540 3.11129e+07 2.82105e+06
3550 3.19638e+07 7.54396e+06
3560 3.17198e+07 7.37025e+06
3570 3.29164e+07 3.64155e+06
3580 3.38363e+07 4.04703e+06
3590 3.13386e+07 2.27395e+06
3600 3.1461e+07 1.45209e+06
3610 3.14633e+07 5.1377e+06
3620 3.10923e+07 5.5217e+06
3630 3.13965e+07 5.66999e+06
3640 3.04215e+07 3.80307e+06
3650 3.2783e+07 5.70306e+06
3660 3.08976e+07 5.23243e+06
3670 2.95397e+07 5.51961e+06
3680 3.22371e+07 4.32557e+06
3690 3.26225e+07 3.80758e+06
3700.25 3.40342e+07 2.11406e+06
3710 3.46039e+07 6.71842e+06
3720 3.71603e+07 6.12594e+06
3730 3.68821e+07 3.76374e+06
3740 3.59661e+07 2.08828e+06
3750 3.41186e+07 3.34834e+06
3760 3.1285e+07 1.23393e+07
3770 3.18267e+07 5.68054e+06
3780 3.13069e+07 3.34909e+06
3790 3.2539e+07 2.31315e+06
3800 3.33376e+07 6.23157e+06
3810 3.15807e+07 4.32365e+06
3820 3.09705e+07 3.75805e+06
3830 3.32811e+07 6.87882e+06
3840 3.49316e+07 5.75727e+06
3850 3.5794e+07 4.77358e+06
3860 3.20423e+07 4.43735e+06
3870 3.13293e+07 2.05844e+06
3880 3.16982e+07 3.26166e+06
3890 3.26554e+07 3.31621e+06
3900 3.26544e+07 1.86019e+06
3910 3.22031e+07 2.58786e+06
3920 3.15818e+07 1.41492e+06
3930 3.16796e+07 4.06731e+06
3940 3.13468e+07 6.78997e+06
3950 2.9521e+07 4.17291e+06
3960 2.9591e+07 3.49368e+06
3970 3.24914e+07 5.75435e+06
3980 3.21631e+07 2.92387e+06
3990 3.2471e+07 3.79035e+06
4000 3.2981e+07 2.60499e+06
4010 3.19949e+07 2.61726e+06
4020 3.15508e+07 3.44593e+06
4030 3.03896e+07 3.39334e+06
4040 3.02319e+07 4.66176e+06
4050 3.10037e+07 5.62487e+06
4060 3.04535e+07 1.97127e+06
4070 3.24926e+07 3.89905e+06
4080 3.4098e+07 3.37105e+06
4090 3.23051e+07 3.25554e+06
4100 2.97219e+07 6.36351e+06
4110 2.95354e+07 3.87157e+06
4120 3.04092e+07 3.2488e+06
4130 3.11119e+07 7.95328e+06
4140 3.21761e+07 2.99379e+06
4150 3.2566e+07 3.09944e+06
4160 3.25143e+07 2.70169e+06
4170 3.26462e+07 4.46969e+06
4180 3.16044e+07 4.29146e+06
4190 3.14694e+07 4.1424e+06
4200 2.99501e+07 4.0578e+06
4210 3.06539e+07 4.95379e+06
4220 3.08182e+07 3.10532e+06
4230 3.08079e+07 4.27877e+06
4240 3.17897e+07 4.64845e+06
4250 3.07031e+07 3.34783e+06
4260 3.14983e+07 6.10496e+06
4270 3.20506e+07 3.40799e+06
4280 3.26317e+07 3.02354e+06
4290 3.11871e+07 6.95922e+06
4300 3.12603e+07 7.04613e+06
4310 3.11304e+07 9.23735e+06
4320 3.09161e+07 3.84703e+06
4330 3.03381e+07 4.84651e+06
4340 3.07386e+07 5.92592e+06
4350 3.14831e+07 7.36552e+06
4360 3.25995e+07 4.22084e+06
4370 3.23156e+07 2.43058e+06
4380 3.08986e+07 4.57609e+06
4390 3.19494e+07 4.51822e+06
4400 3.19931e+07 3.62351e+06
4410 3.19383e+07 5.55355e+06
4420 3.24267e+07 3.10657e+06
4430 3.24339e+07 4.07446e+06
4440 3.17003e+07 3.67546e+06
4450 3.15024e+07 4.08801e+06
4460 3.12428e+07 7.59294e+06
4470 3.09769e+07 3.64199e+06
4480 3.12665e+07 2.74449e+06
4490.12 3.12201e+07 8.52038e+06
4500 3.00454e+07 6.71402e+06
4510 3.11428e+07 3.75198e+06
4520 3.07451e+07 2.57284e+06
4530 3.07925e+07 2.48336e+06
4540 3.16766e+07 6.17536e+06
4550 3.14365e+07 2.89369e+06
4560 3.05328e+07 2.36502e+06
4570 3.00225e+07 8.17973e+06
4580 3.0734e+07 3.55311e+06
4590 3.14519e+07 3.32799e+06
4600 3.21948e+07 3.03168e+06
4610 3.11243e+07 4.79317e+06
4620 3.09025e+07 4.43095e+06
4630 3.0973e+07 5.81848e+06
4640 3.18847e+07 5.48804e+06
4650 3.14468e+07 5.37695e+06
4660 3.17714e+07 3.16587e+06
4670 3.12881e+07 2.44043e+06
4680.25 3.15668e+07 4.10624e+06
4690 3.13411e+07 6.19521e+06
4700.12 3.1248e+07 3.64072e+06
4710 3.34395e+07 5.43781e+06
4720 3.27193e+07 4.45483e+06
4730 3.23999e+07 3.62326e+06
4740 3.21588e+07 3.0744e+06
4750 3.25269e+07 6.8525e+06
4760 3.42347e+07 4.4951e+06
4770 3.47131e+07 3.84829e+06
4780 3.50707e+07 5.26137e+06
4790 3.44555e+07 7.91055e+06
4800 3.50563e+07 4.5573e+06
4810 3.45648e+07 5.33385e+06
4820 3.34169e+07 3.44883e+06
4830 3.1795e+07 3.81786e+06
4840 3.08378e+07 2.44141e+06
4850 3.08584e+07 1.35701e+06
4860 3.12252e+07 7.10057e+06
4870 3.09635e+07 3.51592e+06
4880 3.06472e+07 6.42301e+06
4890 3.06513e+07 7.6293e+06
4900 3.11954e+07 6.30875e+06
4910 3.05854e+07 3.3205e+06
4920 3.12139e+07 3.19767e+06
4930 3.03932e+07 3.0048e+06
4940 3.06137e+07 2.97065e+06
4950 3.13716e+07 9.23168e+06
4960 3.12652e+07 8.11494e+06
4970 3.12327e+07 5.4066e+06
4980 3.1328e+07 3.22587e+06
4990 3.077e+07 5.06338e+06
5000 3.06861e+07 2.39939e+06
5010 3.11801e+07 4.78308e+06
5020 3.08584e+07 3.99057e+06
5030 3.14334e+07 6.27134e+06
5040 3.07894e+07 5.9588e+06
5050 3.09326e+07 2.90186e+06
5060 3.09852e+07 2.94473e+06
5070 3.10593e+07 3.71122e+06
5080 3.10295e+07 2.30637e+06
5090 3.11199e+07 3.75583e+06
5100 3.10936e+07 4.95003e+06
5110 3.10233e+07 3.09565e+06
5120 3.11469e+07 3.67649e+06
5130 3.115e+07 4.00957e+06
5140 3.1454e+07 8.98385e+06
5150 3.12953e+07 7.43497e+06
5160 3.09336e+07 5.81329e+06
5170 3.16786e+07 5.96988e+06
5180 3.1183e+07 2.03255e+06
5190 3.10838e+07 2.84742e+06
5200 3.14872e+07 2.22643e+06
5210 3.17981e+07 4.91146e+06
5220 3.09027e+07 5.78345e+06
5230 3.13105e+07 5.84693e+06
5240 3.20714e+07 4.66521e+06
5250 3.12902e+07 2.35833e+06
5260 3.10058e+07 6.32577e+06
5270 3.16879e+07 6.7258e+06
5280 3.12935e+07 2.49819e+06
5290 3.22481e+07 3.19536e+06
5300 3.31047e+07 6.85149e+06
5310 3.17106e+07 6.21298e+06
5320 3.1149e+07 4.04859e+06
5330 3.0792e+07 4.15237e+06
5340 3.31987e+07 5.4809e+06
5350 3.15398e+07 6.65985e+06
5360 3.14045e+07 5.36202e+06
5370 3.11799e+07 3.58253e+06
5380 2.98198e+07 2.40644e+06
5390 3.03494e+07 4.11562e+06
5400.12 3.05635e+07 3.15169e+06
5410 3.10379e+07 4.30403e+06
5420 3.02701e+07 3.92829e+06
5430 3.09169e+07 4.33069e+06
5440 3.11853e+07 4.07726e+06
5450 3.13272e+07 4.45541e+06
5460 3.13571e+07 3.4237e+06
5470 3.13798e+07 2.53874e+06
5480.12 3.12064e+07 3.93099e+06
5490 3.23002e+07 6.86463e+06
5500 3.14736e+07 4.96918e+06
5510 3.16353e+07 1.61618e+06
5520 3.05009e+07 3.10332e+06
5530 3.16271e+07 7.98225e+06
5540 3.12314e+07 3.5469e+06
5550 3.03741e+07 7.14492e+06
5560 2.91747e+07 5.24777e+06
5570 3.03752e+07 2.55535e+06
5580 3.02598e+07 3.60543e+06
5590 3.1184e+07 4.66216e+06
5600 3.23824e+07 9.76526e+06
5610.12 3.36794e+07 4.57864e+06
5620 3.2802e+07 7.72265e+06
5630 3.11784e+07 4.67445e+06
5640 3.17801e+07 4.95597e+06
5650 3.19517e+07 4.65983e+06
5660 3.17549e+07 6.88172e+06
5670 3.16158e+07 3.66958e+06
5680 3.11758e+07 4.17258e+06
5690 3.11673e+07 2.41552e+06
5700 2.96521e+07 7.13883e+06
5710 2.92417e+07 3.55311e+06
5720 2.91392e+07 3.98913e+06
5730 2.89588e+07 5.53087e+06
5740 2.92489e+07 3.40356e+06
5750 3.01392e+07 1.4355e+06
5760 3.19671e+07 3.59598e+06
5770 3.271e+07 4.21757e+06
5780 3.14993e+07 3.1633e+06
5790 3.16601e+07 6.76241e+06
5800 3.1421e+07 5.93536e+06
5810 3.16621e+07 4.01202e+06
5820 3.1877e+07 5.42895e+06
5830 3.30547e+07 4.96597e+06
5840 3.12108e+07 7.61129e+06
5850 2.81503e+07 4.70661e+06
5860 2.95284e+07 3.15816e+06
5870.12 3.05511e+07 4.81453e+06
5880 3.20725e+07 5.95059e+06
5890 3.00658e+07 5.59714e+06
5900 2.97561e+07 4.4708e+06
5910 2.87399e+07 6.06588e+06
5920 3.09017e+07 4.72656e+06
5930 3.04298e+07 4.81808e+06
5940 3.04535e+07 5.23414e+06
5950 3.07389e+07 4.06423e+06
5960 3.1793e+07 5.24057e+06
5970 3.19403e+07 5.40509e+06
5980 3.21351e+07 3.41341e+06
5990 3.16526e+07 4.44115e+06
6000 3.35529e+07 3.02675e+06
6010 3.31935e+07 8.92208e+06
6020 3.31572e+07 5.43133e+06
6030 3.16508e+07 3.8223e+06
6040 3.08162e+07 4.87252e+06
6050 3.00125e+07 3.44943e+06
6060 3.00019e+07 6.50588e+06
6070 3.10666e+07 2.75119e+06
6080 3.04846e+07 3.27145e+06
6090 3.12598e+07 4.71363e+06
6100 3.23105e+07 3.62709e+06
6110 3.49339e+07 6.04336e+06
6120 3.536e+07 6.11769e+06
6130 3.26505e+07 4.24499e+06
6140 3.32057e+07 6.30564e+06
6150 3.30954e+07 6.60393e+06
6160 2.93515e+07 3.90266e+06
6170 2.85827e+07 3.99737e+06
6180 3.11325e+07 4.29589e+06
6190 3.33345e+07 3.67529e+06
6200 3.19795e+07 2.74176e+06
6210 3.11407e+07 3.21396e+06
6220 3.20537e+07 5.33779e+06
6230 3.52294e+07 3.50302e+06
6240 3.29759e+07 5.20184e+06
6250 3.19483e+07 6.36126e+06
6260 2.9616e+07 5.47854e+06
6270 2.91067e+07 5.38206e+06
6280 2.99022e+07 4.81547e+06
6290 3.01433e+07 2.71054e+06
6300 3.1422e+07 3.26268e+06
6310 3.13169e+07 3.41294e+06
6320 3.21639e+07 3.83357e+06
6330 3.24184e+07 7.455e+06
6340 3.45328e+07 4.25639e+06
6350 3.35313e+07 3.33208e+06
6360 3.20681e+07 2.76632e+06
6370 3.62371e+07 2.12383e+06
6380 3.4369e+07 3.10326e+06
6390 3.1929e+07 3.4966e+06
6400 3.23855e+07 3.35838e+06
6410 3.51779e+07 3.84562e+06
6420 3.35117e+07 2.56248e+06
6430 3.26534e+07 2.07535e+06
6440 3.3928e+07 2.93635e+06
6450 3.40578e+07 4.87331e+06
6460 3.05246e+07 3.33683e+06
6470 2.93754e+07 6.88775e+06
6480 3.11585e+07 5.79334e+06
6490 3.22649e+07 4.22446e+06
6500 3.28131e+07 2.97362e+06
6510 3.03159e+07 4.14888e+06
6520 3.17523e+07 3.40344e+06
6530 3.09872e+07 3.03812e+06
6540 3.34824e+07 3.98519e+06
6550 3.17255e+07 4.55554e+06
6560.12 2.79991e+07 4.81249e+06
6570 2.86286e+07 4.17945e+06
6580 3.48378e+07 6.91447e+06
6590 3.06245e+07 5.73533e+06
6600 2.92974e+07 4.5027e+06
6610 3.06966e+07 2.47947e+06
6620 3.27554e+07 2.12575e+06
6630 3.25849e+07 8.05717e+06
6640 3.22551e+07 3.27104e+06
6650 3.16279e+07 3.62234e+06
6660 3.06546e+07 4.36816e+06
6670 3.31222e+07 5.08321e+06
6680 3.07461e+07 6.26827e+06
6690 3.06884e+07 5.52777e+06
6700 3.20897e+07 3.44888e+06
6710 3.23752e+07 4.82995e+06
6720 3.33448e+07 3.0029e+06
6730 3.34756e+07 3.0335e+06
6740 3.22938e+07 3.43215e+06
6750 3.05338e+07 5.52288e+06
6760 3.20351e+07 4.33935e+06
6770 3.10635e+07 2.10648e+06
6780 3.10223e+07 5.32993e+06
6790 3.35746e+07 2.88357e+06
6800 3.12685e+07 3.83844e+06
6810 3.2141e+07 4.61931e+06
6820 3.07474e+07 6.33633e+06
6830 3.16508e+07 4.70154e+06
6840 3.31243e+07 3.95072e+06
6850 3.26492e+07 2.55561e+06
6860 3.21948e+07 2.59561e+06
6870 3.21977e+07 5.7093e+06
6880 3.40189e+07 4.05988e+06
6890 3.47616e+07 2.37028e+06
6900 3.47554e+07 2.49841e+06
6910 3.50367e+07 9.30774e+06
6920 3.59744e+07 7.87757e+06
6930 3.15179e+07 5.34315e+06
6940 3.01042e+07 3.07491e+06
6950 3.23453e+07 2.51335e+06
6960 3.40238e+07 3.81947e+06
6970 3.44638e+07 5.15642e+06
6980 3.30934e+07 2.57197e+06
6990 3.25277e+07 3.29906e+06
7000 3.32768e+07 4.35659e+06
7010 3.2877e+07 3.71969e+06
7020 3.15756e+07 2.9651e+06
7030 3.05307e+07 5.55053e+06
7040 3.31222e+07 1.38516e+06
7050 3.5353e+07 8.76863e+06
7060 3.67915e+07 8.56738e+06
7070 3.61464e+07 3.38503e+06
7080 3.48378e+07 4.21767e+06
7090 3.38322e+07 5.00391e+06
7100 3.05246e+07 7.41456e+06
7110 3.45442e+07 2.55316e+06
7120 3.33242e+07 5.75574e+06
7130 3.31098e+07 5.3451e+06
7140 3.38476e+07 4.24916e+06
7150 3.4877e+07 4.69786e+06
7160 3.70666e+07 3.27555e+06
7170 3.61145e+07 4.54476e+06
7180 3.11603e+07 7.52578e+06
7190 2.78496e+07 8.50941e+06
7200 2.85709e+07 4.34714e+06
7210 2.87564e+07 6.44838e+06
7220 3.21629e+07 6.56531e+06
7230 3.16992e+07 5.26395e+06
7240 2.93952e+07 4.54968e+06
7250 3.25071e+07 3.91661e+06
7260 2.96889e+07 5.72396e+06
7270 3.25524e+07 7.06756e+06
7280 3.34375e+07 8.03525e+06
7290 3.32448e+07 5.54145e+06
7300 3.058e+07 3.46434e+06
7310 3.12791e+07 2.63765e+06
7320 2.96621e+07 1.82612e+06
7330 3.14468e+07 5.4315e+06
7340 3.22093e+07 5.09757e+06
7350 3.38404e+07 3.51604e+06
7360 3.45143e+07 1.06196e+07
7370 3.34808e+07 6.29261e+06
7380 3.34896e+07 5.06945e+06
7390 3.64478e+07 3.05136e+06
7400 3.43803e+07 4.86677e+06
7410 3.13437e+07 1.27692e+06
7420 3.42711e+07 3.20702e+06
7430 3.33726e+07 2.72153e+06
7440 3.31212e+07 4.95212e+06
7450 3.5114e+07 3.50526e+06
7460 3.43103e+07 3.14184e+06
7470 3.41433e+07 5.32383e+06
7480 3.4436e+07 3.42154e+06
7490 3.5183e+07 3.21947e+06
7500 3.4775e+07 6.134e+06
7510 3.54014e+07 5.86616e+06
7520 3.44906e+07 4.65534e+06
7530 3.30552e+07 5.49838e+06
7540 3.46245e+07 7.8715e+06
7550 3.05748e+07 6.21303e+06
7560 3.30091e+07 3.46064e+06
7570 3.24628e+07 5.81405e+06
7580 3.0607e+07 5.56447e+06
7590 3.11366e+07 4.82186e+06
7600 3.25967e+07 5.69768e+06
7610 3.13767e+07 7.13938e+06
7620 3.12036e+07 2.64789e+06
7630 3.12706e+07 3.32269e+06
7640 3.17003e+07 3.35914e+06
7650.12 3.17817e+07 6.42095e+06
7660 3.51408e+07 5.92803e+06
7670 3.2573e+07 4.79693e+06
7680 2.9632e+07 3.1856e+06
7690 3.09565e+07 2.93508e+06
7700 3.25112e+07 2.36444e+06
7710 3.28698e+07 2.05357e+06
7720 3.38981e+07 4.83329e+06
7730 3.54385e+07 3.83644e+06
7740 3.54682e+07 7.52913e+06
7750 3.48752e+07 4.38979e+06
7760 3.27028e+07 1.15437e+06
7770 3.20053e+07 3.06871e+06
7780 2.64452e+07 5.92329e+06
7790 3.29841e+07 2.44416e+06
7800 3.31294e+07 3.76887e+06
7810 3.49996e+07 3.31967e+06
7820 3.43515e+07 2.44009e+06
7830 3.47987e+07 2.16628e+06
7840 3.51892e+07 3.16646e+06
7850 3.42907e+07 2.34026e+06
7860 3.56405e+07 4.43151e+06
7870 3.32868e+07 7.84184e+06
7880 3.58437e+07 4.72512e+06
7890 3.50573e+07 3.63189e+06
7900 3.52593e+07 2.38902e+06
7910 3.21176e+07 2.5935e+06
7920 3.32634e+07 3.18833e+06
7930 3.46523e+07 8.37794e+06
7940 3.498e+07 4.13524e+06
7950 3.27399e+07 7.72289e+06
7960 3.4608e+07 3.52061e+06
7970 3.4879e+07 1.70923e+06
7980 3.56178e+07 6.87183e+06
7990 3.62742e+07 1.07402e+07
8000 3.65236e+07 8.18616e+06
8010 3.41258e+07 3.98949e+06
8020.38 3.06477e+07 7.75481e+06
8030 3.1067e+07 5.78691e+06
8040 3.14548e+07 4.02387e+06
8050 3.05063e+07 2.8297e+06
8060 3.25926e+07 3.3088e+06
8070 3.65524e+07 1.94585e+06
8080 3.47348e+07 6.51821e+06
8090 2.91954e+07 4.66569e+06
8100.12 3.35692e+07 5.13812e+06
8110 3.42713e+07 4.36359e+06
8120 3.06245e+07 4.44794e+06
8130 3.31335e+07 7.40165e+06
8140 3.10593e+07 6.11378e+06
8150 3.24277e+07 5.52444e+06
8160 3.03793e+07 7.90446e+06
8170 3.47925e+07 4.92825e+06
8180 3.45112e+07 4.63602e+06
8190 3.5962e+07 2.78894e+06
8200 3.35251e+07 2.91073e+06
8210 3.19774e+07 7.37827e+06
8220 3.18692e+07 6.44067e+06
8230 3.07925e+07 8.81084e+06
8240 3.4438e+07 4.9236e+06
8250 3.41225e+07 2.47423e+06
8260 3.41364e+07 3.32542e+06
8270 3.48275e+07 2.36471e+06
8280 3.33901e+07 3.25337e+06
8290 3.24658e+07 4.25237e+06
8300 3.27368e+07 5.84539e+06
8310 3.51603e+07 6.62594e+06
8320 3.37721e+07 4.5319e+06
8330 2.94109e+07 2.48238e+06
8340.12 3.41804e+07 5.22747e+06
8350 3.16415e+07 3.2745e+06
8360 3.34313e+07 4.83759e+06
8370 3.16384e+07 2.61462e+06
8380 3.11593e+07 2.58737e+06
8390 3.33458e+07 1.83067e+06
8400 3.43906e+07 1.75659e+06
8410 3.58651e+07 6.82923e+06
8420 3.45864e+07 3.15554e+06
8430 3.51284e+07 2.97816e+06
8440 3.39259e+07 2.41851e+06
8450 3.27935e+07 3.94733e+06
8460 3.10789e+07 5.95857e+06
8470 3.02175e+07 9.20484e+06
8480 3.1436e+07 5.32375e+06
8490 3.06745e+07 4.07104e+06
8500 3.27142e+07 3.52479e+06
8510 3.55375e+07 6.79281e+06
8520 3.37786e+07 2.95183e+06
8530 3.34725e+07 2.70035e+06
8540 3.36281e+07 5.63999e+06
8550 3.16189e+07 4.13861e+06
8560 3.17363e+07 5.29752e+06
8570 3.06956e+07 4.86473e+06
8580 3.04669e+07 5.34291e+06
8590 3.09821e+07 3.18578e+06
8600 3.10424e+07 8.61315e+06
8610 3.11103e+07 6.83002e+06
8620 3.23216e+07 3.81087e+06
8630 3.44318e+07 2.69446e+06
8640 3.26791e+07 6.35267e+06
8650 3.3217e+07 3.04669e+06
8660 3.00825e+07 6.18596e+06
8670 3.31809e+07 2.62537e+06
8680 3.13777e+07 2.83415e+06
8690 3.25287e+07 5.71379e+06
8700 3.2811e+07 6.41193e+06
8710 3.15663e+07 8.97415e+06
8720 3.1216e+07 4.99138e+06
8730 3.13695e+07 3.32356e+06
8740 3.4065e+07 4.12622e+06
8750 3.08182e+07 4.41834e+06
8760 2.88151e+07 5.47428e+06
8770 3.12088e+07 3.40599e+06
8780 3.37641e+07 6.53192e+06
8790 3.3183e+07 4.99126e+06
8800 3.54262e+07 4.14697e+06
8810 3.55385e+07 4.44766e+06
8820 3.40825e+07 4.29457e+06
8830 3.34898e+07 8.87409e+06
8840 3.51977e+07 8.32403e+06
8850 3.54025e+07 5.95233e+06
8860 3.42422e+07 4.5582e+06
8870 3.13252e+07 3.66884e+06
8880 3.10954e+07 4.95354e+06
8890 3.17446e+07 4.3678e+06
8900 3.3351e+07 1.21806e+07
8910 3.55354e+07 5.85854e+06
8920 3.29893e+07 5.05398e+06
8930 3.50851e+07 8.92439e+06
8940 3.51964e+07 4.88018e+06
8950 3.48893e+07 3.44656e+06
8960 3.2276e+07 2.55348e+06
8970 3.27649e+07 4.88063e+06
8980 3.48007e+07 6.62969e+06
8990 3.45975e+07 5.81911e+06
9000 3.44298e+07 4.39808e+06
9010 3.51552e+07 3.43728e+06
9020 3.57562e+07 8.78376e+06
9030 3.56204e+07 5.53548e+06
9040 3.54627e+07 1.81033e+06
9050 3.57621e+07 1.92086e+06
9060 3.7183e+07 5.93876e+06
9070 3.53798e+07 2.08482e+06
9080 3.56972e+07 4.05726e+06
9090 3.32294e+07 2.5673e+06
9100 3.32531e+07 4.91715e+06
9110 3.46616e+07 2.81047e+06
9120 3.45534e+07 2.5959e+06
9130 3.60444e+07 2.49694e+06
9140 3.45287e+07 5.99436e+06
9150 3.38775e+07 6.0155e+06
9160 3.62121e+07 4.91867e+06
9170 3.45784e+07 2.91067e+06
9180 3.34962e+07 3.49055e+06
9190 3.1929e+07 3.0948e+06
9200 3.18363e+07 2.87418e+06
9210 3.31387e+07 6.09793e+06
9220 3.39414e+07 4.94242e+06
9230 3.40751e+07 3.95325e+06
9240 3.40869e+07 2.84282e+06
9250 3.33386e+07 4.52036e+06
9260 3.31696e+07 6.62515e+06
9270 3.40197e+07 5.25964e+06
9280 3.37837e+07 3.8364e+06
9290 3.30429e+07 2.14479e+06
9300 3.23443e+07 4.74874e+06
9310 3.33389e+07 4.32268e+06
9320 3.55042e+07 3.65553e+06
9330 3.54128e+07 1.03545e+06
9340 3.42495e+07 1.91944e+06
9350 3.66338e+07 3.07679e+06
9360 3.49409e+07 2.63444e+06
9370 3.46956e+07 5.13093e+06
9380 3.42103e+07 4.11328e+06
9390 3.52428e+07 2.43664e+06
9400 3.50861e+07 3.74035e+06
9410 3.6369e+07 4.46433e+06
9420 3.66109e+07 6.31595e+06
9430 3.58314e+07 3.81689e+06
9440 3.63886e+07 3.15108e+06
9450 3.48729e+07 5.47875e+06
9460 3.46853e+07 6.45585e+06
9470 3.18682e+07 6.70056e+06
9480 3.1996e+07 3.45281e+06
9490 3.54045e+07 2.61418e+06
9500 3.44885e+07 6.64281e+06
9510 3.58425e+07 4.95401e+06
9520 3.60042e+07 7.15362e+06
9530 3.63803e+07 6.92013e+06
9540 3.48966e+07 4.00198e+06
9550 3.51774e+07 6.73344e+06
9560 3.41263e+07 1.01904e+07
9570 3.60506e+07 6.62682e+06
9580 3.38734e+07 6.73574e+06
9590 3.43752e+07 5.39427e+06
9600 3.3591e+07 4.17964e+06
9610 3.4302e+07 1.20806e+06
9620 3.54612e+07 1.79707e+06
9630 3.25782e+07 2.85734e+06
9640 3.44926e+07 3.4826e+06
9650 3.50439e+07 3.346e+06
9660 3.53541e+07 2.89242e+06
9670 3.64638e+07 4.42639e+06
9680 3.15694e+07 6.41617e+06
9690 2.99867e+07 1.21098e+07
9700 3.01258e+07 3.15899e+06
9710 2.91273e+07 2.29949e+06
9720 3.07997e+07 2.95728e+06
9730 3.11964e+07 3.65543e+06
9740 3.11972e+07 3.71695e+06
9750 3.02579e+07 7.5364e+06
9760 3.25699e+07 5.34588e+06
9770 3.37276e+07 5.43718e+06
9780 3.55792e+07 3.39672e+06
9790 3.57064e+07 3.79805e+06
9800 3.42835e+07 6.40155e+06
9810 3.27842e+07 3.487e+06
9820 3.40063e+07 2.49036e+06
9830 3.3487e+07 3.05494e+06
9840 2.80537e+07 2.79969e+06
9850 3.00733e+07 3.90374e+06
9860 3.10954e+07 2.28155e+06
9870 3.30964e+07 2.46625e+06
9880 3.39239e+07 1.30656e+07
9890 3.2438e+07 7.42165e+06
9900 3.38888e+07 5.19498e+06
9910 3.16652e+07 4.24412e+06
9920 3.25648e+07 4.46425e+06
9930 3.18898e+07 2.14223e+06
9940 3.2641e+07 3.53096e+06
9950 3.59579e+07 6.40677e+06
9960 3.50233e+07 3.52165e+06
9970 3.60269e+07 2.45938e+06
9980 3.24648e+07 1.08201e+06
9990 3.31346e+07 2.74938e+06
10000 3.32139e+07 4.69485e+06
10010 3.13963e+07 4.81586e+06
10020 3.0269e+07 5.04788e+06
10030 3.15308e+07 5.09437e+06
10040 3.30732e+07 5.75843e+06
10050 3.22659e+07 2.86889e+06
10060 3.41176e+07 4.68375e+06
10070 3.1047e+07 6.45127e+06
10080 3.16827e+07 2.44477e+06
10090 3.06482e+07 3.86755e+06
10100 3.22175e+07 5.09248e+06
10110 3.10336e+07 5.18191e+06
10120 3.22546e+07 4.10604e+06
10130 3.32737e+07 7.3921e+06
10140 3.2269e+07 7.32702e+06
10150 3.31438e+07 6.86458e+06
10160 3.3049e+07 3.53477e+06
10170 3.39589e+07 6.87911e+06
10180 3.36588e+07 3.30313e+06
10190 3.28721e+07 5.56684e+06
10200 3.36137e+07 6.96086e+06
10210 3.18896e+07 4.39344e+06
10220 3.27562e+07 3.27344e+06
10230 3.16399e+07 6.78598e+06
10240 3.37518e+07 5.81325e+06
10250 3.52593e+07 3.35523e+06
10260 3.48275e+07 2.48354e+06
10270 3.40547e+07 4.62655e+06
10280 3.49759e+07 3.62361e+06
10290 3.2707e+07 3.52157e+06
10300 3.43e+07 6.56733e+06
10310 3.42134e+07 2.79099e+06
10320 3.46812e+07 4.58877e+06
10330 3.48564e+07 4.44056e+06
10340 3.2505e+07 2.24882e+06
10350 3.31222e+07 3.72136e+06
10360 3.34097e+07 5.14395e+06
10370 3.3828e+07 5.41529e+06
10380 3.37549e+07 7.42927e+06
10390 3.28893e+07 5.43977e+06
10400 3.15313e+07 1.00328e+07
10410 3.14385e+07 4.54073e+06
10420 3.46554e+07 3.9415e+06
10430 3.30511e+07 2.63917e+06
10440 3.0742e+07 3.63866e+06
10450 3.01598e+07 5.29274e+06
10460 3.32466e+07 4.95591e+06
10470 3.10109e+07 2.66418e+06
10480 2.92523e+07 1.61485e+06
10490 3.08873e+07 3.99828e+06
10500 3.24112e+07 4.23877e+06
10510 3.14818e+07 3.49237e+06
10520 3.16333e+07 2.9596e+06
10530 3.40939e+07 2.25131e+06
10540 3.54581e+07 2.91438e+06
10550 3.46936e+07 3.53503e+06
10560 3.22773e+07 7.80666e+06
10570 3.33613e+07 4.60471e+06
10580 3.28996e+07 3.76319e+06
10590 3.37744e+07 5.61061e+06
10600 3.03401e+07 2.99704e+06
10610 2.84841e+07 4.39012e+06
10620 2.80354e+07 4.09163e+06
10630 3.31488e+07 8.32492e+06
10640 3.16835e+07 3.80794e+06
10650 3.37018e+07 4.44279e+06
10660 3.54344e+07 7.13319e+06
10670 3.39816e+07 5.12042e+06
10680 3.4775e+07 5.06014e+06
10690 3.18991e+07 5.66402e+06
10700 2.78816e+07 3.42482e+06
10710 2.89027e+07 2.22523e+06
10720 3.14004e+07 6.93776e+06
10730 3.27822e+07 4.87685e+06
10740 3.48677e+07 3.59451e+06
10750 3.55684e+07 4.0615e+06
10760 3.30892e+07 2.59134e+06
10770 3.29944e+07 2.57521e+06
10780 3.2074e+07 5.74634e+06
10790 3.0394e+07 5.99039e+06
10800 3.25833e+07 5.93882e+06
10810 3.2368e+07 9.78363e+06
10820 3.54148e+07 8.06608e+06
10830.1 3.27747e+07 6.86606e+06
10840 3.08999e+07 3.71868e+06
10850 3.02546e+07 8.55203e+06
10860 2.8394e+07 5.96191e+06
10870 2.81273e+07 1.94157e+06
10880 3.07896e+07 2.62842e+06
10890 3.27853e+07 3.45739e+06
10900 3.49996e+07 5.09072e+06
10910 3.54777e+07 4.52308e+06
10920 3.58651e+07 5.23904e+06
10930 3.40063e+07 2.11367e+06
10940 3.18723e+07 6.07405e+06
10950 3.315e+07 4.02512e+06
10960 3.55746e+07 2.4085e+06
10970 3.55117e+07 2.46671e+06
10980 3.57745e+07 2.77528e+06
10990 3.07245e+07 1.03841e+06
11000 2.93056e+07 2.18217e+06
11010 3.24514e+07 2.71253e+06
11020 3.3894e+07 4.43274e+06
11030 3.29625e+07 4.77888e+06
11040 3.31933e+07 5.92075e+06
11050 3.32634e+07 4.57872e+06
11060 3.27894e+07 5.57429e+06
11070 3.39414e+07 8.1365e+06
11080 3.48389e+07 6.44367e+06
11090 3.51377e+07 4.19608e+06
11100 3.30552e+07 5.45291e+06
11110 3.27616e+07 8.74594e+06
11120 3.13489e+07 2.67321e+06
11130 2.78012e+07 4.73823e+06
11140.4 3.11938e+07 4.82704e+06
11150 3.09248e+07 4.23275e+06
11160 3.04646e+07 3.90159e+06
11170 3.24166e+07 2.33709e+06
11180 3.02917e+07 6.98939e+06
11190 2.98955e+07 4.58914e+06
11200 2.94442e+07 5.60244e+06
11210 3.00516e+07 3.5441e+06
11220 3.11984e+07 5.05699e+06
11230 3.20176e+07 4.98043e+06
11240 3.41217e+07 5.10673e+06
11250 3.48131e+07 4.11932e+06
11260 3.14251e+07 4.53234e+06
11270 3.20619e+07 9.19688e+06
11280.1 3.09911e+07 7.76876e+06
11290 2.88216e+07 3.61689e+06
11300 2.92314e+07 2.7315e+06
11310 3.23432e+07 3.94758e+06
11320 2.92922e+07 3.89656e+06
11330 2.83288e+07 2.15795e+06
11340 2.86647e+07 4.01793e+06
11350 2.85295e+07 8.71059e+06
11360 2.92399e+07 4.01376e+06
11370 2.87214e+07 2.99903e+06
11380 2.93808e+07 3.86936e+06
11390 3.18857e+07 5.9404e+06
11400 3.39249e+07 7.28183e+06
11410 3.51315e+07 5.22603e+06
11420 3.43432e+07 2.7676e+06
11430 3.17672e+07 6.05821e+06
11440 3.46616e+07 6.70895e+06
11450 3.08185e+07 5.64838e+06
11460 3.12115e+07 5.22243e+06
11470 3.21008e+07 3.78093e+06
11480 3.09071e+07 3.29621e+06
11490 3.1472e+07 6.50368e+06
11500 3.42283e+07 6.44389e+06
11510 3.25246e+07 5.91389e+06
11520 3.02979e+07 4.11788e+06
11530 3.21526e+07 4.32535e+06
11540 3.25091e+07 4.7933e+06
11550.1 3.18904e+07 6.27719e+06
11560 3.25096e+07 5.55439e+06
11570 3.10624e+07 4.33619e+06
11580 2.9421e+07 2.33594e+06
11590 2.98404e+07 3.22942e+06
11600 3.03381e+07 1.90065e+06
11610 2.91415e+07 4.55545e+06
11620 3.00158e+07 6.57933e+06
11630 2.854e+07 4.91536e+06
11640 2.90088e+07 2.58318e+06
11650 2.93816e+07 3.74848e+06
11660 2.95356e+07 2.86551e+06
11670 3.02196e+07 8.47205e+06
11680 3.10954e+07 4.29e+06
11690 3.13468e+07 2.34819e+06
11700 3.159e+07 5.29423e+06
11710 3.081e+07 4.88264e+06
11720 3.17794e+07 4.92697e+06
11730 3.09275e+07 3.37266e+06
11740 3.17551e+07 4.69188e+06
11750 3.07513e+07 9.98665e+06
11760 3.09687e+07 8.13202e+06
11770 2.97713e+07 2.65436e+06
11780 2.98455e+07 4.16386e+06
11790 3.13383e+07 5.49364e+06
11800 3.19849e+07 8.90221e+06
11810 3.2402e+07 5.25919e+06
11820 3.08911e+07 8.48859e+06
11830 2.90524e+07 6.28262e+06
11840 2.90212e+07 1.63196e+06
11850 2.99104e+07 3.63597e+06
11860 3.06348e+07 4.23714e+06
11870 3.07778e+07 5.11612e+06
11880 3.18777e+07 3.23296e+06
11890 3.02268e+07 2.24404e+06
11900 2.95156e+07 5.79225e+06
11910 3.10112e+07 4.33017e+06
11920 3.02917e+07 3.94877e+06
11930 3.11325e+07 4.08527e+06
11940 3.07935e+07 2.26516e+06
11950 3.04689e+07 5.36501e+06
11960 3.08636e+07 4.9924e+06
11970 3.0606e+07 4.56241e+06
11980 3.11879e+07 5.31414e+06
11990 3.10647e+07 6.54351e+06
12000 3.00784e+07 4.10071e+06
12010 3.04421e+07 7.10537e+06
12020 2.93383e+07 3.29608e+06
12030.1 3.17446e+07 3.62389e+06
12040 3.12337e+07 2.24687e+06
12050 3.06122e+07 2.24742e+06
12060 3.15879e+07 3.16722e+06
12070 3.09944e+07 4.4678e+06
12080 3.047e+07 6.99414e+06
12090 3.16178e+07 5.56896e+06
12100 3.09594e+07 3.6296e+06
12110 3.06678e+07 7.67007e+06
12120 3.0335e+07 4.3919e+06
12130 3.04123e+07 3.70911e+06
12140 3.0268e+07 4.59905e+06
12150 3.01299e+07 3.67849e+06
12160 3.02845e+07 4.12075e+06
12170 3.03896e+07 4.40821e+06
12180 2.84092e+07 5.72678e+06
12190 3.01021e+07 4.61671e+06
12200 3.18115e+07 3.73163e+06
12210 3.15673e+07 8.03685e+06
12220 3.20733e+07 6.12536e+06
12230 3.24813e+07 4.88007e+06
12240 3.10261e+07 5.28353e+06
12250 3.43703e+07 6.18425e+06
12260 2.87482e+07 5.84148e+06
12270 2.9625e+07 5.00444e+06
12280 3.02276e+07 1.10238e+06
12290 3.1411e+07 6.10802e+06
12300 3.08687e+07 2.97218e+06
12310 3.04112e+07 3.16416e+06
12320 3.04524e+07 4.95019e+06
12330 3.1354e+07 2.37079e+06
12340 3.12366e+07 1.53574e+06
12350 3.31294e+07 2.7841e+06
12360 3.29326e+07 2.72369e+06
12370 2.98548e+07 2.35252e+06
12380 2.85338e+07 3.20247e+06
12390 2.99697e+07 3.57246e+06
12400 2.74792e+07 3.78541e+06
12410 3.07348e+07 4.60371e+06
12420 3.05194e+07 6.99424e+06
12430 3.24576e+07 5.56686e+06
12440 3.01781e+07 2.25673e+06
12450 3.22435e+07 7.9703e+06
12460 2.99929e+07 9.5727e+06
12470 2.94004e+07 6.77757e+06
12480 2.95529e+07 6.32478e+06
12490 3.14241e+07 4.71571e+06
12500 3.15436e+07 4.43525e+06
12510 3.11758e+07 5.18013e+06
12520 3.10449e+07 4.18459e+06
12530 3.2741e+07 4.35473e+06
12540 3.42979e+07 3.19364e+06
12550 3.23144e+07 2.59689e+06
12560 3.36797e+07 3.25234e+06
12570 3.24318e+07 4.15913e+06
12580 3.30274e+07 4.25398e+06
12590 3.32345e+07 9.10703e+06
12600 3.27173e+07 2.77609e+06
12610 3.37866e+07 3.67955e+06
12620.1 3.28492e+07 4.62884e+06
12630 3.41742e+07 6.03701e+06
12640 3.66464e+07 2.75276e+06
12650 3.66245e+07 908474
12660 3.41835e+07 3.44699e+06
12670 3.40743e+07 1.7087e+06
12680 3.27935e+07 1.02911e+06
12690 3.53149e+07 1.45163e+06
12700 3.62948e+07 2.1057e+06
12710 3.51562e+07 1.41199e+06
12720 3.61742e+07 2.41914e+06
12730 3.58734e+07 1.22914e+06
12740 3.5487e+07 2.09895e+06
12750 3.63494e+07 2.42991e+06
12760 3.61001e+07 1.22542e+06
12770 3.70903e+07 2.26306e+06
12780 3.52067e+07 1.31195e+06
12790 3.59774e+07 2.17765e+06
12800 3.66709e+07 2.10661e+06
12810 3.67265e+07 2.28259e+06
12820 3.58301e+07 1.32557e+06
12830 3.43927e+07 1.63328e+06
12840 3.63298e+07 1.89103e+06
12850 3.48368e+07 2.50917e+06
12860 3.4132e+07 893825
12870 3.48749e+07 1.31631e+06
12880 3.28522e+07 2.93388e+06
12890 3.28491e+07 861464
12900 3.51449e+07 1.49771e+06
12910 3.5149e+07 5.48739e+06
12920 3.51243e+07 7.85032e+06
12930 3.41866e+07 5.37315e+06
12940 3.45874e+07 6.17582e+06
12950 3.36549e+07 3.43462e+06
12960 3.43144e+07 3.26942e+06
12970 3.45885e+07 3.4044e+06
12980 3.64739e+07 9.69034e+06
12990 3.49524e+07 5.65097e+06
13000 3.25045e+07 3.48678e+06
13010 3.47167e+07 3.36094e+06
13020 3.63175e+07 4.10298e+06
13030 3.52984e+07 2.24291e+06
13040 3.18404e+07 4.71064e+06
13050 3.36673e+07 5.67765e+06
13060 3.33293e+07 3.6388e+06
13070 3.29202e+07 4.05823e+06
13080 3.50882e+07 3.73182e+06
13090 3.46039e+07 3.92202e+06
13100 3.31511e+07 1.93024e+06
13110 3.25689e+07 1.93563e+06
13120 3.21268e+07 2.00336e+06
13130 2.94612e+07 6.12034e+06
13140 3.34138e+07 4.268e+06
13150 3.35279e+07 3.21403e+06
13160 3.33337e+07 8.00018e+06
13170 3.10995e+07 5.15785e+06
13180 3.0538e+07 4.92548e+06
13190 3.30253e+07 5.01803e+06
13200 3.26925e+07 8.62887e+06
13210 3.29064e+07 1.0089e+07
13220 3.33973e+07 7.39164e+06
13230 3.20861e+07 6.73449e+06
13240 3.13643e+07 5.07739e+06
13250 3.25472e+07 4.64046e+06
13260 3.21742e+07 5.13599e+06
13270 3.36178e+07 3.21362e+06
13280 3.32417e+07 5.7258e+06
13290 3.32366e+07 4.93902e+06
13300 3.2368e+07 3.39296e+06
13310 3.45132e+07 5.91702e+06
13320 3.38363e+07 3.66176e+06
13330 3.43607e+07 3.69494e+06
13340 3.30841e+07 5.55288e+06
13350 3.07945e+07 1.08562e+07
13360 3.21194e+07 4.78982e+06
13370 3.40034e+07 4.27063e+06
13380 3.50295e+07 3.94524e+06
13390 3.34056e+07 3.43987e+06
13400 3.30934e+07 5.43196e+06
13410 3.21887e+07 4.34032e+06
13420 3.28651e+07 5.19556e+06
13430 3.29146e+07 1.00118e+07
13440 3.04491e+07 5.23265e+06
13450 3.18077e+07 4.78603e+06
13460 3.16384e+07 3.84869e+06
13470 3.54942e+07 5.168e+06
13480 3.58569e+07 4.15328e+06
13490 3.57765e+07 3.53088e+06
13500 3.50521e+07 1.41247e+06
13510 3.61578e+07 1.76277e+06
13520 3.34746e+07 5.2783e+06
13530 3.44834e+07 6.07646e+06
13540 3.19455e+07 3.73073e+06
13550 3.18435e+07 2.83725e+06
13560 3.36601e+07 5.96224e+06
13570 3.30274e+07 1.28984e+07
13580 3.39836e+07 7.62835e+06
13590 3.47348e+07 5.76693e+06
13600 3.26235e+07 5.20304e+06
13610 3.14262e+07 3.77651e+06
13620 3.20094e+07 4.68779e+06
13630 3.11943e+07 5.34356e+06
13640 3.22361e+07 4.61716e+06
13650 3.06387e+07 4.25845e+06
13660 3.14820e+07 5.49029e+06
13670 3.27451e+07 4.69817e+06
13680 3.14056e+07 3.44911e+06
13690 3.22608e+07 5.19983e+06
13700 3.04782e+07 3.66248e+06
13710 3.02958e+07 3.84105e+06
13720 2.93973e+07 2.80032e+06
13730 3.02031e+07 8.07441e+06
13740 2.94921e+07 7.529e+06
13750 3.23927e+07 5.47816e+06
13760 3.36024e+07 2.65469e+06
13770 3.25246e+07 8.79567e+06
13780 3.14128e+07 5.61291e+06
13790 2.90096e+07 4.96602e+06
13800 3.19581e+07 3.29228e+06
13810 3.31655e+07 5.1692e+06
13820 3.10758e+07 5.17241e+06
13830 3.21217e+07 6.22095e+06
13840.1 3.31675e+07 4.73534e+06
13850 3.29924e+07 3.85236e+06
13860 3.32425e+07 3.60781e+06
13870 3.15027e+07 4.8607e+06
13880 3.0419e+07 2.77647e+06
13890 3.0658e+07 6.65877e+06
13900 3.14499e+07 4.80062e+06
13910 2.95537e+07 9.8495e+06
13920 3.37881e+07 4.32709e+06
13930 3.1555e+07 9.1453e+06
13940 2.9894e+07 7.97123e+06
13950 3.06781e+07 2.80782e+06
13960 3.36539e+07 6.43525e+06
13970 3.21258e+07 4.44879e+06
13980 3.10913e+07 6.52045e+06
13990 3.14612e+07 2.3499e+06
14000 3.09264e+07 3.30812e+06
14010 3.18033e+07 3.91645e+06
14020 3.39646e+07 6.38423e+06
14030 3.05488e+07 4.47234e+06
14040 3.12562e+07 4.25561e+06
14050 3.08314e+07 3.83526e+06
14060 3.54066e+07 5.06048e+06
14070 3.59025e+07 6.54401e+06
14080 3.53448e+07 3.74343e+06
14090 3.5555e+07 1.98896e+06
14100 3.37724e+07 3.50863e+06
14110 3.10686e+07 7.06217e+06
14120 2.92376e+07 4.22822e+06
14130 3.22237e+07 2.80639e+06
14140 3.14859e+07 4.45947e+06
14150 3.28615e+07 6.59888e+06
14160 3.14839e+07 3.50431e+06
14170 3.15096e+07 3.25052e+06
14180 3.30158e+07 3.47862e+06
14190 3.4158e+07 5.30901e+06
14200 3.20063e+07 5.77679e+06
14210 3.1419e+07 2.71272e+06
14220 3.52191e+07 4.76999e+06
14230 3.65194e+07 6.18855e+06
14240 3.46812e+07 3.80219e+06
14250 3.30779e+07 3.88103e+06
14260 3.16817e+07 3.30171e+06
14270 2.95014e+07 2.6821e+06
14280 3.23978e+07 6.93943e+06
14290 3.39094e+07 3.44757e+06
14300 3.54179e+07 4.62735e+06
14310 3.43886e+07 3.44651e+06
14320 3.02773e+07 3.99244e+06
14330 2.82391e+07 5.13816e+06
14340 2.78682e+07 5.61291e+06
14350 3.10903e+07 4.75653e+06
14360.1 3.11374e+07 5.91266e+06
14370 3.32286e+07 3.99044e+06
14380 3.50728e+07 3.83673e+06
14390 3.31541e+07 2.28937e+06
14400 3.15735e+07 4.23815e+06
14410 3.42732e+07 7.10876e+06
14420 3.32139e+07 2.3409e+06
14430 3.16858e+07 2.59596e+06
14440 3.34025e+07 1.94338e+06
14450 3.36601e+07 7.06879e+06
14460 3.30975e+07 5.69491e+06
14470 3.40465e+07 9.4226e+06
14480 3.32046e+07 5.9964e+06
14490 3.01268e+07 5.08058e+06
14500 3.09903e+07 3.14898e+06
14510 3.05215e+07 1.77237e+06
14520 3.10395e+07 3.60065e+06
14530 3.26567e+07 2.32806e+06
14540 3.10119e+07 2.81134e+06
14550 3.11531e+07 4.96466e+06
14560 3.20867e+07 4.97229e+06
14570 3.04967e+07 7.56682e+06
14580 3.11016e+07 7.26577e+06
14590 3.11923e+07 5.30978e+06
14600 3.16209e+07 4.25148e+06
14610 3.23896e+07 4.79118e+06
14620 3.09079e+07 3.07703e+06
14630 3.07616e+07 3.68749e+06
14640 3.19857e+07 2.88254e+06
14650 3.22814e+07 4.93839e+06
14660 3.15918e+07 2.89862e+06
14670 3.31142e+07 2.87314e+06
14680 3.26874e+07 2.68787e+06
14690 3.23844e+07 4.71516e+06
14700 3.34878e+07 4.49605e+06
14710 3.2022e+07 5.48534e+06
14720 3.24803e+07 5.44712e+06
14730 3.42938e+07 7.49744e+06
14740 3.21526e+07 4.84124e+06
14750 3.16003e+07 3.08788e+06
14760 3.07902e+07 4.95388e+06
14770 3.30019e+07 4.48386e+06
14780 3.34146e+07 3.41792e+06
14790 3.16001e+07 3.81556e+06
14800 3.21356e+07 7.79069e+06
14810 3.24524e+07 5.75418e+06
14820 3.25709e+07 5.44223e+06
14830 3.32067e+07 3.43389e+06
14840 3.07059e+07 4.16517e+06
14850 2.9726e+07 5.98382e+06
14860 3.09924e+07 3.84539e+06
14870 3.15127e+07 6.01554e+06
14880 3.18445e+07 6.03894e+06
14890 3.25383e+07 3.29936e+06
14900 3.16036e+07 4.13781e+06
14910 3.13751e+07 4.39234e+06
14920 2.96508e+07 4.12871e+06
14930 3.06544e+07 3.00266e+06
14940 3.12953e+07 4.91562e+06
14950 3.06928e+07 3.7949e+06
14960 3.17257e+07 4.10876e+06
14970 3.12458e+07 6.95547e+06
14980 3.08883e+07 8.26849e+06
14990 3.06595e+07 6.12935e+06
15000 3.07059e+07 4.36244e+06
15010 3.07111e+07 5.55548e+06
15020 3.03257e+07 4.2799e+06
15030 3.01279e+07 4.50875e+06
15040 3.09553e+07 4.15733e+06
15050 3.0775e+07 4.97515e+06
15060 2.91323e+07 3.81405e+06
15070 3.08296e+07 5.89973e+06
15080 3.03146e+07 5.9677e+06
15090 3.02938e+07 4.64866e+06
15100 3.14671e+07 3.40257e+06
15110 2.98146e+07 3.17264e+06
15120 2.97232e+07 3.85174e+06
15130 3.11675e+07 5.2539e+06
15140 3.02933e+07 3.28375e+06
15150 3.09795e+07 4.60161e+06
15160 3.06861e+07 4.31798e+06
15170 3.05361e+07 3.40191e+06
15180 2.96031e+07 3.1693e+06
15190 3.05681e+07 4.87782e+06
15200 3.21557e+07 3.78722e+06
15210 3.33231e+07 2.98522e+06
15220 3.23113e+07 3.15487e+06
15230 3.29038e+07 4.59406e+06
15240 3.27997e+07 5.26957e+06
15250 3.34064e+07 4.92087e+06
15260 3.19282e+07 3.47292e+06
15270 3.07461e+07 1.39892e+06
15280 3.08708e+07 5.44126e+06
15290 3.24236e+07 7.25926e+06
15300 2.97878e+07 3.99197e+06
15310 3.1386e+07 5.44933e+06
15320 3.27049e+07 4.49224e+06
15330 3.4676e+07 5.57382e+06
15340 3.07873e+07 5.27008e+06
15350 3.14022e+07 2.90774e+06
15360.1 3.41096e+07 4.43675e+06
15370 3.09429e+07 4.09884e+06
15380 3.19743e+07 3.71188e+06
15390 3.26657e+07 4.52004e+06
15400 3.29244e+07 4.08683e+06
15410 3.09192e+07 3.9522e+06
15420 3.24731e+07 1.89274e+06
15430 3.2504e+07 1.6073e+06
15440 3.42021e+07 5.67795e+06
15450 3.25761e+07 6.63922e+06
15460 3.15158e+07 4.10517e+06
15470 3.4472e+07 2.8038e+06
15480 3.40431e+07 3.78919e+06
15490 3.30771e+07 5.07206e+06
15500 3.24834e+07 4.29009e+06
15510 3.07626e+07 2.55551e+06
15520 2.95539e+07 4.41821e+06
15530 2.73551e+07 2.47908e+06
15540 2.8268e+07 3.91339e+06
15550 3.02773e+07 4.30256e+06
15560 3.02721e+07 3.26114e+06
15570 3.04071e+07 5.01181e+06
15580 3.12572e+07 4.64056e+06
15590 3.30892e+07 7.42617e+06
15600 3.12874e+07 7.21877e+06
15610 3.11538e+07 5.13319e+06
15620 3.1657e+07 3.37233e+06
15630 3.1724e+07 5.72231e+06
15640 3.36663e+07 5.54241e+06
15650 3.48862e+07 5.82942e+06
15660 3.42227e+07 6.85057e+06
15670 3.36601e+07 7.61548e+06
15680 3.24813e+07 3.11676e+06
15690 3.26183e+07 8.93035e+06
15700 3.25514e+07 4.16332e+06
15710 3.29118e+07 4.51314e+06
15720 3.43826e+07 4.49638e+06
15730 3.49347e+07 4.25564e+06
15740 3.21341e+07 3.42934e+06
15750 3.36477e+07 5.0249e+06
15760 3.35189e+07 6.33874e+06
15770 3.29707e+07 3.01623e+06
15780 3.4064e+07 1.26312e+07
15790 3.26637e+07 6.1053e+06
15800 3.15251e+07 2.68838e+06
15810 3.23587e+07 3.5879e+06
15820 3.28595e+07 4.85343e+06
15830 3.07945e+07 7.28681e+06
15840 3.19146e+07 4.00522e+06
15850 3.29656e+07 4.04056e+06
15860 3.53685e+07 3.01617e+06
15870 3.57631e+07 3.19143e+06
15880 3.54365e+07 2.6806e+06
15890 3.37528e+07 1.9647e+06
15900 3.23906e+07 3.00944e+06
15910 3.34725e+07 1.30916e+07
15920 3.33664e+07 1.10712e+07
15930 3.59535e+07 3.53269e+06
15940 3.45032e+07 4.94994e+06
15950 3.0201e+07 5.39828e+06
15960 3.12737e+07 4.90634e+06
15970 3.18486e+07 2.59983e+06
15980 3.24854e+07 1.32612e+06
15990 3.25091e+07 1.08658e+06
16000 3.35168e+07 6.10388e+06
16010 3.46441e+07 4.597e+06
16020 3.38445e+07 4.60825e+06
16030 3.29625e+07 5.8866e+06
16040 3.10418e+07 6.68242e+06
16050 2.97198e+07 2.52581e+06
16060 3.13499e+07 4.31968e+06
16070 3.27286e+07 3.44172e+06
16080 3.61423e+07 2.70534e+06
16090 3.59589e+07 2.67602e+06
16100 3.62175e+07 1.61569e+06
16110 3.59074e+07 2.84754e+06
16120 3.48121e+07 2.39103e+06
16130 3.37878e+07 3.57551e+06
16140 3.46843e+07 7.25759e+06
16150 3.4335e+07 6.15627e+06
16160 3.28116e+07 4.71528e+06
16170 3.44632e+07 4.43988e+06
16180 3.45153e+07 2.65869e+06
16190 3.21763e+07 2.52685e+06
16200 3.21918e+07 4.38539e+06
16210 3.16858e+07 2.34141e+06
16220 3.11006e+07 5.88099e+06
16230 3.447e+07 6.83437e+06
16240 3.28862e+07 7.24387e+06
16250 3.47307e+07 4.16886e+06
16260 3.42057e+07 5.21803e+06
16270 3.13339e+07 3.48476e+06
16280 3.38455e+07 5.14962e+06
16290 3.61639e+07 5.14376e+06
16300 3.54004e+07 3.09859e+06
16310 3.54952e+07 5.13805e+06
16320 3.67544e+07 3.6646e+06
16330 3.68564e+07 8.21894e+06
16340 3.43896e+07 7.18499e+06
16350 3.4944e+07 5.39369e+06
16360 3.72994e+07 2.44318e+06
16370 3.60856e+07 3.14863e+06
16380 3.58466e+07 3.15551e+06
16390 3.54643e+07 2.22118e+06
16400 3.66328e+07 5.43761e+06
16410 3.56766e+07 6.30349e+06
16420 3.2504e+07 5.71159e+06
16430 3.34509e+07 4.8948e+06
16440 3.393e+07 4.45316e+06
16450 3.52428e+07 6.9988e+06
16460 3.49336e+07 4.18715e+06
16470 3.55591e+07 2.543e+06
16480 3.4444e+07 3.55496e+06
16490 3.42775e+07 5.13146e+06
16500 3.42041e+07 3.0725e+06
16510 3.52593e+07 5.19479e+06
16520 3.43896e+07 6.70523e+06
16530 3.56518e+07 5.44547e+06
16540 3.6131e+07 1.80934e+06
16550 3.33499e+07 3.59764e+06
16560 3.05854e+07 2.00963e+06
16570 3.19496e+07 3.22929e+06
16580 3.26359e+07 2.32937e+06
16590 3.32613e+07 2.97913e+06
16600 3.13674e+07 8.11688e+06
16610 3.41001e+07 6.93595e+06
16620 3.56189e+07 3.00253e+06
16630 3.43453e+07 4.45062e+06
16640 3.47791e+07 5.98836e+06
16650 3.2437e+07 3.61797e+06
16660 3.12695e+07 4.06516e+06
16670 3.12953e+07 4.49516e+06
16680 3.29542e+07 2.98648e+06
16690 3.40506e+07 4.54379e+06
16700 3.55818e+07 5.2301e+06
16710 3.51683e+07 6.29725e+06
16720 3.42549e+07 6.22036e+06
16730 3.34942e+07 3.83182e+06
16740 3.5157e+07 4.27233e+06
16750 3.37015e+07 9.90069e+06
16760 3.36786e+07 4.771e+06
16770 3.45174e+07 4.16897e+06
16780 3.31026e+07 6.61709e+06
16790 3.36498e+07 8.44611e+06
16800 3.53623e+07 5.49249e+06
16810 3.58878e+07 3.29947e+06
16820 3.46884e+07 4.37647e+06
16830 3.38538e+07 4.95568e+06
16840 3.03927e+07 4.32969e+06
16850 3.28038e+07 8.16041e+06
16860 3.1996e+07 3.7471e+06
16870 3.08378e+07 3.47509e+06
16880 3.27049e+07 4.28226e+06
16890 3.43803e+07 4.18157e+06
16900 3.20712e+07 930894
16910 3.28368e+07 2.92054e+06
16920 3.42835e+07 3.00447e+06
16930 3.32489e+07 2.28019e+06
16940 3.43855e+07 3.64599e+06
16950 3.1659e+07 4.42456e+06
16960 3.44607e+07 3.26332e+06
16970 3.21299e+07 3.78562e+06
16980 3.41248e+07 3.53228e+06
16990 3.42268e+07 5.55483e+06
17000 3.39465e+07 4.47032e+06
17010 3.41186e+07 5.85597e+06
17020 3.46297e+07 3.55712e+06
17030 3.359e+07 3.82216e+06
17040 3.37786e+07 2.29294e+06
17050 3.25831e+07 1.22467e+07
17060 3.24929e+07 4.98938e+06
17070 3.02185e+07 5.29798e+06
17080 3.15076e+07 4.35992e+06
17090 3.18909e+07 2.08908e+06
17100 3.02793e+07 7.69831e+06
17110 3.09151e+07 6.41957e+06
17120 3.09347e+07 2.57918e+06
17130 3.06266e+07 4.54737e+06
17140 3.20135e+07 4.35956e+06
17150 3.20166e+07 5.40822e+06
17160 2.92294e+07 3.34733e+06
17170 3.05261e+07 4.45234e+06
17180 3.30753e+07 4.28813e+06
17190 3.30594e+07 3.5759e+06
17200 3.08017e+07 2.63162e+06
17210 3.16312e+07 2.14615e+06
17220 3.3454e+07 8.28143e+06
17230 2.95918e+07 8.55734e+06
17240 3.01003e+07 3.67686e+06
17250 3.40547e+07 5.63443e+06
17260 3.33984e+07 7.06588e+06
17270 3.17363e+07 6.2118e+06
17280 3.20063e+07 6.29674e+06
17290 2.7513e+07 2.57232e+06
17300 2.98287e+07 4.35159e+06
17310 3.28646e+07 4.14186e+06
17320 3.3217e+07 6.21171e+06
17330 3.14159e+07 5.60196e+06
17340 3.24257e+07 3.00502e+06
17350 3.14468e+07 2.89912e+06
17360 3.13847e+07 7.74859e+06
17370 3.08708e+07 4.97958e+06
17380 3.0328e+07 3.64459e+06
17390 3.16302e+07 6.62068e+06
17400 3.01536e+07 4.05485e+06
17410 3.1657e+07 2.24674e+06
17420 3.28945e+07 3.18718e+06
17430 3.22917e+07 5.75528e+06
17440 3.481e+07 4.70426e+06
17450 3.16508e+07 4.95135e+06
17460 3.40114e+07 8.18423e+06
17470 3.55972e+07 6.34262e+06
17480 3.39434e+07 2.09353e+06
17490 2.93499e+07 3.30329e+06
17500 3.25617e+07 4.57465e+06
17510 3.26802e+07 2.4458e+06
17520 3.40156e+07 5.83671e+06
17530 3.22453e+07 4.11596e+06
17540 3.10975e+07 3.77491e+06
17550 3.39074e+07 6.2109e+06
17560 3.43092e+07 6.09443e+06
17570 3.45194e+07 1.0174e+07
17580 3.50202e+07 7.09633e+06
17590 3.44916e+07 5.42018e+06
17600 3.29151e+07 5.24398e+06
17610 3.34942e+07 3.78078e+06
17620 3.31665e+07 3.5198e+06
17630 3.35539e+07 3.15661e+06
17640 3.16786e+07 2.41702e+06
17650 3.40073e+07 9.12072e+06
17660 3.37075e+07 5.39551e+06
17670 3.33994e+07 4.33972e+06
17680 3.24718e+07 3.56402e+06
17690 2.94367e+07 4.08228e+06
17700 3.28615e+07 6.00699e+06
17710 3.30284e+07 8.46171e+06
17720 3.27407e+07 3.41326e+06
17730 3.39694e+07 7.63718e+06
17740 3.33417e+07 6.12184e+06
17750 3.39527e+07 8.10823e+06
17760 3.17876e+07 5.16934e+06
17770 3.39929e+07 4.27707e+06
17780 3.22219e+07 8.87965e+06
17790 3.24687e+07 9.95042e+06
17800 3.47051e+07 7.46454e+06
17810 3.4776e+07 3.36267e+06
17820 2.97961e+07 3.2378e+06
17830 3.36877e+07 7.26896e+06
17840 3.18427e+07 4.47016e+06
17850 3.46956e+07 4.87216e+06
17860 3.63494e+07 2.24466e+06
17870 3.45885e+07 1.10343e+06
17880 3.31397e+07 5.01422e+06
17890 3.19288e+07 2.97656e+06
17900 2.99952e+07 3.87703e+06
17910 3.20063e+07 4.49995e+06
17920 3.28636e+07 3.01239e+06
17930 3.45313e+07 6.99693e+06
17940 3.16781e+07 4.94057e+06
17950 2.99712e+07 3.52863e+06
17960 3.06931e+07 4.50126e+06
17970 3.44838e+07 5.22101e+06
17980 3.59517e+07 1.03608e+07
17990 3.60661e+07 2.82817e+06
18000 3.42103e+07 5.10454e+06
18010 3.1903e+07 5.38062e+06
18020 3.26866e+07 5.86083e+06
18030 3.13736e+07 3.93746e+06
18040 3.35838e+07 3.42861e+06
18050 3.39094e+07 5.08225e+06
18060 3.40145e+07 2.73624e+06
18070 3.53128e+07 3.4054e+06
18080 3.40104e+07 1.75705e+07
18090 3.30161e+07 1.00405e+07
18100 2.77178e+07 3.85735e+06
18110 3.17538e+07 3.45857e+06
18120 3.04617e+07 8.4604e+06
18130 2.98734e+07 3.9136e+06
18140 3.4065e+07 5.23245e+06
18150 3.31655e+07 3.82296e+06
18160 3.40815e+07 3.98198e+06
18170 3.60053e+07 5.29414e+06
18180 3.42338e+07 5.92427e+06
18190 3.40168e+07 5.29203e+06
18200 3.09241e+07 2.67992e+06
18210 3.10276e+07 3.50255e+06
18220 3.18741e+07 3.72863e+06
18230 3.23816e+07 6.64351e+06
18240 3.31356e+07 3.27958e+06
18250 3.36487e+07 7.33377e+06
18260 3.2606e+07 4.58209e+06
18270 3.21016e+07 4.82811e+06
18280 3.18079e+07 4.27184e+06
18290 3.11974e+07 3.19932e+06
18300 3.13417e+07 2.33795e+06
18310 3.09955e+07 1.94205e+06
18320 3.02309e+07 5.85948e+06
18330 3.00032e+07 6.45872e+06
18340 3.07863e+07 6.97166e+06
18350 3.02021e+07 5.18437e+06
18360 3.09388e+07 5.51519e+06
18370 2.99947e+07 4.0319e+06
18380 2.89926e+07 5.7525e+06
18390 2.95447e+07 6.06735e+06
18400 3.15189e+07 2.27329e+06
18410 3.16601e+07 2.27077e+06
18420 3.20104e+07 2.45989e+06
18430 3.21588e+07 2.56759e+06
18440 3.27904e+07 3.59455e+06
18450 3.15869e+07 2.92279e+06
18460 2.93046e+07 714918
18470 3.17734e+07 7.45221e+06
18480 3.26235e+07 6.89632e+06
18490.1 3.22943e+07 2.44738e+06
18500 3.03097e+07 3.71913e+06
18510 3.05761e+07 3.20975e+06
18520 3.14241e+07 5.24511e+06
18530 2.67533e+07 5.07264e+06
18540 2.73571e+07 3.83541e+06
18550 3.06379e+07 3.72151e+06
18560 2.97415e+07 5.67662e+06
18570 3.03844e+07 5.94711e+06
18580 3.03989e+07 1.05442e+07
18590 3.01279e+07 4.04836e+06
18600 3.14437e+07 4.34477e+06
18610 3.0506e+07 4.72117e+06
18620 3.08316e+07 5.12705e+06
18630 3.06462e+07 4.92977e+06
18640 3.16796e+07 5.23095e+06
18650 3.12129e+07 3.44077e+06
18660 3.14568e+07 5.56465e+06
18670 3.15717e+07 3.72789e+06
18680 2.99063e+07 4.15878e+06
18690 2.94921e+07 4.98618e+06
18700 3.23419e+07 8.89544e+06
18710 3.36686e+07 4.51019e+06
18720 3.15766e+07 3.82505e+06
18730 3.33211e+07 3.18325e+06
18740 3.38868e+07 2.76433e+06
18750 3.5453e+07 2.03158e+06
18760 3.41011e+07 3.8397e+06
18770 3.1827e+07 4.1003e+06
18780 3.05472e+07 2.78485e+06
18790 3.20052e+07 4.3298e+06
18800 3.28533e+07 8.87516e+06
18810 3.07613e+07 5.00467e+06
18820 3.165e+07 4.57018e+06
18830 3.37116e+07 3.95088e+06
18840 3.1692e+07 2.93277e+06
18850 3.29707e+07 2.73843e+06
18860 3.32211e+07 3.71032e+06
18870 3.22845e+07 1.68301e+06
18880 3.59218e+07 5.77416e+06
18890 3.23566e+07 3.05177e+06
18900 3.13746e+07 4.82692e+06
18910 3.30521e+07 4.67297e+06
18920 3.33551e+07 4.69075e+06
18930 3.41948e+07 3.70042e+06
18940 3.30099e+07 7.52207e+06
18950 3.30501e+07 3.99361e+06
18960 3.05462e+07 7.57996e+06
18970 2.99043e+07 2.68301e+06
18980 3.27945e+07 2.84758e+06
18990 3.21948e+07 3.39127e+06
19000 3.13685e+07 6.16081e+06
19010 3.26925e+07 4.15061e+06
19020 3.20702e+07 2.81566e+06
19030 3.30161e+07 6.16589e+06
19040 3.19682e+07 9.61023e+06
19050 3.35807e+07 1.02625e+07
19060 3.20161e+07 4.18059e+06
19070 3.14854e+07 4.52901e+06
19080 3.0268e+07 4.74555e+06
19090 2.86966e+07 2.82287e+06
19100 2.95508e+07 4.27977e+06
19110 3.14344e+07 3.84942e+06
19120 3.2167e+07 5.70706e+06
19130 3.26956e+07 3.1482e+06
19140 3.38033e+07 3.80688e+06
19150 3.4844e+07 4.58686e+06
19160 3.33108e+07 6.86748e+06
19170 3.55333e+07 9.01662e+06
19180 3.27657e+07 4.12696e+06
19190 3.43999e+07 5.77108e+06
19200 3.66998e+07 4.01401e+06
19210 3.59383e+07 3.6692e+06
19220 3.47286e+07 5.99595e+06
19230 3.27863e+07 4.71784e+06
19240 3.2402e+07 4.02967e+06
19250 3.06925e+07 2.84867e+06
19260 3.05483e+07 2.98292e+06
19270 3.29017e+07 5.82139e+06
19280 3.57977e+07 5.66972e+06
19290 3.52865e+07 5.27662e+06
19300 3.22309e+07 8.33421e+06
19310 3.17136e+07 5.23707e+06
19320 3.31284e+07 1.12762e+07
19330 3.11758e+07 4.91998e+06
19340 3.08038e+07 5.93571e+06
19350 3.17477e+07 4.93088e+06
19360 3.17487e+07 2.6366e+06
19370 3.18239e+07 3.78156e+06
19380 3.14664e+07 2.64472e+06
19390 3.34002e+07 2.11195e+06
19400.1 3.22113e+07 4.67482e+06
19410 3.19859e+07 5.74355e+06
19420 3.02896e+07 2.60677e+06
19430 3.20578e+07 3.70276e+06
19440 3.21681e+07 2.96774e+06
19450 3.15364e+07 1.69484e+06
19460 3.15941e+07 2.75521e+06
19470 3.39136e+07 3.52625e+06
19480 3.46967e+07 4.26148e+06
19490 3.34375e+07 9.16764e+06
19500 3.35756e+07 6.21129e+06
19510 3.34097e+07 5.38259e+06
19520 3.27224e+07 4.16502e+06
19530 3.26962e+07 4.20711e+06
19540 3.29259e+07 4.41827e+06
19550 3.07883e+07 4.27917e+06
19560 3.19682e+07 5.1043e+06
19570 3.1216e+07 7.21709e+06
19580 3.05617e+07 6.09967e+06
19590 3.24885e+07 5.579e+06
19600 3.31541e+07 5.20429e+06
19610 3.48677e+07 4.54834e+06
19620 3.37415e+07 3.84835e+06
19630 3.17992e+07 4.95241e+06
19640 2.89851e+07 2.98551e+06
19650 3.07069e+07 3.20505e+06
19660 3.09275e+07 2.50745e+06
19670 3.04937e+07 2.85991e+06
19680 3.10449e+07 2.16506e+06
19690 3.52057e+07 3.68631e+06
19700 3.25903e+07 4.07009e+06
19710 3.15799e+07 4.50868e+06
19720 3.13262e+07 2.14637e+06
19730 3.09697e+07 2.08447e+06
19740 3.40702e+07 5.53704e+06
19750 3.47142e+07 1.11912e+07
19760 3.31364e+07 4.03665e+06
19770 3.0199e+07 5.54122e+06
19780 3.39076e+07 7.88834e+06
19790 3.27379e+07 3.6764e+06
19800 3.03247e+07 4.62471e+06
19810 3.3184e+07 2.33725e+06
19820 2.83174e+07 2.2356e+06
19830 3.34437e+07 3.98562e+06
19840 3.41268e+07 2.15674e+06
19850 3.41876e+07 8.51804e+06
19860 3.30027e+07 4.31789e+06
19870 3.36693e+07 4.65101e+06
19880 3.37951e+07 4.36375e+06
19890 3.15179e+07 6.64442e+06
19900 3.2335e+07 2.61064e+06
19910 2.90346e+07 7.47056e+06
19920 2.82103e+07 4.76086e+06
19930 3.10253e+07 3.24975e+06
19940 3.16292e+07 2.34223e+06
19950 3.38074e+07 2.18877e+06
19960 3.59228e+07 3.38053e+06
19970 3.38466e+07 1.83449e+06
19980 3.60197e+07 6.31041e+06
19990 3.42464e+07 5.34632e+06
20000 3.18445e+07 3.14764e+06
20010 3.05223e+07 3.86924e+06
20020 3.16982e+07 4.09234e+06
20030.1 3.40228e+07 3.56764e+06
20040 3.18211e+07 5.40211e+06
20050 3.05617e+07 2.57572e+06
20060 3.20063e+07 2.36367e+06
20070 3.09151e+07 3.92176e+06
20080 3.13376e+07 5.47601e+06
20090 2.9456e+07 4.65568e+06
20100 3.18206e+07 3.7435e+06
20110 3.50277e+07 4.64774e+06
20120 3.55436e+07 4.43663e+06
20130 3.58167e+07 2.91661e+06
20140 3.47636e+07 1.43709e+07
20150 3.24687e+07 6.74028e+06
20160 2.96747e+07 3.61236e+06
20170 3.15766e+07 2.47654e+06
20180 3.32665e+07 5.56972e+06
20190 3.45717e+07 5.17783e+06
20200 3.13873e+07 4.4701e+06
20210 3.33747e+07 3.52858e+06
20220 3.67286e+07 6.10844e+06
20230 3.52541e+07 4.53081e+06
20240 3.61846e+07 8.95506e+06
20250 3.4845e+07 4.35278e+06
20260 3.5556e+07 4.86e+06
20270 3.51068e+07 5.26949e+06
20280 3.41938e+07 4.24305e+06
20290 3.35653e+07 4.02945e+06
20300 3.43082e+07 6.30141e+06
20310 3.55612e+07 3.20176e+06
20320 3.12355e+07 1.89372e+06
20330 3.42309e+07 4.33363e+06
20340 3.31964e+07 2.89173e+06
20350 3.14797e+07 3.22557e+06
20360 3.05854e+07 6.24475e+06
20370 3.50326e+07 7.92249e+06
20380 3.19651e+07 4.6608e+06
20390 3.6845e+07 3.5324e+06
20400 3.45813e+07 2.5629e+06
20410 3.28636e+07 3.38872e+06
20420 3.26369e+07 1.6847e+06
20430 3.55272e+07 3.23262e+06
20440 3.67276e+07 3.94064e+06
20450 3.47131e+07 3.04395e+06
20460 3.57095e+07 2.49938e+06
20470 3.35581e+07 3.11082e+06
20480 3.35107e+07 1.69435e+06
20490 3.40228e+07 1.84395e+06
20500 3.23597e+07 3.20436e+06
20510 3.26377e+07 6.81031e+06
20520.1 3.11327e+07 4.7343e+06
20530 3.47028e+07 4.94692e+06
20540 3.43844e+07 4.96277e+06
20550 3.29161e+07 6.79752e+06
20560 3.5284e+07 9.18777e+06
20570 3.55983e+07 5.25523e+06
20580 3.30357e+07 2.54e+06
20590 3.35622e+07 2.75485e+06
20600 3.51572e+07 5.67718e+06
20610 3.16116e+07 2.88397e+06
20620 3.04226e+07 2.56212e+06
20630 3.07183e+07 3.24878e+06
20640 3.17023e+07 7.0288e+06
20650 2.90125e+07 3.02126e+06
20660 2.99645e+07 3.99832e+06
20670 2.90212e+07 4.05653e+06
20680 3.08502e+07 915546
20690 3.16477e+07 1.69088e+06
20700 3.1453e+07 5.17459e+06
20710 3.37786e+07 9.27862e+06
20720 3.24112e+07 2.3165e+06
20730 3.2099e+07 5.07468e+06
20740 3.33015e+07 4.12627e+06
20750 3.40424e+07 3.35321e+06
20760 3.0844e+07 6.57875e+06
20770 2.98589e+07 4.86589e+06
20780 2.97178e+07 5.59173e+06
20790 2.83113e+07 4.13156e+06
20800 2.77363e+07 2.71461e+06
20810 2.90583e+07 4.93254e+06
20820 3.24669e+07 4.32071e+06
20830 3.6437e+07 1.18607e+06
20840 3.66861e+07 6.00815e+06
20850 3.66598e+07 8.11738e+06
20860 3.29646e+07 3.15482e+06
20870 3.13159e+07 5.61945e+06
20880 3.12428e+07 3.95716e+06
20890 3.18713e+07 3.0577e+06
20900.1 3.18319e+07 2.30784e+06
20910 3.05854e+07 3.55332e+06
20920 3.55222e+07 3.51374e+06
20930 3.56127e+07 2.56484e+06
20940 3.20702e+07 2.66636e+06
20950 3.28048e+07 7.19167e+06
20960 3.01451e+07 5.93096e+06
20970 2.97724e+07 2.89557e+06
20980 3.23682e+07 4.82876e+06
20990 3.46864e+07 3.34686e+06
21000 3.57567e+07 1.05245e+07
21010 3.26639e+07 4.92218e+06
21020 3.06936e+07 2.99066e+06
21030 2.9149e+07 4.55731e+06
21040 3.05936e+07 4.03692e+06
21050 3.20011e+07 4.19319e+06
21060 3.20125e+07 2.04977e+06
21070 3.15086e+07 2.92728e+06
21080 3.22711e+07 3.76718e+06
21090 3.18445e+07 4.41781e+06
21100.1 2.96485e+07 2.31801e+06
21110 2.77889e+07 4.03313e+06
21120 3.09225e+07 4.38476e+06
21130 3.14939e+07 3.99261e+06
21140 3.04249e+07 6.28459e+06
21150 3.05586e+07 3.50517e+06
21160 2.98497e+07 4.31001e+06
21170.1 3.07959e+07 4.20067e+06
21180 2.92981e+07 2.82612e+06
21190 3.09161e+07 2.10317e+06
21200 3.1895e+07 5.2857e+06
21210 3.18414e+07 4.72731e+06
21220 3.42773e+07 8.75477e+06
21230 3.40071e+07 2.71694e+06
21240 3.44012e+07 3.72479e+06
21250 3.04081e+07 3.58178e+06
21260 2.97652e+07 1.9108e+06
21270 3.09615e+07 4.7284e+06
21280 3.45452e+07 2.57805e+06
21290 3.49429e+07 2.34995e+06
21300 3.36879e+07 2.73225e+06
21310 3.2709e+07 1.72706e+06
21320 3.46833e+07 4.95505e+06
21330 3.42505e+07 3.84379e+06
21340 3.20794e+07 2.05584e+06
21350 3.43607e+07 3.21584e+06
21360 3.30202e+07 2.70418e+06
21370 3.03247e+07 4.01206e+06
21380 3.40351e+07 4.88059e+06
21390 3.29285e+07 2.59657e+06
21400 3.41186e+07 2.47984e+06
21410 3.1928e+07 4.76354e+06
21420 3.16127e+07 5.66832e+06
21430 3.20557e+07 3.68246e+06
21440 3.08942e+07 2.09953e+06
21450 3.18726e+07 4.2381e+06
21460 3.32644e+07 5.4148e+06
21470 3.13087e+07 4.36718e+06
21480 3.15385e+07 4.17576e+06
21490 3.11315e+07 3.93269e+06
21500 3.19764e+07 5.54033e+06
21510 3.08172e+07 5.85543e+06
21520 3.23061e+07 4.34934e+06
21530 3.24772e+07 3.92282e+06
21540 3.42381e+07 4.37401e+06
21550 3.4369e+07 2.68043e+06
21560 3.50037e+07 3.19217e+06
21570 3.29316e+07 2.49871e+06
21580 3.16498e+07 2.005e+06
21590 3.29285e+07 3.12239e+06
