# TimeStamp(s) Sum Stdev
0.125 6.29677e+06 73490.9
10.5 5.91449e+06 216384
21.25 2.33076e+06 328650
30.75 9.12522e+06 168072
41 2.54484e+06 242093
50.5 9.75916e+06 337631
63 6.00826e+06 74708.7
71 1.62288e+06 561665
80.25 9.29627e+06 556393
90.125 5.36941e+06 670110
101.375 3.46626e+06 390018
110.375 6.75196e+06 1.02996e+06
122.125 3.67828e+06 602366
130.5 7.32148e+06 1.00479e+06
140.125 4.94901e+06 587153
151.25 3.03246e+06 326067
160.5 6.87331e+06 597201
171.5 3.19115e+06 621364
180.125 7.78516e+06 946040
190.5 5.7012e+06 459186
200.75 2.74704e+06 248605
214.125 8.56262e+06 613298
220.5 3.28443e+06 630832
230.25 9.30912e+06 1.17887e+06
240.125 5.93304e+06 427020
250.375 1.58681e+06 247687
262.125 7.49822e+06 614478
270.125 7.12934e+06 387190
280.25 5.41166e+06 395032
292.125 3.93303e+06 279664
300.25 7.21589e+06 718476
312 4.93228e+06 539915
320.375 6.43303e+06 627224
331.625 2.6471e+06 351049
340.25 8.48328e+06 1.56638e+06
353.25 4.95416e+06 914492
360.5 2.37919e+06 495235
370.25 8.63166e+06 1.55979e+06
383.625 5.22309e+06 1.06051e+06
390.25 4.14736e+06 735589
400.125 7.89389e+06 1.0646e+06
410.375 2.53478e+06 421173
420.125 9.66e+06 1.37099e+06
430.125 6.22774e+06 719846
440.75 3.17878e+06 358771
450.125 9.60436e+06 1.43253e+06
462.625 5.98765e+06 737543
470.625 3.10847e+06 478518
480.125 9.30784e+06 1.21799e+06
491.125 3.71459e+06 483248
500.25 8.61208e+06 1.09482e+06
510 5.85782e+06 609826
521.375 2.35034e+06 218748
530.125 8.94284e+06 796095
541.25 5.17260e+06 428785
550.375 3.17363e+06 296780
560 9.00157e+06 517004
573.75 5.91037e+06 347647
580.5 4.44617e+06 745764
590.125 8.32254e+06 709656
600.75 2.84287e+06 336773
610.25 9.07679e+06 811621
620 5.45802e+06 430789
630.375 1.68161e+06 254382
642 8.24217e+06 429590
650.25 3.41783e+06 624509
660.375 8.9212e+06 796297
670.75 5.7352e+06 229313
680.625 3.31686e+06 733894
691.125 8.10409e+06 562972
700.625 2.21124e+06 418228
710 9.39106e+06 488070
720.125 6.05463e+06 381716
730.25 2.5997e+06 261482
740.625 8.88823e+06 606865
750.25 3.16642e+06 246954
760 8.53995e+06 591532
770.375 5.57549e+06 326190
780.125 3.07986e+06 127536
790.625 8.75634e+06 464939
801 2.73674e+06 349152
810.25 9.22826e+06 844604
820.25 5.87431e+06 551070
831 2.78002e+06 318751
842.125 9.00982e+06 617751
850.625 2.62236e+06 309148
861 9.38591e+06 692307
870 5.78466e+06 468953
881 2.09583e+06 294805
893.125 8.94696e+06 739077
900.5 3.23751e+06 294282
910.5 9.09637e+06 1.00631e+06
920.5 5.87019e+06 658465
930.125 2.53375e+06 462960
942.125 7.37457e+06 766541
950 7.31275e+06 787801
960.25 5.55798e+06 587360
973.375 4.72541e+06 486878
980.5 3.73004e+06 610343
991 4.85112e+06 1.0867e+06
1000 8.40085e+06 806761
1010.25 5.59816e+06 687176
1021 3.35704e+06 346477
1030.5 7.99154e+06 942453
1040.88 3.65276e+06 572584
1050.12 8.44128e+06 1.18502e+06
1060.88 5.48378e+06 632313
1070.88 1.73519e+06 246117
1080.88 9.45289e+06 1.15585e+06
1090.5 2.271e+06 184070
1100.12 9.21074e+06 1.17283e+06
1111.88 5.80527e+06 451817
1120.25 2.55642e+06 631278
1130.5 9.5312e+06 987413
1141.88 3.70841e+06 313012
1150 8.15252e+06 754678
1160.5 5.68986e+06 608850
1171.38 3.07059e+06 315016
1180.5 7.90316e+06 777517
1193.75 5.30862e+06 505172
1200.62 2.54302e+06 381641
1210.25 8.73058e+06 781696
1220 5.55694e+06 586146
1230.5 2.61515e+06 319443
1243 8.82228e+06 988325
1250.12 7.10357e+06 805695
1260 6.18858e+06 753306
1273 5.39311e+06 672582
1280.5 3.04356e+06 373366
1291.62 8.24756e+06 1.09968e+06
1300.5 2.05977e+06 470541
1310.12 9.80219e+06 1.18178e+06
1320.38 5.88049e+06 714560
1330.38 2.65328e+06 335017
1340.25 8.88926e+06 853157
1350.5 2.15741e+06 204017
1360.12 8.97605e+06 918671
1370.5 5.48791e+06 699604
1380.62 1.95054e+06 324751
1390.38 9.14171e+06 756277
1400.88 3.01701e+06 220226
1410 7.31481e+06 608440
1420.38 5.33953e+06 341107
1432.38 3.63525e+06 274090
1440.5 6.13912e+06 498174
1450.25 6.40496e+06 597705
1460.38 2.87172e+06 466333
1470.38 8.93872e+06 791792
1482.25 5.46936e+06 327346
1490.62 3.14993e+06 741761
1500.12 9.54253e+06 576359
1510.62 1.92375e+06 244410
1520.25 8.43382e+06 758236
1530.75 5.04793e+06 345545
1540.88 2.66667e+06 283736
1550.62 7.61156e+06 432351
1562.88 5.13654e+06 652515
1570.25 4.80578e+06 538170
1580.5 7.98251e+06 844964
1593.62 5.63835e+06 676334
1600.88 3.17878e+06 268256
1610.38 5.08502e+06 540001
1620.5 7.87844e+06 618882
1630 5.40341e+06 470256
1640.38 2.73674e+06 265259
1650.38 7.57034e+06 416962
1662.62 3.56003e+06 668588
1670.12 7.31480e+06 498981
1680.38 6.66978e+06 554620
1690.38 3.49408e+06 430553
1701.12 7.79703e+06 901111
1710 7.47864e+06 827020
1723.12 4.97786e+06 525242
1730.62 4.356e+06 863107
1740.62 8.53171e+06 1.08502e+06
1750.5 1.91169e+06 389154
1760.25 8.42837e+06 1.41168e+06
1771 5.29625e+06 703838
1781.88 2.33488e+06 466815
1790.75 7.71364e+06 1.09064e+06
1801.5 3.00876e+06 225608
1810.38 8.73058e+06 753237
1820.5 5.84546e+06 813400
1831.5 3.20248e+06 502622
1840.25 8.17931e+06 261282
1851.12 3.13255e+06 897504
1861.12 9.36015e+06 716120
1870.5 6.4029e+06 437508
1880.38 2.62546e+06 474899
1890.88 1.01443e+07 690060
1900.25 2.42968e+06 392375
1910.25 9.7177e+06 502390
1920.75 6.169e+06 483992
1931 2.52629e+06 205841
1941.25 9.94154e+06 709486
1950.5 4.68626e+06 549233
1960.12 8.70378e+06 795875
1970.25 6.56777e+06 514795
1980.88 4.24730e+06 601820
1991.38 5.65792e+06 753763
2000.12 9.50441e+06 993067
2010.12 6.35344e+06 580111
2020.25 2.56776e+06 168822
2031.62 9.88978e+06 576850
2040 2.89851e+06 423059
2050.12 9.55077e+06 446485
2061.12 6.49976e+06 466875
2071.12 3.64864e+06 579876
2080.12 9.00775e+06 919348
2091 3.56415e+06 270801
2100.62 8.58529e+06 845280
2110.38 6.31635e+06 581595
2120.5 3.4776e+06 705800
2133.75 9.13449e+06 941849
2140.5 6.06881e+06 868204
2150.88 7.28311e+06 599410
2162.75 4.90161e+06 504003
2170.12 8.01033e+06 957917
2180.5 6.58322e+06 609565
2191 2.75116e+06 563439
2200.25 8.46473e+06 1.30751e+06
2210.38 5.3622e+06 716842
2221.25 3.43226e+06 572873
2230.5 7.75066e+06 1.0529e+06
2241.75 3.82278e+06 731778
2250.38 8.46989e+06 1.4259e+06
2260.38 6.17622e+06 1.15009e+06
2271 2.47811e+06 362704
2280.62 9.7754e+06 1.34069e+06
2290.88 2.19372e+06 421369
2300.38 9.97736e+06 1.31815e+06
2311.38 5.96086e+06 959611
2320.5 2.31633e+06 392816
2330.5 9.70534e+06 1.19011e+06
2340.62 2.74704e+06 605439
2350.5 1.01134e+07 1.36356e+06
2360.25 6.24319e+06 829522
2371.62 2.12262e+06 205094
2380.62 9.48895e+06 1.02138e+06
2391.38 3.81557e+06 496861
2400.62 8.15458e+06 958051
2410.62 6.1824e+06 804078
2421.38 3.42196e+06 374367
2430.38 8.57498e+06 701429
2442 3.75374e+06 390547
2450.12 7.90729e+06 478934
2460.5 6.14942e+06 382019
2471.25 3.57445e+06 416791
2480 8.92532e+06 538576
2490.88 2.98816e+06 131787
2500.75 9.35191e+06 606820
2510.12 5.89492e+06 324468
2520.75 2.67698e+06 333081
2530.38 1.02576e+07 554177
2541 3.36092e+06 303354
2550.5 9.81892e+06 942947
2560.25 6.6265e+06 502198
2570.62 2.36761e+06 443187
2580.25 1.0125e+07 709469
2590.75 3.43741e+06 279821
2600.5 9.2025e+06 625942
2610 6.26071e+06 478696
2620 4.16694e+06 361372
2632.5 7.16412e+06 447924
2640.12 8.66281e+06 509958
2650.25 6.72233e+06 504432
2662 4.67183e+06 423450
2670.12 7.92995e+06 795855
2681.5 3.16102e+06 385244
2690.12 9.82407e+06 792996
2700.12 6.508e+06 534163
2711.88 2.66049e+06 277485
2720.25 1.03864e+07 623834
2730.12 3.49384e+06 269369
2740.12 9.56338e+06 854982
2750.25 6.76973e+06 593145
2760.38 3.5456e+06 565015
2771 9.389e+06 1.03701e+06
2780.5 3.20145e+06 580731
2790 9.26741e+06 1.13516e+06
2803.75 5.97322e+06 722408
2810.12 6.43666e+06 701115
2823.88 6.09403e+06 709870
2830 7.49822e+06 663835
2840.12 6.56055e+06 587043
2851.75 3.05719e+06 149599
2860 1.0067e+07 640910
2872.88 4.71923e+06 229448
2880 7.9248e+06 467175
2890 6.48224e+06 317715
2902 4.21742e+06 207225
2910 8.69451e+06 396434
2920.38 2.78414e+06 129295
2930.25 1.01103e+07 367028
2940 6.44103e+06 514540
2951.5 2.56363e+06 270985
2960.25 1.00959e+07 925285
2970.5 3.77126e+06 289698
2980.25 8.66669e+06 1.29147e+06
2990 6.15973e+06 784033
3001 2.30088e+06 431853
3013.12 9.78262e+06 1.06532e+06
3020.12 3.84854e+06 364949
3030 8.62238e+06 792960
3043.5 5.57652e+06 705556
3050.62 5.02526e+06 587910
3063.75 7.6672e+06 870755
3070.12 6.07396e+06 645885
3080.25 7.33669e+06 895978
3091 3.43226e+06 301286
3100 9.19529e+06 832593
3113.12 5.50646e+06 489791
3120.38 6.64893e+06 797606
3130.38 6.62159e+06 564983
3144.5 5.90625e+06 557552
3150.12 5.00774e+06 434365
3160.75 7.08994e+06 1.07244e+06
3170.38 6.8658e+06 973589
3181.12 2.44823e+06 398284
3190.12 1.0067e+07 1.80368e+06
3201.12 3.5456e+06 661185
3210.38 9.39148e+06 1.79801e+06
3220.12 6.66978e+06 1.30084e+06
3230.62 2.91706e+06 425393
3240.12 1.01618e+07 1.54558e+06
3250.75 3.1489e+06 459776
3260.38 9.43537e+06 1.21909e+06
3270 6.24628e+06 825090
3280.75 2.59224e+06 405063
3290.38 1.02507e+07 933527
3300.12 2.92324e+06 331142
3310 9.91863e+06 971435
3320.12 5.90007e+06 606256
3331.62 2.25736e+06 245510
3340 1.12852e+07 932078
3350.5 3.10641e+06 203976
3360.12 9.57884e+06 577452
3370 6.474e+06 429969
3380.38 3.09532e+06 378733
3392.75 9.31894e+06 592571
3400.38 6.18343e+06 556823
3410.38 7.2334e+06 449491
3421.62 4.05256e+06 191011
3430 8.77900e+06 266382
3443.38 4.99641e+06 288164
3450 7.07472e+06 466342
3460.12 6.34005e+06 442364
3473.62 5.27152e+06 403851
3480.62 5.01496e+06 561276
3490.75 4.32252e+06 540316
3500.62 7.90832e+06 676721
3510 5.63526e+06 313340
3522 3.50851e+06 229374
3530.12 7.62908e+06 657546
3540.25 5.82072e+06 469281
3550 6.64917e+06 760405
3564 5.14169e+06 255970
3570.25 4.45442e+06 633011
3582.25 5.62677e+06 383901
3590.38 8.08064e+06 729041
3600 6.21022e+06 341633
3610.75 3.26818e+06 192748
3621.25 8.85138e+06 499887
3630.12 9.90008e+06 501518
3640.12 6.93356e+06 343658
3650.12 3.24473e+06 160986
3660.88 8.50904e+06 433168
3670.25 7.92686e+06 417130
3680.25 6.43588e+06 293618
3693.25 4.73984e+06 389791
3700.38 7.87431e+06 628695
3712 5.491e+06 549843
3720.25 7.57035e+06 782815
3730.25 6.51316e+06 697221
3742.62 4.47399e+06 518242
3750.5 8.65639e+06 854327
3760.5 3.86297e+06 435541
3770.12 1.00227e+07 1.04361e+06
3780.12 6.46782e+06 800186
3790.25 3.42711e+06 273720
3801.12 7.43536e+06 986538
3810.38 7.81043e+06 266848
3823 4.62134e+06 500942
3830.25 7.60023e+06 944410
3843.12 4.99641e+06 522852
3850 7.96396e+06 1.05433e+06
3860.25 6.28338e+06 788624
3871.38 3.49924e+06 397173
3880 8.8975e+06 880292
3893.5 5.31995e+06 448185
3900.12 7.62393e+06 952714
3910.25 6.32047e+06 831121
3923 4.93974e+06 601022
3930 7.74757e+06 961890
3942.25 4.74808e+06 380423
3950 8.56159e+06 829465
3960 6.61929e+06 703145
3971.25 3.98971e+06 414508
3980 8.53789e+06 898114
3990.75 3.15817e+06 311574
4000.38 9.7517e+06 969251
4010.12 6.02887e+06 532828
4020.25 2.98198e+06 401782
4030.38 9.22105e+06 772770
4041.25 2.71098e+06 154844
4050 9.65484e+06 870818
4060.38 6.23495e+06 495329
4071 2.60382e+06 287972
4080.38 1.00825e+07 750487
4090.12 2.99537e+06 198603
4100 1.02133e+07 940268
4110 6.42866e+06 574202
4120.5 3.29625e+06 505013
4130 9.75994e+06 672249
4140.25 3.15405e+06 292318
4150.25 9.81147e+06 855244
4160.25 6.33077e+06 472289
4170.38 3.19115e+06 373339
4180.88 9.58478e+06 539457
4190.38 4.3635e+06 600783
4200.12 8.27744e+06 1.07173e+06
4214.12 5.81866e+06 547614
4220 4.65843e+06 447712
4233.62 7.87122e+06 648195
4240.38 3.35449e+06 742553
4250 8.68264e+06 953433
4263.38 5.13139e+06 554133
4270.62 3.66925e+06 579355
4280 8.30193e+06 642790
4290.38 2.73262e+06 377033
4300.25 8.33799e+06 813386
4310.12 5.27461e+06 545790
4321 1.78774e+06 143714
4332.38 8.64299e+06 722902
4341.62 3.36195e+06 650094
4350 7.16152e+06 564859
4362.12 3.83927e+06 513238
4370 6.80476e+06 1.25304e+06
4380.38 5.35396e+06 795891
4390.38 1.37249e+06 331417
4400.38 9.8599e+06 1.77223e+06
4410.12 6.0299e+06 1.10103e+06
4421 1.80423e+06 303097
4430.12 9.13243e+06 1.33838e+06
4442.38 3.83927e+06 520283
4450.12 7.14479e+06 999533
4460.12 5.95262e+06 680881
4471.5 5.62804e+06 528476
4480.12 1.8949e+06 391927
4490.62 9.32512e+06 942349
4500.25 3.66101e+06 630848
4510.25 8.83877e+06 599498
4521.12 5.6198e+06 335435
4530.5 2.32767e+06 466149
4541.38 7.07987e+06 457169
4550.38 7.50646e+06 442952
4560.38 5.92995e+06 191543
4572.88 4.78724e+06 327582
4580.38 7.54846e+06 259311
4593 4.82148e+06 597559
4600 8.10512e+06 795095
4610 6.47297e+06 497306
4623.75 5.39826e+06 513005
4630.75 4.74475e+06 1.035e+06
4642.38 6.96653e+06 836203
4650 8.12288e+06 732054
4660.12 5.85782e+06 565508
4671.25 2.16796e+06 236526
4680.12 9.2262e+06 805233
4690.38 2.21536e+06 299497
4701.12 9.58478e+06 833968
4710 6.0536e+06 635337
4720.25 3.47142e+06 450786
4731 9.09637e+06 833658
4740.25 3.12314e+06 315596
4750.12 9.05824e+06 614624
4760.62 6.169e+06 519051
4770.75 2.33076e+06 402716
4780.25 9.97839e+06 730762
4790.62 3.7455e+06 392984
4800.62 8.92223e+06 681954
4813 4.74808e+06 433692
4820.12 8.05463e+06 534325
4830.38 6.45236e+06 302154
4840.62 3.70016e+06 934855
4850.75 9.24784e+06 750034
4864.12 6.15458e+06 355074
4870.38 5.26431e+06 308680
4883.62 7.12109e+06 454243
4890.5 6.9024e+06 498804
4900 6.53813e+06 481090
4911.12 3.35189e+06 279768
4920.25 8.64093e+06 508566
4933.12 4.76766e+06 213723
4940 7.76406e+06 334048
4950.25 6.4029e+06 382009
4961.25 3.93818e+06 183578
4970 8.78107e+06 289250
4980.75 3.2777e+06 128919
4990.38 9.73831e+06 457732
5000.38 6.41939e+06 261583
5010.38 3.26946e+06 445026
5020 9.82486e+06 521127
5030.38 3.17054e+06 219017
5040.62 9.04588e+06 367129
5050.38 6.05051e+06 292760
5060.38 3.2911e+06 195101
5071 6.51522e+06 338313
5080.25 9.40652e+06 278252
5090.25 6.64196e+06 276619
5100.62 3.08398e+06 344525
5112.5 8.57911e+06 540926
5120 6.54819e+06 527263
5130.25 6.30192e+06 763307
5144.88 5.70738e+06 466105
5150.88 5.20249e+06 358589
5161.75 6.80864e+06 561041
5170.25 8.17131e+06 910098
5180.12 6.53479e+06 636057
5190.62 2.92427e+06 580714
5200.12 9.48792e+06 855829
5210.12 4.57655e+06 713610
5220.25 9.17001e+06 1.08144e+06
5233.25 5.32716e+06 300427
5240.12 7.85164e+06 573330
5253.62 5.74139e+06 350079
5260.12 7.54768e+06 629651
5270.38 6.74087e+06 554240
5281.62 4.28852e+06 324358
5290.25 9.59096e+06 546466
5301.5 3.15096e+06 223165
5310 9.89596e+06 689472
5320.62 6.6131e+06 452586
5330.75 2.15044e+06 310496
5340.25 9.97839e+06 682262
5350.75 2.55745e+06 131001
5360.25 1.01433e+07 861251
5370.38 6.24731e+06 639815
5380.25 2.76662e+06 171777
5391.88 8.55953e+06 582557
5400.12 7.75788e+06 552387
5410.12 6.34005e+06 389822
5423.38 5.10769e+06 159342
5430.25 7.65587e+06 517416
5441 4.03401e+06 517394
5450.25 8.84186e+06 695159
5464.5 6.0536e+06 392841
5470.12 4.69632e+06 290552
5482 6.28259e+06 595523
5490 7.86298e+06 904584
5500.12 6.18342e+06 494425
5511.25 2.87687e+06 302057
5523.88 8.13604e+06 734532
5530.38 3.65895e+06 453000
5540.12 8.82434e+06 826319
5550.62 6.38951e+06 565083
5560.25 2.99743e+06 485663
5570.5 7.61053e+06 628693
5580.5 2.65534e+06 328830
5590.25 9.53429e+06 854987
5600.5 5.80012e+06 614146
5610.12 2.33488e+06 223108
5622 8.0093e+06 794812
5630.12 8.14325e+06 871871
5640.5 6.08142e+06 584344
5650.75 2.47502e+06 203648
5663 8.20095e+06 654273
5670.25 7.19528e+06 560083
5680 5.79909e+06 392722
5691.12 5.52706e+06 376575
5700.62 4.18445e+06 264562
5712 6.08608e+06 615249
5720.25 8.83616e+06 643084
5730.75 5.67235e+06 249503
5740.62 1.58166e+06 355386
5751 9.30657e+06 481090
5760.75 3.23442e+06 302092
5770.38 8.47813e+06 579211
5780 5.72078e+06 417468
5793.12 4.13705e+06 284821
5800.25 4.95107e+06 713946
5811.5 4.49181e+06 493285
5820.25 8.42425e+06 746029
5830.25 6.02474e+06 414934
5841.12 3.52396e+06 285687
5851.38 8.46679e+06 485279
5861 4.10202e+06 384172
5870 7.61465e+06 685180
5881.5 5.83515e+06 192309
5890.38 2.67286e+06 351400
5900.25 8.93254e+06 546036
5911.12 2.22978e+06 306626
5920.12 9.18498e+06 386472
5930.75 5.79394e+06 325672
5940.38 2.84905e+06 199456
5950.38 9.2159e+06 421170
5960.5 2.63782e+06 382113
5970.25 9.45186e+06 625814
5980.38 5.89388e+06 469066
5990.75 1.97424e+06 277822
6000 9.56211e+06 509462
6010.88 1.932e+06 203122
6020 9.03763e+06 525730
6030.75 5.35189e+06 441285
6041.25 2.72231e+06 316612
6050.25 7.90523e+06 660556
6062.12 4.19888e+06 449155
6070.38 7.10048e+06 583197
6080.88 5.47657e+06 541624
6093.12 4.52242e+06 402381
6100 3.61052e+06 522414
6111.25 5.79497e+06 543294
6120 7.41991e+06 524397
6130.5 5.38487e+06 416457
6143.62 5.15406e+06 462081
6150 4.06596e+06 988978
6162.12 7.21383e+06 1.20752e+06
6170.5 7.7146e+06 900378
6180.25 6.4266e+06 424760
6191.38 2.96858e+06 269848
6200.25 9.06752e+06 696270
6210.12 6.14633e+06 675842
6220.38 2.92736e+06 363593
6230.25 8.35345e+06 900448
6241.12 5.59507e+06 581346
6250.12 2.64916e+06 249216
6260.12 8.32254e+06 889512
6270.62 1.87636e+06 253114
6280 9.14583e+06 833059
6290.12 5.5858e+06 366709
6301.5 2.04843e+06 277643
6310.25 8.64608e+06 636181
6320 5.39826e+06 490131
6330.38 1.74962e+06 207445
6340.25 9.04073e+06 964538
6350.25 5.26946e+06 552313
6361.12 2.02679e+06 228324
6370.12 8.8872e+06 779671
6382.38 4.05462e+06 377561
6390.12 5.94825e+06 705368
6400.38 6.2898e+06 792592
6414 4.99641e+06 540991
6420.5 4.30398e+06 524981
6433.25 7.13758e+06 987650
6440.75 3.56415e+06 340815
6450.12 7.74139e+06 848282
6463.62 4.79548e+06 346508
6471 1.48456e+06 209888
6480.12 8.2929e+06 867301
6493.25 4.50181e+06 285777
6501.25 2.08013e+06 409369
6510 8.39388e+06 388943
6520 5.44669e+06 705336
6531.75 2.53066e+06 345376
6543.25 8.54716e+06 1.01598e+06
6550.5 2.54715e+06 508801
6560.12 9.22517e+06 1.28594e+06
6570.12 5.09738e+06 660072
6580.12 1.36528e+06 132309
6593.12 8.07833e+06 784690
6601.5 3.82229e+06 730553
6610.25 6.90416e+06 1.03821e+06
6620 4.70274e+06 503392
6631 1.43431e+06 191122
6643.5 8.12676e+06 712112
6650.12 5.37765e+06 784754
6660 6.71202e+06 715011
6673.88 4.74705e+06 391776
6680.5 3.73211e+06 652912
6692.88 7.25789e+06 823072
6700.25 8.02294e+06 739642
6712.12 5.89904e+06 567472
6720.38 2.25967e+06 606643
6730.38 8.98302e+06 915765
6743.12 4.9655e+06 986182
6750 6.39981e+06 1.54034e+06
6760 6.74088e+06 1.28643e+06
6771.88 3.97322e+06 618353
6780 8.06494e+06 1.05925e+06
6790 6.00311e+06 913809
6801.88 1.94951e+06 212082
6810.38 8.14428e+06 1.22424e+06
6820.12 5.54767e+06 1.00287e+06
6832.25 4.17415e+06 648224
6840.5 8.23083e+06 1.13263e+06
6851.5 3.83824e+06 639531
6860.12 8.73264e+06 1.32511e+06
6870 5.52706e+06 856073
6881.62 3.61773e+06 408342
6890.5 5.67853e+06 1.12393e+06
6903.25 6.32768e+06 1.19916e+06
6910.38 4.61413e+06 643253
6920.38 7.92171e+06 1.27722e+06
6932.38 5.09223e+06 777174
6940.38 2.83669e+06 657369
6952.5 8.72233e+06 1.29579e+06
6960.5 3.80732e+06 415716
6970.12 7.84134e+06 1.08268e+06
6982.88 4.73056e+06 470044
6990.12 4.84057e+06 365876
7000.25 7.5067e+06 707230
7011 2.2844e+06 123282
7020.38 9.93924e+06 967623
7030 6.09275e+06 541815
7041 2.31428e+06 378825
7050.5 9.58581e+06 570057
7060.5 1.95982e+06 327994
7070.62 9.25402e+06 537968
7080 5.74757e+06 480688
7091.5 1.61669e+06 154288
7100.12 8.94696e+06 622025
7112.12 3.88048e+06 322124
7120.12 6.00183e+06 571615
7130.62 6.161e+06 619577
7143.25 4.91707e+06 405014
7150.38 7.32408e+06 670401
7162 4.98919e+06 469006
7170 7.47349e+06 371242
7180.25 5.37044e+06 283144
7191.62 3.55076e+06 324501
7200.38 7.70121e+06 583151
7213.75 5.37869e+06 450965
7220.62 4.36634e+06 398851
7230.75 7.44925e+06 531245
7242.5 5.45287e+06 436319
7250.5 3.85988e+06 398016
7261.12 4.54818e+06 498074
7270.12 8.8872e+06 616387
7280.5 5.69914e+06 405211
7291 3.13138e+06 355688
7300.75 7.44258e+06 775705
7312 3.90934e+06 370296
7320.25 7.5044e+06 445759
7330.38 6.34726e+06 471608
7340.5 4.10717e+06 327326
7351.12 6.16106e+06 530858
7360 9.37324e+06 496341
7370.25 6.55437e+06 595641
7381 3.79187e+06 338427
7390.25 8.62754e+06 816566
7401.12 2.87069e+06 245541
7410.25 9.73934e+06 1.03007e+06
7420 6.25349e+06 614896
7430.75 3.24061e+06 196726
7440.38 9.89493e+06 808375
7450.62 4.10099e+06 349291
7460.38 8.68112e+06 723695
7474 5.78466e+06 426296
7480.25 4.7285e+06 640980
7493.12 7.20249e+06 532500
7500.12 8.09276e+06 354828
7510.38 5.97735e+06 334547
7520.75 3.01289e+06 186198
7530.12 9.1922e+06 273110
7541.38 3.87327e+06 140554
7550.25 8.92326e+06 415556
7560.25 6.66772e+06 229001
7572 3.14581e+06 333499
7580.38 9.82177e+06 385276
7591.25 4.08244e+06 287549
7600.25 8.22053e+06 874051
7610.12 6.01032e+06 750508
7621.12 3.68059e+06 298869
7632.75 8.50492e+06 737544
7640.5 3.44256e+06 314891
7650.25 9.45083e+06 977135
7663.88 5.67853e+06 421207
7670.62 4.17675e+06 596328
7681.38 7.71818e+06 821910
7690.12 4.82409e+06 785925
7700 8.20325e+06 1.12246e+06
7710.62 5.53015e+06 382243
7720.38 1.93406e+06 144645
7731 8.50492e+06 602014
7740.12 7.45288e+06 603073
7750 6.08657e+06 527917
7763.25 4.57497e+06 522233
7770.62 4.74808e+06 501200
7782.62 6.45521e+06 603410
7790 8.0724e+06 916314
7800.5 5.94644e+06 629214
7811 2.56981e+06 315665
7823.5 8.25968e+06 784126
7830.25 4.64583e+06 604787
7840.38 7.57986e+06 793707
7850.62 4.97786e+06 395501
7860.25 1.71561e+06 153543
7871.88 9.04691e+06 628536
7880.25 5.4673e+06 818889
7890.12 7.60229e+06 842582
7901.12 6.101e+06 548676
7910.38 2.50902e+06 388692
7921.88 6.33902e+06 679531
7930.25 7.084e+06 682164
7940.12 6.23392e+06 618298
7950.88 3.1489e+06 254140
7964 8.61105e+06 589293
7970.5 3.30243e+06 439075
7980.12 8.745e+06 973374
7990.25 5.83927e+06 528859
8000.25 1.54044e+06 318890
8012.38 7.96499e+06 879701
8020.12 5.95983e+06 588967
8030.5 5.83824e+06 834186
8040 5.41475e+06 469881
8050.5 2.46471e+06 315865
8061.25 6.54098e+06 486630
8070.12 5.03817e+06 739272
8080 6.63626e+06 691492
8090.12 5.38796e+06 338627
8100.12 2.54096e+06 347728
8111.5 6.31532e+06 684411
8120.25 6.19785e+06 519603
8130.38 5.64247e+06 545701
8141.75 4.05668e+06 328626
8150.25 8.64505e+06 708687
8161.38 3.21484e+06 330327
8170.25 7.2365e+06 529640
8180.62 5.44051e+06 528777
8191.75 3.12417e+06 282765
8200.12 4.83463e+06 359020
8210.25 8.04433e+06 603568
8220.88 2.4915e+06 460963
8230.12 8.71615e+06 887930
8240.38 5.17054e+06 528674
8252.75 3.73726e+06 336983
8260.5 3.39595e+06 522983
8270.25 7.61696e+06 844973
8280.38 2.0031e+06 311368
8290.38 8.14119e+06 932506
8300.62 4.85112e+06 258711
8310.88 981967 292809
8320.12 8.91399e+06 705337
8332.88 4.32459e+06 213086
8340.12 3.21691e+06 414758
8350.38 7.42094e+06 534955
8360.25 4.57703e+06 399399
8372 1.45698e+06 237876
8381.88 8.1484e+06 638434
8391.25 4.13499e+06 456643
8400.25 6.93974e+06 548491
8410.25 5.41269e+06 493604
8420.38 2.16178e+06 421452
8432.62 7.57859e+06 508281
8440.12 7.17982e+06 576247
8450.12 5.87534e+06 425688
8464.12 5.50233e+06 347568
8470.62 3.4879e+06 503092
8482 6.26974e+06 962667
8490.12 7.35111e+06 410763
8500.25 5.99692e+06 253730
8512.25 4.56467e+06 339869
8520 8.19271e+06 514417
8531.88 3.62597e+06 342243
8540 8.20198e+06 549964
8550.25 5.50336e+06 498962
8561.25 1.87532e+06 172234
8570.12 9.80116e+06 596047
8580.5 1.8712e+06 321279
8590.12 8.76149e+06 639775
8600 5.40032e+06 395820
8610.62 2.29676e+06 186021
8620 9.69194e+06 469161
8630.5 2.26997e+06 195597
8640.5 9.7414e+06 637117
8650 5.82691e+06 477540
8660.75 2.48841e+06 254696
8670.62 1.03091e+07 661422
8680 2.04332e+06 238466
8690.5 8.73676e+06 458831
8700 5.41166e+06 292052
8710.88 1.59712e+06 288294
8720 9.17056e+06 569186
8730.25 3.27873e+06 207312
8740.5 8.93769e+06 814197
8750 6.05875e+06 695918
8761 3.47554e+06 282836
8770.5 8.75118e+06 855042
8781.12 2.53993e+06 400136
8790 9.35088e+06 1.05277e+06
8800.25 5.92686e+06 474951
8812.25 3.50954e+06 354451
8820.25 7.17958e+06 770696
8831.88 4.77718e+06 424286
8840.12 6.90265e+06 563523
8850.75 4.99847e+06 413014
8861.12 2.03194e+06 158393
8874.38 8.22774e+06 653552
8881.25 3.55694e+06 295716
8890.5 7.26225e+06 788080
8900.38 5.16436e+06 277332
8910.25 1.44874e+06 172750
8920.12 8.79858e+06 534645
8930.75 2.7491e+06 217461
8940.12 7.68987e+06 377530
8950 5.74654e+06 195801
8963.62 4.97168e+06 265693
8970.38 2.78414e+06 211731
8981.75 6.70893e+06 565371
8990.5 2.62727e+06 428959
9000.38 9.04406e+06 829824
9012.5 4.00001e+06 759461
9020.25 7.563e+06 1.19869e+06
9033.5 5.05906e+06 1.12743e+06
9040.38 6.51006e+06 1.13935e+06
9050.62 5.05985e+06 1.02648e+06
9062.88 4.03504e+06 831560
9070.88 7.14458e+06 1.58013e+06
9084.12 5.26225e+06 812142
9091 3.55669e+06 482239
9100.25 7.73133e+06 1.16293e+06
9112.12 5.88255e+06 1.29144e+06
9120.75 2.5863e+06 504414
9130 9.04279e+06 1.61485e+06
9140.75 1.99897e+06 227968
9150.25 8.91399e+06 1.10726e+06
9161.62 5.37766e+06 377478
9171.12 1.7558e+06 508955
9180.88 9.26226e+06 697140
9190.62 2.94385e+06 398403
9200.38 9.1077e+06 765185
9210.62 5.40135e+06 559350
9222.12 3.61979e+06 271335
9230.62 7.04563e+06 873902
9242.12 3.49615e+06 692277
9250.12 8.67106e+06 935351
9260.5 5.77745e+06 619514
9271.12 2.02679e+06 154240
9283.88 8.40703e+06 569412
9292.12 2.41707e+06 475797
9300.75 8.09712e+06 765692
9310.25 5.34365e+06 444187
9321.12 2.69862e+06 286973
9331.5 8.11234e+06 692101
9340.75 4.19682e+06 320617
9350.25 7.60332e+06 837642
9360.25 5.45803e+06 405780
9370.38 2.00722e+06 344471
9381.62 7.57344e+06 363694
9390.25 8.89235e+06 494961
9400.12 6.37405e+06 372742
9410.62 3.28388e+06 118410
9420.25 9.31688e+06 352989
9430.5 2.03092e+06 219729
9440.62 9.63218e+06 388022
9450 5.70223e+06 337901
9460.38 1.59918e+06 150417
9470 9.08606e+06 466740
9482.12 5.3488e+06 235700
9490.38 2.72025e+06 319803
9500.12 9.15098e+06 567371
9510.25 5.57343e+06 481069
9520.25 2.14529e+06 407003
9530.75 9.58993e+06 692367
9540.25 2.35652e+06 286509
9550.38 8.57808e+06 803815
9560.12 5.48482e+06 565521
9570.88 1.21896e+06 193718
9580.25 8.49667e+06 882188
9592.12 3.11283e+06 369107
9600.25 7.32923e+06 729812
9610.88 6.2504e+06 615175
9622.75 4.57497e+06 441819
9630.75 5.06932e+06 859601
9643.38 6.33514e+06 732109
9650.88 4.14839e+06 711441
9660 7.59095e+06 910323
9673.25 4.27925e+06 397802
9680.38 5.79472e+06 565378
9690.88 6.48455e+06 652510
9700.25 2.47914e+06 218205
9710.75 8.58838e+06 662566
9720.62 5.21691e+06 431492
9730.62 1.17980e+06 265177
9740.12 9.34263e+06 593149
9752.5 2.51932e+06 255501
9760.25 7.77230e+06 499555
9770.38 4.94489e+06 461567
9782.5 3.96188e+06 290923
9790.75 8.02372e+06 807309
9803.25 4.76457e+06 341322
9811.12 2.86117e+06 721299
9820.5 8.8184e+06 880510
9830.25 5.22825e+06 523009
9840 1.61566e+06 195108
9851.75 8.09791e+06 710325
9860.12 7.23753e+06 651042
9870 6.4163e+06 835567
9880.88 1.72592e+06 244958
9890.38 1.01689e+07 1.76077e+06
9901.62 2.71613e+06 305169
9910.5 8.33181e+06 1.13472e+06
9920.12 5.60846e+06 510989
9932.12 3.85884e+06 469703
9940.5 5.52888e+06 882261
9953.88 6.68650e+06 1.08245e+06
9960.5 3.95364e+06 717999
9970.38 7.62908e+06 1.12916e+06
9982.62 5.00362e+06 489098
9990.25 2.9727e+06 436885
10000.6 8.48122e+06 646476
10010.5 3.36322e+06 465786
10020.1 8.88617e+06 740791
10032.8 4.82948e+06 457326
10040.5 4.08323e+06 671104
10050.5 7.53658e+06 607484
10063.8 4.34416e+06 416814
10071 3.3591e+06 666072
10080.2 7.73624e+06 894686
10093.2 4.21124e+06 590989
10100.2 4.19427e+06 953708
10110.6 7.70684e+06 1.11299e+06
10122.8 3.77641e+06 573487
10130.5 7.31687e+06 903031
10140.8 6.2298e+06 703520
10150.4 4.14324e+06 493214
10160.1 8.5956e+06 972405
10170.8 5.78466e+06 568070
10180.1 3.4302e+06 467714
10190.4 7.26844e+06 1.10573e+06
10200.1 6.62032e+06 750520
10214 4.67698e+06 655318
10220.4 2.55436e+06 695079
10230.8 7.88285e+06 1.20451e+06
10242.1 3.72283e+06 720760
10250.5 7.06545e+06 1.50052e+06
10260.1 5.65365e+06 933143
10272 3.4405e+06 705823
10280.6 6.41321e+06 1.21001e+06
10290.4 6.48749e+06 774529
10300.1 2.45235e+06 344493
10310.6 9.06752e+06 948743
10320.5 6.24834e+06 789547
10330.6 2.37301e+06 335513
10341 9.45804e+06 857922
10350.8 1.71767e+06 422117
10360.6 8.27411e+06 767380
10370.6 4.87482e+06 511728
10380.2 1.0304e+06 389930
10390.6 8.5245e+06 1.02621e+06
10403.4 3.76096e+06 356702
10410.8 2.87481e+06 490234
10420.4 8.03609e+06 1.12753e+06
10430.5 5.14890e+06 585142
10440.2 1.42813e+06 211143
10450.2 8.58941e+06 881759
10461.5 3.07677e+06 256148
10470.2 7.80425e+06 778892
10480.1 5.39517e+06 517648
10493.2 3.90006e+06 387100
10500.2 6.50261e+06 421744
10512.9 4.75554e+06 661473
10520.5 5.71386e+06 946924
10530.4 6.59838e+06 529934
10543.4 4.03092e+06 298997
10550.4 3.62494e+06 259664
10561.1 7.37663e+06 591540
10570.2 2.46884e+06 195260
10580.5 9.37458e+06 748772
10590.5 6.22258e+06 464852
10600.4 3.38177e+06 409637
10610.1 9.965e+06 465602
10620.8 3.75168e+06 445967
10630.1 9.55799e+06 984197
10640.4 6.61001e+06 776847
10650.2 4.2947e+06 445921
10660.1 8.94387e+06 615555
10670.2 3.00258e+06 431637
10680.2 9.57447e+06 832442
10690.2 6.56365e+06 633499
10700.2 4.08759e+06 662241
10713.6 7.9959e+06 650381
10720 6.96962e+06 725968
10730.4 6.89234e+06 844322
10742.4 4.24937e+06 392503
10750 8.07318e+06 662462
10762.6 5.79703e+06 326855
10770.6 5.20121e+06 881533
10780 7.01829e+06 405812
10792.6 5.88667e+06 373015
10800.9 3.81454e+06 785474
10811.6 5.67338e+06 783449
10820.1 8.71409e+06 473187
10830.4 5.59095e+06 415755
10842.1 3.60743e+06 279950
10850.5 6.5688e+06 481078
10861.5 3.81738e+06 517034
10870.4 8.25684e+06 498276
10880 5.05823e+06 333795
10892.4 3.43226e+06 444369
10900.4 7.14685e+06 463189
10912.1 4.26173e+06 568525
10920.2 8.26174e+06 588869
10930.6 6.36272e+06 545975
10940.5 2.71201e+06 181666
10952 8.40909e+06 609360
10960.2 7.56932e+06 433314
10970 5.68162e+06 404189
10981.9 4.05668e+06 286038
10990 7.53737e+06 413081
11001.4 3.84957e+06 257493
11010.2 8.62651e+06 726933
11020.5 6.05050e+06 486220
11033.6 5.75787e+06 679084
11040.2 7.67442e+06 798736
11051.5 4.0402e+06 325721
11060.2 8.83465e+06 856650
11070.2 6.53995e+06 660371
11080.8 3.03246e+06 516091
11090.2 9.67855e+06 822654
11100.9 2.69346e+06 225451
11110.2 9.36633e+06 577121
11120.2 6.15458e+06 352830
11130.9 2.38537e+06 280485
11140.2 9.19426e+06 529054
11151 2.25142e+06 159698
11160.4 9.27463e+06 541352
11170.2 5.80527e+06 368277
11181.2 2.66461e+06 242001
11190.2 8.10203e+06 414443
11201.9 3.94849e+06 227184
11210.5 8.61517e+06 685406
11220.1 6.23186e+06 590882
11231.2 3.42711e+06 355447
11240.6 4.60461e+06 655807
11250.2 6.69372e+06 654934
11261.8 1.68676e+06 299543
11270.1 8.32975e+06 923605
11280.4 4.91706e+06 536032
11293.1 4.30089e+06 350508
11300.5 4.25967e+06 792866
11312.2 6.43357e+06 804200
11320.5 5.40341e+06 585254
11330 6.32277e+06 997414
11340.4 5.61671e+06 541368
11350.4 3.06956e+06 450939
11361.5 6.90883e+06 1.19894e+06
11370.1 6.96138e+06 683353
11380.5 5.13345e+06 603817
11394.2 5.28698e+06 616927
11400.1 4.73366e+06 544456
11412.6 6.55825e+06 601026
11420.1 7.04508e+06 959942
11430.1 5.37972e+06 795081
11440.1 3.30243e+06 779812
11450.9 8.37738e+06 1.24809e+06
11460.5 2.77796e+06 803511
11470.5 9.13449e+06 2.16503e+06
11481 5.51573e+06 903292
11490.2 2.54302e+06 714128
11500.2 9.33027e+06 1.85535e+06
11511.9 2.44102e+06 228495
11520.4 8.37303e+06 793530
11530 5.18909e+06 400223
11542.8 4.06802e+06 413603
11550.4 7.72284e+06 894100
11561.8 3.62288e+06 379170
11570.5 8.87998e+06 1.16981e+06
11580.2 5.78466e+06 767373
11590.8 2.74807e+06 314250
11600.5 9.30657e+06 1.17885e+06
11611 2.32046e+06 316596
11620.6 8.47401e+06 1.21436e+06
11630.4 5.12314e+06 600680
11642 2.03092e+06 404802
11650.5 8.84289e+06 932999
11661.2 3.27049e+06 709566
11670.1 8.28338e+06 1.04026e+06
11680.2 6.1587e+06 644420
11691 2.6337e+06 455845
11700.6 9.63733e+06 928237
11711.2 4.11850e+06 329833
11720.1 8.70276e+06 697106
11730.2 6.30604e+06 665460
11741.4 4.02268e+06 362595
11752.1 8.44722e+06 697173
11760.2 4.4132e+06 419984
11770.4 8.48534e+06 941066
11782.1 3.03246e+06 235556
11790 9.09946e+06 550798
11803.4 4.41629e+06 343065
11810 4.77875e+06 510035
11820.2 7.8014e+06 658846
11833.8 4.90882e+06 494853
11841.1 2.36634e+06 528216
11850.2 8.42194e+06 623023
11862 3.66719e+06 293305
11870.4 8.24938e+06 1.0897e+06
11880 6.13809e+06 728308
11892.9 4.48224e+06 546891
11900.2 3.15302e+06 712488
11913 8.2535e+06 1.5994e+06
11920.6 4.48636e+06 312715
11930.2 8.20198e+06 985630
11943.5 4.89028e+06 701031
11950.6 7.13552e+06 907424
11960.4 6.39981e+06 534321
11970 2.57909e+06 516364
11980.1 9.66412e+06 1.10798e+06
11990 5.72593e+06 602774
12000.5 2.16487e+06 330978
12012.4 8.61723e+06 698482
12020.8 7.56519e+06 638732
12030.5 6.34829e+06 362131
12043.9 5.36735e+06 377660
12050.6 4.04329e+06 641139
12063.2 7.19631e+06 884675
12070.4 6.85113e+06 428110
12080.8 5.74036e+06 308198
12093.1 4.52139e+06 439685
12100.4 7.43021e+06 630204
12112.4 4.61619e+06 266469
12120 8.23186e+06 631518
12130.1 6.22052e+06 499411
12141.4 2.2576e+06 342234
12150 9.0634e+06 563662
12163.6 4.49872e+06 379046
12170.6 3.35395e+06 688574
12180.8 8.44825e+06 1.17603e+06
12194 5.48997e+06 336759
12200.4 5.31146e+06 364238
12213.9 6.90495e+06 569216
12220.1 6.39623e+06 404034
12230 6.33023e+06 522946
12242.1 4.1453e+06 166959
12250.1 7.64453e+06 298421
12263.4 4.99022e+06 251667
12270.5 3.78569e+06 120726
12280.2 7.61053e+06 277611
12294.4 5.20558e+06 346958
12300.5 2.83669e+06 467087
12310.1 8.82228e+06 684214
12320.4 3.26533e+06 598809
12330 9.25711e+06 835542
12340 5.76302e+06 401337
12350.8 3.07677e+06 453802
12363.8 9.04485e+06 804326
12370.1 3.85757e+06 685581
12380.1 8.5371e+06 994905
12393.8 5.22722e+06 435315
12400.2 4.87585e+06 357800
12413.1 7.29729e+06 756333
12420.1 7.20765e+06 471328
12430 6.53479e+06 389330
12440 3.84339e+06 442222
12451.1 8.02682e+06 958156
12460.1 7.3519e+06 593731
12471.9 4.0268e+06 488012
12480.2 7.77127e+06 1.33492e+06
12490 5.88049e+06 977203
12500.5 3.49305e+06 592073
12510.2 8.35242e+06 1.5674e+06
12523.6 5.01804e+06 644239
12530.1 3.92582e+06 721124
12540.1 7.78364e+06 937849
12551.5 1.71664e+06 318104
12560 8.32048e+06 944976
12570.2 5.14066e+06 647572
12581.9 3.31788e+06 304730
12590.6 6.42327e+06 476194
12604 5.26352e+06 802403
12610.1 2.54406e+06 283923
12620.1 8.0196e+06 824494
12630.1 5.87122e+06 715213
12640.1 2.55333e+06 506151
12650.2 8.6162e+06 812734
12661 2.15765e+06 336633
12670.4 9.42094e+06 1.09728e+06
12680.1 5.6538e+06 709096
12690.4 2.7728e+06 383217
12700.1 8.51007e+06 791593
12711.5 2.67388e+06 393022
12720.1 8.11646e+06 863974
12730.6 5.20455e+06 653324
12742.8 3.79805e+06 368185
12750.6 6.01032e+06 502817
12762.1 4.25482e+06 881806
12770.1 8.09864e+06 605180
12780.2 5.05617e+06 432736
12790.9 2.83051e+06 238711
12800.9 7.20868e+06 641660
12812.9 4.33259e+06 403627
12820 6.39181e+06 494349
12830 5.3148e+06 393061
12841.4 2.28439e+06 130625
12850 8.69348e+06 565225
12860.5 2.77898e+06 159665
12870 9.38797e+06 622451
12880.2 5.27462e+06 520797
12892.1 2.43998e+06 225335
12900.8 6.68808e+06 1.03892e+06
12911.9 4.31404e+06 771438
12920 7.44822e+06 767720
12930.2 4.92943e+06 391058
12941.8 2.56466e+06 291447
12950.4 7.75994e+06 510532
12961.6 3.92994e+06 724726
12970.5 8.12264e+06 1.00068e+06
12980.1 5.38384e+06 505582
12990.8 2.29676e+06 410510
13000.8 8.74809e+06 559821
13010.4 1.7244e+06 310620
13020.2 9.55332e+06 1.1844e+06
13030.2 6.09275e+06 577554
13040.8 2.6677e+06 542343
13052.9 8.17470e+06 846620
13060.4 7.79752e+06 654429
13070.1 5.45906e+06 520491
13082.8 4.78002e+06 458801
13090.5 8.05979e+06 939815
13100.4 4.06468e+06 243942
13110.1 8.94514e+06 1.26078e+06
13123 6.56467e+06 618956
13130.4 4.3658e+06 1.06021e+06
13142.8 7.08503e+06 901632
13150.1 7.65587e+06 683040
13160.1 6.63165e+06 583503
13172.1 4.28131e+06 327806
13180.2 7.54046e+06 642345
13193.4 4.31634e+06 302077
13200.6 5.0992e+06 469337
13210.1 6.47733e+06 845911
13223 4.37404e+06 329174
13230.1 3.92479e+06 224870
13240.8 7.51058e+06 461422
13250.4 2.58012e+06 353648
13260.6 8.17107e+06 496013
13270.2 5.19115e+06 388776
13280.4 3.61361e+06 324142
13290.5 9.51059e+06 782758
13300.6 3.74344e+06 659780
13310.5 9.64248e+06 842422
13320 6.61723e+06 685229
13330.4 5.14890e+06 663445
13342.9 6.79961e+06 736703
13350.1 8.78622e+06 873996
13360.2 6.96138e+06 621486
13370.1 3.59403e+06 398294
13380.1 9.50234e+06 663547
13390.2 2.65431e+06 195657
13400.1 1.02875e+07 649574
13410 6.20300e+06 502614
13420.2 3.23854e+06 109149
13430.5 8.68421e+06 505505
13441 1.9526e+06 159719
13450.1 8.99539e+06 672804
13460.1 5.83515e+06 498187
13470.6 2.52242e+06 199520
13480.1 9.69503e+06 667666
13490.1 2.542e+06 173499
13500.5 9.44361e+06 449552
13510.2 5.76921e+06 441251
13522 2.47708e+06 128134
13530 8.41012e+06 592751
13541 3.70635e+06 309706
13550.2 9.12625e+06 634973
13560.4 6.45236e+06 631020
13571.2 3.12211e+06 313085
13580 9.41373e+06 905084
13590.4 2.61618e+06 381141
13600.5 9.5415e+06 843849
13610 6.43588e+06 633849
13620.2 2.47811e+06 358194
13630.4 8.54716e+06 676059
13640.5 5.42814e+06 526782
13650.9 3.03349e+06 568521
13660.1 9.68472e+06 1.07005e+06
13670.2 2.76353e+06 358866
13680.2 1.00237e+07 1.26228e+06
13690.2 5.70326e+06 764205
13702.2 1.88975e+06 175772
13710.1 8.04639e+06 822499
13721.9 3.84133e+06 387775
13730.1 7.91759e+06 753776
13740.2 6.45339e+06 608674
13750.6 2.94591e+06 503097
13760.5 8.95829e+06 705537
13771.4 5.07369e+06 384669
13780.4 2.59351e+06 266238
13790.4 8.44e+06 647478
13801.4 3.22103e+06 218079
13810.2 6.93562e+06 561656
13820.2 6.12264e+06 786561
13832.1 4.55746e+06 350598
13840.2 8.1824e+06 633275
13850.5 5.9114e+06 652066
13860.5 3.12005e+06 499065
13870.1 9.51883e+06 1.03632e+06
13881.1 5.00774e+06 531616
13890.2 1.40752e+06 243522
13902 8.6399e+06 641825
13911 1.82999e+06 266856
13920.6 1.01031e+07 626263
13930.4 5.84236e+06 738056
13941.5 2.66049e+06 280154
13953 8.50801e+06 810734
13960.1 4.49666e+06 753971
13970.1 7.77128e+06 531798
13980.6 5.16539e+06 495766
13992.1 1.81453e+06 257334
14000 8.18859e+06 842816
14012.1 3.14684e+06 251408
14020.4 6.72336e+06 859507
14030.6 5.7826e+06 638111
14043.4 3.97116e+06 417106
14050.4 3.33437e+06 669344
14060.9 7.71769e+06 929037
14070 2.39464e+06 306096
14080.4 9.93408e+06 908887
14090.5 6.13809e+06 1.00139e+06
14100.4 3.06956e+06 188757
14110.4 9.49616e+06 764937
14122.2 2.94282e+06 402480
14130.4 7.51367e+06 875251
14140.5 5.26019e+06 787362
14152.8 3.78878e+06 305165
14161 4.78675e+06 644888
14172.1 6.52189e+06 1.10412e+06
14180 3.47657e+06 388426
14190.8 7.3993e+06 1.07081e+06
14201.1 5.08914e+06 234497
14210.5 3.93922e+06 849233
14220.1 7.68266e+06 453008
14230.6 2.3627e+06 382166
14240.6 9.31481e+06 305471
14254 5.34674e+06 329006
14260.1 5.39826e+06 528147
14270.5 7.62392e+06 581729
14280.6 1.67337e+06 198693
14290.4 9.26329e+06 631614
14300.4 4.96549e+06 342992
14311.5 3.01804e+06 192685
14320.6 5.5621e+06 547471
14332.9 4.79651e+06 847842
14340.2 4.75117e+06 975453
14350.2 7.20352e+06 812809
14360.5 5.82073e+06 605883
14370 2.20711e+06 156578
14381.6 8.02269e+06 743603
14390.2 5.56004e+06 1.05075e+06
14400.4 6.26277e+06 805509
14411.8 2.26791e+06 428196
14420.1 8.40291e+06 1.26264e+06
14433 4.66565e+06 471034
14440.1 7.15716e+06 730900
14450.1 4.86348e+06 583439
14463.6 5.50851e+06 362987
14470.2 2.39156e+06 441133
14482.5 6.69451e+06 660263
14490.8 2.85112e+06 625495
14500.2 7.43948e+06 1.04923e+06
14510.8 5.28595e+06 415195
14520.8 1.52602e+06 292127
14530.5 9.5652e+06 705211
14540.8 1.51262e+06 209894
14550.2 8.69966e+06 684492
14560.6 5.2571e+06 457253
14570.9 2.46368e+06 142816
14580.6 6.84906e+06 658177
14592.6 5.22516e+06 530045
14600.1 1.56827e+06 290465
14610.5 8.52656e+06 715737
14620.2 4.86348e+06 360743
14631.6 1.55178e+06 188885
14640.4 8.18137e+06 653498
14653.2 4.15766e+06 360513
14660.8 3.14168e+06 457102
14670.1 8.74294e+06 978640
14680.5 5.63319e+06 450434
14690.1 3.47141e+06 321562
14701 8.76973e+06 1.05893e+06
14710.6 3.76174e+06 621794
14720 7.91474e+06 697103
14732.6 4.6368e+06 292804
14740.4 7.16849e+06 572877
14753.6 6.45751e+06 373193
14760.4 4.21536e+06 137147
14770.9 7.09327e+06 853516
14783.5 5.55694e+06 379960
14790.4 5.25764e+06 401444
14803 6.27307e+06 475956
14810.4 6.33538e+06 630034
14820.1 5.8434e+06 392357
14831.1 2.33798e+06 216359
14841.6 8.2535e+06 467803
14852.5 2.35858e+06 474222
14860.1 7.82279e+06 451534
14870.2 5.7486e+06 493918
14882.1 3.77538e+06 382110
14890.1 4.42866e+06 875488
14902.1 4.78517e+06 730810
14910.1 7.1757e+06 575865
14920.1 4.64401e+06 559770
14930.4 4.508e+06 569707
14940.1 1.0881e+06 256998
14952.9 7.66617e+06 918934
14960.5 3.65870e+06 700908
14970.5 8.02087e+06 1.3146e+06
14980.1 5.49615e+06 539248
14990.4 2.62442e+06 605766
15000.1 8.6502e+06 867317
15010.6 2.0894e+06 227753
15020 9.14504e+06 1.17233e+06
15030.1 5.14994e+06 569581
15040.6 2.61103e+06 222517
15050 6.03814e+06 1.13451e+06
15062.6 4.57188e+06 913211
15070.2 7.39208e+06 563872
15080.1 4.88306e+06 505636
15091.2 2.66667e+06 284969
15100.2 7.00156e+06 926841
15113.5 4.76354e+06 294624
15120.6 3.55772e+06 442422
15130.5 7.22231e+06 644177
15140.5 4.92943e+06 508775
15150.6 1.22617e+06 313322
15162.9 8.76252e+06 928592
15170.2 3.73083e+06 644921
15180.4 8.48868e+06 1.29212e+06
15192.2 5.87225e+06 591435
15200.8 2.2236e+06 440892
15210.1 8.36582e+06 818781
15220.5 1.43638e+06 283772
15230.4 8.50492e+06 877121
15240.1 4.66565e+06 433944
15251.1 1.7321e+06 113648
15260.5 8.49256e+06 709531
15273.1 4.14118e+06 291412
15280.6 4.35835e+06 540538
15290.1 7.36039e+06 625962
15303.2 4.84391e+06 427541
15310.5 2.99537e+06 232387
15321 7.77952e+06 514449
15330.5 1.39516e+06 203726
15340.2 8.90574e+06 508692
15350.2 5.43536e+06 393267
15361.4 1.99382e+06 145899
15370.4 8.42248e+06 500269
15382 4.20712e+06 327119
15390.4 2.26869e+06 623335
15400.2 7.98584e+06 1.05486e+06
15410.5 5.08502e+06 401392
15420.8 1.36631e+06 169593
15430.5 8.62857e+06 657855
15443.9 4.17312e+06 296983
15450.6 3.70919e+06 449569
15460.4 7.45106e+06 815607
15472.2 4.98404e+06 351552
15480.4 1.74446e+06 319404
15490.1 8.61311e+06 541777
15501.1 1.9763e+06 432144
15510.4 8.8264e+06 541302
15520.5 5.11593e+06 488355
15532.9 3.71871e+06 373094
15540.8 4.68522e+06 472043
15551 5.72156e+06 1.15234e+06
15560.8 5.77357e+06 825525
15570.1 5.97632e+06 1.04391e+06
15581.2 5.12727e+06 536719
15591.4 1.40031e+06 315704
15603.9 8.13294e+06 844274
15612.8 2.28106e+06 605589
15620.1 7.60253e+06 711360
15631.5 4.79445e+06 496621
15641.4 2.71819e+06 322253
15650.1 6.34702e+06 590870
15663.1 4.17748e+06 751672
15670.8 6.32047e+06 491173
15680.2 5.56106e+06 682698
15693 3.68883e+06 293817
15700.4 5.46603e+06 479789
15712.6 5.44797e+06 722197
15720.4 5.48688e+06 836118
15730.4 5.81351e+06 483976
15740.4 5.1963e+06 406422
15750.2 1.4745e+06 245319
15762.9 8.101e+06 500941
15770 5.02914e+06 930371
15780.2 7.55616e+06 807678
15792 6.02268e+06 606474
15800.2 4.11026e+06 347161
15811.6 5.15303e+06 649642
15820.2 8.69142e+06 822281
15830 4.96343e+06 459113
15842.1 3.17672e+06 179603
15850.2 8.20713e+06 912147
15861.4 3.0778e+06 454536
15870.2 8.61414e+06 914247
15880.9 5.05514e+06 397221
15891.5 1.76301e+06 337979
15900.2 8.25762e+06 776752
15911.5 4.32537e+06 310427
15920.2 6.46806e+06 837752
15932.9 5.25092e+06 329225
15940.4 2.97888e+06 339779
15950.6 7.96602e+06 500464
15960.2 2.41629e+06 245142
15970.4 9.87741e+06 694078
15980.4 5.22516e+06 335615
15990.4 1.60227e+06 215237
16000.4 9.24475e+06 598195
16011.1 2.58836e+06 216144
16020.4 8.35963e+06 758014
16030.1 6.00311e+06 606225
16041.4 3.46214e+06 302675
16050.5 6.77876e+06 550505
16063.5 5.56646e+06 597823
16070 6.58013e+06 573191
16080.2 6.31326e+06 679590
16094.4 5.10975e+06 445866
16100.8 2.99537e+06 577249
16110.9 5.61107e+06 538199
16120.2 8.50025e+06 666500
16130 6.26998e+06 436104
16141.4 2.85420e+06 180909
16150.4 9.83516e+06 666235
16160.4 2.77383e+06 290247
16170 9.71461e+06 831697
16180.4 6.44721e+06 518695
16190.2 2.90366e+06 358969
16200.2 9.33233e+06 1.09622e+06
16210.2 2e+06 167521
16220.2 9.24784e+06 851702
16230.4 5.61568e+06 507480
16240.4 2.24215e+06 213330
16251 9.1685e+06 536394
16260.4 6.51006e+06 549575
16270.2 7.02114e+06 798790
16283 5.90419e+06 641707
16290.1 3.37868e+06 513816
16301.9 6.89337e+06 870865
16310.2 7.08787e+06 697152
16320.8 6.8421e+06 743538
16333.2 5.08605e+06 619239
16340.2 7.62702e+06 871661
16352.1 4.08141e+06 429205
16360 8.4637e+06 904587
16370 6.59971e+06 751440
16380.5 2.76662e+06 329050
16390.2 9.2159e+06 847138
16404.4 5.08914e+06 591843
16410.4 5.09842e+06 552781
16420.4 7.423e+06 735230
16431.5 2.89748e+06 290251
16440.2 8.17519e+06 583697
16450 5.24782e+06 331122
16462.5 3.72902e+06 219656
16470.6 4.56958e+06 617961
16480 7.64684e+06 819202
16490.5 2.72644e+06 297465
16500.1 8.85216e+06 701891
16510 5.66411e+06 498092
16520.2 2.74395e+06 366305
16530 9.11595e+06 703412
16540.2 2.32561e+06 253442
16550.1 9.34263e+06 686196
16561.4 6.27307e+06 519614
16570.2 4.10614e+06 277950
16583.1 8.70894e+06 727421
16590.6 4.89518e+06 529826
16600.2 8.03633e+06 841271
16611.9 3.96395e+06 227821
16620.2 8.56777e+06 515972
16633.4 5.70532e+06 498638
16640.5 5.00568e+06 515972
16650 7.13449e+06 993449
16662 5.50027e+06 430714
16670.1 3.10871e+06 191656
16680.8 6.18858e+06 438371
16690 7.52295e+06 425970
16700.2 5.39311e+06 323337
16713.9 5.03041e+06 308751
16720.5 2.95828e+06 478918
16731.6 6.99744e+06 1.12371e+06
16740.5 5.34110e+06 602265
16750.2 7.96548e+06 746683
16760.1 5.9011e+06 615330
16770.9 2.22875e+06 532989
16780.2 9.19528e+06 776967
16790.1 2.51623e+06 353623
16800.5 8.88101e+06 816756
16810.4 5.49306e+06 662569
16820.1 1.62391e+06 205626
16832.9 8.24114e+06 696821
16841.2 3.36528e+06 365317
16850 7.31172e+06 670838
16860.5 5.24473e+06 296840
16871 1.48583e+06 196878
16883.5 8.20919e+06 392863
16890.9 3.30915e+06 540134
16900.2 8.1221e+06 732073
16910.2 5.0098e+06 171733
16921.6 2.29264e+06 311792
16930.6 7.63835e+06 536289
16941.4 3.25994e+06 735936
16950.6 8.73288e+06 880432
16960 6.30192e+06 444658
16970.2 3.08295e+06 491515
16980.1 8.40085e+06 621355
16991.4 2.22724e+06 403068
17000 8.08809e+06 799402
17010.4 5.31686e+06 414664
17021.2 3.33643e+06 297519
17030.8 7.18188e+06 691174
17041.5 2.23911e+06 292786
17050.2 8.22974e+06 677718
17060.2 5.40857e+06 404438
17070.8 2.97373e+06 238914
17080 8.17004e+06 408365
17091.4 3.22309e+06 234017
17100.2 7.38694e+06 451871
17110.6 5.15097e+06 272550
17121.5 2.7491e+06 190309
17130.2 8.62651e+06 451830
17143.1 4.71923e+06 320777
17150.2 2.54920e+06 137378
17160.5 7.9856e+06 516506
17170.4 5.34365e+06 276631
17181.6 2.09583e+06 285812
17190.9 7.86916e+06 656896
17202.5 3.40626e+06 623166
17210.2 7.38615e+06 653985
17220.6 5.58889e+06 467430
17230.5 2.20814e+06 200398
17242.6 8.70482e+06 515696
17251.5 4.01007e+06 578160
17260.2 7.38512e+06 828655
17270.5 2.576e+06 424120
17280.5 9.43537e+06 1.6237e+06
17293 4.24628e+06 788277
17300.6 3.86478e+06 825312
17310.1 7.57641e+06 1.48125e+06
17324.1 4.40908e+06 626757
17330.9 2.54896e+06 581017
17340.6 8.41243e+06 1.06471e+06
17351.1 2.88821e+06 759234
17360.1 6.55437e+06 769749
17370.4 5.69914e+06 1.26666e+06
17383 4.24112e+06 579570
17390.4 4.61928e+06 598657
17401.8 7.84546e+06 1.03061e+06
17410.8 2.18856e+06 475107
17420.2 9.3076e+06 1.10886e+06
17433.4 5.19836e+06 493524
17440.2 3.57033e+06 375870
17450.9 7.86916e+06 792969
17460.6 2.09686e+06 226285
17470.2 9.72079e+06 734485
17481 5.42505e+06 413206
17492.4 2.47708e+06 335103
17500.5 8.46886e+06 544057
17511.4 2.92324e+06 187584
17520.4 7.15897e+06 271697
17530 5.39335e+06 680413
17542.1 3.51984e+06 254786
17550.4 8.02784e+06 331899
17562.4 4.63474e+06 244735
17570 8.05051e+06 318525
17580.2 6.14427e+06 309891
17590.9 3.10459e+06 185455
17600.4 7.82898e+06 372902
17613.1 4.94076e+06 139982
17620.5 2.30912e+06 177112
17630 8.1618e+06 239804
17640.5 5.46009e+06 205564
17650.2 2.50387e+06 301102
17660.2 8.66978e+06 443254
17670.8 1.74653e+06 247512
17680.8 8.70688e+06 537421
17690 5.29522e+06 347038
17701 2.68316e+06 245970
17710.6 7.48767e+06 447740
17722.1 3.0224e+06 438481
17730.6 6.63268e+06 520224
17740.4 4.92737e+06 344406
17754.5 4.5997e+06 408719
17760.9 2.46780e+06 366756
17771 5.7146e+06 476307
17780.1 5.88643e+06 792261
17790.2 5.54173e+06 561333
17800.1 4.74396e+06 463222
17811.6 1.24163e+06 178541
17820.4 7.19091e+06 1.24706e+06
17831.5 3.88176e+06 1.19682e+06
17840.8 5.91758e+06 771735
17850.2 6.25452e+06 1.07055e+06
17860.9 5.36014e+06 699226
17870.2 1.63627e+06 391066
17881.9 8.08554e+06 1.18148e+06
17890.9 2.60691e+06 387671
17900.4 8.70585e+06 1.31246e+06
17910.2 5.99486e+06 822709
17920.9 1.67955e+06 236825
17930.1 9.83722e+06 1.25625e+06
17940.6 3.02216e+06 329025
17950 1.00959e+07 1.53321e+06
17960.5 6.58116e+06 823567
17970.9 2.9624e+06 518571
17980.1 8.47504e+06 1.0574e+06
17991.9 2.93252e+06 282814
18000.2 7.58374e+06 1.02293e+06
18010.1 5.06029e+06 511242
18024.1 4.19682e+06 437942
18030.2 3.3962e+06 664885
18042.8 6.79397e+06 900294
18050.1 7.02369e+06 685025
18060.1 5.5621e+06 658165
18071.2 5.46318e+06 577356
18080.4 3.08398e+06 570249
18092.4 7.20661e+06 693914
18100.1 3.74217e+06 487433
18110.1 7.48712e+06 1.06627e+06
18120.8 5.35911e+06 382047
18131.2 2.26379e+06 491134
18142.8 8.96654e+06 704979
18150.2 3.15459e+06 569339
18160.2 9.85729e+06 726615
18170.1 6.16179e+06 655031
18180.1 2.21845e+06 225700
18191.1 7.98663e+06 754484
18201 1.66615e+06 457178
18210.6 9.09637e+06 855415
18220.2 5.11181e+06 500285
18230.9 3.38795e+06 438212
18243.1 8.84186e+06 899218
18250 6.85937e+06 738979
18260.1 6.51316e+06 580426
18273.1 5.01495e+06 393566
18280.1 7.84031e+06 509175
18291 3.69604e+06 289948
18300 9.18292e+06 466984
18310.4 5.57446e+06 437664
18321 1.51056e+06 315156
18330.5 8.23392e+06 434925
18342.1 4.86452e+06 353196
18350.1 1.7164e+06 334638
18360.6 8.20841e+06 595304
18370.6 4.85421e+06 486801
18381.9 1.80938e+06 186414
18390.5 8.06572e+06 512587
18402 3.04301e+06 410196
18410.1 7.6095e+06 616965
18420 5.14375e+06 353606
18430.5 5.27049e+06 641493
18440.4 2.34931e+06 377660
18451.9 6.84391e+06 568052
18460.4 3.08295e+06 970057
18470.8 7.90110e+06 981707
18483.2 4.65328e+06 510084
18490.5 4.64916e+06 500072
18500.5 6.97580e+06 798144
18510.1 1.73495e+06 186551
18520.2 8.83592e+06 840630
18530 5.31171e+06 396938
18542.1 2.24421e+06 272781
18550.2 8.01239e+06 572652
18562.2 3.16642e+06 380787
18571.2 5.18497e+06 673077
18580 6.84494e+06 681782
18592.2 3.85988e+06 342789
18600 6.7213e+06 540187
18610.2 6.85319e+06 796721
18621.5 3.28491e+06 553675
18630.1 7.21152e+06 851080
18641 6.27125e+06 829340
18651.1 1.24884e+06 288802
18660.5 9.22311e+06 981723
18670.1 6.04123e+06 527279
18680.4 3.1355e+06 495938
18690.4 9.33542e+06 743066
18700.5 2.72437e+06 431621
18710 9.60642e+06 807722
18720.5 5.77024e+06 535247
18730.4 2.06389e+06 282389
18740.9 8.97375e+06 706265
18751.2 2.90882e+06 195252
18760.4 7.97426e+06 521818
18770.4 4.77796e+06 155012
18783.5 3.88254e+06 215435
18790.4 4.04226e+06 594032
18803.5 7.11697e+06 578272
18810.5 2.43483e+06 405564
18820 9.05721e+06 397563
18833.8 4.88822e+06 269752
18840.5 3.09944e+06 649876
18850.1 8.93769e+06 714716
18862.4 3.81145e+06 361034
18870.2 7.29911e+06 675187
18880.2 5.74884e+06 508776
18890.1 2.339e+06 261619
18900.1 9.13758e+06 853735
18910.2 5.525e+06 341555
18920.5 1.75271e+06 192572
18930.8 9.39518e+06 447829
18941.6 2.82844e+06 259110
18950.2 8.35963e+06 463211
18960.1 5.3385e+06 370600
18971.2 2.95828e+06 342652
18980.1 7.8071e+06 514090
18992.8 4.20736e+06 270811
19000.1 5.75066e+06 500461
19010.9 6.91913e+06 516591
19021.5 3.58373e+06 260028
19030.4 8.20507e+06 716056
19043.1 4.86967e+06 233261
19050.2 6.89828e+06 442890
19060.4 6.1847e+06 368616
19072.4 4.0031e+06 204860
19080.4 6.41836e+06 461424
19090 6.08142e+06 634893
19101.2 2.45956e+06 274473
19110 8.32666e+06 710358
19120.4 5.42814e+06 480955
19130 1.83617e+06 300360
19140.4 9.43331e+06 612208
19151.1 2.24524e+06 304569
19160.1 8.69451e+06 501200
19170.1 5.43227e+06 400302
19181.2 3.26946e+06 345873
19190 7.45597e+06 591444
19203 4.51084e+06 484068
19210.1 7.74988e+06 786387
19220 6.52037e+06 748612
19232 4.30192e+06 471427
19240 8.29678e+06 769420
19252.9 4.31634e+06 388547
19260.1 7.57034e+06 756161
19270.2 6.07318e+06 663022
19281.9 4.34004e+06 478310
19290.1 8.36994e+06 672765
19302.6 4.57703e+06 396844
19310.1 7.72697e+06 973331
19320.1 6.39775e+06 886482
19333.2 5.0098e+06 680878
19340.6 4.84803e+06 962572
19354.1 6.91295e+06 972268
19360.4 5.11957e+06 939374
19370.4 6.4683e+06 1.07609e+06
19381.5 5.39414e+06 662450
19390.5 3.08295e+06 742144
19400.1 8.47092e+06 1.00793e+06
19410.1 2.79626e+06 442352
19420 8.80089e+06 1.37236e+06
19430.4 5.84442e+06 790456
19440.1 2.31634e+06 462106
19450.2 9.73728e+06 1.10253e+06
19460.8 2.1185e+06 213196
19470.1 9.52811e+06 1.10909e+06
19480.5 5.50621e+06 596959
19490.6 3.43456e+06 661054
19500.4 8.19374e+06 912219
19513.1 4.44514e+06 541238
19520 7.27462e+06 845972
19530.2 6.23289e+06 740720
19541.5 3.65173e+06 441822
19550.1 9.12419e+06 855446
19560.1 6.51006e+06 621680
19570.5 3.82484e+06 354637
19580.4 8.93563e+06 942562
19590.6 6.07936e+06 567463
19600.2 3.44875e+06 748868
19613.2 8.14634e+06 950000
19620 7.94232e+06 621175
19630.1 6.35241e+06 440625
19643.1 4.69244e+06 396882
19650.1 5.07162e+06 771360
19663.6 5.69193e+06 649334
19670.1 8.01342e+06 752721
19680.2 6.34005e+06 615281
19691.8 3.62906e+06 329553
19700.8 8.30296e+06 611961
19710.9 3.81969e+06 722189
19720.4 8.80786e+06 1.02994e+06
19734.2 5.96189e+06 369911
19740.2 3.79908e+06 575279
19751.9 6.37484e+06 1.00095e+06
19760.2 8.04251e+06 497557
19770.2 6.23907e+06 495281
19783.6 5.56828e+06 611790
19790.4 2.75941e+06 574033
19802.1 5.44463e+06 650696
19810.4 9.12934e+06 1.00221e+06
19820.2 6.17003e+06 636697
19831.4 3.02731e+06 446219
19842.9 9.11388e+06 1.10437e+06
19850 7.00132e+06 879451
19860 6.85961e+06 813787
19873.9 5.89698e+06 689198
19880.1 7.58477e+06 738926
19891 3.80938e+06 392314
19900.5 9.60642e+06 894545
19910.1 6.5688e+06 706690
19920.8 2.65328e+06 299130
19930.4 1.0168e+07 912193
19941.5 2.21536e+06 292532
19950.1 8.52346e+06 777960
19960 5.51161e+06 597915
19971.6 2.65328e+06 251204
19980.4 9.07061e+06 657839
19991.6 4.40805e+06 267594
20000.4 7.61981e+06 456858
20010.5 5.59507e+06 325285
20022.4 4.37302e+06 310460
20030.8 5.34213e+06 539191
20040.6 5.37996e+06 904564
20050.6 6.89258e+06 457920
20060.5 2.55745e+06 484298
20070.2 9.35809e+06 1.31602e+06
20080.8 2.78105e+06 369067
20090.2 1.01062e+07 1.53639e+06
20100.1 6.60589e+06 999338
20110.6 2.65431e+06 259567
20120.1 1.1356e+07 1.31833e+06
20130.4 3.89182e+06 352332
20140.2 9.76098e+06 1.07933e+06
20152.5 6.45236e+06 862904
20160.2 4.61207e+06 524920
20173.1 7.77127e+06 653184
20180.5 3.62494e+06 814316
20190.6 8.86762e+06 981948
20202.5 5.56313e+06 611194
20210.4 4.43793e+06 735447
20223.4 8.63681e+06 1.42024e+06
20230.5 6.99126e+06 676312
20240.1 6.37096e+06 718865
20252.6 4.70686e+06 443422
20260.1 8.17416e+06 795658
20271.4 4.32459e+06 303253
20280.2 8.88617e+06 535665
20290.8 6.56983e+06 646884
20301.2 2.9253e+06 212814
20310.4 9.74037e+06 575233
20320.4 2.83051e+06 217465
20330.4 9.83929e+06 694248
20340 6.30089e+06 531686
20351.2 2.6337e+06 333805
20362.6 8.82331e+06 811347
20370.2 7.16849e+06 619114
20380 6.29574e+06 511015
20393.2 4.80372e+06 345818
20400.2 7.11054e+06 491696
20412.2 3.91576e+06 477971
20420.1 8.70584e+06 524943
20430.1 6.28956e+06 383624
20441.8 3.91449e+06 249533
20450 8.77385e+06 514239
20461.1 3.13241e+06 255739
20470.2 9.42919e+06 619113
20480.4 5.93716e+06 437795
20490.6 2.74704e+06 259570
20500.2 9.81765e+06 696849
20510.1 2.71819e+06 259729
20520 1.0135e+07 731465
20530.5 6.39363e+06 624307
20540.8 3.20248e+06 396967
20550.1 9.75067e+06 660910
20560.2 4.72644e+06 641758
20570.4 8.58426e+06 517086
20582.2 4.54921e+06 391957
20590 8.29266e+06 461035
20603.1 5.63834e+06 359957
20610.4 7.1283e+06 627931
20620.1 5.82176e+06 486880
20633.2 4.58734e+06 332652
20640.1 7.54356e+06 704065
20652.4 4.45751e+06 271180
20660 7.87122e+06 433058
20670.1 6.4266e+06 409557
20681.4 2.54405e+06 238176
20690.2 9.32306e+06 495617
20702.8 4.73572e+06 408829
20710.5 3.71665e+06 701711
20720 8.34418e+06 1.00973e+06
20733 5.83412e+06 416597
20740.1 4.44617e+06 679956
20752.8 6.68935e+06 495075
20760 8.31636e+06 516448
20770.4 6.65329e+06 445182
20781 2.99434e+06 250007
20790.5 1.0066e+07 589922
20800.5 2.72128e+06 145695
20810 1.02648e+07 440601
20820.2 6.44618e+06 486694
20830.6 2.66049e+06 349100
20840 9.51677e+06 555153
20851.5 2.70789e+06 208919
20860.1 7.66102e+06 544113
20870.4 5.80115e+06 391887
20881.6 3.47450e+06 409433
20890.5 8.80992e+06 431177
20900.9 3.45184e+06 293148
20910.2 9.75273e+06 878676
20920.4 6.77178e+06 776631
20930.8 2.81196e+06 333132
20940.2 1.01144e+07 860214
20950.9 3.0178e+06 181456
20960.5 1.01425e+07 869005
20970.2 7.0366e+06 493620
20980.2 5.9645e+06 349131
20992.6 7.14528e+06 582255
21000.2 9.38694e+06 608281
21010.2 7.44258e+06 408034
21020.8 3.66361e+06 331549
21030 1.08722e+07 604943
21040.4 3.45184e+06 409160
21050.2 1.13993e+07 1.06113e+06
21060.1 8.00311e+06 731471
21070.1 4.54097e+06 622000
21084.1 8.85319e+06 695572
21090.1 8.06803e+06 675159
21100.5 7.26432e+06 557626
21111.4 3.85575e+06 352457
21120.1 9.38076e+06 573664
21130.4 3.78544e+06 323917
21140.5 1.09163e+07 1.06485e+06
21150.9 7.33747e+06 733362
21160.6 5.11181e+06 468338
21174.1 7.95262e+06 819390
21180.2 7.00132e+06 684549
21190.4 6.77615e+06 688883
21200.8 3.22927e+06 397376
21210.4 9.84856e+06 775531
21222 4.10923e+06 285586
21230 8.7687e+06 557437
21240.1 6.52346e+06 459937
21252 3.05925e+06 299190
21260.5 9.75479e+06 485435
21270 2.61927e+06 158794
21280 1.01309e+07 563193
21290.5 6.22155e+06 411693
21300.5 2.70068e+06 426401
21311 9.69606e+06 743845
21320.5 3.48378e+06 427329
21330.4 8.28854e+06 671176
21340.8 5.66514e+06 309627
21350.6 3.47038e+06 657568
21363.8 8.40703e+06 949043
21370.2 6.82949e+06 598788
21380.9 6.70481e+06 403275
21391.5 3.41474e+06 220148
21400.2 9.43949e+06 528115
21412.6 3.99074e+06 162113
21420.8 7.83722e+06 288139
21430.4 6.73572e+06 299360
21440.6 3.89388e+06 219714
21450.1 9.85371e+06 306092
21460.1 3.58888e+06 235667
21470 9.90214e+06 705231
21480 7.34675e+06 495775
21490 3.88048e+06 395050
21500.8 1.01742e+07 684238
21510 8.20404e+06 624114
21520.1 7.84856e+06 557084
21530.5 5.24243e+06 407691
21540.4 9.91063e+06 506165
21550.5 3.29212e+06 372172
21560.4 1.03112e+07 498853
21570.4 6.2061e+06 576937
21580 3.11696e+06 151776
21590.9 7.95262e+06 455833
