# TimeStamp(s) Sum Stdev
0 1.54663e+07 0
10 1.73087e+07 0
20 1.81515e+07 0
30 1.96229e+07 0
40 1.93447e+07 0
50 1.99465e+07 0
60 2.01526e+07 0
70 1.96765e+07 0
80 1.976e+07 0
90 1.94715e+07 0
100 1.95663e+07 0
110 1.97723e+07 0
120 1.98208e+07 0
130 1.96827e+07 0
140 1.97425e+07 0
150 1.94138e+07 0
160 1.99661e+07 0
170 2.0101e+07 0
180 1.99506e+07 0
190 1.94818e+07 0
200 1.98878e+07 0
210 1.84473e+07 0
220 1.88883e+07 0
230 1.9048e+07 0
240 1.96837e+07 0
250 1.99929e+07 0
260 2.00299e+07 0
270 1.99599e+07 0
280 2.00856e+07 0
290 1.9897e+07 0
300 1.98774e+07 0
310 1.98022e+07 0
320 1.86121e+07 0
330 1.79485e+07 0
340 1.89254e+07 0
350 1.86925e+07 0
360 1.8201e+07 0
370 1.94581e+07 0
380 1.94344e+07 0
390 1.82152e+07 0
400 1.91111e+07 0
410 1.85637e+07 0
420 1.78568e+07 0
430 1.82164e+07 0
440 1.84081e+07 0
450 1.93447e+07 0
460 2.02319e+07 0
470 2.04091e+07 0
480 2.00763e+07 0
490 2.03862e+07 0
500 2.00807e+07 0
510 2.00949e+07 0
520 1.9488e+07 0
530 1.89604e+07 0
540 2.00011e+07 0
550 1.94303e+07 0
560 1.99001e+07 0
570 1.94972e+07 0
580 1.95333e+07 0
590 2.02649e+07 0
600 2.02762e+07 0
610 1.97641e+07 0
620 1.92458e+07 0
630 1.98702e+07 0
640 1.8641e+07 0
650 1.9423e+07 0
660 1.888e+07 0
670 1.91046e+07 0
680 1.98898e+07 0
690 2.01124e+07 0
700 1.9626e+07 0
710 2.02154e+07 0
720 1.9931e+07 0
730 1.97002e+07 0
740 1.95209e+07 0
750 1.99856e+07 0
760 1.95117e+07 0
770 2.00557e+07 0
780 1.87182e+07 0
790 1.93756e+07 0
800 1.98671e+07 0
810 2.06966e+07 0
820 2.00248e+07 0
830 2.02154e+07 0
840 1.98774e+07 0
850 1.88594e+07 0
860 1.86863e+07 0
870 1.77404e+07 0
880 1.74035e+07 0
890 1.79022e+07 0
900 1.83937e+07 0
910 1.73695e+07 0
920 1.7593e+07 0
930 1.92046e+07 0
940 1.96755e+07 0
950 1.97116e+07 0
960 1.92046e+07 0
970 1.95992e+07 0
980 1.87049e+07 0
990 1.74148e+07 0
1000 1.99125e+07 0
1010 1.96879e+07 0
1020 1.95364e+07 0
1030 1.84782e+07 0
1040 1.87522e+07 0
1050 1.97476e+07 0
1060 1.87327e+07 0
1070 1.79928e+07 0
1080 1.96147e+07 0
1090 1.94436e+07 0
1100 1.89758e+07 0
1110 1.92025e+07 0
1120 2.03813e+07 0
1130 1.99156e+07 0
1140 1.86059e+07 0
1150 1.79722e+07 0
1160 1.70995e+07 0
1170 1.84297e+07 0
1180 1.91953e+07 0
1190 1.95354e+07 0
1200 1.90902e+07 0
1210 1.87358e+07 0
1220 1.84287e+07 0
1230 1.83545e+07 0
1240 1.92561e+07 0
1250 1.87399e+07 0
1260 1.79166e+07 0
1270 1.89006e+07 0
1280 1.79022e+07 0
1290 1.86265e+07 0
1300 1.81196e+07 0
1310 1.78022e+07 0
1320 1.85328e+07 0
1330 1.79207e+07 0
1340 1.91737e+07 0
1350 1.87172e+07 0
1360 2.00526e+07 0
1370 1.9759e+07 0
1380 1.97919e+07 0
1390 1.62113e+07 0
1400 1.71201e+07 0
1410 1.79032e+07 0
1420 1.98764e+07 0
1430 1.87584e+07 0
1440 2.00516e+07 0
1450 1.94673e+07 0
1460 1.97229e+07 0
1470 1.80802e+07 0
1480 1.90163e+07 0
1490 1.76868e+07 0
1500 1.61804e+07 0
1510 1.81587e+07 0
1520 1.88027e+07 0
1530 1.77785e+07 0
1540 1.72551e+07 0
1550 1.83432e+07 0
1560 1.94251e+07 0
1570 1.85297e+07 0
1580 1.8676e+07 0
1590 1.94086e+07 0
1600 1.71634e+07 0
1610 1.73756e+07 0
1620 1.94529e+07 0
1630 1.87553e+07 0
1640 1.71541e+07 0
1650 1.96353e+07 0
1660 1.78311e+07 0
1670 1.92561e+07 0
1680 1.90469e+07 0
1690 1.95392e+07 0
1700 1.90894e+07 0
1710 1.84493e+07 0
1720 1.99434e+07 0
1730 1.99145e+07 0
1740 1.85688e+07 0
1750 1.94622e+07 0
1760 1.94282e+07 0
1770 1.90181e+07 0
1780 1.81979e+07 0
1790 1.85194e+07 0
1800 1.87739e+07 0
1810 1.91768e+07 0
1820 1.82391e+07 0
1830 1.89511e+07 0
1840 1.94169e+07 0
1850 1.88584e+07 0
1860 1.93066e+07 0
1870 1.79856e+07 0
1880 1.91046e+07 0
1890 1.95415e+07 0
1900 2.05163e+07 0
1910 1.99671e+07 0
1920 1.92252e+07 0
1930 1.87347e+07 0
1940 1.77528e+07 0
1950 1.84359e+07 0
1960 1.83999e+07 0
1970 1.87842e+07 0
1980 1.8641e+07 0
1990 1.79846e+07 0
2000 1.86399e+07 0
2010 1.84349e+07 0
2020 1.844e+07 0
2030 1.92231e+07 0
2040 2.03226e+07 0
2050 1.93239e+07 0
2060 1.93821e+07 0
2070 1.88316e+07 0
2080 1.69089e+07 0
2090 1.86884e+07 0
2100 1.93241e+07 0
2110 1.86997e+07 0
2120 1.78651e+07 0
2130 1.77445e+07 0
2140 1.87059e+07 0
2150 1.90717e+07 0
2160 1.96672e+07 0
2170 1.86204e+07 0
2180 1.75663e+07 0
2190 1.79496e+07 0
2200 1.80876e+07 0
2210 1.50541e+07 0
2220 1.63607e+07 0
2230 1.74251e+07 0
2240 1.78517e+07 0
2250 1.905e+07 0
2260 1.87028e+07 0
2270 2.14601e+07 0
2280 1.92231e+07 0
2290 1.49047e+07 0
2300 1.43607e+07 0
2310 1.82504e+07 0
2320 1.96178e+07 0
2330 1.7624e+07 0
2340 1.74581e+07 0
2350 1.74014e+07 0
2360 1.91108e+07 0
2370 1.6574e+07 0
2380 1.74488e+07 0
2390 1.8609e+07 0
2400 1.66193e+07 0
2410 1.6473e+07 0
2420 1.76085e+07 0
2430 1.87461e+07 0
2440 1.65153e+07 0
2450 1.73076e+07 0
2460 1.8575e+07 0
2470 1.95117e+07 0
2480 1.9252e+07 0
2490 1.82535e+07 0
2500 1.9353e+07 0
2510 1.96198e+07 0
2520 1.86812e+07 0
2530 1.83422e+07 0
2540 1.81392e+07 0
2550 1.87873e+07 0
2560 1.96023e+07 0
2570 1.89068e+07 0
2580 1.87079e+07 0
2590 1.90943e+07 0
2600 1.91046e+07 0
2610 1.95992e+07 0
2620 1.92252e+07 0
2630 2.01433e+07 0
2640 2.00732e+07 0
2650 1.90243e+07 0
2660 1.95889e+07 0
2670 1.96889e+07 0
2680 1.9793e+07 0
2690 1.65894e+07 0
2700 1.7523e+07 0
2710 1.80073e+07 0
2720 1.97219e+07 0
2730 2.00949e+07 0
2740 1.96302e+07 0
2750 2.01247e+07 0
2760 1.99259e+07 0
2770 1.99011e+07 0
2780 1.8879e+07 0
2790 1.56744e+07 0
2800 1.65008e+07 0
2810 1.82092e+07 0
2820 1.64717e+07 0
2830 2.04362e+07 0
2840 1.92293e+07 0
2850 1.61e+07 0
2860 1.71201e+07 0
2870 1.70882e+07 0
2880 1.91593e+07 0
2890 1.94787e+07 0
2900 2.03092e+07 0
2910 1.8912e+07 0
2920 1.97383e+07 0
2930 1.91747e+07 0
2940 1.79187e+07 0
2950 1.93262e+07 0
2960 1.92438e+07 0
2970 1.94869e+07 0
2980 2.00104e+07 0
2990 1.94158e+07 0
3000 1.94323e+07 0
3010 1.86791e+07 0
3020 1.86193e+07 0
3030 1.87945e+07 0
3040 1.98455e+07 0
3050 1.86152e+07 0
3060 1.87893e+07 0
3070 1.94632e+07 0
3080 1.87296e+07 0
3090 1.9186e+07 0
3100 1.73128e+07 0
3110 1.71263e+07 0
3120 1.85019e+07 0
3130 1.96054e+07 0
3140 1.85812e+07 0
3150 1.81484e+07 0
3160 1.91201e+07 0
3170 1.8539e+07 0
3180 1.99176e+07 0
3190 1.92087e+07 0
3200 1.92231e+07 0
3210 2.01052e+07 0
3220 1.99135e+07 0
3230 1.74838e+07 0
3240 1.58589e+07 0
3250 1.77517e+07 0
3260 1.77672e+07 0
3270 1.7422e+07 0
3280 1.72417e+07 0
3290 1.77208e+07 0
3300 1.82587e+07 0
3310 1.7186e+07 0
3320 1.79125e+07 0
3330 1.89367e+07 0
3340 1.90418e+07 0
3350 1.65534e+07 0
3360 1.65122e+07 0
3370 1.80567e+07 0
3380 1.61855e+07 0
3390 1.83947e+07 0
3400 1.96683e+07 0
3410 2.02381e+07 0
3420 1.68244e+07 0
3430 1.87069e+07 0
3440 1.83483e+07 0
3450 1.8542e+07 0
3460 1.87584e+07 0
3470 1.84246e+07 0
3480 1.88604e+07 0
3490 1.85348e+07 0
3500 1.71386e+07 0
3510 1.90665e+07 0
3520 1.84998e+07 0
3530 1.9491e+07 0
3540 1.82649e+07 0
3550 1.83051e+07 0
3560 1.89614e+07 0
3570 1.98434e+07 0
3580 1.90387e+07 0
3590 1.9523e+07 0
3600 1.94972e+07 0
3610 1.88027e+07 0
3620 1.82257e+07 0
3630 1.8439e+07 0
3640 1.97291e+07 0
3650 1.88934e+07 0
3660 1.73818e+07 0
3670 1.84514e+07 0
3680 1.81113e+07 0
3690 1.89625e+07 0
3700 1.74921e+07 0
3710 1.71129e+07 0
3720 1.81639e+07 0
3730 1.89851e+07 0
3740 1.84163e+07 0
3750 2.01454e+07 0
3760 1.98579e+07 0
3770 1.99187e+07 0
3780 1.95302e+07 0
3790 1.89377e+07 0
3800 1.8609e+07 0
3810 1.86575e+07 0
3820 1.97383e+07 0
3830 1.92396e+07 0
3840 1.72664e+07 0
3850 1.92747e+07 0
3860 2.00609e+07 0
3870 1.92201e+07 0
3880 1.95683e+07 0
3890 1.95683e+07 0
3900 1.89243e+07 0
3910 1.9558e+07 0
3920 1.88656e+07 0
3930 1.95436e+07 0
3940 1.90109e+07 0
3950 1.92201e+07 0
3960 1.96889e+07 0
3970 1.93468e+07 0
3980 1.89223e+07 0
3990 1.88491e+07 0
4000 1.85379e+07 0
4010 1.87224e+07 0
4020 1.84854e+07 0
4030 1.81299e+07 0
4040 1.88903e+07 0
4050 1.88398e+07 0
4060 1.69078e+07 0
4070 1.86276e+07 0
4080 1.87213e+07 0
4090 1.98239e+07 0
4100 2.02762e+07 0
4110 2.02247e+07 0
4120 1.92561e+07 0
4130 1.87347e+07 0
4140 1.86379e+07 0
4150 1.88996e+07 0
4160 1.86327e+07 0
4170 1.95683e+07 0
4180 1.90511e+07 0
4190 1.94354e+07 0
4200 1.93932e+07 0
4210 1.73406e+07 0
4220 1.8236e+07 0
4230 1.71562e+07 0
4240 1.80846e+07 0
4250 1.99815e+07 0
4260 1.85967e+07 0
4270 1.8506e+07 0
4280 1.64153e+07 0
4290 1.67316e+07 0
4300 1.88553e+07 0
4310 1.94828e+07 0
4320 1.94787e+07 0
4330 2.00897e+07 0
4340 1.9692e+07 0
4350 2.08151e+07 0
4360 2.22659e+07 0
4370 1.59918e+07 0
4380 1.82989e+07 0
4390 1.86286e+07 0
4400 2.04668e+07 0
4410 2.05122e+07 0
4420 1.9999e+07 0
4430 1.83452e+07 0
4440 2.05266e+07 0
4450 2.01721e+07 0
4460 2.01196e+07 0
4470 1.92685e+07 0
4480 1.85431e+07 0
4490 1.92716e+07 0
4500 1.84854e+07 0
4510 1.82584e+07 0
4520 1.98787e+07 0
4530 2.05081e+07 0
4540 2.00011e+07 0
4550 2.0236e+07 0
4560 2.03319e+07 0
4570 1.97445e+07 0
4580 1.84792e+07 0
4590 1.97136e+07 0
4600 1.98651e+07 0
4610 1.91634e+07 0
4620 1.95426e+07 0
4630 1.94993e+07 0
4640 2.03978e+07 0
4650 1.99671e+07 0
4660 2.01618e+07 0
4670 1.95364e+07 0
4680 1.93066e+07 0
4690 2.01371e+07 0
4700 1.79444e+07 0
4710 2.03432e+07 0
4720 1.80165e+07 0
4730 1.97373e+07 0
4740 2.00135e+07 0
4750 2.08543e+07 0
4760 2.05493e+07 0
4770 1.95075e+07 0
4780 1.8573e+07 0
4790 1.92417e+07 0
4800 1.80268e+07 0
4810 1.86018e+07 0
4820 1.79297e+07 0
4830 1.9482e+07 0
4840 1.96693e+07 0
4850 1.93571e+07 0
4860 1.83792e+07 0
4870 1.97229e+07 0
4880 1.99671e+07 0
4890 1.98754e+07 0
4900 1.81216e+07 0
4910 1.83471e+07 0
4920 1.94027e+07 0
4930 1.9354e+07 0
4940 1.95766e+07 0
4950 1.77899e+07 0
4960 1.73746e+07 0
4970 1.86482e+07 0
4980 1.98053e+07 0
4990 1.89655e+07 0
5000 1.90171e+07 0
5010 2.02628e+07 0
5020 1.73107e+07 0
5030 1.73416e+07 0
5040 1.90521e+07 0
5050 1.92219e+07 0
5060 1.94295e+07 0
5070 1.97579e+07 0
5080 2.08893e+07 0
5090 2.11325e+07 0
5100 1.98414e+07 0
5110 2.06482e+07 0
5120 1.81453e+07 0
5130 1.89058e+07 0
5140 2.03525e+07 0
5150 1.88027e+07 0
5160 1.80268e+07 0
5170 1.69975e+07 0
5180 1.96848e+07 0
5190 2.03823e+07 0
5200 1.9727e+07 0
5210 2.07327e+07 0
5220 1.92778e+07 0
5230 2.05184e+07 0
5240 2.08914e+07 0
5250 1.90047e+07 0
5260 1.9319e+07 0
5270 1.9557e+07 0
5280 2.01938e+07 0
5290 2.037e+07 0
5300 1.91222e+07 0
5310 1.78053e+07 0
5320 1.84287e+07 0
5330 1.96899e+07 0
5340 1.88903e+07 0
5350 1.78517e+07 0
5360 1.89212e+07 0
5370 1.98733e+07 0
5380 2.05925e+07 0
5390 2.05544e+07 0
5400 1.94035e+07 0
5410 1.70696e+07 0
5420 1.95518e+07 0
5430 1.88398e+07 0
5440 1.86039e+07 0
5450 1.94096e+07 0
5460 1.87481e+07 0
5470 1.89017e+07 0
5480 1.82628e+07 0
5490 1.82999e+07 0
5500 1.6372e+07 0
5510 1.95766e+07 0
5520 2.05441e+07 0
5530 2.11345e+07 0
5540 1.89274e+07 0
5550 1.74869e+07 0
5560 1.97126e+07 0
5570 1.92067e+07 0
5580 1.8439e+07 0
5590 1.75261e+07 0
5600 1.8099e+07 0
5610 1.90902e+07 0
5620 1.83164e+07 0
5630 1.86987e+07 0
5640 1.83597e+07 0
5650 1.96508e+07 0
5660 1.9895e+07 0
5670 1.87832e+07 0
5680 2.01763e+07 0
5690 2.02237e+07 0
5700 1.94385e+07 0
5710 1.88161e+07 0
5720 1.93993e+07 0
5730 1.94395e+07 0
5740 1.95075e+07 0
5750 1.98476e+07 0
5760 1.99331e+07 0
5770 1.95343e+07 0
5780 1.82401e+07 0
5790 1.759e+07 0
5800 1.92891e+07 0
5810 1.81214e+07 0
5820 1.87679e+07 0
5830 1.87873e+07 0
5840 1.98816e+07 0
5850 1.87924e+07 0
5860 1.98043e+07 0
5870 1.91685e+07 0
5880 2.04926e+07 0
5890 2.09666e+07 0
5900 1.89985e+07 0
5910 1.98012e+07 0
5920 2.0132e+07 0
5930 1.92077e+07 0
5940 1.88275e+07 0
5950 1.93726e+07 0
5960 1.98404e+07 0
5970 1.97126e+07 0
5980 2.05874e+07 0
5990 1.98713e+07 0
6000 1.96394e+07 0
6010 2.0472e+07 0
6020 2.00104e+07 0
6030 1.98125e+07 0
6040 2.03842e+07 0
6050 1.96273e+07 0
6060 2.08203e+07 0
6070 1.99661e+07 0
6080 1.97559e+07 0
6090 2.02989e+07 0
6100 1.98247e+07 0
6110 1.94068e+07 0
6120 1.85276e+07 0
6130 1.81258e+07 0
6140 1.77352e+07 0
6150 1.91386e+07 0
6160 1.76423e+07 0
6170 1.8566e+07 0
6180 1.93653e+07 0
6190 1.88852e+07 0
6200 1.94498e+07 0
6210 1.96796e+07 0
6220 1.91345e+07 0
6230 2.06338e+07 0
6240 1.96209e+07 0
6250 1.94488e+07 0
6260 1.88285e+07 0
6270 2.05761e+07 0
6280 1.9965e+07 0
6290 1.90325e+07 0
6300 1.82875e+07 0
6310 2.03009e+07 0
6320 2.05421e+07 0
6330 2.01412e+07 0
6340 1.94529e+07 0
6350 1.91768e+07 0
6360 1.79815e+07 0
6370 1.94096e+07 0
6380 2.00372e+07 0
6390 1.91747e+07 0
6400 1.86152e+07 0
6410 1.91057e+07 0
6420 1.91417e+07 0
6430 1.77528e+07 0
6440 1.87368e+07 0
6450 2.01948e+07 0
6460 2.08151e+07 0
6470 1.98929e+07 0
6480 1.76466e+07 0
6490 1.9084e+07 0
6500 1.90088e+07 0
6510 2.07059e+07 0
6520 1.96011e+07 0
6530 1.85351e+07 0
6540 1.94457e+07 0
6550 1.90542e+07 0
6560 1.92942e+07 0
6570 1.86616e+07 0
6580 1.95601e+07 0
6590 2.08357e+07 0
6600 2.07646e+07 0
6610 1.93427e+07 0
6620 1.89841e+07 0
6630 1.9592e+07 0
6640 1.97445e+07 0
6650 1.96508e+07 0
6660 1.96518e+07 0
6670 1.99413e+07 0
6680 1.96992e+07 0
6690 1.75158e+07 0
6700 1.99269e+07 0
6710 2.03236e+07 0
6720 1.89748e+07 0
6730 2.00928e+07 0
6740 2.00712e+07 0
6750 1.95591e+07 0
6760 1.81474e+07 0
6770 1.96848e+07 0
6780 1.89975e+07 0
6790 2.01227e+07 0
6800 1.94581e+07 0
6810 2.01639e+07 0
6820 1.93035e+07 0
6830 1.91768e+07 0
6840 1.97085e+07 0
6850 1.78568e+07 0
6860 1.85657e+07 0
6870 1.85998e+07 0
6880 2.02072e+07 0
6890 2.01381e+07 0
6900 1.91356e+07 0
6910 1.97734e+07 0
6920 1.83318e+07 0
6930 1.73447e+07 0
6940 1.58393e+07 0
6950 1.73653e+07 0
6960 1.86935e+07 0
6970 1.87079e+07 0
6980 1.95261e+07 0
6990 2.08852e+07 0
7000 2.02319e+07 0
7010 2.01804e+07 0
7020 1.82752e+07 0
7030 1.95323e+07 0
7040 1.81423e+07 0
7050 1.89635e+07 0
7060 2.04091e+07 0
7070 1.90665e+07 0
7080 1.9728e+07 0
7090 2.03123e+07 0
7100 1.89954e+07 0
7110 2.06111e+07 0
7120 1.98888e+07 0
7130 1.88367e+07 0
7140 1.8065e+07 0
7150 1.71108e+07 0
7160 1.97239e+07 0
7170 1.87234e+07 0
7180 1.90439e+07 0
7190 1.89326e+07 0
7200 2.0573e+07 0
7210 1.94921e+07 0
7220 2.02927e+07 0
7230 1.83143e+07 0
7240 1.68913e+07 0
7250 1.85987e+07 0
7260 1.96868e+07 0
7270 1.97085e+07 0
7280 1.97723e+07 0
7290 2.01278e+07 0
7300 2.02824e+07 0
7310 1.96302e+07 0
7320 1.85173e+07 0
7330 1.75374e+07 0
7340 1.82906e+07 0
7350 1.94457e+07 0
7360 1.9489e+07 0
7370 1.96982e+07 0
7380 1.85894e+07 0
7390 1.94797e+07 0
7400 1.83081e+07 0
7410 1.78342e+07 0
7420 1.90645e+07 0
7430 1.72757e+07 0
7440 1.84081e+07 0
7450 1.83648e+07 0
7460 1.87244e+07 0
7470 1.91696e+07 0
7480 1.72005e+07 0
7490 1.84874e+07 0
7500 1.94022e+07 0
7510 1.98993e+07 0
7520 1.88594e+07 0
7530 2.05524e+07 0
7540 1.97012e+07 0
7550 1.84194e+07 0
7560 1.96353e+07 0
7570 1.93684e+07 0
7580 2.04503e+07 0
7590 1.97342e+07 0
7600 2.02195e+07 0
7610 2.0101e+07 0
7620 2.05369e+07 0
7630 1.98692e+07 0
7640 1.98733e+07 0
7650 1.94983e+07 0
7660 2.03102e+07 0
7670 1.92541e+07 0
7680 2.02783e+07 0
7690 1.97775e+07 0
7700 2.13674e+07 0
7710 1.99671e+07 0
7720 2.04133e+07 0
7730 1.98012e+07 0
7740 1.8234e+07 0
7750 1.9185e+07 0
7760 1.78486e+07 0
7770 1.85884e+07 0
7780 1.96178e+07 0
7790 1.9557e+07 0
7800 1.87079e+07 0
7810 1.84606e+07 0
7820 1.71397e+07 0
7830 2.00227e+07 0
7840 1.94849e+07 0
7850 2.05142e+07 0
7860 2.02742e+07 0
7870 1.99269e+07 0
7880 1.993e+07 0
7890 1.90335e+07 0
7900 1.96332e+07 0
7910 1.99259e+07 0
7920 1.8066e+07 0
7930 1.96466e+07 0
7940 1.88347e+07 0
7950 1.90026e+07 0
7960 2.03401e+07 0
7970 1.90026e+07 0
7980 1.90335e+07 0
7990 1.92747e+07 0
8000 1.80279e+07 0
8010 1.85153e+07 0
8020 2.00196e+07 0
8030 1.80392e+07 0
8040 2.00299e+07 0
8050 2.00062e+07 0
8060 1.97796e+07 0
8070 2.00382e+07 0
8080 1.87533e+07 0
8090 1.98105e+07 0
8100 1.85225e+07 0
8110 1.98527e+07 0
8120 1.97559e+07 0
8130 2.04967e+07 0
8140 1.94148e+07 0
8150 1.86358e+07 0
8160 1.80773e+07 0
8170 1.95529e+07 0
8180 1.95405e+07 0
8190 1.95838e+07 0
8200 1.90521e+07 0
8210 1.74704e+07 0
8220 1.95941e+07 0
8230 1.89161e+07 0
8240 2.00681e+07 0
8250 1.93973e+07 0
8260 1.94993e+07 0
8270 1.99011e+07 0
8280 1.85091e+07 0
8290 1.82577e+07 0
8300 1.90109e+07 0
8310 1.84277e+07 0
8320 1.82144e+07 0
8330 2.01897e+07 0
8340 2.05637e+07 0
8350 2.01956e+07 0
8360 1.91791e+07 0
8370 1.85905e+07 0
8380 1.95096e+07 0
8390 2.18671e+07 0
8400 1.92571e+07 0
8410 2.01072e+07 0
8420 2.00083e+07 0
8430 1.96116e+07 0
8440 2.06028e+07 0
8450 2.0711e+07 0
8460 2.0167e+07 0
8470 2.06317e+07 0
8480 2.02618e+07 0
8490 2.11397e+07 0
8500 1.90748e+07 0
8510 1.93939e+07 0
8520 1.97386e+07 0
8530 1.83844e+07 0
8540 1.93715e+07 0
8550 1.93643e+07 0
8560 1.97899e+07 0
8570 1.88944e+07 0
8580 1.94261e+07 0
8590 1.85008e+07 0
8600 2.01711e+07 0
8610 1.93993e+07 0
8620 1.9489e+07 0
8630 2.05853e+07 0
8640 1.96868e+07 0
8650 1.92767e+07 0
8660 1.9793e+07 0
8670 1.81474e+07 0
8680 1.85575e+07 0
8690 1.88615e+07 0
8700 1.74024e+07 0
8710 1.79928e+07 0
8720 2.081e+07 0
8730 2.0031e+07 0
8740 2.04895e+07 0
8750 2.11685e+07 0
8760 2.07368e+07 0
8770 2.01886e+07 0
8780 1.9285e+07 0
8790 1.95797e+07 0
8800 1.81453e+07 0
8810 1.76497e+07 0
8820 1.99403e+07 0
8830 1.81783e+07 0
8840 1.91479e+07 0
8850 2.00073e+07 0
8860 2.11572e+07 0
8870 2.01989e+07 0
8880 2.01639e+07 0
8890 2.04802e+07 0
8900 2.01309e+07 0
8910 1.82257e+07 0
8920 1.83308e+07 0
8930 1.8852e+07 0
8940 1.95438e+07 0
8950 1.8913e+07 0
8960 2.06008e+07 0
8970 1.90088e+07 0
8980 2.12633e+07 0
8990 1.97146e+07 0
9000 1.85925e+07 0
9010 2.01567e+07 0
9020 2.00835e+07 0
9030 2.01732e+07 0
9040 1.96951e+07 0
9050 1.92365e+07 0
9060 1.92695e+07 0
9070 1.91953e+07 0
9080 2.08924e+07 0
9090 1.9016e+07 0
9100 1.92355e+07 0
9110 2.00464e+07 0
9120 1.98218e+07 0
9130 2.04916e+07 0
9140 1.94777e+07 0
9150 2.00155e+07 0
9160 2.00166e+07 0
9170 2.03504e+07 0
9180 1.90902e+07 0
9190 1.91397e+07 0
9200 1.84606e+07 0
9210 1.85998e+07 0
9220 1.77682e+07 0
9230 1.72386e+07 0
9240 2.11861e+07 0
9250 2.17579e+07 0
9260 2.01371e+07 0
9270 1.95158e+07 0
9280 2.09697e+07 0
9290 2.1116e+07 0
9300 2.12252e+07 0
9310 2.09552e+07 0
9320 2.02948e+07 0
9330 1.8879e+07 0
9340 2.07275e+07 0
9350 1.91531e+07 0
9360 2.13973e+07 0
9370 2.14097e+07 0
9380 2.07492e+07 0
9390 1.75075e+07 0
9400 1.83535e+07 0
9410 1.85699e+07 0
9420 2.0337e+07 0
9430 1.83844e+07 0
9440 2.05822e+07 0
9450 2.07121e+07 0
9460 1.9897e+07 0
9470 1.88914e+07 0
9480 1.94972e+07 0
9490 1.9693e+07 0
9500 1.63071e+07 0
9510 2.12046e+07 0
9520 1.91716e+07 0
9530 1.99197e+07 0
9540 2.05998e+07 0
9550 2.00918e+07 0
9560 1.97012e+07 0
9570 1.9964e+07 0
9580 2.0167e+07 0
9590 1.8844e+07 0
9600 1.84864e+07 0
9610 1.88254e+07 0
9620 1.94416e+07 0
9630 2.01812e+07 0
9640 1.96118e+07 0
9650 2.07378e+07 0
9660 1.88192e+07 0
9670 1.84874e+07 0
9680 1.97249e+07 0
9690 1.94921e+07 0
9700 1.91922e+07 0
9710 1.93097e+07 0
9720 1.84637e+07 0
9730 1.66595e+07 0
9740 1.79671e+07 0
9750 1.92087e+07 0
9760 1.97332e+07 0
9770 1.99413e+07 0
9780 2.11129e+07 0
9790 1.89594e+07 0
9800 1.86492e+07 0
9810 1.84029e+07 0
9820 1.97971e+07 0
9830 2.01237e+07 0
9840 2.01907e+07 0
9850 2.00166e+07 0
9860 1.95652e+07 0
9870 1.89027e+07 0
9880 1.8338e+07 0
9890 1.84225e+07 0
9900 1.97342e+07 0
9910 2.10284e+07 0
9920 1.99805e+07 0
9930 1.94024e+07 0
9940 1.96672e+07 0
9950 1.96786e+07 0
9960 1.98331e+07 0
9970 2.00052e+07 0
9980 1.97538e+07 0
9990 2.05111e+07 0
10000 2.06193e+07 0
10010 1.70026e+07 0
10020 1.93942e+07 0
10030 1.92654e+07 0
10040 1.77548e+07 0
10050 1.97909e+07 0
10060 1.9084e+07 0
10070 1.74261e+07 0
10080 1.82659e+07 0
10090 1.94787e+07 0
10100 2.08337e+07 0
10110 2.03195e+07 0
10120 1.93087e+07 0
10130 1.93489e+07 0
10140 2.07945e+07 0
10150 1.99022e+07 0
10160 1.9355e+07 0
10170 1.97157e+07 0
10180 1.91376e+07 0
10190 1.95724e+07 0
10200 2.04442e+07 0
10210 1.95786e+07 0
10220 1.95858e+07 0
10230 1.90129e+07 0
10240 1.78115e+07 0
10250 1.94084e+07 0
10260 1.89627e+07 0
10270 2.02371e+07 0
10280 2.11005e+07 0
10290 2.06554e+07 0
10300 1.85369e+07 0
10310 1.83914e+07 0
10320 1.86371e+07 0
10330 2.05534e+07 0
10340 2.09965e+07 0
10350 2.08264e+07 0
10360 1.97373e+07 0
10370 1.97383e+07 0
10380 1.90253e+07 0
10390 1.9217e+07 0
10400 1.8948e+07 0
10410 1.98218e+07 0
10420 1.76271e+07 0
10430 1.89367e+07 0
10440 2.02989e+07 0
10450 1.92108e+07 0
10460 1.89851e+07 0
10470 1.84988e+07 0
10480 1.8709e+07 0
10490 1.9963e+07 0
10500 1.76827e+07 0
10510 1.86678e+07 0
10520 1.83288e+07 0
10530 1.81093e+07 0
10540 1.96879e+07 0
10550 2.1558e+07 0
10560 2.15261e+07 0
10570 2.05791e+07 0
10580 2.08089e+07 0
10590 2.10057e+07 0
10600 2.05266e+07 0
10610 1.96961e+07 0
10620 1.99681e+07 0
10630 2.05132e+07 0
10640 2.03071e+07 0
10650 1.95724e+07 0
10660 2.00866e+07 0
10670 1.92932e+07 0
10680 2.04483e+07 0
10690 1.71263e+07 0
10700 1.91943e+07 0
10710 2.03102e+07 0
10720 2.02298e+07 0
10730 1.91335e+07 0
10740 2.04133e+07 0
10750 1.88316e+07 0
10760 1.90284e+07 0
10770 2.01866e+07 0
10780 2.10305e+07 0
10790 1.79764e+07 0
10800 1.97363e+07 0
10810 1.99609e+07 0
10820 1.99218e+07 0
10830 2.01258e+07 0
10840 1.92819e+07 0
10850 1.89295e+07 0
10860 1.96435e+07 0
10870 1.96837e+07 0
10880 1.90408e+07 0
10890 1.99774e+07 0
10900 2.08862e+07 0
10910 1.97991e+07 0
10920 1.98888e+07 0
10930 2.00938e+07 0
10940 2.04957e+07 0
10950 2.03803e+07 0
10960 1.94941e+07 0
10970 1.91448e+07 0
10980 1.99496e+07 0
10990 1.88141e+07 0
11000 1.98239e+07 0
11010 1.95415e+07 0
11020 1.87914e+07 0
11030 1.99094e+07 0
11040 1.85956e+07 0
11050 1.86801e+07 0
11060 1.96992e+07 0
11070 2.06358e+07 0
11080 1.92942e+07 0
11090 1.97734e+07 0
11100 1.86904e+07 0
11110 2.12757e+07 0
11120 1.85472e+07 0
11130 1.99516e+07 0
11140 1.97486e+07 0
11150 1.80062e+07 0
11160 1.90748e+07 0
11170 1.98548e+07 0
11180 1.98208e+07 0
11190 1.97394e+07 0
11200 1.97332e+07 0
11210 2.02123e+07 0
11220 1.827e+07 0
11230 1.6235e+07 0
11240 1.81361e+07 0
11250 1.94148e+07 0
11260 1.94261e+07 0
11270 1.99998e+07 0
11280 2.094e+07 0
11290 2.12881e+07 0
11300 1.95776e+07 0
11310 1.93159e+07 0
11320 2.02463e+07 0
11330 2.0135e+07 0
11340 1.90737e+07 0
11350 1.83566e+07 0
11360 1.99094e+07 0
11370 2.01175e+07 0
11380 1.93355e+07 0
11390 1.98239e+07 0
11400 1.99774e+07 0
11410 2.01454e+07 0
11420 1.86678e+07 0
11430 1.94715e+07 0
11440 1.97517e+07 0
11450 1.9564e+07 0
11460 1.93264e+07 0
11470 1.97208e+07 0
11480 1.93839e+07 0
11490 2.15591e+07 0
11500 2.1252e+07 0
11510 2.17847e+07 0
11520 2.02927e+07 0
11530 1.95951e+07 0
11540 1.92507e+07 0
11550 1.93192e+07 0
11560 2.11562e+07 0
11570 2.16569e+07 0
11580 2.00083e+07 0
11590 1.88584e+07 0
11600 1.82896e+07 0
11610 1.95663e+07 0
11620 1.94199e+07 0
11630 1.88182e+07 0
11640 1.66337e+07 0
11650 1.96982e+07 0
11660 1.73004e+07 0
11670 1.90624e+07 0
11680 1.95395e+07 0
11690 1.87646e+07 0
11700 1.96126e+07 0
11710 1.95333e+07 0
11720 2.09934e+07 0
11730 1.91778e+07 0
11740 2.02803e+07 0
11750 1.94004e+07 0
11760 1.99774e+07 0
11770 2.08285e+07 0
11780 2.12705e+07 0
11790 2.03718e+07 0
11800 2.07422e+07 0
11810 1.92633e+07 0
11820 1.83718e+07 0
11830 1.91956e+07 0
11840 1.97157e+07 0
11850 1.99321e+07 0
11860 1.90397e+07 0
11870 1.82844e+07 0
11880 1.94725e+07 0
11890 1.95663e+07 0
11900 1.97682e+07 0
11910 2.04493e+07 0
11920 2.05297e+07 0
11930 2.00361e+07 0
11940 1.94426e+07 0
11950 1.92468e+07 0
11960 1.98774e+07 0
11970 2.05843e+07 0
11980 1.88501e+07 0
11990 1.78939e+07 0
12000 1.80866e+07 0
12010 2.01381e+07 0
12020 2.01546e+07 0
12030 1.92077e+07 0
12040 1.99753e+07 0
12050 2.00794e+07 0
12060 1.80526e+07 0
12070 1.92211e+07 0
12080 1.96786e+07 0
12090 2.02072e+07 0
12100 1.96518e+07 0
12110 1.88429e+07 0
12120 2.11047e+07 0
12130 2.02543e+07 0
12140 2.01075e+07 0
12150 1.91211e+07 0
12160 1.76786e+07 0
12170 2.00145e+07 0
12180 1.92953e+07 0
12190 2.08295e+07 0
12200 2.04854e+07 0
12210 1.9624e+07 0
12220 2.0607e+07 0
12230 1.86317e+07 0
12240 1.8303e+07 0
12250 1.89872e+07 0
12260 1.93035e+07 0
12270 1.88264e+07 0
12280 1.8338e+07 0
12290 2.11119e+07 0
12300 1.88264e+07 0
12310 1.97672e+07 0
12320 1.96405e+07 0
12330 1.92891e+07 0
12340 1.92963e+07 0
12350 1.84555e+07 0
12360 1.89841e+07 0
12370 2.00402e+07 0
12380 2.05173e+07 0
12390 1.96621e+07 0
12400 2.03896e+07 0
12410 2.00949e+07 0
12420 1.94622e+07 0
12430 1.92108e+07 0
12440 1.92448e+07 0
12450 1.88893e+07 0
12460 1.9525e+07 0
12470 1.84122e+07 0
12480 2.01113e+07 0
12490 1.97043e+07 0
12500 2.04174e+07 0
12510 2.15848e+07 0
12520 1.93962e+07 0
12530 1.99259e+07 0
12540 1.81505e+07 0
12550 1.89078e+07 0
12560 2.01155e+07 0
12570 2.14303e+07 0
12580 2.05658e+07 0
12590 1.79856e+07 0
12600 2.02845e+07 0
12610 2.00938e+07 0
12620 2.04514e+07 0
12630 1.9896e+07 0
12640 2.13901e+07 0
12650 2.02845e+07 0
12660 1.9355e+07 0
12670 1.96095e+07 0
12680 2.02329e+07 0
12690 1.99393e+07 0
12700 2.0167e+07 0
12710 2.15323e+07 0
12720 2.07079e+07 0
12730 1.92221e+07 0
12740 2.11994e+07 0
12750 2.07904e+07 0
12760 2.01206e+07 0
12770 2.06987e+07 0
12780 1.8065e+07 0
12790 1.96745e+07 0
12800 2.01144e+07 0
12810 1.85431e+07 0
12820 1.88831e+07 0
12830 1.79197e+07 0
12840 2.1185e+07 0
12850 1.99259e+07 0
12860 1.96095e+07 0
12870 1.98208e+07 0
12880 1.90593e+07 0
12890 1.88749e+07 0
12900 1.82741e+07 0
12910 2.06183e+07 0
12920 2.11861e+07 0
12930 1.92159e+07 0
12940 1.90274e+07 0
12950 1.959e+07 0
12960 1.93416e+07 0
12970 1.93416e+07 0
12980 1.99609e+07 0
12990 1.91665e+07 0
13000 1.93159e+07 0
13010 2.04813e+07 0
13020 1.89707e+07 0
13030 2.07997e+07 0
13040 2.07121e+07 0
13050 2.15374e+07 0
13060 1.94715e+07 0
13070 1.98661e+07 0
13080 1.96034e+07 0
13090 1.99475e+07 0
13100 1.85606e+07 0
13110 1.76961e+07 0
13120 1.91974e+07 0
13130 1.98939e+07 0
13140 1.83803e+07 0
13150 1.57198e+07 0
13160 1.82741e+07 0
13170 1.99382e+07 0
13180 1.9862e+07 0
13190 1.92953e+07 0
13200 1.82453e+07 0
13210 2.06273e+07 0
13220 1.96562e+07 0
13230 1.95508e+07 0
13240 2.08677e+07 0
13250 1.85513e+07 0
13260 2.04503e+07 0
13270 1.95889e+07 0
13280 1.91675e+07 0
13290 1.65245e+07 0
13300 1.68099e+07 0
13310 1.90047e+07 0
13320 1.85933e+07 0
13330 1.36633e+07 0
13340 1.79125e+07 0
13350 1.91046e+07 0
13360 1.95487e+07 0
13370 1.80815e+07 0
13380 1.5862e+07 0
13390 2.10233e+07 0
13400 1.81155e+07 0
13410 2.00073e+07 0
13420 1.8169e+07 0
13430 1.5626e+07 0
13440 1.56641e+07 0
13450 1.74642e+07 0
13460 1.88625e+07 0
13470 1.56219e+07 0
13480 1.65431e+07 0
13490 1.78939e+07 0
13500 1.90583e+07 0
13510 1.96951e+07 0
13520 1.8642e+07 0
13530 1.74601e+07 0
13540 1.71696e+07 0
13550 1.80804e+07 0
13560 2.04215e+07 0
13570 1.97868e+07 0
13580 2.06028e+07 0
13590 1.93344e+07 0
13600 2.06235e+07 0
13610 2.06894e+07 0
13620 1.93726e+07 0
13630 1.82381e+07 0
13640 1.8948e+07 0
13650 1.92788e+07 0
13660 2.01072e+07 0
13670 1.8846e+07 0
13680 1.89779e+07 0
13690 1.90263e+07 0
13700 1.87553e+07 0
13710 1.84163e+07 0
13720 1.87038e+07 0
13730 1.98659e+07 0
13740 1.9312e+07 0
13750 1.95014e+07 0
13760 1.93684e+07 0
13770 1.83226e+07 0
13780 1.82669e+07 0
13790 1.97157e+07 0
13800 1.80052e+07 0
13810 1.71469e+07 0
13820 1.89336e+07 0
13830 2.00907e+07 0
13840 2.00052e+07 0
13850 1.97146e+07 0
13860 1.98228e+07 0
13870 1.97146e+07 0
13880 1.94096e+07 0
13890 2.01649e+07 0
13900 1.94601e+07 0
13910 1.97559e+07 0
13920 1.97919e+07 0
13930 1.93313e+07 0
13940 1.99114e+07 0
13950 2.01649e+07 0
13960 2.01196e+07 0
13970 1.88285e+07 0
13980 1.96188e+07 0
13990 2.01536e+07 0
14000 2.00083e+07 0
14010 1.99712e+07 0
14020 2.05575e+07 0
14030 1.9186e+07 0
14040 1.94014e+07 0
14050 1.70778e+07 0
14060 1.88532e+07 0
14070 1.95807e+07 0
14080 2.05214e+07 0
14090 1.83865e+07 0
14100 1.56559e+07 0
14110 1.86513e+07 0
14120 1.98929e+07 0
14130 1.98455e+07 0
14140 1.99465e+07 0
14150 1.91479e+07 0
14160 1.94035e+07 0
14170 1.9422e+07 0
14180 1.92108e+07 0
14190 1.75024e+07 0
14200 1.91417e+07 0
14210 1.79805e+07 0
14220 1.89439e+07 0
14230 1.96487e+07 0
14240 1.94498e+07 0
14250 1.97353e+07 0
14260 1.91057e+07 0
14270 1.90717e+07 0
14280 1.88306e+07 0
14290 1.80784e+07 0
14300 1.93221e+07 0
14310 1.99135e+07 0
14320 1.84266e+07 0
14330 1.90552e+07 0
14340 1.97373e+07 0
14350 1.91356e+07 0
14360 1.93004e+07 0
14370 1.87533e+07 0
14380 1.93499e+07 0
14390 2.0304e+07 0
14400 2.03617e+07 0
14410 1.94292e+07 0
14420 1.93375e+07 0
14430 1.95199e+07 0
14440 1.91459e+07 0
14450 2.02092e+07 0
14460 1.9761e+07 0
14470 1.83968e+07 0
14480 1.98661e+07 0
14490 1.90706e+07 0
14500 1.84102e+07 0
14510 1.9016e+07 0
14520 1.96178e+07 0
14530 2.01824e+07 0
14540 2.10191e+07 0
14550 1.99269e+07 0
14560 1.91283e+07 0
14570 1.99382e+07 0
14580 1.89089e+07 0
14590 1.96662e+07 0
14600 1.99444e+07 0
14610 1.89944e+07 0
14620 2.09491e+07 0
14630 2.02103e+07 0
14640 2.0742e+07 0
14650 2.0067e+07 0
14660 2.01227e+07 0
14670 2.08172e+07 0
14680 1.98465e+07 0
14690 2.19125e+07 0
14700 1.93458e+07 0
14710 2.00547e+07 0
14720 1.88007e+07 0
14730 1.9183e+07 0
14740 1.9387e+07 0
14750 2.09655e+07 0
14760 1.86451e+07 0
14770 1.70366e+07 0
14780 1.81495e+07 0
14790 2.01155e+07 0
14800 2.11727e+07 0
14810 2.02195e+07 0
14820 1.90016e+07 0
14830 2.10119e+07 0
14840 1.85122e+07 0
14850 2.08821e+07 0
14860 2.03442e+07 0
14870 2.1489e+07 0
14880 1.93756e+07 0
14890 1.98002e+07 0
14900 1.9997e+07 0
14910 2.00629e+07 0
14920 2.0947e+07 0
14930 2.00351e+07 0
14940 1.9185e+07 0
14950 1.87778e+07 0
14960 2.00178e+07 0
14970 1.82463e+07 0
14980 1.86781e+07 0
14990 1.95797e+07 0
15000 2.05194e+07 0
15010 2.04679e+07 0
15020 1.99681e+07 0
15030 1.90717e+07 0
15040 1.82432e+07 0
15050 1.85737e+07 0
15060 1.80693e+07 0
15070 1.80856e+07 0
15080 1.81948e+07 0
15090 1.96845e+07 0
15100 2.01157e+07 0
15110 2.02793e+07 0
15120 1.84132e+07 0
15130 1.96034e+07 0
15140 1.91871e+07 0
15150 2.08151e+07 0
15160 2.10892e+07 0
15170 2.03339e+07 0
15180 1.87131e+07 0
15190 1.8134e+07 0
15200 1.85493e+07 0
15210 1.76322e+07 0
15220 1.82556e+07 0
15230 1.8474e+07 0
15240 1.99681e+07 0
15250 1.92108e+07 0
15260 2.05761e+07 0
15270 2.14911e+07 0
15280 2.02875e+07 0
15290 2.08697e+07 0
15300 1.95003e+07 0
15310 1.91922e+07 0
15320 1.83555e+07 0
15330 1.95477e+07 0
15340 1.9183e+07 0
15350 1.71593e+07 0
15360 1.95992e+07 0
15370 2.10026e+07 0
15380 1.94807e+07 0
15390 1.85967e+07 0
15400 1.75199e+07 0
15410 1.93066e+07 0
15420 1.95055e+07 0
15430 1.51314e+07 0
15440 1.49264e+07 0
15450 1.60608e+07 0
15460 1.79712e+07 0
15470 1.84132e+07 0
15480 1.65616e+07 0
15490 1.90212e+07 0
15500 1.86482e+07 0
15510 1.79001e+07 0
15520 2.00825e+07 0
15530 1.92767e+07 0
15540 1.81608e+07 0
15550 1.98527e+07 0
15560 1.81423e+07 0
15570 1.64957e+07 0
15580 1.78331e+07 0
15590 2.06946e+07 0
15600 2.1015e+07 0
15610 2.08862e+07 0
15620 2.05204e+07 0
15630 1.94529e+07 0
15640 1.74694e+07 0
15650 1.98816e+07 0
15660 1.93952e+07 0
15670 1.88821e+07 0
15680 1.80732e+07 0
15690 1.83009e+07 0
15700 1.74076e+07 0
15710 1.87306e+07 0
15720 1.89151e+07 0
15730 1.85513e+07 0
15740 2.00516e+07 0
15750 2.00258e+07 0
15760 1.92767e+07 0
15770 1.70037e+07 0
15780 1.82741e+07 0
15790 1.87172e+07 0
15800 1.96837e+07 0
15810 2.02834e+07 0
15820 2.03793e+07 0
15830 2.02061e+07 0
15840 2.00835e+07 0
15850 1.96206e+07 0
15860 1.9651e+07 0
15870 1.99362e+07 0
15880 2.07883e+07 0
15890 1.94375e+07 0
15900 1.92036e+07 0
15910 1.93726e+07 0
15920 1.98713e+07 0
15930 2.07811e+07 0
15940 1.95941e+07 0
15950 1.97981e+07 0
15960 1.98754e+07 0
15970 2.05596e+07 0
15980 2.0201e+07 0
15990 1.88903e+07 0
16000 1.84442e+07 0
16010 1.91386e+07 0
16020 1.76786e+07 0
16030 1.74323e+07 0
16040 1.87759e+07 0
16050 1.78805e+07 0
16060 2.06255e+07 0
16070 2.07255e+07 0
16080 1.89055e+07 0
16090 1.79405e+07 0
16100 1.89831e+07 0
16110 1.90655e+07 0
16120 2.06018e+07 0
16130 2.0471e+07 0
16140 1.66173e+07 0
16150 1.73777e+07 0
16160 1.9896e+07 0
16170 1.97693e+07 0
16180 1.99104e+07 0
16190 1.91201e+07 0
16200 2.02834e+07 0
16210 1.98579e+07 0
16220 2.08883e+07 0
16230 2.0269e+07 0
16240 1.90047e+07 0
16250 2.03288e+07 0
16260 2.08924e+07 0
16270 2.11067e+07 0
16280 2.12139e+07 0
16290 1.97497e+07 0
16300 1.97239e+07 0
16310 1.82731e+07 0
16320 1.96175e+07 0
16330 1.88143e+07 0
16340 1.70449e+07 0
16350 1.89151e+07 0
16360 1.82989e+07 0
16370 1.87409e+07 0
16380 1.9897e+07 0
16390 1.91933e+07 0
16400 2.02535e+07 0
16410 2.0437e+07 0
16420 2.00176e+07 0
16430 1.83823e+07 0
16440 2.02999e+07 0
16450 1.86657e+07 0
16460 2.05194e+07 0
16470 2.13025e+07 0
16480 2.0201e+07 0
16490 2.1287e+07 0
16500 2.07523e+07 0
16510 1.85482e+07 0
16520 1.97353e+07 0
16530 1.96363e+07 0
16540 1.98847e+07 0
16550 1.78105e+07 0
16560 1.92201e+07 0
16570 2.04957e+07 0
16580 1.95498e+07 0
16590 1.83329e+07 0
16600 1.9759e+07 0
16610 1.95621e+07 0
16620 1.80835e+07 0
16630 1.88924e+07 0
16640 1.77981e+07 0
16650 2.05276e+07 0
16660 1.8743e+07 0
16670 1.93818e+07 0
16680 1.96611e+07 0
16690 1.95323e+07 0
16700 1.91345e+07 0
16710 1.82999e+07 0
16720 1.92623e+07 0
16730 2.01402e+07 0
16740 2.06121e+07 0
16750 2.06688e+07 0
16760 1.94704e+07 0
16770 1.87121e+07 0
16780 1.84019e+07 0
16790 1.90686e+07 0
16800 2.00773e+07 0
16810 2.00372e+07 0
16820 1.98455e+07 0
16830 1.94014e+07 0
16840 2.00825e+07 0
16850 2.09532e+07 0
16860 2.01608e+07 0
16870 1.80093e+07 0
16880 1.79918e+07 0
16890 1.94684e+07 0
16900 2.00464e+07 0
16910 1.86461e+07 0
16920 1.94354e+07 0
16930 1.9016e+07 0
16940 2.06832e+07 0
16950 2.08543e+07 0
16960 1.95024e+07 0
16970 1.86915e+07 0
16980 2.00464e+07 0
16990 2.01773e+07 0
17000 2.13798e+07 0
17010 1.92438e+07 0
17020 2.04462e+07 0
17030 1.94166e+07 0
17040 2.09709e+07 0
17050 1.97146e+07 0
17060 2.00413e+07 0
17070 1.60155e+07 0
17080 1.86471e+07 0
17090 1.95961e+07 0
17100 1.98795e+07 0
17110 1.76745e+07 0
17120 1.9388e+07 0
17130 1.90686e+07 0
17140 1.79166e+07 0
17150 1.88089e+07 0
17160 1.8506e+07 0
17170 1.95261e+07 0
17180 1.75178e+07 0
17190 1.53952e+07 0
17200 1.81783e+07 0
17210 1.92829e+07 0
17220 1.77929e+07 0
17230 1.91933e+07 0
17240 1.84957e+07 0
17250 1.96538e+07 0
17260 1.95096e+07 0
17270 1.88975e+07 0
17280 1.95828e+07 0
17290 1.81319e+07 0
17300 1.85874e+07 0
17310 1.65822e+07 0
17320 1.82092e+07 0
17330 1.88007e+07 0
17340 1.97734e+07 0
17350 1.85925e+07 0
17360 1.92231e+07 0
17370 2.02298e+07 0
17380 1.749e+07 0
17390 1.94426e+07 0
17400 1.89089e+07 0
17410 1.80011e+07 0
17420 1.94457e+07 0
17430 1.91005e+07 0
17440 1.97126e+07 0
17450 2.06502e+07 0
17460 1.78043e+07 0
17470 1.99908e+07 0
17480 1.97507e+07 0
17490 2.00784e+07 0
17500 1.94612e+07 0
17510 1.87141e+07 0
17520 1.73148e+07 0
17530 1.89181e+07 0
17540 1.9794e+07 0
17550 1.9253e+07 0
17560 2.03277e+07 0
17570 2.15323e+07 0
17580 1.92911e+07 0
17590 1.43875e+07 0
17600 1.8745e+07 0
17610 2.14509e+07 0
17620 2.08027e+07 0
17630 2.01927e+07 0
17640 2.1115e+07 0
17650 2.14643e+07 0
17660 1.95529e+07 0
17670 1.72499e+07 0
17680 1.97517e+07 0
17690 2.0303e+07 0
17700 1.9626e+07 0
17710 1.99145e+07 0
17720 1.99341e+07 0
17730 2.10459e+07 0
17740 2.01948e+07 0
17750 1.9183e+07 0
17760 1.94673e+07 0
17770 1.91644e+07 0
17780 2.04699e+07 0
17790 2.05214e+07 0
17800 1.94261e+07 0
17810 1.85039e+07 0
17820 1.73571e+07 0
17830 2.04277e+07 0
17840 1.9896e+07 0
17850 1.95972e+07 0
17860 2.00804e+07 0
17870 2.0473e+07 0
17880 1.94694e+07 0
17890 1.9964e+07 0
17900 2.02288e+07 0
17910 2.06482e+07 0
17920 1.93901e+07 0
17930 1.98414e+07 0
17940 2.00815e+07 0
17950 2.02659e+07 0
17960 1.98146e+07 0
17970 2.04895e+07 0
17980 1.94426e+07 0
17990 1.99135e+07 0
18000 1.99032e+07 0
18010 2.04071e+07 0
18020 1.9999e+07 0
18030 1.71335e+07 0
18040 1.96106e+07 0
18050 1.91253e+07 0
18060 1.67347e+07 0
18070 2.09625e+07 0
18080 2.04751e+07 0
18090 2.05884e+07 0
18100 2.06441e+07 0
18110 2.06265e+07 0
18120 1.91428e+07 0
18130 1.81876e+07 0
18140 1.93602e+07 0
18150 1.90366e+07 0
18160 2.01969e+07 0
18170 2.0169e+07 0
18180 1.79959e+07 0
18190 1.64874e+07 0
18200 1.90892e+07 0
18210 1.94612e+07 0
18220 2.0541e+07 0
18230 1.96693e+07 0
18240 2.02443e+07 0
18250 1.97116e+07 0
18260 1.8643e+07 0
18270 1.83648e+07 0
18280 2.01134e+07 0
18290 2.09439e+07 0
18300 1.77775e+07 0
18310 1.91098e+07 0
18320 1.96137e+07 0
18330 1.9827e+07 0
18340 1.98537e+07 0
18350 1.94303e+07 0
18360 1.94663e+07 0
18370 1.88841e+07 0
18380 1.92036e+07 0
18390 1.92417e+07 0
18400 1.80866e+07 0
18410 1.88841e+07 0
18420 1.77579e+07 0
18430 1.84792e+07 0
18440 1.68491e+07 0
18450 1.95642e+07 0
18460 1.98321e+07 0
18470 2.03607e+07 0
18480 1.91634e+07 0
18490 1.96456e+07 0
18500 1.86595e+07 0
18510 2.10758e+07 0
18520 1.95807e+07 0
18530 2.0134e+07 0
18540 1.99475e+07 0
18550 2.0709e+07 0
18560 2.13138e+07 0
18570 1.91819e+07 0
18580 2.00444e+07 0
18590 1.89954e+07 0
18600 2.06616e+07 0
18610 2.0132e+07 0
18620 1.99207e+07 0
18630 1.99187e+07 0
18640 1.98331e+07 0
18650 1.92489e+07 0
18660 2.06678e+07 0
18670 2.06358e+07 0
18680 1.99764e+07 0
18690 1.99578e+07 0
18700 1.97837e+07 0
18710 1.97682e+07 0
18720 1.8303e+07 0
18730 1.89655e+07 0
18740 1.92932e+07 0
18750 1.84225e+07 0
18760 1.66863e+07 0
18770 1.95343e+07 0
18780 2.00269e+07 0
18790 2.07873e+07 0
18800 1.93726e+07 0
18810 1.92644e+07 0
18820 1.97054e+07 0
18830 2.10377e+07 0
18840 2.03576e+07 0
18850 2.05925e+07 0
18860 2.05956e+07 0
18870 1.93076e+07 0
18880 1.97682e+07 0
18890 1.87656e+07 0
18900 1.96302e+07 0
18910 1.85874e+07 0
18920 1.9489e+07 0
18930 2.03452e+07 0
18940 2.02535e+07 0
18950 1.88759e+07 0
18960 1.99145e+07 0
18970 1.87584e+07 0
18980 1.93447e+07 0
18990 1.9524e+07 0
19000 2.03679e+07 0
19010 1.94519e+07 0
19020 1.91314e+07 0
19030 1.93798e+07 0
19040 1.90274e+07 0
19050 1.87842e+07 0
19060 1.85472e+07 0
19070 1.84946e+07 0
19080 1.92211e+07 0
19090 1.77692e+07 0
19100 1.78259e+07 0
19110 1.89625e+07 0
19120 1.82638e+07 0
19130 1.80495e+07 0
19140 1.8847e+07 0
19150 1.9218e+07 0
19160 1.89738e+07 0
19170 1.88574e+07 0
19180 1.86307e+07 0
19190 1.84565e+07 0
19200 1.88862e+07 0
19210 1.60732e+07 0
19220 1.8372e+07 0
19230 1.84874e+07 0
19240 1.84359e+07 0
19250 2.06935e+07 0
19260 1.95858e+07 0
19270 1.95292e+07 0
19280 1.94684e+07 0
19290 1.94787e+07 0
19300 1.97301e+07 0
19310 1.94704e+07 0
19320 1.86678e+07 0
19330 1.97064e+07 0
19340 1.98836e+07 0
19350 1.90634e+07 0
19360 2.09645e+07 0
19370 1.94704e+07 0
19380 1.97507e+07 0
19390 1.84967e+07 0
19400 2.04102e+07 0
19410 1.99104e+07 0
19420 2.18538e+07 0
19430 1.96178e+07 0
19440 1.95374e+07 0
19450 1.95745e+07 0
19460 1.83432e+07 0
19470 1.88808e+07 0
19480 1.83331e+07 0
19490 1.76446e+07 0
19500 1.99908e+07 0
19510 2.08553e+07 0
19520 1.99712e+07 0
19530 1.92798e+07 0
19540 1.87224e+07 0
19550 1.65276e+07 0
19560 1.69831e+07 0
19570 1.93777e+07 0
19580 1.85841e+07 0
19590 1.948e+07 0
19600 2.04926e+07 0
19610 2.03638e+07 0
19620 1.95127e+07 0
19630 1.99166e+07 0
19640 2.03236e+07 0
19650 1.81443e+07 0
19660 1.79733e+07 0
19670 1.84977e+07 0
19680 1.65078e+07 0
19690 2.01992e+07 0
19700 2.04297e+07 0
19710 2.16487e+07 0
19720 1.97239e+07 0
19730 2.01484e+07 0
19740 1.91016e+07 0
19750 1.97167e+07 0
19760 1.90542e+07 0
19770 1.96642e+07 0
19780 1.95858e+07 0
19790 2.12829e+07 0
19800 1.96569e+07 0
19810 1.96971e+07 0
19820 1.96992e+07 0
19830 1.76961e+07 0
19840 1.92644e+07 0
19850 1.97435e+07 0
19860 2.09037e+07 0
19870 1.93581e+07 0
19880 1.48295e+07 0
19890 1.49892e+07 0
19900 1.73282e+07 0
19910 1.9658e+07 0
19920 1.95199e+07 0
19930 2.07976e+07 0
19940 2.01925e+07 0
19950 1.84743e+07 0
19960 1.91634e+07 0
19970 1.92582e+07 0
19980 1.82772e+07 0
19990 1.87152e+07 0
20000 2.04236e+07 0
20010 1.90057e+07 0
20020 1.89449e+07 0
20030 2.02515e+07 0
20040 2.12304e+07 0
20050 1.9557e+07 0
20060 1.84977e+07 0
20070 1.9965e+07 0
20080 1.99331e+07 0
20090 2.06224e+07 0
20100 2.16415e+07 0
20110 2.02772e+07 0
20120 1.9761e+07 0
20130 1.9625e+07 0
20140 1.90253e+07 0
20150 1.9524e+07 0
20160 2.05101e+07 0
20170 1.95364e+07 0
20180 2.0641e+07 0
20190 1.94035e+07 0
20200 2.17827e+07 0
20210 2.02237e+07 0
20220 2.06296e+07 0
20230 1.7523e+07 0
20240 1.93427e+07 0
20250 2.15127e+07 0
20260 2.13592e+07 0
20270 1.92314e+07 0
20280 1.93684e+07 0
20290 2.01186e+07 0
20300 2.02752e+07 0
20310 2.12365e+07 0
20320 2.18857e+07 0
20330 2.10315e+07 0
20340 2.03947e+07 0
20350 1.82978e+07 0
20360 2.08089e+07 0
20370 2.02834e+07 0
20380 2.00299e+07 0
20390 1.91737e+07 0
20400 2.00856e+07 0
20410 2.02638e+07 0
20420 2.04542e+07 0
20430 2.14727e+07 0
20440 2.01443e+07 0
20450 1.93602e+07 0
20460 2.1115e+07 0
20470 2.21103e+07 0
20480 2.0776e+07 0
20490 1.96837e+07 0
20500 1.95086e+07 0
20510 2.03834e+07 0
20520 2.01381e+07 0
20530 2.06781e+07 0
20540 1.9793e+07 0
20550 2.05039e+07 0
20560 1.99331e+07 0
20570 1.85606e+07 0
20580 1.72633e+07 0
20590 1.78321e+07 0
20600 2.05297e+07 0
20610 2.02845e+07 0
20620 2.02474e+07 0
20630 1.97332e+07 0
20640 2.0304e+07 0
20650 1.98507e+07 0
20660 2.03339e+07 0
20670 1.88048e+07 0
20680 1.90933e+07 0
20690 1.99929e+07 0
20700 2.09408e+07 0
20710 1.92726e+07 0
20720 2.04153e+07 0
20730 2.12726e+07 0
20740 1.97085e+07 0
20750 1.90676e+07 0
20760 1.97713e+07 0
20770 1.87636e+07 0
20780 1.98383e+07 0
20790 1.99774e+07 0
20800 1.91397e+07 0
20810 1.89923e+07 0
20820 1.91943e+07 0
20830 2.1084e+07 0
20840 2.07461e+07 0
20850 1.95405e+07 0
20860 1.98033e+07 0
20870 1.94622e+07 0
20880 2.027e+07 0
20890 2.06884e+07 0
20900 1.91119e+07 0
20910 2.15137e+07 0
20920 1.98033e+07 0
20930 1.82195e+07 0
20940 1.88007e+07 0
20950 2.10356e+07 0
20960 1.86513e+07 0
20970 1.95292e+07 0
20980 2.03504e+07 0
20990 1.8847e+07 0
21000 1.89449e+07 0
21010 1.91788e+07 0
21020 1.74993e+07 0
21030 1.98671e+07 0
21040 2.06925e+07 0
21050 1.98022e+07 0
21060 2.03968e+07 0
21070 1.89521e+07 0
21080 2.03452e+07 0
21090 2.10933e+07 0
21100 2.12242e+07 0
21110 2.05338e+07 0
21120 1.96786e+07 0
21130 1.99084e+07 0
21140 2.01052e+07 0
21150 1.87698e+07 0
21160 1.99558e+07 0
21170 1.91356e+07 0
21180 1.97404e+07 0
21190 1.92922e+07 0
21200 1.92932e+07 0
21210 1.96137e+07 0
21220 2.0676e+07 0
21230 1.80526e+07 0
21240 1.81845e+07 0
21250 2.11273e+07 0
21260 2.0812e+07 0
21270 1.94447e+07 0
21280 1.87502e+07 0
21290 1.84277e+07 0
21300 1.9658e+07 0
21310 1.94952e+07 0
21320 2.02432e+07 0
21330 1.96734e+07 0
21340 1.97116e+07 0
21350 1.9286e+07 0
21360 1.74879e+07 0
21370 1.92231e+07 0
21380 1.97208e+07 0
21390 2.02783e+07 0
21400 1.9285e+07 0
21410 1.94632e+07 0
21420 1.9151e+07 0
21430 1.86224e+07 0
21440 1.83473e+07 0
21450 1.90593e+07 0
21460 1.89769e+07 0
21470 2.02638e+07 0
21480 2.20598e+07 0
21490 2.03143e+07 0
21500 1.8777e+07 0
21510 1.88584e+07 0
21520 1.86842e+07 0
21530 1.85925e+07 0
21540 1.88965e+07 0
21550 2.02309e+07 0
21560 2.01577e+07 0
21570 1.97054e+07 0
21580 1.72242e+07 0
21590 1.94993e+07 0
