# TimeStamp(s) Sum Stdev
0 6.93534e+06 1.01902e+06
10 8.92894e+06 1.15886e+06
20 8.84091e+06 541152
30 1.05727e+07 1.28383e+06
40 9.43169e+06 639295
50 9.52436e+06 472188
60 7.32456e+06 332189
70 7.93040e+06 758669
79.5 7.54813e+06 800155
90 8.09026e+06 875890
100 7.52149e+06 1.06253e+06
110 6.79401e+06 1.17247e+06
120 6.95735e+06 268061
130 8.02655e+06 1.69679e+06
139.75 7.78329e+06 942206
150 8.86408e+06 1.06101e+06
160 8.51308e+06 1.04433e+06
170 1.0304e+07 845163
180 1.06689e+07 1.14735e+06
190 9.85914e+06 683537
199.25 9.28921e+06 1.02355e+06
210 9.01235e+06 1.37447e+06
220 7.62111e+06 1.98815e+06
230 6.95387e+06 1.24801e+06
239.75 7.07203e+06 1.25174e+06
250 7.07782e+06 1.11692e+06
260 6.20323e+06 410039
270 6.58319e+06 453627
280 7.01643e+06 365076
290 7.21915e+06 520232
300 7.19366e+06 469729
310 7.08593e+06 658836
320 6.86352e+06 982943
330 8.05204e+06 738860
339.75 8.81195e+06 1.04877e+06
350 8.03119e+06 481876
360 7.84932e+06 502278
370 7.71031e+06 2.48214e+06
379.5 6.75e+06 1.33466e+06
389.75 8.34975e+06 1.60268e+06
400 8.74708e+06 1.70728e+06
410 8.89304e+06 1.06719e+06
420 8.64166e+06 832107
430 8.0057e+06 787406
440 9.0332e+06 956816
450 5.55453e+06 81572.5
460 6.06075e+06 433431
470 8.75171e+06 1.43007e+06
480 1.10639e+07 2.41223e+06
490 9.62167e+06 927349
500 7.76012e+06 613909
509.25 6.13604e+06 511387
520 7.35004e+06 375162
530 9.22202e+06 2.61884e+06
540 9.50699e+06 1.71887e+06
550 9.75488e+06 683704
560 9.90779e+06 907750
569.5 8.9162e+06 955851
580 8.68568e+06 1.01396e+06
589.75 8.86871e+06 1.21003e+06
600 8.10416e+06 289808
610 7.37321e+06 731925
619.75 9.14325e+06 1.12966e+06
630 1.10743e+07 1.59588e+06
640 8.92895e+06 1.2389e+06
649.5 7.42998e+06 955775
659.75 8.09721e+06 2.22115e+06
669.5 6.31212e+06 994207
679.5 5.78505e+06 332202
690 5.97503e+06 463796
700 6.23103e+06 473006
710 5.98893e+06 568220
720 6.46155e+06 1.04478e+06
730 8.1088e+06 1.20796e+06
740 7.99296e+06 961784
750 7.39407e+06 582479
760 6.32718e+06 462112
770 6.68049e+06 485767
779.75 8.32079e+06 1.73142e+06
790 8.92895e+06 1.38775e+06
800 9.09576e+06 967799
810 9.18958e+06 3.13778e+06
820 9.09636e+06 2.02952e+06
830 1.08953e+07 2.04406e+06
840 8.64514e+06 1.05833e+06
849 9.31585e+06 1.16379e+06
860 9.37840e+06 1.12804e+06
870 9.44559e+06 1.94638e+06
880 7.24811e+06 1.77285e+06
890 5.81864e+06 1.21043e+06
899.75 6.71293e+06 904252
910 9.48498e+06 787620
920 1.08021e+07 1.49439e+06
930 8.63471e+06 649129
940 9.11081e+06 885115
950 8.21769e+06 671294
960 8.00107e+06 640182
969.75 8.81311e+06 1.38267e+06
980 9.66916e+06 1.49419e+06
990 9.20117e+06 688334
1000 8.97992e+06 885710
1010 8.91504e+06 1.1718e+06
1020 1.01175e+07 1.16176e+06
1030 1.1156e+07 734843
1040 1.20027e+07 630729
1049.5 1.02889e+07 879454
1060 1.08345e+07 2.754e+06
1070 1.09179e+07 1.52525e+06
1080 8.49455e+06 1.30784e+06
1090 9.37956e+06 1.56432e+06
1100 7.20177e+06 949243
1110 6.78706e+06 238565
1120 7.63038e+06 405392
1130 6.33529e+06 370222
1140 7.2817e+06 1.1592e+06
1149.5 8.96717e+06 937208
1160 9.60777e+06 1.26949e+06
1169.5 9.15715e+06 606197
1180 9.78732e+06 1.05258e+06
1190 9.34249e+06 885114
1200 7.43924e+06 507484
1210 8.91736e+06 790016
1220 8.07636e+06 844987
1230 8.89072e+06 965136
1240 8.31963e+06 1.54379e+06
1250 7.26317e+06 615974
1260 8.24202e+06 615418
1270 7.59331e+06 1.09059e+06
1279.5 7.62806e+06 899100
1290 9.67959e+06 618410
1299.75 9.79659e+06 1.16048e+06
1310 1.00781e+07 1.53252e+06
1319.5 1.01163e+07 1.88577e+06
1330 8.922e+06 1.20215e+06
1339.5 8.84438e+06 1.6111e+06
1349 9.55796e+06 704493
1360 9.26025e+06 436120
1369.5 8.41578e+06 677378
1380 7.44967e+06 359087
1390 6.64458e+06 337781
1399.5 5.60202e+06 500139
1410 5.39003e+06 942131
1420 8.71812e+06 1.86988e+06
1430 1.07198e+07 2.15517e+06
1439.25 9.25793e+06 962588
1450 8.40419e+06 530955
1460 8.72043e+06 1.19083e+06
1470 8.72854e+06 566026
1480 8.89651e+06 1.40449e+06
1489.75 8.64746e+06 1.11308e+06
1500 9.10966e+06 848083
1510 9.36103e+06 970020
1520 8.55826e+06 704937
1530 9.48382e+06 1.2469e+06
1540 9.15252e+06 1.40683e+06
1550 8.53741e+06 1.22789e+06
1559.25 9.03899e+06 743727
1570 1.04441e+07 227737
1580 1.01823e+07 2.03614e+06
1589.75 8.85944e+06 1.60552e+06
1599.25 9.3425e+06 1.13018e+06
1609.75 9.40736e+06 1.6518e+06
1620 9.20464e+06 2.63777e+06
1630 8.25244e+06 818977
1640 7.95589e+06 1.11052e+06
1649.25 6.92955e+06 626270
1660 7.01759e+06 202972
1670 8.80036e+06 1.19952e+06
1680 8.91504e+06 819931
1689.25 8.21885e+06 621618
1700 7.96516e+06 1.03529e+06
1710 8.13197e+06 957391
1719.5 9.90432e+06 1.93818e+06
1730 8.98107e+06 1.12795e+06
1739.5 7.76128e+06 706714
1750 9.02394e+06 1.71009e+06
1760 7.70568e+06 863074
1770 7.26085e+06 156148
1780 1.35208e+07 919847
1789.5 1.67064e+07 1.03561e+06
