# TimeStamp(s) Sum Stdev
0 1.79321e+07 0
10 1.69192e+07 0
20 1.74364e+07 0
30 1.81873e+07 0
40 1.83228e+07 0
50 1.8236e+07 0
60 1.766e+07 0
70 1.9964e+07 0
80 1.95395e+07 0
90 1.69758e+07 0
100 1.87193e+07 0
110 1.93478e+07 0
120 2.00372e+07 0
130 1.96642e+07 0
140 1.69006e+07 0
150 1.57878e+07 0
160 1.70634e+07 0
170 1.82175e+07 0
180 1.86832e+07 0
190 1.77569e+07 0
200 1.86688e+07 0
210 1.74375e+07 0
220 1.83957e+07 0
230 1.84946e+07 0
240 1.80712e+07 0
250 1.87306e+07 0
260 1.96569e+07 0
270 1.88955e+07 0
280 1.88666e+07 0
290 1.71902e+07 0
300 1.85408e+07 0
310 1.91389e+07 0
320 1.84843e+07 0
330 1.77394e+07 0
340 1.86781e+07 0
350 1.96281e+07 0
360 1.83112e+07 0
370 1.85678e+07 0
380 1.88409e+07 0
390 1.97785e+07 0
400 1.95467e+07 0
410 1.87492e+07 0
420 1.93015e+07 0
430 1.9624e+07 0
440 1.75158e+07 0
450 2.01536e+07 0
460 1.96652e+07 0
470 1.93602e+07 0
480 1.85822e+07 0
490 1.69274e+07 0
500 1.89181e+07 0
510 1.81082e+07 0
520 1.73798e+07 0
530 1.82329e+07 0
540 1.95673e+07 0
550 1.98671e+07 0
560 1.9565e+07 0
570 1.83589e+07 0
580 1.83226e+07 0
590 1.80186e+07 0
600 1.73612e+07 0
610 1.78022e+07 0
620 1.87924e+07 0
630 1.8948e+07 0
640 2.05225e+07 0
650 1.83865e+07 0
660 1.94622e+07 0
670 1.91201e+07 0
680 1.89841e+07 0
690 1.92438e+07 0
700 1.70941e+07 0
710 1.9006e+07 0
720 1.9016e+07 0
730 1.89408e+07 0
740 1.91737e+07 0
750 1.82803e+07 0
760 1.79084e+07 0
770 1.83555e+07 0
780 1.90727e+07 0
790 2.17363e+07 0
800 1.959e+07 0
810 1.91046e+07 0
820 2.0641e+07 0
830 1.85204e+07 0
840 1.78548e+07 0
850 1.82948e+07 0
860 1.78991e+07 0
870 1.7183e+07 0
880 1.59434e+07 0
890 1.82834e+07 0
900 1.80979e+07 0
910 1.98847e+07 0
920 1.92458e+07 0
930 1.74869e+07 0
940 1.82618e+07 0
950 1.89336e+07 0
960 1.7762e+07 0
970 1.70985e+07 0
980 1.84132e+07 0
990 1.60876e+07 0
1000 1.88532e+07 0
1010 1.87718e+07 0
1020 1.73993e+07 0
1030 1.94024e+07 0
1040 1.88594e+07 0
1050 1.93746e+07 0
1060 1.63071e+07 0
1070 1.7931e+07 0
1080 1.83195e+07 0
1090 2.06873e+07 0
1100 1.90974e+07 0
1110 1.72551e+07 0
1120 1.52159e+07 0
1130 1.68481e+07 0
1140 1.75797e+07 0
1150 1.90995e+07 0
1160 1.8845e+07 0
1170 1.93612e+07 0
1180 1.9963e+07 0
1190 1.9117e+07 0
1200 1.84946e+07 0
1210 1.77167e+07 0
1220 1.7896e+07 0
1230 1.89769e+07 0
1240 1.96505e+07 0
1250 1.9685e+07 0
1260 1.86142e+07 0
1270 1.91902e+07 0
1280 1.80289e+07 0
1290 1.83226e+07 0
1300 1.71057e+07 0
1310 1.49192e+07 0
1320 1.6575e+07 0
1330 1.80114e+07 0
1340 1.88491e+07 0
1350 1.81505e+07 0
1361 1.81369e+07 0
1370 1.83125e+07 0
1380 1.79794e+07 0
1390 1.81907e+07 0
1400 1.81453e+07 0
1410 1.9253e+07 0
1420 1.76827e+07 0
1430 1.64916e+07 0
1440 1.80979e+07 0
1450 1.74323e+07 0
1460 1.87914e+07 0
1470 1.89109e+07 0
1480 1.75467e+07 0
1490 1.9049e+07 0
1500 1.59712e+07 0
1510 1.77126e+07 0
1520 1.74004e+07 0
1530 1.7456e+07 0
1540 1.73375e+07 0
1550 1.66183e+07 0
1560 1.60938e+07 0
1570 2.10016e+07 0
1580 1.70655e+07 0
1590 1.7117e+07 0
1600 1.63555e+07 0
1610 1.63689e+07 0
1620 1.83638e+07 0
1630 1.5355e+07 0
1640 1.85214e+07 0
1650 1.82844e+07 0
1660 1.70469e+07 0
1670 1.67079e+07 0
1680 1.82906e+07 0
1690 1.65925e+07 0
1700 1.88707e+07 0
1710 1.91386e+07 0
1720 1.72355e+07 0
1730 1.60021e+07 0
1740 1.75384e+07 0
1750 1.54405e+07 0
1760 1.8744e+07 0
1770 1.79784e+07 0
1780 1.95621e+07 0
1790 2.06121e+07 0
1800 1.9355e+07 0
1810 1.63473e+07 0
1820 1.87564e+07 0
1830 1.98836e+07 0
1840 1.78094e+07 0
1850 1.75065e+07 0
1860 1.85554e+07 0
1870 1.88141e+07 0
1880 1.871e+07 0
1890 1.95673e+07 0
1900 1.72953e+07 0
1910 1.74581e+07 0
1920 1.73942e+07 0
1930 1.7186e+07 0
1940 1.78465e+07 0
1950 1.93612e+07 0
1960 1.74014e+07 0
1970 1.70511e+07 0
1980 1.80186e+07 0
1990 1.91562e+07 0
2000 1.81639e+07 0
2010 1.64709e+07 0
2020 1.79084e+07 0
2030 1.67324e+07 0
2040 1.7142e+07 0
2050 1.66822e+07 0
2060 1.71768e+07 0
2070 1.75323e+07 0
2080 1.69099e+07 0
2090 1.70593e+07 0
2100 1.7559e+07 0
2110 1.84236e+07 0
2120 1.73344e+07 0
2130 1.72417e+07 0
2140 1.87677e+07 0
2150 1.82927e+07 0
2160 1.59774e+07 0
2170 1.69614e+07 0
2180 1.81639e+07 0
2190 1.85111e+07 0
2200 1.76034e+07 0
2210 1.75436e+07 0
2220 1.74138e+07 0
2230 1.81453e+07 0
2240 1.70851e+07 0
2250 1.83226e+07 0
2260 1.71819e+07 0
2270 1.45534e+07 0
2280 1.44359e+07 0
2290 1.57414e+07 0
2300 1.42061e+07 0
2310 1.46255e+07 0
2320 1.75621e+07 0
2330 1.73849e+07 0
2340 1.72015e+07 0
2350 1.77631e+07 0
2360 1.8135e+07 0
2370 1.58321e+07 0
2380 1.69212e+07 0
2390 1.73179e+07 0
2400 1.70851e+07 0
2410 1.73334e+07 0
2420 1.61185e+07 0
2430 1.77909e+07 0
2440 1.76487e+07 0
2450 1.6101e+07 0
2460 1.78105e+07 0
2470 1.51139e+07 0
2480 1.75405e+07 0
2490 2.01701e+07 0
2500 1.81289e+07 0
2510 1.81855e+07 0
2520 1.82206e+07 0
2530 1.76508e+07 0
2540 1.7999e+07 0
2550 1.79125e+07 0
2560 1.78826e+07 0
2570 1.87481e+07 0
2580 1.78774e+07 0
2590 1.80176e+07 0
2600 1.76765e+07 0
2610 1.84174e+07 0
2620 1.84792e+07 0
2630 1.72963e+07 0
2640 1.89728e+07 0
2650 1.60784e+07 0
2660 1.80341e+07 0
2670 1.82504e+07 0
2680 1.48738e+07 0
2690 1.71129e+07 0
2700 1.73375e+07 0
2710 1.74581e+07 0
2720 1.84596e+07 0
2730 1.73241e+07 0
2740 1.915e+07 0
2750 1.73313e+07 0
2760 1.70428e+07 0
2770 1.9184e+07 0
2780 1.65451e+07 0
2790 1.74931e+07 0
2800 1.70614e+07 0
2810 1.6744e+07 0
2820 1.8168e+07 0
2830 1.79578e+07 0
2840 1.89017e+07 0
2850 1.83782e+07 0
2860 1.72396e+07 0
2870 1.86482e+07 0
2880 1.84091e+07 0
2890 1.69243e+07 0
2900 1.72716e+07 0
2910 1.72839e+07 0
2920 1.79527e+07 0
2930 1.72654e+07 0
2940 1.83823e+07 0
2950 1.61155e+07 0
2960 1.74406e+07 0
2970 1.77198e+07 0
2980 1.73231e+07 0
2990 1.68852e+07 0
3000 1.68213e+07 0
3010 1.81186e+07 0
3020 1.77146e+07 0
3030 1.77682e+07 0
3040 1.68625e+07 0
3050 1.97146e+07 0
3060 1.82783e+07 0
3070 1.58084e+07 0
3080 1.68913e+07 0
3090 1.85565e+07 0
3100 1.82412e+07 0
3110 1.90459e+07 0
3120 1.66574e+07 0
3130 1.66544e+07 0
3140 1.72056e+07 0
3150 1.7254e+07 0
3160 1.76332e+07 0
3170 1.80598e+07 0
3180 1.82267e+07 0
3190 1.79287e+07 0
3200 1.81064e+07 0
3210 1.69377e+07 0
3220 1.6176e+07 0
3230 1.71142e+07 0
3240 1.71397e+07 0
3250 1.73921e+07 0
3260 1.84792e+07 0
3270 2.00784e+07 0
3280 1.89017e+07 0
3290 1.84802e+07 0
3300 1.84081e+07 0
3310 1.69449e+07 0
3320 1.64081e+07 0
3330 1.83689e+07 0
3340 1.79671e+07 0
3350 1.75487e+07 0
3360 1.63226e+07 0
3370 1.8101e+07 0
3380 1.81742e+07 0
3390 1.84761e+07 0
3400 1.81814e+07 0
3410 1.80227e+07 0
3420 1.83298e+07 0
3430 1.698e+07 0
3440 1.56672e+07 0
3450 1.60505e+07 0
3460 1.82247e+07 0
3470 1.80207e+07 0
3480 1.67955e+07 0
3490 1.64751e+07 0
3500 1.63885e+07 0
3510 1.661e+07 0
3520 1.76765e+07 0
3530 1.70047e+07 0
3540 1.75446e+07 0
3550 1.74107e+07 0
3560 1.671e+07 0
3570 1.76054e+07 0
3580 1.81474e+07 0
3590 1.85348e+07 0
3600 1.96003e+07 0
3610 1.61969e+07 0
3620 1.66678e+07 0
3630 1.79939e+07 0
3640 1.85214e+07 0
3650 1.81701e+07 0
3660 1.72458e+07 0
3670 1.78702e+07 0
3680 1.82803e+07 0
3690 1.75426e+07 0
3700 1.91747e+07 0
3710 1.79578e+07 0
3720 1.74107e+07 0
3730 1.72654e+07 0
3740 1.82978e+07 0
3751 1.86706e+07 0
3760 1.68504e+07 0
3770 1.8033e+07 0
3780 1.89027e+07 0
3790 1.65493e+07 0
3800 1.74086e+07 0
3810 1.6574e+07 0
3820 1.88996e+07 0
3830 1.80031e+07 0
3840 1.57321e+07 0
3850 1.84967e+07 0
3860 1.66554e+07 0
3870 1.83401e+07 0
3880 1.66533e+07 0
3890 1.47491e+07 0
3900 1.62556e+07 0
3910 1.74622e+07 0
3920 1.77322e+07 0
3930 1.62288e+07 0
3940 1.89017e+07 0
3950 1.94632e+07 0
3960 1.86263e+07 0
3970 2.05567e+07 0
3980 1.65678e+07 0
3990 1.60979e+07 0
4000 1.67296e+07 0
4010 1.85874e+07 0
4020 1.80866e+07 0
4030 1.82484e+07 0
4040 1.77672e+07 0
4050 1.67726e+07 0
4060 1.89946e+07 0
4070 1.65214e+07 0
4080 1.63308e+07 0
4090 1.59527e+07 0
4100 1.5829e+07 0
4110 1.68439e+07 0
4120 1.59527e+07 0
4130 1.72396e+07 0
4140 1.60938e+07 0
4150 1.77559e+07 0
4160 1.85513e+07 0
4170 1.70892e+07 0
4180 1.69995e+07 0
4190 1.77888e+07 0
4200 1.89954e+07 0
4210 1.91716e+07 0
4220 1.93993e+07 0
4230 1.90572e+07 0
4240 1.77445e+07 0
4250 1.7828e+07 0
4260 1.68254e+07 0
4270 1.77064e+07 0
4280 1.8066e+07 0
4290 1.73983e+07 0
4300 1.57734e+07 0
4310 1.86822e+07 0
4320 1.72417e+07 0
4330 1.74096e+07 0
4340 1.70387e+07 0
4350 1.70222e+07 0
4360 1.73208e+07 0
4370 1.7346e+07 0
4380 1.89645e+07 0
4390 1.78702e+07 0
4400 1.88553e+07 0
4410 1.85142e+07 0
4420 1.79959e+07 0
4430 1.80598e+07 0
4440 1.89655e+07 0
4450 1.75116e+07 0
4460 1.79341e+07 0
4470 1.79084e+07 0
4480 1.84854e+07 0
4490 1.68687e+07 0
4500 1.95075e+07 0
4510 1.83226e+07 0
4520 1.76683e+07 0
4530 1.78496e+07 0
4540 1.75879e+07 0
4550 1.76827e+07 0
4560 1.7218e+07 0
4570 1.61381e+07 0
4580 1.83226e+07 0
4590 1.94086e+07 0
4600 1.60382e+07 0
4610 1.82061e+07 0
4620 1.77383e+07 0
4630 1.76497e+07 0
4640 1.51871e+07 0
4650 1.68571e+07 0
4660 1.72749e+07 0
4670 1.7524e+07 0
4680 1.90531e+07 0
4690 1.78105e+07 0
4700 1.84493e+07 0
4710 1.67285e+07 0
4720 1.74269e+07 0
4730 1.78063e+07 0
4740 1.86206e+07 0
4750 1.71459e+07 0
4760 1.6981e+07 0
4770 1.79053e+07 0
4780 1.75003e+07 0
4790 1.74921e+07 0
4800 1.58991e+07 0
4810 1.74035e+07 0
4820 1.94272e+07 0
4830 1.94869e+07 0
4840 1.8406e+07 0
4850 1.68707e+07 0
4860 1.71191e+07 0
4870 1.77744e+07 0
4880 1.64122e+07 0
4890 1.51943e+07 0
4900 1.6743e+07 0
4910 1.69614e+07 0
4920 1.71302e+07 0
4930 1.80188e+07 0
4940 1.79434e+07 0
4950 1.74282e+07 0
4960 1.80928e+07 0
4970 1.58795e+07 0
4980 1.53025e+07 0
4990 1.6948e+07 0
5000 1.82948e+07 0
5010 1.77888e+07 0
5020 1.70232e+07 0
5030 1.91799e+07 0
5040 1.8505e+07 0
5050 1.87543e+07 0
5060 1.78795e+07 0
5070 1.66554e+07 0
5080 1.89326e+07 0
5090 1.90851e+07 0
5100 1.67417e+07 0
5110 1.81765e+07 0
5120 1.75415e+07 0
5130 1.64575e+07 0
5140 1.69727e+07 0
5150 1.62236e+07 0
5160 1.57919e+07 0
5170 1.72963e+07 0
5180 1.8302e+07 0
5190 1.75292e+07 0
5200 1.70119e+07 0
5210 1.70799e+07 0
5220 1.59022e+07 0
5230 1.62494e+07 0
5240 1.77868e+07 0
5250 1.8542e+07 0
5260 1.77012e+07 0
5270 1.7864e+07 0
5280 1.83586e+07 0
5290 1.73787e+07 0
5300 1.79042e+07 0
5310 1.68233e+07 0
5320 1.75055e+07 0
5330 1.80238e+07 0
5340 1.79238e+07 0
5350 1.88378e+07 0
5360 1.74333e+07 0
5370 1.72242e+07 0
5380 1.74879e+07 0
5390 1.78805e+07 0
5400 1.84122e+07 0
5410 1.73499e+07 0
5420 1.72932e+07 0
5430 1.63102e+07 0
5440 1.84102e+07 0
5450 1.7929e+07 0
5460 1.78321e+07 0
5470 1.90645e+07 0
5480 1.65049e+07 0
5490 1.63287e+07 0
5500 1.77899e+07 0
5510 1.8031e+07 0
5520 1.78682e+07 0
5530 1.79084e+07 0
5540 1.71778e+07 0
5550 1.80536e+07 0
5560 1.76508e+07 0
5570 1.71191e+07 0
5580 1.70737e+07 0
5590 1.68409e+07 0
5600 1.7728e+07 0
5610 1.71201e+07 0
5620 1.81227e+07 0
5630 1.83226e+07 0
5640 1.67409e+07 0
5650 1.83504e+07 0
5660 1.80495e+07 0
5670 1.80135e+07 0
5680 1.881e+07 0
5690 1.85967e+07 0
5700 1.8474e+07 0
5710 1.74684e+07 0
5720 1.7694e+07 0
5730 1.82247e+07 0
5740 1.7525e+07 0
5750 1.67914e+07 0
5760 1.74972e+07 0
5770 1.78321e+07 0
5780 1.79156e+07 0
5790 1.83298e+07 0
5800 1.73445e+07 0
5810 1.83001e+07 0
5820 1.92273e+07 0
5830 1.90645e+07 0
5840 1.83628e+07 0
5850 1.78826e+07 0
5860 1.77878e+07 0
5870 1.78022e+07 0
5880 1.75982e+07 0
5890 1.83339e+07 0
5900 1.75353e+07 0
5910 1.64174e+07 0
5920 1.74601e+07 0
5930 1.74509e+07 0
5940 1.75168e+07 0
5950 1.74921e+07 0
5960 1.7049e+07 0
5970 1.75838e+07 0
5980 1.7217e+07 0
5990 1.70603e+07 0
6000 1.77095e+07 0
6010 1.79867e+07 0
6020 1.84792e+07 0
6030 1.81371e+07 0
6040 1.7624e+07 0
6050 1.77352e+07 0
6060 1.73313e+07 0
6070 1.86276e+07 0
6080 1.98084e+07 0
6090 1.57734e+07 0
6100 1.61917e+07 0
6110 1.74828e+07 0
6120 1.74488e+07 0
6130 1.77342e+07 0
6140 1.871e+07 0
6150 1.68913e+07 0
6160 1.76868e+07 0
6170 1.80773e+07 0
6180 1.76951e+07 0
6190 1.84452e+07 0
6200 1.81814e+07 0
6210 1.70923e+07 0
6220 1.69841e+07 0
6230 1.62123e+07 0
6240 1.9321e+07 0
6250 1.8609e+07 0
6260 1.54784e+07 0
6270 1.76376e+07 0
6280 1.77723e+07 0
6290 1.86521e+07 0
6300 1.91173e+07 0
6310 1.79485e+07 0
6320 1.69408e+07 0
6330 1.83154e+07 0
6340 1.6609e+07 0
6350 1.79506e+07 0
6360 1.73612e+07 0
6370 1.71737e+07 0
6380 1.7659e+07 0
6390 1.56765e+07 0
6400 1.63988e+07 0
6410 1.67749e+07 0
6420 1.83401e+07 0
6430 1.58125e+07 0
6440 1.58022e+07 0
6450 1.80557e+07 0
6460 1.85843e+07 0
6470 1.64854e+07 0
6480 1.48285e+07 0
6490 1.68625e+07 0
6500 1.57177e+07 0
6510 1.73334e+07 0
6520 1.81577e+07 0
6530 1.71149e+07 0
6540 1.7522e+07 0
6550 1.82669e+07 0
6560 1.80031e+07 0
6570 1.76363e+07 0
6580 1.70418e+07 0
6590 1.66265e+07 0
6600 1.6846e+07 0
6610 1.87018e+07 0
6620 1.68749e+07 0
6630 1.75786e+07 0
6640 1.77074e+07 0
6650 1.75302e+07 0
6660 1.71922e+07 0
6670 1.86162e+07 0
6680 1.76054e+07 0
6690 1.71912e+07 0
6700 1.68687e+07 0
6710 1.78733e+07 0
6720 1.8439e+07 0
6730 1.56425e+07 0
6740 1.69851e+07 0
6750 1.70985e+07 0
6760 1.76662e+07 0
6770 1.6779e+07 0
6780 1.76641e+07 0
6790 1.79846e+07 0
6800 1.77785e+07 0
6810 1.71376e+07 0
6820 1.71757e+07 0
6830 1.88841e+07 0
6840 1.91551e+07 0
6850 1.83483e+07 0
6860 1.66953e+07 0
6870 1.74181e+07 0
6880 1.75961e+07 0
6890 1.76085e+07 0
6900 1.80712e+07 0
6910 1.7693e+07 0
6920 1.92994e+07 0
6930 1.69511e+07 0
6940 1.66121e+07 0
6950 1.79908e+07 0
6960 1.87677e+07 0
6970 1.75178e+07 0
6980 1.81948e+07 0
6990 1.84885e+07 0
7000 1.77115e+07 0
7010 1.77218e+07 0
7020 1.57249e+07 0
7030 1.70686e+07 0
7040 1.64153e+07 0
7050 1.74004e+07 0
7060 1.54323e+07 0
7070 1.65348e+07 0
7080 1.82144e+07 0
7090 1.78919e+07 0
7100 1.77785e+07 0
7110 1.698e+07 0
7120 1.86008e+07 0
7130 1.90583e+07 0
7140 1.49975e+07 0
7150 1.66337e+07 0
7160 1.71407e+07 0
7170 1.59897e+07 0
7180 1.74776e+07 0
7190 1.62051e+07 0
7200 1.6336e+07 0
7210 1.63143e+07 0
7220 1.64102e+07 0
7230 1.76806e+07 0
7240 1.80238e+07 0
7250 1.80279e+07 0
7260 1.72242e+07 0
7270 1.80176e+07 0
7280 1.67553e+07 0
7290 1.71263e+07 0
7300 1.74715e+07 0
7310 1.9219e+07 0
7320 1.8675e+07 0
7330 1.80742e+07 0
7340 1.87296e+07 0
7350 1.73509e+07 0
7360 1.79794e+07 0
7370 1.82164e+07 0
7380 1.71593e+07 0
7390 1.8573e+07 0
7400 1.87976e+07 0
7410 1.81309e+07 0
7420 1.75013e+07 0
7430 1.75086e+07 0
7440 1.79073e+07 0
7450 1.81618e+07 0
7460 1.86904e+07 0
7470 1.81649e+07 0
7480 1.82144e+07 0
7490 1.79898e+07 0
7500 1.83112e+07 0
7510 1.86873e+07 0
7520 1.7997e+07 0
7530 1.71015e+07 0
7540 1.76023e+07 0
7550 1.79073e+07 0
7560 1.79465e+07 0
7570 1.64977e+07 0
7580 1.71211e+07 0
7590 1.38537e+07 0
7600 1.85761e+07 0
7610 1.92489e+07 0
7620 1.78012e+07 0
7630 1.74704e+07 0
7640 1.74673e+07 0
7650 1.69264e+07 0
7660 1.81649e+07 0
7670 1.82319e+07 0
7680 1.73756e+07 0
7690 1.72953e+07 0
7700 1.81866e+07 0
7710 1.81639e+07 0
7720 1.79372e+07 0
7730 1.75601e+07 0
7740 1.79094e+07 0
7750 1.78043e+07 0
7760 1.76229e+07 0
7770 1.71356e+07 0
7780 1.89789e+07 0
7790 1.81711e+07 0
7800 1.57126e+07 0
7810 1.65905e+07 0
7820 1.60351e+07 0
7830 1.97291e+07 0
7840 1.92036e+07 0
7850 1.959e+07 0
7860 1.88337e+07 0
7870 1.90109e+07 0
7880 1.75415e+07 0
7890 1.70511e+07 0
7900 1.77126e+07 0
7910 1.77682e+07 0
7920 1.87059e+07 0
7930 1.84936e+07 0
7940 1.71551e+07 0
7950 1.79578e+07 0
7960 1.65307e+07 0
7970 1.76641e+07 0
7980 1.84771e+07 0
7990 1.84349e+07 0
8000 1.8912e+07 0
8010 1.97157e+07 0
8020 1.8302e+07 0
8030 1.654e+07 0
8040 1.70943e+07 0
8050 1.75457e+07 0
8060 1.69387e+07 0
8070 1.48903e+07 0
8080 1.74921e+07 0
8090 1.89635e+07 0
8100 1.71582e+07 0
8110 1.75694e+07 0
8120 1.80773e+07 0
8130 1.75127e+07 0
8140 1.66448e+07 0
8150 1.85691e+07 0
8160 1.66729e+07 0
8170 1.78033e+07 0
8180 1.96569e+07 0
8190 1.72942e+07 0
8200 1.77548e+07 0
8210 1.79794e+07 0
8220 1.79586e+07 0
8230 1.91296e+07 0
8240 1.78434e+07 0
8250 1.77455e+07 0
8260 1.793e+07 0
8270 1.77796e+07 0
8280 1.78991e+07 0
8290 1.77301e+07 0
8300 1.87038e+07 0
8310 1.83277e+07 0
8320 1.74756e+07 0
8330 1.82216e+07 0
8340 1.79413e+07 0
8350 1.64048e+07 0
8360 1.75675e+07 0
8370 1.72674e+07 0
8380 1.74849e+07 0
8390 1.5524e+07 0
8400 1.90603e+07 0
8410 1.71685e+07 0
8420 1.77929e+07 0
8430 1.73767e+07 0
8440 1.84174e+07 0
8450 1.81835e+07 0
8460 1.75827e+07 0
8470 1.82329e+07 0
8480 1.6743e+07 0
8490 1.64287e+07 0
8500 1.83834e+07 0
8510 1.78473e+07 0
8520 1.74243e+07 0
8530 1.41474e+07 0
8540 1.6336e+07 0
8550 1.57229e+07 0
8560 1.53931e+07 0
8570 1.63638e+07 0
8580 1.71283e+07 0
8590 1.63195e+07 0
8600 1.77023e+07 0
8610 1.77672e+07 0
8620 1.96631e+07 0
8630 1.84586e+07 0
8640 1.99753e+07 0
8650 1.78177e+07 0
8660 1.83607e+07 0
8670 1.60928e+07 0
8680 1.75011e+07 0
8690 1.75902e+07 0
8700 1.6473e+07 0
8710 1.73581e+07 0
8720 1.85709e+07 0
8730 1.84586e+07 0
8740 1.72602e+07 0
8750 1.65863e+07 0
8760 1.74529e+07 0
8770 1.66245e+07 0
8780 1.94818e+07 0
8790 1.93056e+07 0
8800 1.86173e+07 0
8810 1.87636e+07 0
8820 1.74509e+07 0
8830 1.85843e+07 0
8840 1.80742e+07 0
8850 1.97291e+07 0
8860 1.87512e+07 0
8870 1.81495e+07 0
8880 1.78692e+07 0
8890 1.7903e+07 0
8900 1.85258e+07 0
8910 1.73045e+07 0
8920 1.99661e+07 0
8930 1.95405e+07 0
8940 1.94344e+07 0
8950 1.92097e+07 0
8960 1.97466e+07 0
8970 1.89831e+07 0
8980 1.8067e+07 0
8990 2.02803e+07 0
9000 1.88089e+07 0
9010 2.00959e+07 0
9020 2.02237e+07 0
9030 2.00753e+07 0
9040 2.06008e+07 0
9050 1.97641e+07 0
9060 1.8844e+07 0
9070 1.93859e+07 0
9080 2.04009e+07 0
9090 2.02103e+07 0
9100 1.89614e+07 0
9110 1.98167e+07 0
9120 1.92386e+07 0
9130 1.90696e+07 0
9140 2.11417e+07 0
9150 1.85287e+07 0
9160 1.79496e+07 0
9170 1.99496e+07 0
9180 2.01917e+07 0
9190 1.91727e+07 0
9200 1.82e+07 0
9210 1.91768e+07 0
9220 2.01268e+07 0
9230 2.03308e+07 0
9240 1.90047e+07 0
9250 2.06647e+07 0
9260 2.01423e+07 0
9270 1.96876e+07 0
9280 1.99251e+07 0
9290 2.01196e+07 0
9300 2.03298e+07 0
9310 1.84462e+07 0
9320 1.95312e+07 0
9330 1.95323e+07 0
9340 2.00588e+07 0
9350 1.98671e+07 0
9360 2.04153e+07 0
9370 1.89151e+07 0
9380 1.93107e+07 0
9390 1.96693e+07 0
9400 1.96611e+07 0
9410 2.04442e+07 0
9420 1.9422e+07 0
9430 2.03741e+07 0
9440 1.96023e+07 0
9450 1.92922e+07 0
9460 2.05987e+07 0
9470 1.87924e+07 0
9480 2.03246e+07 0
9490 2.12499e+07 0
9500 2.0065e+07 0
9510 1.8845e+07 0
9520 2.03246e+07 0
9530 2.04617e+07 0
9540 1.95024e+07 0
9550 1.87553e+07 0
9560 1.80372e+07 0
9570 1.88285e+07 0
9580 1.83288e+07 0
9590 1.98981e+07 0
9600 1.83329e+07 0
9610 1.83545e+07 0
9620 1.94251e+07 0
9630 1.93262e+07 0
9640 1.99753e+07 0
9650 2.01041e+07 0
9660 2.05111e+07 0
9670 1.98661e+07 0
9680 2.03442e+07 0
9690 1.89346e+07 0
9700 1.96724e+07 0
9710 1.81371e+07 0
9720 1.94568e+07 0
9730 2.06484e+07 0
9740 1.85245e+07 0
9750 2.0405e+07 0
9760 2.0132e+07 0
9770 1.8573e+07 0
9780 2.03319e+07 0
9790 1.98342e+07 0
9800 1.96951e+07 0
9810 1.85627e+07 0
9820 1.9115e+07 0
9830 1.84823e+07 0
9840 1.99073e+07 0
9850 1.87316e+07 0
9860 1.94436e+07 0
9870 1.93859e+07 0
9880 1.9999e+07 0
9890 2.03123e+07 0
9900 1.97723e+07 0
9910 1.837e+07 0
9920 1.92881e+07 0
9930 1.96147e+07 0
9940 1.87121e+07 0
9950 1.81196e+07 0
9960 1.91974e+07 0
9970 1.92541e+07 0
9980 1.99568e+07 0
9990 1.88924e+07 0
10000 1.88883e+07 0
10010 1.94663e+07 0
10020 2.05482e+07 0
10030 1.94066e+07 0
10040 1.83473e+07 0
10050 1.98167e+07 0
10060 1.97826e+07 0
10070 1.90377e+07 0
10080 2.00104e+07 0
10090 1.99084e+07 0
10100 1.96518e+07 0
10110 1.96806e+07 0
10120 2.02711e+07 0
10130 2.01979e+07 0
10140 1.97188e+07 0
10150 1.90593e+07 0
10160 1.92778e+07 0
10170 1.8853e+07 0
10180 1.92852e+07 0
10190 1.75446e+07 0
10200 1.90078e+07 0
10210 2.01989e+07 0
10220 2.06595e+07 0
10230 1.79959e+07 0
10240 2.01979e+07 0
10250 1.9319e+07 0
10260 1.92499e+07 0
10270 1.87389e+07 0
10280 1.71881e+07 0
10290 1.74612e+07 0
10300 1.77342e+07 0
10310 1.95611e+07 0
10320 1.9828e+07 0
10330 1.91325e+07 0
10340 1.81237e+07 0
10350 1.81587e+07 0
10360 1.91778e+07 0
10370 1.93252e+07 0
10380 1.93664e+07 0
10390 1.95735e+07 0
10400 1.96848e+07 0
10410 2.06822e+07 0
10420 1.96549e+07 0
10430 1.87347e+07 0
10440 1.93179e+07 0
10450 1.95889e+07 0
10460 1.93401e+07 0
10470 1.93916e+07 0
10480 1.8169e+07 0
10490 1.9524e+07 0
10500 1.95034e+07 0
10510 1.99772e+07 0
10520 1.98241e+07 0
10530 2.01309e+07 0
10540 1.94632e+07 0
10550 1.96796e+07 0
10560 1.89789e+07 0
10570 2.0167e+07 0
10580 1.95384e+07 0
10590 1.97765e+07 0
10600 1.93355e+07 0
10610 2.01567e+07 0
10620 1.94869e+07 0
10630 2.05967e+07 0
10640 1.93241e+07 0
10650 1.96322e+07 0
10660 1.86173e+07 0
10670 1.94735e+07 0
10680 1.96971e+07 0
10690 2.05812e+07 0
10700 2.10037e+07 0
10710 1.96178e+07 0
10720 2.06904e+07 0
10730 2.00248e+07 0
10740 1.94735e+07 0
10750 1.92716e+07 0
10760 1.96466e+07 0
10770 1.87904e+07 0
10780 1.93962e+07 0
10790 1.9522e+07 0
10800 1.97043e+07 0
10810 2.10861e+07 0
10820 2.054e+07 0
10830 2.08285e+07 0
10840 1.90593e+07 0
10850 1.88316e+07 0
10860 1.9557e+07 0
10870 2.0336e+07 0
10880 2.0168e+07 0
10890 1.88955e+07 0
10900 1.90954e+07 0
10910 2.00021e+07 0
10920 2.05153e+07 0
10930 1.92064e+07 0
10940 1.88545e+07 0
10950 1.85029e+07 0
10960 1.90191e+07 0
10970 2.01247e+07 0
10980 1.93241e+07 0
10990 1.66265e+07 0
11000 2.05554e+07 0
11010 1.95271e+07 0
11020 1.91283e+07 0
11030 1.96023e+07 0
11040 1.91685e+07 0
11050 1.97662e+07 0
11060 1.83679e+07 0
11070 1.83772e+07 0
11080 1.80928e+07 0
11090 1.86915e+07 0
11100 1.99424e+07 0
11110 2.16539e+07 0
11120 2.01794e+07 0
11130 2.02937e+07 0
11140 1.9423e+07 0
11150 1.91819e+07 0
11160 1.93767e+07 0
11170 1.81969e+07 0
11180 1.82783e+07 0
11190 1.94066e+07 0
11200 1.83844e+07 0
11210 1.99434e+07 0
11220 1.91178e+07 0
11230 2.00529e+07 0
11240 1.95858e+07 0
11250 1.96054e+07 0
11260 1.88295e+07 0
11270 1.98125e+07 0
11280 2.07358e+07 0
11290 1.85513e+07 0
11300 1.86657e+07 0
11310 1.90706e+07 0
11320 1.90882e+07 0
11330 1.89748e+07 0
11340 1.96734e+07 0
11350 1.95982e+07 0
11360 1.87605e+07 0
11370 1.84215e+07 0
11380 1.90902e+07 0
11390 1.93355e+07 0
11400 1.93066e+07 0
11410 1.90366e+07 0
11420 1.90377e+07 0
11430 1.89841e+07 0
11440 1.99856e+07 0
11450 2.01103e+07 0
11460 1.96909e+07 0
11470 1.99702e+07 0
11480 2.04328e+07 0
11490 2.01794e+07 0
11500 1.91108e+07 0
11510 2.02278e+07 0
11520 1.98805e+07 0
11530 2.02865e+07 0
11540 1.96456e+07 0
11550 1.96569e+07 0
11560 1.97342e+07 0
11570 1.99331e+07 0
11580 1.80196e+07 0
11590 1.83442e+07 0
11600 2.0473e+07 0
11610 1.98486e+07 0
11620 1.98486e+07 0
11630 2.04081e+07 0
11640 1.94787e+07 0
11650 1.97456e+07 0
11660 1.84596e+07 0
11670 1.90294e+07 0
11680 1.98568e+07 0
11690 1.92157e+07 0
11700 1.921e+07 0
11710 1.89449e+07 0
11720 1.90748e+07 0
11730 1.97167e+07 0
11740 1.9728e+07 0
11750 1.95106e+07 0
11760 1.78455e+07 0
11770 1.89161e+07 0
11780 2.00083e+07 0
11790 1.97651e+07 0
11800 1.93396e+07 0
11810 1.71428e+07 0
11820 1.86585e+07 0
11830 1.9488e+07 0
11840 1.91407e+07 0
11850 1.88481e+07 0
11860 1.87739e+07 0
11870 1.90171e+07 0
11880 2.01835e+07 0
11890 2.02824e+07 0
11900 2.05039e+07 0
11910 2.10717e+07 0
11920 2.10294e+07 0
11930 2.07481e+07 0
11940 1.99784e+07 0
11950 1.99609e+07 0
11960 1.95539e+07 0
11970 1.92108e+07 0
11980 2.02762e+07 0
11990 2.02824e+07 0
12000 1.92067e+07 0
12010 1.96415e+07 0
12020 2.02875e+07 0
12030 1.93272e+07 0
12040 1.90748e+07 0
12050 1.93527e+07 0
12060 1.87937e+07 0
12070 1.98682e+07 0
12080 1.88914e+07 0
12090 2.00846e+07 0
12100 2.13334e+07 0
12110 2.03504e+07 0
12120 2.00794e+07 0
12130 2.08584e+07 0
12140 1.96291e+07 0
12150 1.93839e+07 0
12160 1.93344e+07 0
12170 2.02896e+07 0
12180 1.86461e+07 0
12190 1.96848e+07 0
12200 1.88872e+07 0
12210 1.98878e+07 0
12220 1.94931e+07 0
12230 1.98723e+07 0
12240 1.97311e+07 0
12250 1.96219e+07 0
12260 1.79197e+07 0
12270 2.08161e+07 0
12280 1.9862e+07 0
12290 2.02319e+07 0
12300 2.00485e+07 0
12310 1.87698e+07 0
12320 1.96374e+07 0
12330 1.85472e+07 0
12340 1.92025e+07 0
12350 1.93035e+07 0
12360 1.89192e+07 0
12370 1.97507e+07 0
12380 1.88378e+07 0
12390 1.96034e+07 0
12400 1.94921e+07 0
12410 1.9491e+07 0
12420 1.90809e+07 0
12430 1.93859e+07 0
12440 2.02432e+07 0
12450 2.05245e+07 0
12460 2.02422e+07 0
12470 1.89831e+07 0
12480 1.82144e+07 0
12490 1.98022e+07 0
12500 1.99795e+07 0
12510 2.01018e+07 0
12520 2.02569e+07 0
12530 1.83689e+07 0
12540 1.92283e+07 0
12550 2.05266e+07 0
12560 1.93561e+07 0
12570 1.85101e+07 0
12580 1.96817e+07 0
12590 2.04205e+07 0
12600 2.09151e+07 0
12610 2.01526e+07 0
12620 1.94375e+07 0
12630 1.77628e+07 0
12640 1.91904e+07 0
12650 1.96477e+07 0
12660 1.85183e+07 0
12670 1.97723e+07 0
12680 2.09418e+07 0
12690 2.02937e+07 0
12700 2.18094e+07 0
12710 1.93756e+07 0
12720 2.04957e+07 0
12730 2.13252e+07 0
12740 2.21938e+07 0
12750 2.09676e+07 0
12760 1.88306e+07 0
12770 2.01515e+07 0
12780 1.92293e+07 0
12790 1.99537e+07 0
12800 1.93365e+07 0
12810 1.90789e+07 0
12820 1.88069e+07 0
12830 1.84081e+07 0
12840 1.80536e+07 0
12850 1.63329e+07 0
12860 2.0201e+07 0
12870 2.06296e+07 0
12880 1.89243e+07 0
12890 1.88182e+07 0
12900 1.88635e+07 0
12910 1.88501e+07 0
12920 1.96992e+07 0
12930 1.84081e+07 0
12940 1.96487e+07 0
12950 2.02031e+07 0
12960 1.8608e+07 0
12970 1.86894e+07 0
12980 1.93221e+07 0
12990 1.98259e+07 0
13000 1.99887e+07 0
13010 1.82432e+07 0
13020 1.92623e+07 0
13030 1.99568e+07 0
13040 1.98908e+07 0
13050 1.89563e+07 0
13060 1.94622e+07 0
13070 1.98465e+07 0
13080 1.95632e+07 0
13090 1.9355e+07 0
13100 1.99455e+07 0
13110 1.97445e+07 0
13120 1.92242e+07 0
13130 2.04679e+07 0
13140 1.85101e+07 0
13150 1.72458e+07 0
13160 1.88862e+07 0
13170 1.90047e+07 0
13180 1.90717e+07 0
13190 1.95209e+07 0
13200 1.7726e+07 0
13210 1.92499e+07 0
13220 2.03937e+07 0
13230 1.89934e+07 0
13240 2.11737e+07 0
13250 2.00402e+07 0
13260 1.9522e+07 0
13270 2.04728e+07 0
13280 1.94717e+07 0
13290 2.02865e+07 0
13300 1.77528e+07 0
13310 1.70068e+07 0
13320 1.93241e+07 0
13330 1.90243e+07 0
13340 1.86348e+07 0
13350 1.58197e+07 0
13360 1.91696e+07 0
13370 1.71335e+07 0
13380 1.4914e+07 0
13390 1.94385e+07 0
13400 1.76435e+07 0
13410 1.98146e+07 0
13420 1.51891e+07 0
13430 1.86245e+07 0
13440 1.74406e+07 0
13450 1.95683e+07 0
13460 1.86513e+07 0
13470 1.32242e+07 0
13480 1.62309e+07 0
13490 1.79022e+07 0
13500 1.84596e+07 0
13510 1.53591e+07 0
13520 1.63071e+07 0
13530 1.72252e+07 0
13540 1.75209e+07 0
13550 1.90171e+07 0
13560 1.90552e+07 0
13570 1.98517e+07 0
13580 1.8677e+07 0
13590 1.88903e+07 0
13600 2.0167e+07 0
13610 1.7963e+07 0
13620 2.01062e+07 0
13630 1.94581e+07 0
13640 1.93517e+07 0
13650 1.93429e+07 0
13660 1.93262e+07 0
13670 1.97806e+07 0
13680 1.92097e+07 0
13690 2.00475e+07 0
13700 2.05668e+07 0
13710 1.89076e+07 0
13720 1.76057e+07 0
13730 1.96229e+07 0
13740 1.96353e+07 0
13750 1.95178e+07 0
13760 2.03823e+07 0
13770 1.92767e+07 0
13780 1.97765e+07 0
13790 1.95724e+07 0
13800 1.93746e+07 0
13810 1.94086e+07 0
13820 1.99207e+07 0
13830 1.89779e+07 0
13840 1.91077e+07 0
13850 1.94148e+07 0
13860 2.00351e+07 0
13870 1.9489e+07 0
13880 2.0541e+07 0
13890 2.00506e+07 0
13900 2.08357e+07 0
13910 2.01927e+07 0
13920 2.08481e+07 0
13930 2.03205e+07 0
13940 2.04771e+07 0
13950 1.85225e+07 0
13960 2.00289e+07 0
13970 1.97435e+07 0
13980 2.06801e+07 0
13990 1.9489e+07 0
14000 1.99403e+07 0
14010 2.04648e+07 0
14020 1.95426e+07 0
14030 1.92427e+07 0
14040 1.94292e+07 0
14050 1.87481e+07 0
14060 2.07749e+07 0
14070 2.02556e+07 0
14080 2.02814e+07 0
14090 2.04246e+07 0
14100 2.098e+07 0
14110 2.04988e+07 0
14120 1.93581e+07 0
14130 1.8946e+07 0
14140 2.06296e+07 0
14150 2.01721e+07 0
14160 1.95209e+07 0
14170 2.04215e+07 0
14180 2.00969e+07 0
14190 2.01464e+07 0
14200 1.99187e+07 0
14210 1.97693e+07 0
14220 1.87492e+07 0
14230 1.91129e+07 0
14240 1.84483e+07 0
14250 1.98641e+07 0
14260 1.97754e+07 0
14270 1.96621e+07 0
14280 1.99908e+07 0
14290 1.95395e+07 0
14300 1.90552e+07 0
14310 1.91036e+07 0
14320 1.9896e+07 0
14330 1.93303e+07 0
14340 1.91314e+07 0
14350 1.91902e+07 0
14360 1.99681e+07 0
14370 2.08656e+07 0
14380 2.13097e+07 0
14390 1.9523e+07 0
14400 1.94797e+07 0
14410 2.04287e+07 0
14420 1.91407e+07 0
14430 1.96992e+07 0
14440 1.99259e+07 0
14450 1.93849e+07 0
14460 1.88141e+07 0
14470 1.9659e+07 0
14480 1.95694e+07 0
14490 1.93087e+07 0
14500 1.93396e+07 0
14510 2.11139e+07 0
14520 1.99939e+07 0
14530 1.7796e+07 0
14540 1.81062e+07 0
14550 1.99321e+07 0
14560 2.09212e+07 0
14570 1.98723e+07 0
14580 1.9151e+07 0
14590 2.00423e+07 0
14600 2.13365e+07 0
14610 2.13777e+07 0
14620 2.05081e+07 0
14630 2.06523e+07 0
14640 1.92365e+07 0
14650 2.04565e+07 0
14660 1.9658e+07 0
14670 1.84751e+07 0
14680 1.71747e+07 0
14690 1.91778e+07 0
14700 1.97002e+07 0
14710 1.93664e+07 0
14720 1.79217e+07 0
14730 1.90232e+07 0
14740 1.87842e+07 0
14750 1.99228e+07 0
14760 2.01193e+07 0
14770 2.00395e+07 0
14780 1.97507e+07 0
14790 1.91325e+07 0
14800 2.02659e+07 0
14810 1.99011e+07 0
14820 2.1115e+07 0
14830 2.05812e+07 0
14840 1.97033e+07 0
14850 1.9727e+07 0
14860 1.91706e+07 0
14870 1.77249e+07 0
14880 1.89944e+07 0
14890 2.06585e+07 0
14900 1.96992e+07 0
14910 1.9149e+07 0
14920 1.91222e+07 0
14930 2.04473e+07 0
14940 1.96569e+07 0
14950 1.98053e+07 0
14960 2.044e+07 0
14970 2.0033e+07 0
14980 2.16817e+07 0
14990 2.09903e+07 0
15000 2.03349e+07 0
15010 1.96611e+07 0
15020 1.90562e+07 0
15030 1.85967e+07 0
15040 1.85884e+07 0
15050 1.8813e+07 0
15060 1.96322e+07 0
15070 1.7898e+07 0
15080 1.90974e+07 0
15090 2.00073e+07 0
15100 1.88522e+07 0
15110 1.83957e+07 0
15120 2.03659e+07 0
15130 2.05348e+07 0
15140 1.98033e+07 0
15150 2.06647e+07 0
15160 2.06719e+07 0
15170 1.71922e+07 0
15180 1.93684e+07 0
15190 2.04174e+07 0
15200 1.94735e+07 0
15210 1.98496e+07 0
15220 1.9355e+07 0
15230 2.14426e+07 0
15240 1.99114e+07 0
15250 1.86863e+07 0
15260 2.04143e+07 0
15270 1.92015e+07 0
15280 2.00021e+07 0
15290 1.93736e+07 0
15300 1.96951e+07 0
15310 1.92602e+07 0
15320 2.01814e+07 0
15330 1.98218e+07 0
15340 2.01886e+07 0
15350 2.11799e+07 0
15360 1.98527e+07 0
15370 1.8371e+07 0
15380 2.0844e+07 0
15390 2.08213e+07 0
15400 2.02378e+07 0
15410 2.02785e+07 0
15420 2.04792e+07 0
15430 2.03112e+07 0
15440 2.1522e+07 0
15450 1.89573e+07 0
15460 1.91531e+07 0
15470 1.97126e+07 0
15480 1.83555e+07 0
15490 1.96899e+07 0
15500 1.96198e+07 0
15510 2.00506e+07 0
15520 1.99671e+07 0
15530 1.99197e+07 0
15540 2.00433e+07 0
15550 1.79558e+07 0
15560 1.87966e+07 0
15570 1.86348e+07 0
15580 1.91129e+07 0
15590 1.888e+07 0
15600 1.98455e+07 0
15610 1.95034e+07 0
15620 1.90377e+07 0
15630 2.08695e+07 0
15640 2.13821e+07 0
15650 2.14869e+07 0
15660 2.16786e+07 0
15670 1.92283e+07 0
15680 1.92345e+07 0
15690 1.78682e+07 0
15700 1.88378e+07 0
15710 1.84473e+07 0
15720 2.12273e+07 0
15730 2.0677e+07 0
15740 1.89903e+07 0
15750 2.07935e+07 0
15760 2.05194e+07 0
15770 2.02494e+07 0
15780 1.98177e+07 0
15790 2.04153e+07 0
15800 1.80526e+07 0
15810 1.99145e+07 0
15820 2.21474e+07 0
15830 2.16446e+07 0
15840 2.13396e+07 0
15850 2.01629e+07 0
15860 2.01804e+07 0
15870 1.87244e+07 0
15880 1.8709e+07 0
15890 1.95755e+07 0
15900 2.037e+07 0
15910 2.05699e+07 0
15920 1.82244e+07 0
15930 1.94944e+07 0
15940 1.9491e+07 0
15950 2.09264e+07 0
15960 2.13097e+07 0
15970 1.93818e+07 0
15980 1.96848e+07 0
15990 2.01206e+07 0
16000 1.98978e+07 0
16010 2.06907e+07 0
16020 2.06399e+07 0
16030 1.96405e+07 0
16040 1.98383e+07 0
16050 1.9726e+07 0
16060 1.95817e+07 0
16070 1.92139e+07 0
16080 1.93602e+07 0
16090 2.09604e+07 0
16100 2.07883e+07 0
16110 2.03205e+07 0
16120 1.96466e+07 0
16130 1.87718e+07 0
16140 1.99722e+07 0
16150 2.06224e+07 0
16160 1.58043e+07 0
16170 1.92211e+07 0
16180 1.86399e+07 0
16190 1.93993e+07 0
16200 2.03143e+07 0
16210 1.88048e+07 0
16220 2.03803e+07 0
16230 2.03823e+07 0
16240 1.95611e+07 0
16250 2.08697e+07 0
16260 1.93571e+07 0
16270 1.96168e+07 0
16280 1.93571e+07 0
16290 1.99702e+07 0
16300 2.04586e+07 0
16310 1.93076e+07 0
16320 1.89357e+07 0
16330 1.96425e+07 0
16340 2.09161e+07 0
16350 2.17023e+07 0
16360 2.11562e+07 0
16370 2.01484e+07 0
16380 2.05967e+07 0
16390 2.14828e+07 0
16400 1.95477e+07 0
16410 1.88852e+07 0
16420 1.92994e+07 0
16430 2.09418e+07 0
16440 1.91098e+07 0
16450 2.07636e+07 0
16460 2.01927e+07 0
16470 2.09449e+07 0
16480 2.02113e+07 0
16490 1.93097e+07 0
16500 2.03061e+07 0
16510 1.98568e+07 0
16520 2.00083e+07 0
16530 1.89604e+07 0
16540 1.95828e+07 0
16550 1.8981e+07 0
16560 1.88862e+07 0
16570 1.89161e+07 0
16580 1.83494e+07 0
16590 1.85678e+07 0
16600 1.92077e+07 0
16610 2.03762e+07 0
16620 1.91273e+07 0
16630 1.888e+07 0
16640 1.90851e+07 0
16650 1.88316e+07 0
16660 1.96446e+07 0
16670 1.99588e+07 0
16680 2.12767e+07 0
16690 1.97497e+07 0
16700 1.96466e+07 0
16710 1.95271e+07 0
16720 1.915e+07 0
16730 1.98414e+07 0
16740 1.96363e+07 0
16750 1.98105e+07 0
16760 1.9862e+07 0
16770 2.10099e+07 0
16780 1.98424e+07 0
16790 1.9558e+07 0
16800 1.86976e+07 0
16810 1.95209e+07 0
16820 1.92839e+07 0
16830 1.98527e+07 0
16840 2.02319e+07 0
16850 2.07512e+07 0
16860 2.08574e+07 0
16870 2.0642e+07 0
16880 2.05503e+07 0
16890 1.91222e+07 0
16900 1.94498e+07 0
16910 1.84287e+07 0
16920 2.00145e+07 0
16930 1.92499e+07 0
16940 1.83133e+07 0
16950 1.73324e+07 0
16960 1.66234e+07 0
16970 2.00928e+07 0
16980 1.99218e+07 0
16990 1.98393e+07 0
17000 2.07739e+07 0
17010 1.90047e+07 0
17020 1.90397e+07 0
17030 1.93468e+07 0
17040 1.95632e+07 0
17050 1.94653e+07 0
17060 2.10387e+07 0
17070 1.96858e+07 0
17080 2.05647e+07 0
17090 1.98867e+07 0
17100 2.05895e+07 0
17110 2.05967e+07 0
17120 2.05142e+07 0
17130 1.9117e+07 0
17140 1.88347e+07 0
17150 2.08769e+07 0
17160 1.78651e+07 0
17170 1.99321e+07 0
17180 1.9624e+07 0
17190 2.0811e+07 0
17200 2.0371e+07 0
17210 1.93777e+07 0
17220 1.95044e+07 0
17230 1.88388e+07 0
17240 1.96961e+07 0
17250 1.85122e+07 0
17260 2.11912e+07 0
17270 2.01958e+07 0
17280 1.98919e+07 0
17290 1.95828e+07 0
17300 1.88883e+07 0
17310 1.93035e+07 0
17320 2.03277e+07 0
17330 2.04081e+07 0
17340 1.97754e+07 0
17350 1.85194e+07 0
17360 1.93396e+07 0
17370 1.97517e+07 0
17380 1.8303e+07 0
17390 1.90274e+07 0
17400 2.03133e+07 0
17410 2.08769e+07 0
17420 2.05513e+07 0
17430 2.0135e+07 0
17440 1.87244e+07 0
17450 2.00001e+07 0
17460 1.90222e+07 0
17470 1.97322e+07 0
17480 1.90428e+07 0
17490 1.7692e+07 0
17500 1.91304e+07 0
17510 2.05307e+07 0
17520 1.90789e+07 0
17530 1.98751e+07 0
17540 1.93378e+07 0
17550 1.8506e+07 0
17560 1.77538e+07 0
17570 2.08903e+07 0
17580 2.03483e+07 0
17590 2.03162e+07 0
17600 2.14882e+07 0
17610 1.95621e+07 0
17620 1.91696e+07 0
17630 1.91562e+07 0
17640 1.92674e+07 0
17650 1.94354e+07 0
17660 1.92273e+07 0
17670 1.95467e+07 0
17680 2.00547e+07 0
17690 1.81711e+07 0
17700 1.95601e+07 0
17710 2.11758e+07 0
17720 2.03009e+07 0
17730 2.05328e+07 0
17740 1.89697e+07 0
17750 1.92201e+07 0
17760 1.97693e+07 0
17770 1.94653e+07 0
17780 1.90088e+07 0
17790 1.72056e+07 0
17800 1.87327e+07 0
17810 1.94261e+07 0
17820 1.97445e+07 0
17830 1.95704e+07 0
17840 1.90315e+07 0
17850 1.92551e+07 0
17860 2.01649e+07 0
17870 1.97785e+07 0
17880 1.98033e+07 0
17890 1.97981e+07 0
17900 1.9863e+07 0
17910 2.01062e+07 0
17920 1.98661e+07 0
17930 1.95961e+07 0
17940 2.11201e+07 0
17950 1.94045e+07 0
17960 1.90356e+07 0
17970 1.9286e+07 0
17980 2.04473e+07 0
17990 1.97198e+07 0
18000 2.11861e+07 0
18010 1.95786e+07 0
18020 1.97517e+07 0
18030 1.90026e+07 0
18040 1.94498e+07 0
18050 1.85276e+07 0
18060 1.99918e+07 0
18070 1.98002e+07 0
18080 2.06812e+07 0
18090 1.77466e+07 0
18100 1.9694e+07 0
18110 1.91603e+07 0
18120 1.95642e+07 0
18130 1.94467e+07 0
18140 1.87842e+07 0
18150 2.03659e+07 0
18160 2.02412e+07 0
18170 1.93684e+07 0
18180 1.97249e+07 0
18190 2.03082e+07 0
18200 2.00732e+07 0
18210 2.03143e+07 0
18220 2.14313e+07 0
18230 2.08532e+07 0
18240 1.87656e+07 0
18250 1.64235e+07 0
18260 1.77363e+07 0
18270 1.9285e+07 0
18280 2.15086e+07 0
18290 2.05503e+07 0
18300 2.00361e+07 0
18310 2.20114e+07 0
18320 2.12778e+07 0
18330 1.98012e+07 0
18340 2.06513e+07 0
18350 2.00279e+07 0
18360 2.07698e+07 0
18370 1.88203e+07 0
18380 1.73097e+07 0
18390 1.75642e+07 0
18400 1.9694e+07 0
18410 1.94807e+07 0
18420 1.95467e+07 0
18430 1.97507e+07 0
18440 2.00145e+07 0
18450 1.93726e+07 0
18460 1.905e+07 0
18470 1.93581e+07 0
18480 1.97991e+07 0
18490 1.97548e+07 0
18500 1.9219e+07 0
18510 1.9049e+07 0
18520 1.64524e+07 0
18530 1.92139e+07 0
18540 1.97322e+07 0
18550 2.02742e+07 0
18560 1.86719e+07 0
18570 1.94787e+07 0
18580 1.92314e+07 0
18590 1.82989e+07 0
18600 2.02144e+07 0
18610 2.10871e+07 0
18620 1.98517e+07 0
18630 2.04153e+07 0
18640 2.01258e+07 0
18650 2.05431e+07 0
18660 2.10859e+07 0
18670 1.83249e+07 0
18680 2.11737e+07 0
18690 1.96487e+07 0
18700 1.89357e+07 0
18710 1.7217e+07 0
18720 2.06379e+07 0
18730 1.95972e+07 0
18740 2.09985e+07 0
18750 2.08646e+07 0
18760 2.0879e+07 0
18770 1.96054e+07 0
18780 1.95992e+07 0
18790 2.07368e+07 0
18800 2.14375e+07 0
18810 2.1084e+07 0
18820 2.04174e+07 0
18830 2.06338e+07 0
18840 1.75292e+07 0
18850 2.06204e+07 0
18860 2.11624e+07 0
18870 2.08077e+07 0
18880 2.15418e+07 0
18890 1.96302e+07 0
18900 2.01289e+07 0
18910 2.08429e+07 0
18920 1.88697e+07 0
18930 2.00578e+07 0
18940 2.03999e+07 0
18950 2.14838e+07 0
18960 2.13973e+07 0
18970 2.10294e+07 0
18980 1.95477e+07 0
18990 1.87667e+07 0
19000 2.0437e+07 0
19010 1.99743e+07 0
19020 2.03009e+07 0
19030 2.1794e+07 0
19040 2.07553e+07 0
19050 2.04823e+07 0
19060 2.07646e+07 0
19070 2.03102e+07 0
19080 2.05451e+07 0
19090 2.0474e+07 0
19100 1.9456e+07 0
19110 1.99743e+07 0
19120 1.97703e+07 0
19130 1.96425e+07 0
19140 1.85214e+07 0
19150 1.8847e+07 0
19160 1.97363e+07 0
19170 2.03545e+07 0
19180 2.02906e+07 0
19190 2.04802e+07 0
19200 2.09635e+07 0
19210 1.91603e+07 0
19220 1.99372e+07 0
19230 1.94807e+07 0
19240 1.90439e+07 0
19250 2.01247e+07 0
19260 2.01144e+07 0
19270 2.05369e+07 0
19280 1.93427e+07 0
19290 2.00969e+07 0
19300 1.94426e+07 0
19310 2.05771e+07 0
19320 1.98733e+07 0
19330 2.07358e+07 0
19340 1.89697e+07 0
19350 1.98589e+07 0
19360 2.06616e+07 0
19370 2.02494e+07 0
19380 1.99619e+07 0
19390 1.88996e+07 0
19400 1.95127e+07 0
19410 1.99599e+07 0
19420 1.98156e+07 0
19430 1.94169e+07 0
19440 2.01608e+07 0
19450 1.92334e+07 0
19460 1.87337e+07 0
19471 1.97371e+07 0
19480 1.87185e+07 0
19490 1.96332e+07 0
19500 2.03195e+07 0
19510 1.96611e+07 0
19520 1.915e+07 0
19530 2.05544e+07 0
19540 2.06801e+07 0
19550 2.04792e+07 0
19560 2.03051e+07 0
19570 2.12108e+07 0
19580 1.91129e+07 0
19590 1.94323e+07 0
19600 1.96672e+07 0
19610 1.97157e+07 0
19620 1.84359e+07 0
19630 1.91026e+07 0
19640 1.9082e+07 0
19650 2.00588e+07 0
19660 1.97116e+07 0
19670 2.06678e+07 0
19680 1.99166e+07 0
19690 1.93612e+07 0
19700 2.06265e+07 0
19710 2.06585e+07 0
19720 2.03308e+07 0
19730 1.96734e+07 0
19740 1.92942e+07 0
19750 2.01041e+07 0
19760 2.00289e+07 0
19770 1.97239e+07 0
19780 2.04668e+07 0
19790 2.03298e+07 0
19800 2.00712e+07 0
19810 2.02268e+07 0
19820 2.09491e+07 0
19830 1.9489e+07 0
19840 1.82793e+07 0
19850 2.00042e+07 0
19860 1.95591e+07 0
19870 1.94952e+07 0
19880 2.17528e+07 0
19890 2.05256e+07 0
19900 2.02298e+07 0
19910 1.92407e+07 0
19920 1.89068e+07 0
19930 2.00186e+07 0
19940 1.83081e+07 0
19950 1.87419e+07 0
19960 2.04462e+07 0
19970 2.10871e+07 0
19980 1.92808e+07 0
19990 1.94797e+07 0
20000 1.93767e+07 0
20010 1.88955e+07 0
20020 1.9694e+07 0
20030 2.02092e+07 0
20040 2.02432e+07 0
20050 2.00454e+07 0
20060 1.8881e+07 0
20070 1.87883e+07 0
20080 1.97363e+07 0
20090 1.96745e+07 0
20100 1.87564e+07 0
20110 1.86956e+07 0
20120 1.99743e+07 0
20130 2.06173e+07 0
20140 1.99496e+07 0
20150 1.92942e+07 0
20160 1.97188e+07 0
20170 1.94509e+07 0
20180 1.94921e+07 0
20190 1.90047e+07 0
20200 1.95961e+07 0
20210 2.01031e+07 0
20220 2.02731e+07 0
20230 1.89429e+07 0
20240 1.71963e+07 0
20250 1.83988e+07 0
20260 1.94838e+07 0
20270 1.95621e+07 0
20280 1.94127e+07 0
20290 2.06059e+07 0
20300 1.8168e+07 0
20310 1.91046e+07 0
20320 2.0474e+07 0
20330 1.88182e+07 0
20340 2.0575e+07 0
20350 2.00732e+07 0
20360 2.0336e+07 0
20370 1.9762e+07 0
20380 1.82391e+07 0
20390 1.95487e+07 0
20400 2.02113e+07 0
20410 1.88233e+07 0
20420 1.92767e+07 0
20430 2.03566e+07 0
20440 1.90171e+07 0
20450 1.93118e+07 0
20460 1.93179e+07 0
20470 1.97126e+07 0
20480 1.93705e+07 0
20490 1.95117e+07 0
20500 1.88172e+07 0
20510 1.95302e+07 0
20520 1.91304e+07 0
20530 1.97878e+07 0
20540 1.98002e+07 0
20550 1.9286e+07 0
20560 1.90459e+07 0
20570 1.94055e+07 0
20580 1.93787e+07 0
20590 1.93437e+07 0
20600 1.95869e+07 0
20610 1.99362e+07 0
20620 2.10892e+07 0
20630 1.96446e+07 0
20640 1.99187e+07 0
20650 1.98816e+07 0
20660 1.96415e+07 0
20670 1.93859e+07 0
20680 1.9793e+07 0
20690 1.88491e+07 0
20700 1.75518e+07 0
20710 1.99898e+07 0
20720 2.00506e+07 0
20730 2.04555e+07 0
20740 1.97703e+07 0
20750 1.61526e+07 0
20760 1.97445e+07 0
20770 2.05081e+07 0
20780 1.93756e+07 0
20790 1.86327e+07 0
20800 1.93447e+07 0
20810 2.13777e+07 0
20820 2.00238e+07 0
20830 1.99959e+07 0
20840 2.03854e+07 0
20850 1.94004e+07 0
20860 2.00073e+07 0
20870 2.09295e+07 0
20880 2.1354e+07 0
20890 1.94313e+07 0
20900 1.98867e+07 0
20910 2.01412e+07 0
20920 1.99094e+07 0
20930 1.95075e+07 0
20940 1.84555e+07 0
20950 1.89779e+07 0
20960 1.87873e+07 0
20970 2.01886e+07 0
20980 1.96621e+07 0
20990 1.87069e+07 0
21000 1.94447e+07 0
21010 1.98208e+07 0
21020 2.00104e+07 0
21030 2.04081e+07 0
21040 1.99877e+07 0
21050 1.93169e+07 0
21060 1.9692e+07 0
21070 1.8573e+07 0
21080 1.96116e+07 0
21090 1.94261e+07 0
21100 1.87976e+07 0
21110 1.78249e+07 0
21120 1.86471e+07 0
21130 1.82206e+07 0
21140 1.8744e+07 0
21150 2.00114e+07 0
21160 1.91964e+07 0
21170 1.85369e+07 0
21180 1.87286e+07 0
21190 1.88409e+07 0
21200 1.90758e+07 0
21210 2.1488e+07 0
21220 2.0813e+07 0
21230 2.08584e+07 0
21240 1.88532e+07 0
21250 1.90995e+07 0
21260 2.12922e+07 0
21270 2.05019e+07 0
21280 1.87502e+07 0
21290 1.85462e+07 0
21300 1.98991e+07 0
21310 2.01464e+07 0
21320 1.91675e+07 0
21330 1.87749e+07 0
21340 2.02072e+07 0
21350 1.9795e+07 0
21360 2.06482e+07 0
21370 2.06904e+07 0
21380 1.96693e+07 0
21390 1.91912e+07 0
21400 1.9827e+07 0
21410 1.90418e+07 0
21420 1.93839e+07 0
21430 2.0134e+07 0
21440 1.99413e+07 0
21450 1.64782e+07 0
21460 1.89047e+07 0
21470 2.00949e+07 0
21480 1.98033e+07 0
21490 1.9861e+07 0
21500 1.96538e+07 0
21510 1.82072e+07 0
21520 2.01392e+07 0
21530 2.07492e+07 0
21540 1.94055e+07 0
21550 2.10284e+07 0
21560 2.13386e+07 0
21570 2.14632e+07 0
21580 1.96858e+07 0
21590 2.15024e+07 0
