# TimeStamp(s) Sum Stdev
0 7.61569e+06 0
10 7.54356e+06 0
20 7.53325e+06 0
30 7.57962e+06 0
40 7.47143e+06 0
50 7.43228e+06 0
60 7.33954e+06 0
70 7.42094e+06 0
80 7.10461e+06 0
90 7.10873e+06 0
100 6.91192e+06 0
110 7.02114e+06 0
120 7.19631e+06 0
130 6.9315e+06 0
140 7.02321e+06 0
150 6.94259e+06 0
160 7.11618e+06 0
170 6.71821e+06 0
180 7.10461e+06 0
190 7.25402e+06 0
200 6.91295e+06 0
210 6.72542e+06 0
220 6.95314e+06 0
230 6.81713e+06 0
240 7.43330e+06 0
250 7.21074e+06 0
260 7.16437e+06 0
270 7.19631e+06 0
280 6.9972e+06 0
290 6.75761e+06 0
300 6.87277e+06 0
310 7.06648e+06 0
320 6.83337e+06 0
330 6.78749e+06 0
340 6.99951e+06 0
350 7.35706e+06 0
360 7.5044e+06 0
370 7.30554e+06 0
380 7.41373e+06 0
390 7.20044e+06 0
400 7.62393e+06 0
410 6.65948e+06 0
420 7.36015e+06 0
430 7.36839e+06 0
440 7.22722e+06 0
450 7.32305e+06 0
460 7.20662e+06 0
470 7.13758e+06 0
480 7.29626e+06 0
490 6.84701e+06 0
500 6.79858e+06 0
510 6.74294e+06 0
520 6.89853e+06 0
530 6.6739e+06 0
540 6.711e+06 0
550 6.84367e+06 0
560 7.34802e+06 0
570 7.02321e+06 0
580 7.10255e+06 0
590 6.96344e+06 0
600 7.11903e+06 0
610 6.62959e+06 0
620 7.09224e+06 0
630 7.20971e+06 0
640 7.23856e+06 0
650 7.34778e+06 0
660 7.14788e+06 0
670 7.35912e+06 0
680 7.22516e+06 0
690 7.02939e+06 0
700 7.04794e+06 0
710 7.4127e+06 0
720 7.60023e+06 0
730 7.57241e+06 0
740 7.59405e+06 0
750 7.00981e+06 0
760 7.02321e+06 0
770 6.78724e+06 0
780 7.42403e+06 0
790 7.48792e+06 0
800 7.24783e+06 0
810 7.46628e+06 0
820 7.51883e+06 0
830 7.04175e+06 0
840 6.62238e+06 0
850 6.78621e+06 0
860 7.06957e+06 0
870 7.22722e+06 0
880 7.24886e+06 0
890 7.1077e+06 0
900 6.88307e+06 0
910 7.00981e+06 0
920 6.61105e+06 0
930 6.6265e+06 0
940 6.5688e+06 0
950 7.06545e+06 0
960 7.3756e+06 0
970 6.98508e+06 0
980 7.26844e+06 0
990 7.56932e+06 0
1000 7.25298e+06 0
1010 7.23856e+06 0
1020 7.23856e+06 0
1030 7.17570e+06 0
1040 7.43124e+06 0
1050 7.3282e+06 0
1060 7.33645e+06 0
1070 7.58993e+06 0
1080 7.28081e+06 0
1090 7.13037e+06 0
1100 7.06957e+06 0
1110 7.44979e+06 0
1120 7.53119e+06 0
1130 7.59199e+06 0
1140 7.40445e+06 0
1150 7.54974e+06 0
1160 7.03636e+06 0
1170 7.2625e+06 0
1180 6.82022e+06 0
1190 6.94902e+06 0
1200 7.25196e+06 0
1210 7.19092e+06 0
1220 7.18316e+06 0
1230 7.19013e+06 0
1240 7.37045e+06 0
1250 7.30450e+06 0
1260 6.93974e+06 0
1270 7.15819e+06 0
1280 6.95314e+06 0
1290 7.26535e+06 0
1300 6.94077e+06 0
1310 7.43434e+06 0
1320 7.52501e+06 0
1330 7.47864e+06 0
1340 7.22826e+06 0
1350 7.26329e+06 0
1360 6.99538e+06 0
1370 6.98199e+06 0
1380 7.25505e+06 0
1390 7.53634e+06 0
1400 7.43228e+06 0
1410 7.48173e+06 0
1420 7.02939e+06 0
1430 6.84495e+06 0
1440 6.99642e+06 0
1450 7.45391e+06 0
1460 7.44773e+06 0
1470 7.60332e+06 0
1480 7.42609e+06 0
1490 7.45804e+06 0
1500 7.51677e+06 0
1510 7.1788e+06 0
1520 6.97066e+06 0
1530 7.01496e+06 0
1540 6.6265e+06 0
1550 7.32511e+06 0
1560 7.59817e+06 0
1570 7.29111e+06 0
1580 7.3076e+06 0
1590 6.7687e+06 0
1600 7.10049e+06 0
1610 7.05618e+06 0
1620 6.64814e+06 0
1630 7.09636e+06 0
1640 7.31893e+06 0
1650 7.22826e+06 0
1660 7.04897e+06 0
1670 6.90986e+06 0
1680 7.03248e+06 0
1690 7.32099e+06 0
1700 6.86452e+06 0
1710 7.12625e+06 0
1720 6.68008e+06 0
1730 6.71512e+06 0
1740 6.95623e+06 0
1751 6.99951e+06 0
1760 7.06957e+06 0
1770 7.05490e+06 0
1780 7.49434e+06 0
1790 7.40961e+06 0
1800 7.27256e+06 0
1810 6.9735e+06 0
1820 7.4861e+06 0
1830 7.22207e+06 0
1840 7.01908e+06 0
1850 6.6976e+06 0
1860 7.11903e+06 0
1870 7.36221e+06 0
1880 7.46319e+06 0
1890 7.44646e+06 0
1900 7.13267e+06 0
1910 7.07988e+06 0
1920 7.11491e+06 0
1930 6.93253e+06 0
1940 7.08915e+06 0
1950 7.09018e+06 0
1960 7.04072e+06 0
1970 7.28699e+06 0
1980 7.29111e+06 0
1990 7.60023e+06 0
2000 7.12728e+06 0
2010 7.45882e+06 0
2020 7.70454e+06 0
2030 7.18601e+06 0
2040 7.21589e+06 0
2050 7.42609e+06 0
2060 7.33233e+06 0
2070 6.95932e+06 0
2080 7.28802e+06 0
2090 7.11388e+06 0
2100 7.38797e+06 0
2110 7.33645e+06 0
2120 7.41991e+06 0
2130 7.43537e+06 0
2140 7.2942e+06 0
2150 7.0129e+06 0
2160 6.88513e+06 0
2170 7.12418e+06 0
2180 7.07679e+06 0
2190 7.21795e+06 0
2200 7.18086e+06 0
2210 6.65948e+06 0
2220 6.96653e+06 0
2230 6.97684e+06 0
2240 7.29214e+06 0
2250 7.78776e+06 0
2260 7.80528e+06 0
2270 7.65278e+06 0
2280 7.37148e+06 0
2290 7.46319e+06 0
2300 7.96087e+06 0
2310 8.15665e+06 0
2320 7.34057e+06 0
2330 7.13655e+06 0
2340 7.50337e+06 0
2350 7.58684e+06 0
2360 7.81146e+06 0
2370 7.90729e+06 0
2380 7.67133e+06 0
2390 7.47143e+06 0
2400 7.94129e+06 0
2410 7.69606e+06 0
2420 7.6229e+06 0
2430 7.52089e+06 0
2440 7.73624e+06 0
2450 7.27359e+06 0
2460 7.64145e+06 0
2470 8.02063e+06 0
2480 7.27359e+06 0
2490 7.43949e+06 0
2500 7.22001e+06 0
2510 7.24474e+06 0
2520 7.21589e+06 0
2530 7.23444e+06 0
2540 7.10667e+06 0
2550 7.19734e+06 0
2560 7.56108e+06 0
2570 7.14479e+06 0
2580 7.08915e+06 0
2590 7.29111e+06 0
2600 7.4941e+06 0
2610 7.18292e+06 0
2620 7.32408e+06 0
2630 6.66257e+06 0
2640 7.084e+06 0
2650 7.41682e+06 0
2660 7.14067e+06 0
2670 7.19837e+06 0
2680 6.97478e+06 0
2690 7.17055e+06 0
2700 6.75324e+06 0
2710 7.01908e+06 0
2720 7.06339e+06 0
2730 6.96938e+06 0
2740 7.22129e+06 0
2750 7.00054e+06 0
2760 7.14582e+06 0
2770 7.18292e+06 0
2780 7.04278e+06 0
2790 7.12006e+06 0
2800 7.38385e+06 0
2810 7.41888e+06 0
2820 7.389e+06 0
2830 7.42403e+06 0
2840 7.18292e+06 0
2850 7.35602e+06 0
2860 7.32408e+06 0
2870 7.34984e+06 0
2880 6.79755e+06 0
2890 7.13758e+06 0
2900 7.18395e+06 0
2910 7.09121e+06 0
2920 7.37354e+06 0
2930 7.43124e+06 0
2940 6.87895e+06 0
2950 6.93665e+06 0
2960 7.05824e+06 0
2970 7.05618e+06 0
2980 6.67081e+06 0
2990 6.66875e+06 0
3000 6.98508e+06 0
3010 7.02218e+06 0
3020 6.72851e+06 0
3030 6.93356e+06 0
3040 6.99951e+06 0
3050 6.92944e+06 0
3060 6.94902e+06 0
3070 7.0366e+06 0
3080 6.88719e+06 0
3090 6.84701e+06 0
3100 7.32614e+06 0
3110 7.25917e+06 0
3120 7.00878e+06 0
3130 6.40394e+06 0
3140 7.07988e+06 0
3150 7.21692e+06 0
3160 7.2602e+06 0
3170 7.29523e+06 0
3180 7.30554e+06 0
3190 7.13243e+06 0
3200 6.77694e+06 0
3210 6.84082e+06 0
3220 7.10976e+06 0
3230 7.21795e+06 0
3240 6.95211e+06 0
3250 6.83773e+06 0
3260 7.07576e+06 0
3270 7.118e+06 0
3280 7.27153e+06 0
3290 7.20456e+06 0
3300 7.20971e+06 0
3311 7.2105e+06 0
3320 7.33257e+06 0
3330 7.4704e+06 0
3340 7.19528e+06 0
3350 6.74888e+06 0
3360 6.50619e+06 0
3370 7.05e+06 0
3380 7.11903e+06 0
3390 6.88822e+06 0
3400 7.39209e+06 0
3410 6.58632e+06 0
3420 6.58013e+06 0
3430 6.8027e+06 0
3440 6.67287e+06 0
3450 6.84289e+06 0
3460 6.71512e+06 0
3470 7.18292e+06 0
3480 6.26483e+06 0
3490 6.26174e+06 0
3500 6.57395e+06 0
3510 6.76767e+06 0
3520 6.2535e+06 0
3530 6.77282e+06 0
3540 6.65432e+06 0
3550 7.21177e+06 0
3560 7.19298e+06 0
3570 7.4521e+06 0
3580 7.423e+06 0
3590 7.40445e+06 0
3600 7.14376e+06 0
3610 6.70584e+06 0
3620 6.76045e+06 0
3630 7.07576e+06 0
3640 7.118e+06 0
3650 7.53222e+06 0
3660 7.09018e+06 0
3670 7.27978e+06 0
3680 7.32099e+06 0
3690 7.10667e+06 0
3700 7.14685e+06 0
3710 7.118e+06 0
3720 6.82331e+06 0
3730 7.49925e+06 0
3740 7.14994e+06 0
3750 7.02218e+06 0
3760 7.5044e+06 0
3770 7.34057e+06 0
3780 7.27153e+06 0
3790 7.25196e+06 0
3800 7.2468e+06 0
3810 7.20868e+06 0
3820 7.32511e+06 0
3830 6.78518e+06 0
3840 6.58013e+06 0
3850 7.06648e+06 0
3860 7.11697e+06 0
3870 7.37972e+06 0
3880 7.01187e+06 0
3890 7.17134e+06 0
3900 7.07085e+06 0
3910 7.02527e+06 0
3920 7.52295e+06 0
3930 7.46525e+06 0
3940 7.42403e+06 0
3950 7.34778e+06 0
3960 7.09018e+06 0
3970 7.14376e+06 0
3980 7.09842e+06 0
3990 6.97375e+06 0
4000 7.36118e+06 0
4010 7.11491e+06 0
4020 7.27256e+06 0
4030 7.09121e+06 0
4040 6.72542e+06 0
4050 6.67287e+06 0
4060 7.24989e+06 0
4071 7.01987e+06 0
4080 6.65457e+06 0
4090 6.95108e+06 0
4100 6.7687e+06 0
4110 6.70275e+06 0
4120 6.76252e+06 0
4130 6.65948e+06 0
4140 6.95108e+06 0
4150 6.87277e+06 0
4160 7.14582e+06 0
4170 6.84804e+06 0
4180 7.11079e+06 0
4190 7.07782e+06 0
4200 7.20662e+06 0
4210 6.95726e+06 0
4220 6.89853e+06 0
4230 7.20353e+06 0
4240 7.25711e+06 0
4250 7.24165e+06 0
4260 7.15201e+06 0
4270 6.91501e+06 0
4280 7.01496e+06 0
4290 7.16746e+06 0
4300 7.07448e+06 0
4310 6.56595e+06 0
4320 6.70275e+06 0
4330 7.00878e+06 0
4340 6.78003e+06 0
4350 6.79137e+06 0
4360 7.30244e+06 0
4370 7.29317e+06 0
4380 7.13734e+06 0
4391 7.40548e+06 0
4400 7.0523e+06 0
4410 6.98199e+06 0
4420 7.03042e+06 0
4430 7.13964e+06 0
4440 7.32305e+06 0
4450 7.04690e+06 0
4460 7.11079e+06 0
4470 6.92429e+06 0
4480 7.19734e+06 0
4490 7.34366e+06 0
4500 7.2231e+06 0
4510 7.20146e+06 0
4520 7.14479e+06 0
4530 7.03763e+06 0
4540 6.91192e+06 0
4550 7.35602e+06 0
4560 7.06751e+06 0
4570 6.85319e+06 0
4580 7.21486e+06 0
4590 7.35293e+06 0
4600 7.05412e+06 0
4610 7.20353e+06 0
4620 7.29111e+06 0
4630 6.97272e+06 0
4640 7.02527e+06 0
4650 7.32099e+06 0
4660 6.93047e+06 0
4670 7.08812e+06 0
4680 7.00054e+06 0
4690 7.0603e+06 0
4700 7.19425e+06 0
4710 7.22722e+06 0
4720 7.2942e+06 0
4730 6.89234e+06 0
4740 7.06957e+06 0
4750 6.74191e+06 0
4760 6.65329e+06 0
4770 7.14376e+06 0
4780 6.95623e+06 0
4790 6.9418e+06 0
4801 6.98175e+06 0
4810 7.19037e+06 0
4820 7.21177e+06 0
4830 7.39415e+06 0
4840 7.2705e+06 0
4850 6.8027e+06 0
4860 7.03042e+06 0
4870 7.16231e+06 0
4880 6.71615e+06 0
4890 6.78209e+06 0
4900 7.05618e+06 0
4910 7.43743e+06 0
4920 7.28184e+06 0
4930 7.00775e+06 0
4940 7.14479e+06 0
4950 7.03454e+06 0
4960 7.11903e+06 0
4970 6.98611e+06 0
4980 7.39518e+06 0
4990 7.2705e+06 0
5000 7.4807e+06 0
5010 7.18807e+06 0
5020 6.80373e+06 0
5031 7.37972e+06 0
5040 7.26947e+06 0
5050 7.00957e+06 0
5060 6.60098e+06 0
5070 6.90471e+06 0
5080 7.05515e+06 0
5090 6.9552e+06 0
5100 6.83155e+06 0
5110 7.11697e+06 0
5120 6.97993e+06 0
5130 7.10873e+06 0
5140 7.17364e+06 0
5150 7.30348e+06 0
5160 7.19322e+06 0
5170 7.13655e+06 0
5180 7.084e+06 0
5190 7.08812e+06 0
5200 7.00775e+06 0
5210 6.73366e+06 0
5220 6.67596e+06 0
5230 7.36221e+06 0
5240 7.03145e+06 0
5250 7.22413e+06 0
5260 6.77385e+06 0
5270 6.98302e+06 0
5280 7.0706e+06 0
5290 7.32924e+06 0
5300 7.2262e+06 0
5310 7.11388e+06 0
5320 6.8398e+06 0
5330 7.22207e+06 0
5340 6.73469e+06 0
5350 7.16643e+06 0
5360 6.83876e+06 0
5370 7.20044e+06 0
5380 7.04794e+06 0
5390 6.86658e+06 0
5400 7.0026e+06 0
5410 7.19528e+06 0
5420 7.20637e+06 0
5430 7.31505e+06 0
5440 7.53634e+06 0
5450 7.60641e+06 0
5460 7.47967e+06 0
5470 7.43434e+06 0
5480 7.13655e+06 0
5490 7.16437e+06 0
5500 7.15922e+06 0
5510 7.1077e+06 0
5520 6.74088e+06 0
5530 7.10461e+06 0
5540 6.92738e+06 0
5550 7.05309e+06 0
5560 6.89338e+06 0
5570 7.15819e+06 0
5580 7.14994e+06 0
5590 7.03969e+06 0
5600 7.20971e+06 0
5610 7.06545e+06 0
5620 7.22001e+06 0
5630 7.47658e+06 0
5640 7.19425e+06 0
5650 7.59302e+06 0
5660 6.95314e+06 0
5670 6.74809e+06 0
5680 7.15407e+06 0
5690 7.22207e+06 0
5700 7.12831e+06 0
5710 7.21692e+06 0
5720 7.37972e+06 0
5730 7.2468e+06 0
5740 7.07782e+06 0
5750 6.92429e+06 0
5760 7.3313e+06 0
5770 7.2468e+06 0
5780 7.22413e+06 0
5790 7.13037e+06 0
5800 7.37148e+06 0
5810 7.31893e+06 0
5820 6.88283e+06 0
5830 7.25117e+06 0
5840 6.96138e+06 0
5850 6.8975e+06 0
5860 7.18395e+06 0
5870 7.04484e+06 0
5880 6.9315e+06 0
5890 7.42094e+06 0
5900 7.18189e+06 0
5910 6.65535e+06 0
5920 7.14892e+06 0
5930 6.98999e+06 0
5940 7.20377e+06 0
5950 7.02836e+06 0
5960 7.1994e+06 0
5970 6.73985e+06 0
5980 6.92326e+06 0
5990 7.06236e+06 0
6000 7.22722e+06 0
6010 7.06545e+06 0
6020 7.19837e+06 0
6030 7.14582e+06 0
6040 7.26329e+06 0
6050 7.47555e+06 0
6060 7.31893e+06 0
6070 7.23444e+06 0
6080 7.23238e+06 0
6090 7.18704e+06 0
6100 7.15407e+06 0
6110 7.38282e+06 0
6120 7.09636e+06 0
6130 7.07964e+06 0
6140 7.26456e+06 0
6150 7.22001e+06 0
6160 7.14892e+06 0
6170 7.36015e+06 0
6180 7.35396e+06 0
6190 7.30554e+06 0
6200 7.34366e+06 0
6210 7.35293e+06 0
6220 6.9686e+06 0
6230 6.96138e+06 0
6240 7.24165e+06 0
6250 7.26226e+06 0
6260 7.19425e+06 0
6270 7.09636e+06 0
6280 6.9686e+06 0
6290 7.23547e+06 0
6300 7.3282e+06 0
6310 7.43846e+06 0
6320 7.58786e+06 0
6330 7.36324e+06 0
6340 6.89132e+06 0
6350 6.96447e+06 0
6360 7.23213e+06 0
6370 7.042e+06 0
6380 7.16746e+06 0
6390 7.31069e+06 0
6400 7.13964e+06 0
6410 6.7079e+06 0
6420 7.04794e+06 0
6430 7.22929e+06 0
6440 7.02527e+06 0
6450 6.85628e+06 0
6460 7.06751e+06 0
6470 7.1417e+06 0
6480 6.26895e+06 0
6490 7.45494e+06 0
6500 6.9449e+06 0
6510 6.84701e+06 0
6520 6.83155e+06 0
6530 6.59765e+06 0
6540 6.78003e+06 0
6550 6.87895e+06 0
6560 7.24783e+06 0
6570 7.07473e+06 0
6580 6.86968e+06 0
6590 6.95623e+06 0
6600 6.95932e+06 0
6610 7.25298e+06 0
6620 7.09946e+06 0
6630 6.96756e+06 0
6640 7.16952e+06 0
6650 7.00157e+06 0
6660 6.94284e+06 0
6670 7.07885e+06 0
6680 7.08297e+06 0
6690 6.90162e+06 0
6700 7.23341e+06 0
6710 7.03042e+06 0
6720 7.46628e+06 0
6730 7.36942e+06 0
6740 7.48173e+06 0
6750 7.29626e+06 0
6760 7.04357e+06 0
6770 7.00593e+06 0
6780 7.52295e+06 0
6790 7.07473e+06 0
6800 7.01702e+06 0
6810 6.84082e+06 0
6820 7.25196e+06 0
6830 7.20146e+06 0
6840 7.17261e+06 0
6850 7.09018e+06 0
6860 7.20146e+06 0
6870 7.03351e+06 0
6880 7.15304e+06 0
6890 7.04278e+06 0
6900 7.11594e+06 0
6910 7.28802e+06 0
6920 7.694e+06 0
6930 7.11285e+06 0
6940 6.79755e+06 0
6950 7.08812e+06 0
6960 7.18395e+06 0
6970 7.29523e+06 0
6980 7.2942e+06 0
6990 7.17570e+06 0
7000 6.85422e+06 0
7010 6.82434e+06 0
7020 7.06854e+06 0
7030 7.19322e+06 0
7040 7.22722e+06 0
7050 7.45494e+06 0
7060 7.20559e+06 0
7070 7.21486e+06 0
7080 7.44052e+06 0
7090 7.28905e+06 0
7100 7.24886e+06 0
7110 7.26638e+06 0
7120 7.14582e+06 0
7130 7.45391e+06 0
7140 7.21383e+06 0
7150 7.18395e+06 0
7160 7.03763e+06 0
7170 7.38076e+06 0
7180 7.52707e+06 0
7190 7.11903e+06 0
7200 7.22001e+06 0
7210 7.3993e+06 0
7220 6.89338e+06 0
7230 6.92738e+06 0
7240 6.69554e+06 0
7250 6.96241e+06 0
7260 6.68008e+06 0
7270 7.37972e+06 0
7280 7.29729e+06 0
7290 6.9892e+06 0
7300 7.3756e+06 0
7310 7.11594e+06 0
7320 7.17983e+06 0
7330 7.07473e+06 0
7340 7.17777e+06 0
7350 7.42506e+06 0
7360 7.28081e+06 0
7370 6.80246e+06 0
7380 6.98738e+06 0
7390 7.02321e+06 0
7400 7.3282e+06 0
7410 7.47658e+06 0
7420 6.68008e+06 0
7430 7.03454e+06 0
7440 7.21795e+06 0
7450 6.65535e+06 0
7460 7.04484e+06 0
7470 7.17674e+06 0
7480 7.34675e+06 0
7490 7.39106e+06 0
7500 7.22207e+06 0
7510 7.42197e+06 0
7520 7.14994e+06 0
7530 6.92326e+06 0
7540 7.11388e+06 0
7550 7.17055e+06 0
7560 7.03969e+06 0
7570 7.19528e+06 0
7580 7.24474e+06 0
7590 7.07679e+06 0
7600 7.08297e+06 0
7610 6.78003e+06 0
7620 7.20534e+06 0
7630 7.3913e+06 0
7640 7.14892e+06 0
7650 7.29317e+06 0
7660 7.22001e+06 0
7670 7.15716e+06 0
7680 7.40548e+06 0
7690 7.14892e+06 0
7700 7.1551e+06 0
7710 7.37045e+06 0
7720 7.3756e+06 0
7730 7.11697e+06 0
7740 7.22104e+06 0
7750 6.95005e+06 0
7760 6.92532e+06 0
7770 6.89853e+06 0
7780 7.12522e+06 0
7790 7.03969e+06 0
7800 6.8975e+06 0
7810 6.99745e+06 0
7820 7.11182e+06 0
7830 7.33954e+06 0
7840 7.13861e+06 0
7850 7.22104e+06 0
7860 7.17261e+06 0
7870 7.37663e+06 0
7880 7.05721e+06 0
7890 7.23753e+06 0
7900 7.21177e+06 0
7910 6.90059e+06 0
7920 6.9212e+06 0
7930 7.06339e+06 0
7940 6.95623e+06 0
7950 7.16437e+06 0
7960 6.82331e+06 0
7970 6.92017e+06 0
7980 7.09533e+06 0
7990 7.24268e+06 0
8000 7.20662e+06 0
8010 7.35809e+06 0
8020 7.34881e+06 0
8030 7.23238e+06 0
8040 6.89544e+06 0
8050 7.05927e+06 0
8060 6.99436e+06 0
8070 6.9655e+06 0
8080 7.43228e+06 0
8090 7.38178e+06 0
8100 7.48895e+06 0
8110 7.61878e+06 0
8120 7.32511e+06 0
8130 6.85937e+06 0
8140 7.06133e+06 0
8150 7.03145e+06 0
8160 6.79755e+06 0
8170 7.16231e+06 0
8180 7.30244e+06 0
8190 6.9212e+06 0
8200 6.88822e+06 0
8210 7.04897e+06 0
8220 6.99126e+06 0
8230 7.18807e+06 0
8240 6.95623e+06 0
8250 6.8027e+06 0
8260 7.51986e+06 0
8270 7.34263e+06 0
8280 7.26535e+06 0
8290 7.19837e+06 0
8300 7.04794e+06 0
8310 7.06339e+06 0
8320 7.28493e+06 0
8330 6.99951e+06 0
8340 7.03145e+06 0
8350 6.81816e+06 0
8360 6.84804e+06 0
8370 7.04072e+06 0
8380 7.32305e+06 0
8390 7.20971e+06 0
8400 7.29832e+06 0
8410 7.09533e+06 0
8420 7.457e+06 0
8430 7.05721e+06 0
8440 7.53016e+06 0
8450 7.48276e+06 0
8460 7.32384e+06 0
8470 7.42943e+06 0
8480 7.12316e+06 0
8490 6.96344e+06 0
8500 7.05103e+06 0
8510 7.27978e+06 0
8520 7.0943e+06 0
8530 6.84392e+06 0
8540 7.24062e+06 0
8550 7.19528e+06 0
8560 7.20662e+06 0
8570 7.51265e+06 0
8580 7.32305e+06 0
8590 7.28081e+06 0
8600 6.9892e+06 0
8610 7.24783e+06 0
8620 7.36221e+06 0
8630 7.34778e+06 0
8640 7.26226e+06 0
8650 7.25196e+06 0
8660 7.1077e+06 0
8670 7.19322e+06 0
8680 7.2468e+06 0
8690 7.25917e+06 0
8700 7.27772e+06 0
8710 7.20559e+06 0
8720 7.07576e+06 0
8730 6.59456e+06 0
8740 6.80555e+06 0
8750 7.10279e+06 0
8760 6.72027e+06 0
8770 6.92944e+06 0
8780 7.29832e+06 0
8790 7.06442e+06 0
8800 7.14067e+06 0
8810 7.13861e+06 0
8820 7.1417e+06 0
8830 7.3756e+06 0
8840 7.01702e+06 0
8850 7.17570e+06 0
8860 7.51677e+06 0
8870 7.21898e+06 0
8881 7.36712e+06 0
8890 7.27899e+06 0
8900 7.18395e+06 0
8910 6.93253e+06 0
8920 9.58478e+06 0
8930 8.66978e+06 0
8940 8.7821e+06 0
8950 8.85114e+06 0
8960 9.57654e+06 0
8970 9.12728e+06 0
8980 9.46525e+06 0
8990 9.54975e+06 0
9000 9.35452e+06 0
9010 9.40495e+06 0
9020 8.90162e+06 0
9030 9.83414e+06 0
9040 9.11904e+06 0
9050 9.1108e+06 0
9060 9.56211e+06 0
9070 9.77128e+06 0
9080 9.931e+06 0
9090 9.70225e+06 0
9100 9.13346e+06 0
9110 9.19632e+06 0
9121 9.03455e+06 0
9130 9.00879e+06 0
9140 9.59818e+06 0
9150 9.71152e+06 0
9160 9.23341e+06 0
9170 8.70482e+06 0
9180 8.83259e+06 0
9190 8.50492e+06 0
9200 9.22414e+06 0
9210 9.80632e+06 0
9220 9.67752e+06 0
9230 8.64918e+06 0
9240 9.50029e+06 0
9250 8.60384e+06 0
9260 8.32151e+06 0
9270 8.02063e+06 0
9280 8.21744e+06 0
9290 1.03225e+07 0
9300 1.00608e+07 0
9310 1.05276e+07 0
9320 9.31378e+06 0
9330 1.00392e+07 0
9340 9.92378e+06 0
9350 9.41476e+06 0
9360 1.00814e+07 0
9370 9.91657e+06 0
9380 9.49823e+06 0
9390 9.93512e+06 0
9400 9.626e+06 0
9410 8.66566e+06 0
9420 8.8398e+06 0
9431 8.99515e+06 0
9440 9.25426e+06 0
9450 8.91811e+06 0
9460 9.57448e+06 0
9470 1.0914e+07 0
9480 9.66412e+06 0
9490 9.55387e+06 0
9500 8.56262e+06 0
9510 9.03764e+06 0
9520 9.80838e+06 0
9530 9.97403e+06 0
9540 1.03609e+07 0
9550 9.32178e+06 0
9560 1.02012e+07 0
9570 8.8635e+06 0
9580 9.41786e+06 0
9590 9.57448e+06 0
9600 9.42816e+06 0
9610 9.27978e+06 0
9620 9.37973e+06 0
9630 9.51677e+06 0
9640 9.016e+06 0
9650 9.70534e+06 0
9660 1.01773e+07 0
9670 9.27051e+06 0
9680 1.01484e+07 0
9690 8.77076e+06 0
9700 9.51884e+06 0
9710 9.31172e+06 0
9720 9.4127e+06 0
9730 1.00134e+07 0
9740 9.16953e+06 0
9750 1.01793e+07 0
9760 9.09431e+06 0
9770 9.016e+06 0
9780 9.66103e+06 0
9790 8.20404e+06 0
9800 9.66309e+06 0
9810 1.01863e+07 0
9820 1.00219e+07 0
9830 9.66309e+06 0
9840 9.61466e+06 0
9850 9.40034e+06 0
9860 9.2839e+06 0
9870 9.26639e+06 0
9880 9.17753e+06 0
9890 9.51496e+06 0
9900 9.79807e+06 0
9910 9.91554e+06 0
9920 9.30451e+06 0
9930 9.00776e+06 0
9940 1.01196e+07 0
9950 1.02958e+07 0
9960 1.09449e+07 0
9970 1.05801e+07 0
9980 9.40034e+06 0
9990 1.02133e+07 0
10000 9.41373e+06 0
10010 1.00928e+07 0
10020 9.61054e+06 0
10030 9.16026e+06 0
10040 1.02298e+07 0
10050 1.12023e+07 0
10060 1.06834e+07 0
10070 9.63115e+06 0
10080 9.43228e+06 0
10090 8.62651e+06 0
10100 9.46216e+06 0
10110 9.58993e+06 0
10120 8.87896e+06 0
10130 8.35551e+06 0
10140 9.29421e+06 0
10150 9.32615e+06 0
10160 9.45883e+06 0
10170 9.75916e+06 0
10180 9.40549e+06 0
10190 8.99642e+06 0
10200 8.71306e+06 0
10210 8.78416e+06 0
10220 9.0634e+06 0
10230 8.8058e+06 0
10240 9.7311e+06 0
10250 8.99024e+06 0
10260 1.06894e+07 0
10270 9.97633e+06 0
10280 1.03432e+07 0
10290 9.89802e+06 0
10300 9.48792e+06 0
10310 8.338e+06 0
10320 8.47068e+06 0
10330 9.5232e+06 0
10340 9.63836e+06 0
10350 9.93202e+06 0
10360 8.74604e+06 0
10370 8.39982e+06 0
10380 9.57036e+06 0
10390 9.2633e+06 0
10400 9.30863e+06 0
10410 8.78313e+06 0
10420 9.51471e+06 0
10430 1.00454e+07 0
10440 9.29627e+06 0
10450 8.87174e+06 0
10460 9.29936e+06 0
10470 9.72904e+06 0
10480 9.27875e+06 0
10490 9.77334e+06 0
10500 9.4158e+06 0
10510 9.15716e+06 0
10520 8.711e+06 0
10530 9.21693e+06 0
10540 1.00897e+07 0
10550 8.60796e+06 0
10560 9.31354e+06 0
10570 9.42222e+06 0
10580 9.57242e+06 0
10590 9.63836e+06 0
10600 8.73882e+06 0
10610 8.3903e+06 0
10620 9.7571e+06 0
10630 9.32924e+06 0
10640 1.13602e+07 0
10650 9.016e+06 0
10660 9.37149e+06 0
10670 8.95624e+06 0
10680 9.10049e+06 0
10690 8.66154e+06 0
10700 9.95366e+06 0
10710 8.71821e+06 0
10720 9.56417e+06 0
10730 8.91914e+06 0
10740 8.82641e+06 0
10750 7.88565e+06 0
10760 8.37921e+06 0
10770 8.31945e+06 0
10780 8.13295e+06 0
10790 8.01239e+06 0
10800 9.49514e+06 0
10810 8.96654e+06 0
10820 8.86453e+06 0
10830 9.3684e+06 0
10840 1.01989e+07 0
10850 8.99024e+06 0
10860 8.76561e+06 0
10870 8.69452e+06 0
10880 8.76355e+06 0
10890 8.9109e+06 0
10900 9.3076e+06 0
10910 9.80529e+06 0
10920 9.11698e+06 0
10930 9.05103e+06 0
10940 9.10668e+06 0
10950 9.0026e+06 0
10960 1.0506e+07 0
10970 8.86144e+06 0
10980 9.05491e+06 0
10990 1.04866e+07 0
11000 9.97633e+06 0
11010 9.24578e+06 0
11020 9.35603e+06 0
11030 1.02638e+07 0
11040 9.70843e+06 0
11050 9.54769e+06 0
11060 9.34779e+06 0
11070 9.4158e+06 0
11080 8.60796e+06 0
11090 1.05255e+07 0
11100 9.30966e+06 0
11110 9.72904e+06 0
11120 9.7651e+06 0
11130 9.1551e+06 0
11140 8.53892e+06 0
11150 8.39055e+06 0
11160 9.2633e+06 0
11170 9.10461e+06 0
11180 8.84289e+06 0
11190 9.33336e+06 0
11200 8.4534e+06 0
11210 8.73367e+06 0
11220 8.49359e+06 0
11230 8.86968e+06 0
11240 9.78262e+06 0
11250 1.05729e+07 0
11260 8.44467e+06 0
11270 8.62596e+06 0
11280 9.68267e+06 0
11290 8.86453e+06 0
11300 9.68988e+06 0
11310 9.77334e+06 0
11320 7.86298e+06 0
11330 8.63475e+06 0
11340 8.05361e+06 0
11350 8.2329e+06 0
11360 9.09328e+06 0
11370 9.27566e+06 0
11380 8.14531e+06 0
11390 9.62188e+06 0
11400 9.50338e+06 0
11410 8.19144e+06 0
11420 9.72207e+06 0
11430 9.52296e+06 0
11440 9.65794e+06 0
11450 9.58684e+06 0
11460 9.23238e+06 0
11470 9.4364e+06 0
11480 8.76046e+06 0
11490 9.84523e+06 0
11500 8.18265e+06 0
11510 8.55232e+06 0
11520 8.643e+06 0
11530 1.03596e+07 0
11540 9.45701e+06 0
11550 8.70688e+06 0
11560 1.00825e+07 0
11570 9.72492e+06 0
11580 9.54562e+06 0
11590 9.46422e+06 0
11600 9.60642e+06 0
11610 9.2973e+06 0
11620 9.27669e+06 0
11630 9.67649e+06 0
11640 8.30399e+06 0
11650 8.09997e+06 0
11660 9.21487e+06 0
11670 8.8635e+06 0
11680 8.80992e+06 0
11690 8.37715e+06 0
11700 8.98303e+06 0
11710 8.62548e+06 0
11720 9.22002e+06 0
11730 1.02164e+07 0
11740 1.03875e+07 0
11750 9.22414e+06 0
11760 1.00268e+07 0
11770 9.81559e+06 0
11780 8.77901e+06 0
11790 8.10616e+06 0
11800 9.36015e+06 0
11810 9.10977e+06 0
11820 1.01165e+07 0
11830 9.81868e+06 0
11840 9.77025e+06 0
11850 9.70018e+06 0
11860 9.39106e+06 0
11870 8.48844e+06 0
11880 8.85217e+06 0
11890 8.83877e+06 0
11900 1.01144e+07 0
11910 1.0948e+07 0
11920 1.01031e+07 0
11930 1.088e+07 0
11940 1.00845e+07 0
11951 1.08357e+07 0
11960 9.7177e+06 0
11970 9.20044e+06 0
11980 1.00464e+07 0
11990 8.97169e+06 0
12000 9.73728e+06 0
12010 8.32254e+06 0
12020 8.98921e+06 0
12030 9.3313e+06 0
12040 1.04617e+07 0
12050 9.43949e+06 0
12060 9.62909e+06 0
12070 9.19529e+06 0
12080 1.02587e+07 0
12090 9.65691e+06 0
12100 9.08607e+06 0
12110 9.38694e+06 0
12120 1.00979e+07 0
12130 1.02453e+07 0
12140 9.13037e+06 0
12150 9.78365e+06 0
12160 9.41167e+06 0
12170 9.14068e+06 0
12180 9.33439e+06 0
12190 9.20868e+06 0
12200 1.05358e+07 0
12210 1.02679e+07 0
12220 9.30451e+06 0
12230 7.57344e+06 0
12240 8.30812e+06 0
12250 7.8805e+06 0
12260 9.35603e+06 0
12270 9.73007e+06 0
12280 8.15871e+06 0
12290 9.38179e+06 0
12300 1.02236e+07 0
12310 8.86247e+06 0
12320 8.5956e+06 0
12330 9.14995e+06 0
12340 1.0676e+07 0
12350 8.8975e+06 0
12360 8.56572e+06 0
12370 9.05825e+06 0
12380 1.09212e+07 0
12390 9.47968e+06 0
12400 9.45392e+06 0
12410 9.78056e+06 0
12420 9.76201e+06 0
12430 9.41167e+06 0
12440 8.52965e+06 0
12450 9.38488e+06 0
12460 7.71976e+06 0
12470 7.93408e+06 0
12480 8.6636e+06 0
12490 9.47144e+06 0
12500 8.68936e+06 0
12510 9.21074e+06 0
12520 8.96757e+06 0
12531 9.03558e+06 0
12540 9.71152e+06 0
12550 1.02535e+07 0
12560 9.40137e+06 0
12570 8.24835e+06 0
12580 9.19838e+06 0
12590 9.16129e+06 0
12600 1.01433e+07 0
12610 9.39106e+06 0
12620 1.00969e+07 0
12630 9.44465e+06 0
12640 9.63836e+06 0
12650 9.06031e+06 0
12660 9.18911e+06 0
12670 9.95263e+06 0
12680 9.63527e+06 0
12690 9.8228e+06 0
12700 9.66927e+06 0
12710 9.99694e+06 0
12720 9.34985e+06 0
12730 1.01793e+07 0
12740 9.6814e+06 0
12750 9.6417e+06 0
12760 1.00423e+07 0
12770 9.35809e+06 0
12780 8.80168e+06 0
12790 8.97066e+06 0
12800 8.46783e+06 0
12810 9.74655e+06 0
12820 9.36530e+06 0
12830 9.67442e+06 0
12840 8.83259e+06 0
12850 9.74861e+06 0
12860 9.58066e+06 0
12870 8.66463e+06 0
12880 8.62548e+06 0
12890 8.73058e+06 0
12900 9.75686e+06 0
12910 9.37664e+06 0
12920 9.79292e+06 0
12930 9.25093e+06 0
12940 8.28957e+06 0
12950 8.75016e+06 0
12960 8.42455e+06 0
12970 8.68524e+06 0
12980 8.88926e+06 0
12990 9.05618e+06 0
13000 8.8058e+06 0
13010 8.99436e+06 0
13020 9.66721e+06 0
13030 8.57396e+06 0
13040 9.06855e+06 0
13050 8.83259e+06 0
13060 9.57551e+06 0
13070 9.14274e+06 0
13080 8.86041e+06 0
13090 9.31069e+06 0
13100 9.30657e+06 0
13110 8.89132e+06 0
13120 8.69864e+06 0
13130 9.19838e+06 0
13140 9.66412e+06 0
13150 9.62394e+06 0
13160 1.00959e+07 0
13170 9.31688e+06 0
13180 8.70688e+06 0
13190 8.89647e+06 0
13200 9.3313e+06 0
13210 9.51059e+06 0
13220 9.32203e+06 0
13230 9.22208e+06 0
13240 9.1448e+06 0
13250 8.56468e+06 0
13260 9.1788e+06 0
13270 8.09791e+06 0
13280 8.99127e+06 0
13290 9.42198e+06 0
13300 8.677e+06 0
13310 1.01628e+07 0
13320 1.00392e+07 0
13330 1.0269e+07 0
13340 1.05997e+07 0
13350 1.13148e+07 0
13360 9.31688e+06 0
13370 1.0473e+07 0
13380 9.63424e+06 0
13390 9.15304e+06 0
13400 1.06059e+07 0
13410 9.355e+06 0
13420 1.0371e+07 0
13430 9.39622e+06 0
13440 1.01804e+07 0
13450 9.16438e+06 0
13460 9.68576e+06 0
13470 1.01463e+07 0
13480 1.17785e+07 0
13490 1.03689e+07 0
13500 9.29215e+06 0
13510 9.87844e+06 0
13520 1.09758e+07 0
13530 1.05698e+07 0
13540 9.14171e+06 0
13550 9.06237e+06 0
13560 9.85474e+06 0
13570 8.54614e+06 0
13580 9.21693e+06 0
13590 9.74861e+06 0
13600 9.63733e+06 0
13610 9.47144e+06 0
13620 9.47247e+06 0
13630 9.73831e+06 0
13640 1.02339e+07 0
13650 1.04431e+07 0
13660 9.54356e+06 0
13670 8.91605e+06 0
13680 1.00619e+07 0
13690 1.02484e+07 0
13700 9.49823e+06 0
13710 8.89647e+06 0
13720 9.54562e+06 0
13730 9.66824e+06 0
13740 1.01773e+07 0
13750 1.04998e+07 0
13760 1.08862e+07 0
13770 9.34779e+06 0
13780 8.47607e+06 0
13790 9.02733e+06 0
13800 7.50337e+06 0
13810 8.49256e+06 0
13820 9.65794e+06 0
13830 1.01196e+07 0
13840 1.02329e+07 0
13850 1.00969e+07 0
13860 9.96191e+06 0
13870 1.02164e+07 0
13880 9.7785e+06 0
13890 8.94593e+06 0
13900 9.53223e+06 0
13911 8.88284e+06 0
13920 8.59378e+06 0
13930 9.12625e+06 0
13940 8.10616e+06 0
13950 8.12676e+06 0
13960 8.06082e+06 0
13970 8.4771e+06 0
13980 7.45804e+06 0
13990 8.56056e+06 0
14000 7.457e+06 0
14010 8.24114e+06 0
14020 8.95005e+06 0
14030 8.44928e+06 0
14040 8.56984e+06 0
14050 8.06391e+06 0
14060 9.84959e+06 0
14070 9.23444e+06 0
14080 9.51368e+06 0
14090 8.49359e+06 0
14100 8.80683e+06 0
14110 9.05103e+06 0
14120 8.73058e+06 0
14130 9.62703e+06 0
14140 9.10668e+06 0
14150 8.77592e+06 0
14160 9.17262e+06 0
14170 9.65897e+06 0
14180 1.00495e+07 0
14190 8.8975e+06 0
14200 8.96242e+06 0
14210 9.05516e+06 0
14220 9.17777e+06 0
14230 1.02618e+07 0
14240 8.90472e+06 0
14250 9.09637e+06 0
14260 9.12934e+06 0
14270 9.54356e+06 0
14280 9.6363e+06 0
14290 8.29138e+06 0
14300 9.39234e+06 0
14310 9.27463e+06 0
14320 9.02115e+06 0
14330 8.78004e+06 0
14340 8.75428e+06 0
14350 1.0102e+07 0
14360 8.72234e+06 0
14370 8.37406e+06 0
14380 9.53635e+06 0
14390 9.76407e+06 0
14400 9.63218e+06 0
14410 9.0974e+06 0
14420 9.55593e+06 0
14430 8.73676e+06 0
14440 1e+07 0
14450 8.82538e+06 0
14460 9.1314e+06 0
14470 8.71409e+06 0
14480 1.01731e+07 0
14490 9.71667e+06 0
14500 9.59612e+06 0
14510 1.00794e+07 0
14520 1.10995e+07 0
14530 9.79292e+06 0
14540 9.50338e+06 0
14550 9.46319e+06 0
14560 9.08298e+06 0
14571 9.00751e+06 0
14580 8.2352e+06 0
14590 8.65845e+06 0
14600 9.31069e+06 0
14610 8.26999e+06 0
14620 8.982e+06 0
14630 8.01136e+06 0
14640 8.78107e+06 0
14650 1.00443e+07 0
14660 9.25402e+06 0
14670 9.81353e+06 0
14680 9.00364e+06 0
14690 9.31791e+06 0
14700 9.33027e+06 0
14710 8.8769e+06 0
14720 9.65691e+06 0
14730 8.15665e+06 0
14741 8.86659e+06 0
14750 8.34727e+06 0
14760 8.44001e+06 0
14770 9.17571e+06 0
14780 8.97994e+06 0
14790 9.23032e+06 0
14800 8.58529e+06 0
14810 8.95314e+06 0
14820 9.32615e+06 0
14830 9.22929e+06 0
14840 9.47865e+06 0
14850 9.8939e+06 0
14860 9.64042e+06 0
14870 8.07009e+06 0
14880 8.48122e+06 0
14890 9.48586e+06 0
14900 8.09173e+06 0
14910 7.93614e+06 0
14920 8.62342e+06 0
14930 9.15304e+06 0
14940 9.22826e+06 0
14950 9.4735e+06 0
14960 9.08298e+06 0
14970 9.63733e+06 0
14980 9.53841e+06 0
14990 9.59921e+06 0
15000 8.62033e+06 0
15010 8.06906e+06 0
15020 8.77592e+06 0
15030 8.67597e+06 0
15040 9.23032e+06 0
15050 1.00649e+07 0
15060 8.982e+06 0
15070 9.70122e+06 0
15080 9.63733e+06 0
15090 9.56417e+06 0
15100 9.2396e+06 0
15110 9.53326e+06 0
15120 8.10591e+06 0
15130 9.72619e+06 0
15140 8.59457e+06 0
15150 8.48122e+06 0
15160 9.16541e+06 0
15170 9.05594e+06 0
15180 9.33954e+06 0
15190 8.79574e+06 0
15200 9.66618e+06 0
15210 1.02257e+07 0
15220 1.02113e+07 0
15230 8.93151e+06 0
15240 8.31302e+06 0
15250 9.83541e+06 0
15260 9.33518e+06 0
15270 1.04557e+07 0
15280 8.01548e+06 0
15290 8.69142e+06 0
15300 9.05206e+06 0
15310 8.87071e+06 0
15320 9.28493e+06 0
15330 9.84341e+06 0
15340 8.80786e+06 0
15350 9.34882e+06 0
15360 9.09225e+06 0
15370 8.50389e+06 0
15380 8.85629e+06 0
15390 9.00879e+06 0
15400 1.01834e+07 0
15411 9.3156e+06 0
15420 9.03067e+06 0
15430 8.14634e+06 0
15440 9.45804e+06 0
15450 9.37355e+06 0
15460 9.07988e+06 0
15470 9.12419e+06 0
15480 9.47968e+06 0
15490 9.0026e+06 0
15500 9.29215e+06 0
15510 8.69864e+06 0
15520 9.13553e+06 0
15530 8.86968e+06 0
15540 9.35397e+06 0
15550 1.06368e+07 0
15560 1.08522e+07 0
15570 9.64866e+06 0
15580 9.24578e+06 0
15590 9.87535e+06 0
15600 1.00629e+07 0
15610 9.66927e+06 0
15620 1.0067e+07 0
15630 1.11283e+07 0
15640 9.17262e+06 0
15650 9.12213e+06 0
15660 9.27875e+06 0
15670 8.39364e+06 0
15680 8.60075e+06 0
15690 7.71048e+06 0
15700 9.06752e+06 0
15710 9.91966e+06 0
15720 9.14686e+06 0
15730 1.02607e+07 0
15740 9.51059e+06 0
15750 7.87638e+06 0
15760 7.67648e+06 0
15770 8.56056e+06 0
15781 9.13346e+06 0
15790 9.50647e+06 0
15800 9.05309e+06 0
15810 8.64196e+06 0
15820 8.61826e+06 0
15830 9.61672e+06 0
15840 9.06958e+06 0
15850 9.60848e+06 0
15860 9.7651e+06 0
15870 8.65433e+06 0
15880 8.76355e+06 0
15890 8.69245e+06 0
15900 9.22826e+06 0
15910 9.06134e+06 0
15920 8.59250e+06 0
15930 9.46422e+06 0
15940 9.13244e+06 0
15950 8.38746e+06 0
15960 8.69452e+06 0
15970 9.31791e+06 0
15980 8.65433e+06 0
15990 9.41167e+06 0
16000 9.11698e+06 0
16010 8.26278e+06 0
16020 9.60642e+06 0
16030 8.31533e+06 0
16040 7.65999e+06 0
16050 7.81970e+06 0
16060 8.92326e+06 0
16070 8.71615e+06 0
16080 7.66927e+06 0
16090 8.4431e+06 0
16100 8.37715e+06 0
16110 9.88669e+06 0
16120 8.73676e+06 0
16130 9.78159e+06 0
16140 9.36530e+06 0
16150 8.17313e+06 0
16160 8.90369e+06 0
16170 9.01085e+06 0
16180 8.58014e+06 0
16190 7.80734e+06 0
16200 8.07009e+06 0
16210 8.64815e+06 0
16220 7.39494e+06 0
16230 8.13319e+06 0
16240 7.79601e+06 0
16250 7.53016e+06 0
16260 8.63166e+06 0
16270 8.73367e+06 0
16280 9.49101e+06 0
16290 8.2298e+06 0
16300 8.52244e+06 0
16310 9.05722e+06 0
16320 8.34727e+06 0
16330 8.38436e+06 0
16340 8.04845e+06 0
16350 9.07267e+06 0
16360 8.98818e+06 0
16370 9.99385e+06 0
16380 9.67649e+06 0
16390 9.05412e+06 0
16400 8.83671e+06 0
16410 1.01286e+07 0
16420 9.13371e+06 0
16430 9.40652e+06 0
16440 9.6466e+06 0
16450 8.55232e+06 0
16460 8.10616e+06 0
16470 7.01599e+06 0
16480 7.08091e+06 0
16490 8.06494e+06 0
16500 8.92429e+06 0
16510 9.64248e+06 0
16520 1.01433e+07 0
16530 9.34985e+06 0
16540 1.04802e+07 0
16550 9.79807e+06 0
16560 9.79292e+06 0
16570 9.70122e+06 0
16580 9.42095e+06 0
16590 9.6497e+06 0
16600 8.30193e+06 0
16610 8.80786e+06 0
16620 9.42713e+06 0
16630 9.70431e+06 0
16640 9.40652e+06 0
16650 9.09843e+06 0
16660 8.85114e+06 0
16670 9.0294e+06 0
16680 9.14068e+06 0
16690 8.58299e+06 0
16700 9.64273e+06 0
16710 9.64866e+06 0
16720 9.48071e+06 0
16730 7.86813e+06 0
16740 8.69039e+06 0
16750 9.07267e+06 0
16760 8.92945e+06 0
16770 9.32821e+06 0
16780 8.59766e+06 0
16790 8.5719e+06 0
16800 8.66257e+06 0
16810 9.73934e+06 0
16820 9.55284e+06 0
16830 9.27463e+06 0
16840 7.24474e+06 0
16850 7.61544e+06 0
16860 9.02036e+06 0
16870 9.09122e+06 0
16880 9.46319e+06 0
16890 8.3246e+06 0
16900 9.58066e+06 0
16910 8.3617e+06 0
16920 9.35603e+06 0
16930 9.48586e+06 0
16940 8.98715e+06 0
16950 7.81043e+06 0
16960 9.90833e+06 0
16970 9.46319e+06 0
16980 9.01291e+06 0
16990 8.73264e+06 0
17000 9.08298e+06 0
17010 9.52605e+06 0
17020 9.17571e+06 0
17030 8.70482e+06 0
17040 8.98921e+06 0
17050 7.83516e+06 0
17060 8.33078e+06 0
17070 8.37303e+06 0
17080 8.58529e+06 0
17090 8.95521e+06 0
17100 9.18808e+06 0
17110 8.28442e+06 0
17120 9.09843e+06 0
17130 9.11492e+06 0
17140 8.81095e+06 0
17150 9.3447e+06 0
17160 8.98097e+06 0
17170 9.79086e+06 0
17180 8.55232e+06 0
17190 9.43537e+06 0
17200 9.59096e+06 0
17210 1.01999e+07 0
17220 8.23084e+06 0
17230 7.70739e+06 0
17240 7.39621e+06 0
17250 9.57138e+06 0
17260 9.73728e+06 0
17270 1.00938e+07 0
17280 9.86299e+06 0
17290 9.01188e+06 0
17300 8.62754e+06 0
17310 8.46577e+06 0
17320 9.75170e+06 0
17330 9.06649e+06 0
17340 9.83414e+06 0
17350 9.8125e+06 0
17360 9.4024e+06 0
17370 9.12213e+06 0
17380 9.10977e+06 0
17390 9.00879e+06 0
17400 8.94593e+06 0
17410 9.95469e+06 0
17420 8.17519e+06 0
17430 8.09894e+06 0
17440 8.94078e+06 0
17450 8.89132e+06 0
17460 8.78004e+06 0
17470 9.84341e+06 0
17480 9.3921e+06 0
17490 9.50132e+06 0
17500 8.43382e+06 0
17510 9.05206e+06 0
17520 9.52914e+06 0
17530 1.01237e+07 0
17540 1.12994e+07 0
17550 1.02298e+07 0
17560 1.00248e+07 0
17570 1.00155e+07 0
17580 9.70843e+06 0
17590 8.98715e+06 0
17600 9.02812e+06 0
17610 9.51702e+06 0
17620 8.05464e+06 0
17630 8.79652e+06 0
17640 1.0135e+07 0
17650 1.0474e+07 0
17660 9.32924e+06 0
17670 8.31224e+06 0
17680 8.28545e+06 0
17690 8.84804e+06 0
17700 9.59921e+06 0
17710 9.64145e+06 0
17720 8.47504e+06 0
17730 9.06855e+06 0
17740 9.05182e+06 0
17750 8.35885e+06 0
17760 9.82177e+06 0
17770 8.02372e+06 0
17780 8.37612e+06 0
17790 9.00776e+06 0
17800 8.90369e+06 0
17810 9.08194e+06 0
17820 8.18447e+06 0
17830 6.61517e+06 0
17840 8.36994e+06 0
17850 8.39982e+06 0
17860 8.93254e+06 0
17870 1.02514e+07 0
17880 9.50956e+06 0
17890 9.11183e+06 0
17900 9.32512e+06 0
17910 8.44516e+06 0
17920 9.17365e+06 0
17930 9.5889e+06 0
17940 8.72543e+06 0
17950 8.91811e+06 0
17960 7.83104e+06 0
17970 8.40085e+06 0
17980 9.45701e+06 0
17990 1.01783e+07 0
18000 9.64866e+06 0
18010 8.51832e+06 0
18020 6.77694e+06 0
18030 7.05412e+06 0
18040 7.5858e+06 0
18050 8.77489e+06 0
18060 1.00217e+07 0
18070 9.22105e+06 0
18080 8.07730e+06 0
18090 8.14531e+06 0
18100 8.0196e+06 0
18110 8.05361e+06 0
18120 7.5858e+06 0
18130 8.51316e+06 0
18140 9.38179e+06 0
18150 7.99384e+06 0
18160 8.99642e+06 0
18170 1.05255e+07 0
18180 1.02329e+07 0
18190 8.95212e+06 0
18200 1.00165e+07 0
18210 1.00289e+07 0
18220 9.51471e+06 0
18230 1.00876e+07 0
18240 8.37097e+06 0
18250 9.39106e+06 0
18260 9.27463e+06 0
18270 8.23908e+06 0
18280 7.74242e+06 0
18290 7.72388e+06 0
18300 7.48173e+06 0
18310 8.3854e+06 0
18320 9.7414e+06 0
18330 9.24166e+06 0
18340 9.96191e+06 0
18350 9.96912e+06 0
18360 1.061e+07 0
18370 9.64739e+06 0
18380 9.56442e+06 0
18390 8.643e+06 0
18400 9.61775e+06 0
18410 9.53738e+06 0
18420 8.74604e+06 0
18430 8.39364e+06 0
18440 9.08092e+06 0
18450 9.41992e+06 0
18460 9.77128e+06 0
18470 1.02092e+07 0
18480 1.0475e+07 0
18490 1.03514e+07 0
18500 9.2736e+06 0
18510 9.02733e+06 0
18520 8.34212e+06 0
18530 8.90884e+06 0
18540 9.45907e+06 0
18550 7.62496e+06 0
18560 7.98457e+06 0
18570 8.65433e+06 0
18580 8.60693e+06 0
18590 9.39828e+06 0
18600 9.41167e+06 0
18610 1.00495e+07 0
18620 7.62393e+06 0
18630 8.38849e+06 0
18640 9.05e+06 0
18650 8.64402e+06 0
18660 9.89699e+06 0
18670 9.46628e+06 0
18680 8.65124e+06 0
18690 9.31172e+06 0
18700 8.61311e+06 0
18710 9.0871e+06 0
18720 9.77746e+06 0
18730 9.15201e+06 0
18740 1.07749e+07 0
18750 1.03277e+07 0
18760 1.03524e+07 0
18770 1.13468e+07 0
18780 9.92045e+06 0
18790 9.11001e+06 0
18800 9.01497e+06 0
18810 9.18705e+06 0
18820 8.8161e+06 0
18830 8.81404e+06 0
18840 9.73419e+06 0
18850 9.2025e+06 0
18860 9.41682e+06 0
18870 9.98664e+06 0
18880 8.32254e+06 0
18890 9.49410e+06 0
18900 1.01639e+07 0
18910 1.06997e+07 0
18920 1.08419e+07 0
18930 8.45237e+06 0
18940 8.7324e+06 0
18950 8.2115e+06 0
18960 8.14634e+06 0
18970 9.30451e+06 0
18980 7.78879e+06 0
18990 8.88823e+06 0
19000 9.44362e+06 0
19010 9.33439e+06 0
19020 9.40549e+06 0
19030 8.23393e+06 0
19040 9.06237e+06 0
19050 9.11904e+06 0
19060 8.1247e+06 0
19070 8.61414e+06 0
19080 8.21023e+06 0
19090 8.60281e+06 0
19100 8.71924e+06 0
19110 8.82641e+06 0
19120 7.89905e+06 0
19130 7.2231e+06 0
19140 1.01742e+07 0
19150 1.07347e+07 0
19160 9.74758e+06 0
19170 8.39055e+06 0
19180 8.91605e+06 0
19190 9.30554e+06 0
19200 8.59663e+06 0
19210 8.27308e+06 0
19220 9.59096e+06 0
19230 8.85938e+06 0
19240 9.77231e+06 0
19250 8.60178e+06 0
19260 8.43794e+06 0
19270 9.51677e+06 0
19280 9.36634e+06 0
19290 1.00268e+07 0
19300 9.19505e+06 0
19310 8.90599e+06 0
19320 7.87432e+06 0
19330 8.86247e+06 0
19340 9.24578e+06 0
19350 9.49204e+06 0
19360 8.81301e+06 0
19370 8.6059e+06 0
19380 8.9686e+06 0
19390 1.03019e+07 0
19400 1.03092e+07 0
19410 1.01494e+07 0
19420 8.36066e+06 0
19430 8.30193e+06 0
19440 9.12728e+06 0
19450 9.5415e+06 0
19460 9.96912e+06 0
19470 8.46474e+06 0
19480 8.99333e+06 0
19490 9.39828e+06 0
19500 9.94233e+06 0
19510 9.79498e+06 0
19520 8.72130e+06 0
19530 8.4297e+06 0
19540 8.61414e+06 0
19550 9.68164e+06 0
19560 9.08092e+06 0
19570 9.71461e+06 0
19580 9.11389e+06 0
19590 9.30657e+06 0
19600 9.92687e+06 0
19610 9.24887e+06 0
19620 8.55232e+06 0
19630 8.09585e+06 0
19640 9.56005e+06 0
19650 8.59766e+06 0
19660 9.70122e+06 0
19670 9.39828e+06 0
19680 8.76973e+06 0
19690 1.03411e+07 0
19700 1.13045e+07 0
19710 9.7414e+06 0
19720 9.19323e+06 0
19730 8.78107e+06 0
19740 8.32975e+06 0
19750 1.01536e+07 0
19760 9.27463e+06 0
19770 7.72388e+06 0
19780 9.31791e+06 0
19790 8.88308e+06 0
19800 9.9176e+06 0
19810 9.84444e+06 0
19820 9.99488e+06 0
19830 9.31172e+06 0
19840 9.28906e+06 0
19850 9.05309e+06 0
19860 9.75170e+06 0
19870 8.53892e+06 0
19880 1.0101e+07 0
19890 1.0066e+07 0
19900 8.47195e+06 0
19910 7.75067e+06 0
19920 8.86247e+06 0
19930 9.18189e+06 0
19940 9.92893e+06 0
19950 8.04433e+06 0
19960 9.59714e+06 0
19970 1.03638e+07 0
19980 1.0373e+07 0
19990 8.91193e+06 0
20000 1.02319e+07 0
20010 9.4972e+06 0
20020 9.88566e+06 0
20030 8.64609e+06 0
20040 8.29781e+06 0
20050 9.39519e+06 0
20060 9.57345e+06 0
20070 9.19941e+06 0
20080 8.58426e+06 0
20090 8.39261e+06 0
20100 9.58993e+06 0
20110 9.2262e+06 0
20120 9.57757e+06 0
20130 9.59818e+06 0
20140 8.16798e+06 0
20150 9.36428e+06 0
20160 9.68679e+06 0
20170 9.58272e+06 0
20180 9.42689e+06 0
20190 9.59842e+06 0
20200 9.10461e+06 0
20210 8.6636e+06 0
20220 9.18705e+06 0
20230 8.62136e+06 0
20240 8.97890e+06 0
20250 9.02527e+06 0
20260 8.64506e+06 0
20270 8.99333e+06 0
20280 8.56056e+06 0
20290 9.12522e+06 0
20300 9.08092e+06 0
20310 8.47092e+06 0
20320 8.46370e+06 0
20330 9.05206e+06 0
20340 8.80683e+06 0
20350 9.54975e+06 0
20360 9.82796e+06 0
20370 9.47556e+06 0
20380 8.89853e+06 0
20390 9.32718e+06 0
20400 9.40137e+06 0
20410 9.75377e+06 0
20420 8.72749e+06 0
20430 7.96293e+06 0
20440 8.74294e+06 0
20450 9.22208e+06 0
20460 9.04588e+06 0
20470 8.82332e+06 0
20480 9.21074e+06 0
20490 8.57293e+06 0
20500 7.89905e+06 0
20510 7.78982e+06 0
20520 8.97272e+06 0
20531 9.08607e+06 0
20540 9.26948e+06 0
20550 9.61672e+06 0
20560 8.74191e+06 0
20570 8.60384e+06 0
20580 9.34573e+06 0
20590 9.20044e+06 0
20600 9.42404e+06 0
20610 9.12213e+06 0
20620 9.0263e+06 0
20630 9.34264e+06 0
20640 8.24526e+06 0
20650 8.23702e+06 0
20660 8.00002e+06 0
20670 7.61053e+06 0
20680 8.05979e+06 0
20690 8.61208e+06 0
20700 8.79446e+06 0
20710 8.73985e+06 0
20720 8.78725e+06 0
20730 8.47298e+06 0
20740 8.57499e+06 0
20750 9.36943e+06 0
20760 8.4668e+06 0
20770 9.16541e+06 0
20780 8.82125e+06 0
20790 9.8022e+06 0
20800 8.75119e+06 0
20810 7.42506e+06 0
20820 9.88875e+06 0
20830 9.38694e+06 0
20840 8.69864e+06 0
20850 8.57396e+06 0
20860 9.95057e+06 0
20870 1.02226e+07 0
20880 9.77746e+06 0
20890 9.38385e+06 0
20900 7.47555e+06 0
20910 8.77076e+06 0
20920 7.48792e+06 0
20930 8.13501e+06 0
20940 8.59766e+06 0
20950 9.08504e+06 0
20960 9.84135e+06 0
20970 9.17468e+06 0
20980 9.33027e+06 0
20990 9.92275e+06 0
21000 9.91142e+06 0
21010 9.75274e+06 0
21020 8.14325e+06 0
21030 8.36273e+06 0
21040 9.00673e+06 0
21050 9.05516e+06 0
21060 7.66927e+06 0
21070 7.58684e+06 0
21080 8.55929e+06 0
21090 9.32227e+06 0
21100 9.56005e+06 0
21110 8.79343e+06 0
21120 8.84804e+06 0
21130 9.48483e+06 0
21140 9.03661e+06 0
21150 8.89853e+06 0
21160 9.43846e+06 0
21170 9.01909e+06 0
21180 9.06031e+06 0
21190 9.27051e+06 0
21200 9.4972e+06 0
21210 1.00062e+07 0
21220 9.41064e+06 0
21230 1.044e+07 0
21240 9.87638e+06 0
21250 9.90626e+06 0
21260 9.40446e+06 0
21270 9.30966e+06 0
21280 1.00402e+07 0
21290 8.60693e+06 0
21300 9.29936e+06 0
21310 9.01085e+06 0
21320 9.45701e+06 0
21330 8.74294e+06 0
21340 8.89132e+06 0
21350 9.61569e+06 0
21360 9.56108e+06 0
21370 9.50956e+06 0
21380 9.37149e+06 0
21390 9.44465e+06 0
21400 9.4024e+06 0
21410 9.45186e+06 0
21420 9.94336e+06 0
21430 9.78031e+06 0
21440 9.23057e+06 0
21450 8.81404e+06 0
21460 1.00134e+07 0
21470 1.07502e+07 0
21480 1.04565e+07 0
21490 9.16026e+06 0
21500 8.61826e+06 0
21510 9.90936e+06 0
21520 1.00155e+07 0
21530 9.47762e+06 0
21540 9.61466e+06 0
21550 8.91811e+06 0
21560 9.2633e+06 0
21570 1.05997e+07 0
21580 1.0574e+07 0
21590 9.70946e+06 0
