# TimeStamp(s) Sum Stdev
0 4.08141e+06 44210
10.5 3.96085e+06 86566
21.125 3.97322e+06 128350
33 1.12622e+06 220981
41.25 4.83772e+06 660034
51.75 5.20146e+06 830048
61.375 1.08192e+06 407843
70.25 8.07215e+06 393391
80.625 4.17106e+06 323749
91.125 3.87224e+06 332155
102.25 1.0067e+06 279634
110.875 5.61671e+06 653239
123.875 3.22157e+06 452852
130.625 4.53606e+06 965768
140.125 5.65508e+06 980742
150.125 4.1319e+06 432841
160.5 322513 60054.4
170.625 7.68781e+06 961498
182.375 2.34931e+06 411709
191.25 835652 324865
200.5 8.53171e+06 1.17193e+06
210.75 4.03092e+06 395792
222.5 3.47244e+06 480743
230.75 1.62906e+06 436751
240.625 7.7043e+06 673700
253.125 1.92684e+06 378278
260.5 3.04974e+06 556062
270.625 6.74009e+06 658373
281.875 4.23288e+06 619412
292.875 1.13034e+06 256130
300.875 4.56364e+06 1.0064e+06
311 5.95674e+06 632543
323.5 1.67955e+06 321226
330.75 4.00928e+06 978293
340.25 6.16797e+06 915510
350.375 4.03916e+06 553518
361.375 2.11747e+06 488649
370.625 2.98404e+06 598723
382.125 6.92222e+06 1.30105e+06
393 1.40546e+06 481445
400.875 5.53428e+06 552303
410.625 5.12108e+06 815595
420.5 4.02371e+06 523395
433.25 1.29624e+06 201631
440.75 4.63734e+06 593921
451 5.47706e+06 647604
460.625 1.01779e+06 394218
470.625 8.28878e+06 728864
480.75 3.80011e+06 454849
490.75 3.91346e+06 544636
501.375 537865 235409
510.5 7.20558e+06 1.13556e+06
521.25 1.39619e+06 442376
530.375 7.26947e+06 938451
541.125 3.92788e+06 414743
551.25 3.98043e+06 457331
561.875 396700 226170
570.875 7.3496e+06 1.1991e+06
582.25 1.9423e+06 486349
590.375 5.98892e+06 956396
600.125 4.36477e+06 604844
612.125 1.22205e+06 277377
621.25 5.83774e+06 1.22366e+06
630.75 5.33644e+06 759467
641.125 2.71613e+06 638893
651.125 1.73416e+06 283997
660.5 7.58068e+06 1.2079e+06
670.375 4.11026e+06 457040
681.25 611025 169082
690.25 7.41657e+06 847225
701.25 4.15894e+06 472504
713 2.98094e+06 354482
721 1.44977e+06 320080
730.75 7.65917e+06 1.03405e+06
740.875 3.84854e+06 375737
751.5 470889 156624
760.75 7.64247e+06 738272
770.375 4.20712e+06 324718
781.875 2.78517e+06 418163
791.375 3.4065e+06 583486
800.75 6.82124e+06 767910
811.5 2.53993e+06 222707
821.125 2.43792e+06 662578
830.375 7.89698e+06 1.00073e+06
840.5 4.18342e+06 439518
853.375 1.44256e+06 188881
861.25 5.80939e+06 585963
871.875 3.8877e+06 543267
881.125 1.45674e+06 332186
890.5 7.79006e+06 782898
900.25 4.24215e+06 399965
911.5 2.77177e+06 476717
921 2.83154e+06 740072
933.25 5.98971e+06 793449
942 2.47708e+06 429037
950.375 6.67802e+06 726519
960.25 3.7929e+06 384979
973.375 3.03246e+06 465852
980.875 1.78053e+06 423528
991.25 7.19116e+06 638723
1001.38 1.32897e+06 352027
1010.62 6.7473e+06 606807
1020.5 3.86194e+06 269220
1031 4.03298e+06 321427
1043 1.13447e+06 410110
1050.5 5.80424e+06 459733
1063 2.87045e+06 471375
1070.25 4.9758e+06 624461
1080.5 5.61798e+06 589070
1091.25 3.92376e+06 235166
1102.75 1.88151e+06 436415
1110.75 3.7558e+06 659499
1120.5 4.81093e+06 533719
1130.38 2.87584e+06 411939
1140.25 6.94798e+06 530329
1150.75 4.01237e+06 301746
1162 2.38125e+06 265205
1171.25 2.88409e+06 197232
1182.62 5.71666e+06 841718
1192.25 3.57446e+06 721896
1201.12 5.15303e+06 729496
1212.75 3.64246e+06 823081
1221.12 1.77225e+06 557730
1230.12 6.8122e+06 1.12003e+06
1243.62 3.11696e+06 822224
1251.75 2.24627e+06 364927
1260.75 6.70060e+06 1.64622e+06
1270.88 4.23105e+06 1.1214e+06
1282.75 1.29315e+06 300168
1290.38 6.19578e+06 1.10682e+06
1300.12 4.5198e+06 805506
1312.25 1.99073e+06 755090
1321.62 4.32974e+06 1.21926e+06
1331.25 5.64233e+06 742418
1340.75 3.87842e+06 434650
1352.88 1.99588e+06 450079
1360.62 4.25967e+06 563735
1371.38 5.89079e+06 582626
1383 1.57342e+06 310153
1390.75 6.27101e+06 831582
1401 4.68626e+06 667007
1411.38 3.98352e+06 538582
1422 674909 156678
1431.25 6.59819e+06 909545
1442.5 3.48324e+06 730044
1451.5 4.09147e+06 749565
1462.25 4.08474e+06 741774
1470.62 1.90006e+06 442928
1480.5 7.21869e+06 1.19081e+06
1491.25 4.01341e+06 638496
1503.38 1.11283e+06 481613
1510.38 4.56624e+06 1.03218e+06
1520.88 6.21304e+06 1.29848e+06
1531 4.01959e+06 624133
1540.62 328694 161213
1551.25 7.60917e+06 1.10658e+06
1561.25 4.28543e+06 785870
1572.38 806800 285577
1580.75 6.83361e+06 1.15666e+06
1591.38 4.02989e+06 424731
1601.12 3.932e+06 591769
1610.88 285418 135245
1621.12 7.68551e+06 819147
1631 4.29186e+06 750337
1642.12 826377 415620
1650.62 6.86246e+06 1.13525e+06
1660.75 4.40084e+06 601458
1670.75 3.94128e+06 508043
1680.5 251413 106426
1690.62 7.91759e+06 815834
1702.62 2.70246e+06 419189
1710.88 2.59660e+06 404521
1720.88 7.2128e+06 1.03661e+06
1731 4.15045e+06 453558
1742.75 1.76301e+06 310725
1751.38 3.51469e+06 1.01743e+06
1760.88 6.50388e+06 669836
1772.62 1.27563e+06 197325
1781 4.88282e+06 439552
1790.62 5.62313e+06 806751
1801.12 4.02371e+06 259773
1812.5 856260 210985
1821.38 6.74657e+06 571731
1831.25 4.58885e+06 328797
1842.75 2.26379e+06 197477
1850.75 1.9186e+06 471414
1861 7.56519e+06 581684
1871 3.82896e+06 373255
1881.75 2.34622e+06 350620
1891 3.16951e+06 549293
1902.62 5.90934e+06 802241
1913.12 2.28027e+06 497946
1920.5 6.2978e+06 428161
1931.12 4.00001e+06 337360
1943.12 3.75271e+06 370000
1950.38 835651 361311
1961.5 7.2942e+06 669605
1970.75 889233 373452
1980.88 7.34057e+06 646221
1991 4.14839e+06 307417
2003.62 3.45905e+06 436121
2011.5 872746 286027
2020.62 7.71872e+06 970275
2031.88 2.86657e+06 419340
2040.38 3.07986e+06 508249
2050.88 6.68214e+06 740692
2061 4.1556e+06 320941
2072.62 1.79495e+06 402230
2081 4.19554e+06 721610
2090.75 6.34385e+06 652973
2102.62 1.0778e+06 400163
2110.88 5.12575e+06 1.02325e+06
2120.25 5.75321e+06 1.12272e+06
2130.25 3.96498e+06 438265
2142.62 1.05719e+06 263644
2151.25 4.97865e+06 794681
2161 5.53236e+06 1.00734e+06
2171.5 1.00876e+06 392432
2180.88 7.63526e+06 1.09047e+06
2190.62 4.03092e+06 547110
2201.88 3.92582e+06 460491
2210.12 427613 236280
2220.12 8.17416e+06 1.0651e+06
2232.25 2.18935e+06 309974
2240.75 3.51778e+06 515334
2250.75 6.7339e+06 1.02828e+06
2261.25 4.16384e+06 487858
2272 2.49872e+06 417047
2280.62 3.11799e+06 746559
2292.25 5.43637e+06 996970
2302 2.7491e+06 458075
2311 6.49461e+06 1.28184e+06
2321 3.89903e+06 626524
2332.38 2.76044e+06 439094
2340.62 2.43895e+06 515758
2352.88 6.6399e+06 723536
2361 1.43692e+06 338982
2370.5 6.94435e+06 736582
2381 4.17518e+06 416873
2391.75 4.04535e+06 308081
2400.62 59761 32215.6
2410.5 7.76097e+06 936235
2422.62 2.17777e+06 447457
2430.5 5.39050e+06 526777
2441.38 5.11078e+06 818280
2451.25 4.16384e+06 349719
2462.88 1.25502e+06 338977
2471.25 4.41605e+06 922986
2482.88 4.90907e+06 863947
2491.5 2.52551e+06 612402
2500.38 7.01908e+06 1.03595e+06
2510.62 4.23803e+06 404149
2522.5 1.28078e+06 221337
2531.62 5.75066e+06 624118
2541.75 5.19218e+06 563163
2552.12 1.22926e+06 344186
2560.75 6.85525e+06 862846
2570.5 4.11438e+06 427877
2581 4.0268e+06 396368
2591.12 414218 194578
2600.62 7.44439e+06 842790
2613.38 3.81684e+06 289175
2620.5 750127 248051
2631.5 7.74139e+06 712310
2641 3.9557e+06 467612
2652.88 3.03556e+06 311835
2660.38 2.46368e+06 494490
2672 6.69244e+06 691099
2683 1.91527e+06 322636
2690.38 6.55564e+06 717585
2701.38 4.11438e+06 436190
2713.75 3.63216e+06 361308
2721 1.41783e+06 334875
2730.25 7.08812e+06 694036
2742 2.79444e+06 483713
2750.88 2.90779e+06 408160
2760.38 6.83258e+06 874835
2771 4.36168e+06 470868
2783 1.51984e+06 320797
2791.25 4.0165e+06 766194
2800.88 6.41012e+06 995303
2812.38 1.12726e+06 292433
2821 4.58297e+06 699194
2830.88 6.00129e+06 907138
2840.38 4.03298e+06 469636
2851.25 614115 232121
2860.75 6.84288e+06 631097
2872.25 4.4472e+06 693527
2881.12 175166 68994.2
2890.75 7.25814e+06 794037
2900.38 3.80939e+06 483767
2912.88 3.50542e+06 380254
2921 469859 314324
2930.5 7.96602e+06 762256
2943 3.28594e+06 355005
2950.75 984029 199546
2960.62 7.91862e+06 806914
2971.12 4.07935e+06 362078
2981.12 2.33488e+06 222475
2991.38 3.76381e+06 569038
3001.62 5.65507e+06 477336
3012 2.19578e+06 334799
3020.5 6.55025e+06 807743
3030.38 4.12984e+06 485903
3040.88 3.92788e+06 491730
3051.88 738793 266426
3060.75 7.31068e+06 963481
3072.62 2.47453e+06 424613
3080 5.8377e+06 1.10188e+06
3090.5 4.31943e+06 543865
3100.38 4.04535e+06 442589
3111.12 390519 95343.6
3120.5 7.24577e+06 726358
3133.38 3.85472e+06 629776
3140.25 916022 221425
3150.88 7.55695e+06 706654
3160.5 3.84751e+06 373468
3172.12 2.53066e+06 232144
3180.62 2.67182e+06 655064
3191.25 7.77746e+06 1.04884e+06
3202 2.21433e+06 180593
3211.38 2.18548e+06 566873
3221 7.55283e+06 584151
3230.75 3.97734e+06 474033
3241.62 2.19166e+06 236231
3250.5 3.42814e+06 332608
3261 6.13912e+06 394229
3272.75 1.49201e+06 510542
3281 5.75454e+06 803656
3290.62 5.20788e+06 479786
3300.88 4.08038e+06 330821
3312.12 2.28954e+06 225536
3320.25 2.88512e+06 541677
3331.62 6.6368e+06 951734
3342.75 1.35497e+06 217231
3350.75 4.95137e+06 672285
3361.38 5.77612e+06 717422
3371 3.75478e+06 478479
3380.88 1.94642e+06 199000
3390.5 3.26946e+06 701733
3400.5 6.99847e+06 1.14711e+06
3412.75 957238 281710
3420.75 5.22e+06 857226
3430.5 5.77539e+06 769328
3442.88 3.51881e+06 344300
3450.12 848017 199506
3460.12 7.58374e+06 699717
3470.5 3.95158e+06 404688
3482.75 744975 201910
3490.5 7.28699e+06 825571
3500.38 4.08862e+06 548659
3512.88 4.07729e+06 407197
3520.62 468827 223715
3530.62 7.87225e+06 1.00603e+06
3542.12 2.54096e+06 448189
3550.38 2.75504e+06 655276
3560.62 7.18831e+06 826543
3571.5 3.86709e+06 483629
3583.75 3.48275e+06 478094
3590.88 1.3931e+06 469202
3601.38 7.13758e+06 772347
3611.88 1.77612e+06 312629
3620.25 6.26998e+06 765849
3630.88 4.48351e+06 716936
3641.12 3.93818e+06 617927
3652.12 2.15456e+06 303882
3660.62 3.04071e+06 863201
3670.38 7.09572e+06 1.15746e+06
3682.62 1.051e+06 314297
3690.5 6.19064e+06 1.0241e+06
3700.38 4.73469e+06 833229
3712.5 3.48069e+06 462910
3721 609996 232610
3730.62 7.98972e+06 1.02131e+06
3740.38 4.03607e+06 519744
3750.75 680061 266377
3760.88 6.40908e+06 1.11867e+06
3770.62 4.83257e+06 908371
3781.5 3.77641e+06 422831
3790.38 378153 266937
3800.75 8.01239e+06 791594
3813.12 3.47451e+06 383220
3820.12 1.35909e+06 341448
3830.62 7.46628e+06 653199
3840.88 3.70428e+06 372155
3852.88 2.81917e+06 312359
3860.88 1.90108e+06 278059
3872.25 6.69244e+06 629903
3882.88 2.26894e+06 418945
3890.38 6.06802e+06 557143
3900.5 3.98249e+06 332136
3910.75 4.19476e+06 417846
3921.25 521380 224584
3930.5 7.24656e+06 723870
3941.62 1.30266e+06 435637
3950.25 7.29523e+06 760823
3960.5 4.04432e+06 263830
3971.12 3.84854e+06 276767
3982 939721 254969
3991.12 4.55206e+06 945750
4003.12 4.58758e+06 1.0051e+06
4010.38 2.66255e+06 450439
4020.38 7.08194e+06 528486
4030.88 4.0639e+06 279525
4041.5 2.5049e+06 418095
4051.38 3.0304e+06 456335
4062.12 5.36323e+06 573595
4071 2.90263e+06 394920
4080.38 7.09533e+06 585125
4091.12 4.04123e+06 275735
4103.12 3.10562e+06 322714
4110.62 2.22978e+06 330789
4122.62 6.16488e+06 569445
4132.75 2.4915e+06 535550
4140.38 5.92583e+06 889913
4150.25 3.94952e+06 383465
4163.38 3.50851e+06 363890
4170.88 1.07367e+06 252982
4180.5 7.43433e+06 794224
4192.75 2.81814e+06 279899
4200.38 1.72187e+06 307396
4210.12 7.3282e+06 654133
4221.38 4.01959e+06 365953
4232.25 2.61e+06 261563
4241.25 2.36167e+06 479097
4252.88 6.35962e+06 378769
4263 2.08038e+06 414425
4270.25 6.26895e+06 609825
4280.38 4.08347e+06 323791
4290.75 4.01444e+06 257390
4300.12 324573 165820
4311.25 7.95572e+06 549949
4322 1.15689e+06 455786
4330.5 7.10897e+06 790881
4340.5 4.01444e+06 290178
4351.12 4.00619e+06 195320
4360.38 278204 177915
4370.75 7.40136e+06 626216
4381.5 1.1381e+06 274335
4390.25 7.1731e+06 408731
4400.88 4.10717e+06 208649
4413.75 4.00516e+06 153985
4421.5 506953 214442
4430.38 8.14737e+06 438291
4441.38 2.01934e+06 368813
4450.38 4.42041e+06 509310
4460.38 5.73957e+06 828601
4470.75 3.87842e+06 396189
4483.38 1.83102e+06 414412
4490.88 4.44617e+06 474902
4502.75 4.50697e+06 488370
4511.75 2.9749e+06 807346
4520.62 6.3792e+06 485972
4530.38 3.94952e+06 395811
4542.25 2.76868e+06 479997
4550.38 1.58578e+06 316971
4560.25 7.24783e+06 1.03041e+06
4573.25 2.53581e+06 446181
4581.12 1.59918e+06 444323
4590.5 7.26567e+06 961540
4600.75 3.70222e+06 496275
4612.38 1.63421e+06 313234
4620.88 4.22052e+06 402985
4631.62 6.1216e+06 876650
4641.5 2.5389e+06 383766
4651.75 2.0268e+06 436912
4660.75 7.16952e+06 1.0162e+06
4670.88 3.76199e+06 441263
4682.75 3.12417e+06 327541
4690.5 2.03401e+06 436644
4700.25 6.64505e+06 829701
4712.25 2.41526e+06 528785
4720.88 1.60742e+06 772806
4730.12 7.27462e+06 1.10966e+06
4740.12 3.79702e+06 493825
4753.75 3.85884e+06 604925
4761.38 684183 187108
4773 7.70436e+06 1.24361e+06
4783 2.57394e+06 482675
4791.25 5.09713e+06 1.58817e+06
4800.5 4.55436e+06 872383
4811.75 4.01444e+06 706931
4820.12 442038 173609
4832.38 7.84649e+06 1.34973e+06
4841.12 1.05567e+06 254719
4851.25 7.45337e+06 1.30413e+06
4861.12 3.88873e+06 655914
4870.75 3.77332e+06 536164
4881.25 198864 129793
4890.62 7.7937e+06 1.17165e+06
4901.38 1.5953e+06 439222
4910.25 6.87998e+06 993818
4921.5 3.71871e+06 416706
4931.5 3.95364e+06 601621
4942.12 1.0304e+06 408891
4951.5 5.21564e+06 915564
4963.12 4.04559e+06 918085
4970.5 3.13526e+06 687995
4980.62 7.38718e+06 1.55651e+06
4992.25 4.00825e+06 559168
5002 2.28955e+06 516644
5011.12 3.74756e+06 577932
5021.5 4.576e+06 740037
5030.88 4.93458e+06 720958
5040.5 4.43484e+06 755578
5051.12 4.06905e+06 484654
5060.62 331787 200337
5070 8.067e+06 859148
5083.5 3.49305e+06 483352
5091.38 1.90109e+06 407559
5101.62 7.15819e+06 791798
5111.5 3.82896e+06 532531
5120.75 2.03194e+06 243977
5131 2.46162e+06 616661
5141.62 7.20764e+06 746148
5153.38 3.10459e+06 277723
5162.75 1.58451e+06 410548
5170.25 7.28208e+06 984870
5180.25 3.8166e+06 590749
5193.12 3.16126e+06 525284
5201.12 1.01082e+06 267483
5210.5 7.68369e+06 1.08683e+06
5222.5 2.52551e+06 378453
5230.62 1.92890e+06 252640
5241.12 7.1654e+06 1.05709e+06
5251.62 3.86812e+06 516630
5262.25 1.96394e+06 272714
5271.25 4.542e+06 907090
5280.75 5.89594e+06 591715
5292.88 1.02318e+06 357004
5300.5 6.26974e+06 921761
5310.38 4.90391e+06 553789
5321.75 3.69913e+06 448544
5331.12 417309 196474
5340.62 7.56725e+06 920578
5353 3.9928e+06 375871
5360.25 663575 270259
5370.75 7.7146e+06 889013
5381.12 3.88151e+06 383214
5392.5 2.66667e+06 352839
5400.88 2.41628e+06 260560
5410.88 6.74603e+06 756691
5422.5 2.65431e+06 434049
5430.5 2.58836e+06 469615
5440.88 6.8367e+06 749608
5451.25 3.79908e+06 388996
5462.62 1.44977e+06 213382
5471.38 4.2947e+06 721928
5481.12 6.28132e+06 909108
5491.88 696547 335905
5500.75 7.49925e+06 609603
5510.62 4.05462e+06 406298
5522.88 3.27152e+06 317191
5530.5 1.44771e+06 320694
5540.5 7.17055e+06 533304
5554.25 3.54251e+06 299773
5561 1.11798e+06 402945
5570.38 7.39003e+06 635265
5581 3.64864e+06 290496
5593 3.03246e+06 236774
5601.25 866564 258367
5610.62 6.96035e+06 682486
5622.62 2.95676e+06 651069
5630.62 2.40471e+06 330049
5640.62 7.12388e+06 562161
5650.12 4.00207e+06 560262
5662.38 3.5116e+06 444110
5670.88 130857 86461.1
5681 8.01342e+06 1.06439e+06
5690.5 244202 90616
5700.25 8.033e+06 921761
5710.75 4.34107e+06 626327
5720.75 4.21433e+06 503488
5730.62 114372 42769.2
5740.25 7.56622e+06 900801
5753.12 1.93278e+06 504604
5760.62 5.05284e+06 711273
5770.75 5.20297e+06 732144
5781.5 4.01031e+06 575039
5794.25 1.81453e+06 485377
5800.88 4.33077e+06 511552
5812.12 4.05153e+06 678149
5821.38 3.51881e+06 595927
5830.5 6.03608e+06 759934
5840.5 4.11129e+06 521077
5852.5 2.87997e+06 374589
5860.62 2.13602e+06 507705
5872.5 6.47915e+06 667335
5882.12 944631 335393
5890.75 7.38615e+06 835914
5900.62 4.03916e+06 485624
5911.38 3.96498e+06 472762
5922.25 696547 311985
5930.62 6.50491e+06 804443
5942.88 3.57995e+06 440822
5951.25 1.20478e+06 636615
5960.12 7.86242e+06 969426
5971 4.03195e+06 434380
5983.62 3.87739e+06 360351
5992.38 261718 128992
6001 7.88668e+06 754072
6012.12 2.70170e+06 334002
6020.88 2.4632e+06 520419
6030.12 7.42658e+06 1.3329e+06
6041.12 4.13808e+06 273116
6051.12 2.23596e+06 246749
6061 3.76096e+06 371513
6071.25 4.84906e+06 731251
6081.12 3.1252e+06 512102
6090.12 6.35654e+06 624671
6100.5 3.98558e+06 306412
6111.62 2.37713e+06 238470
6121.38 3.15508e+06 434621
6132 5.52706e+06 320727
6141.38 3.06338e+06 470406
6151.25 6.15252e+06 406560
6160.5 4.24936e+06 287668
6172.75 2.89851e+06 419632
6181.25 2.1422e+06 414122
6191.25 7.43948e+06 657518
6202.12 2.237e+06 297338
6211 5.50749e+06 820608
6220.75 5.01289e+06 556390
6230.38 3.96292e+06 352740
6242.38 827409 307519
6250.38 6.44103e+06 604554
6262.62 2.3264e+06 715254
6270.38 6.94823e+06 521905
6281 3.7692e+06 313580
6291 3.93716e+06 359747
6303.38 1.88666e+06 215195
6310.62 3.75993e+06 664707
6322 4.90882e+06 1.01524e+06
6331.25 2.83463e+06 266635
6340.12 7.15097e+06 760170
6350.88 3.95776e+06 290619
6362.38 2.42247e+06 268183
6371 2.74395e+06 505797
6382 6.12779e+06 812941
6392 2.75607e+06 561205
6400.5 5.60665e+06 454030
6410.62 4.15457e+06 342874
6422.5 1.89054e+06 346937
6430.75 3.59324e+06 1.02147e+06
6441.5 6.35859e+06 651387
6452.25 2.01855e+06 317732
6461.38 3.27049e+06 515799
6470.88 6.41177e+06 1.00507e+06
6480.5 3.83205e+06 735018
6492 2.55333e+06 343300
6500.62 2.5966e+06 458712
6511.38 6.42763e+06 768324
6522 1.75453e+06 513963
6530.25 6.4557e+06 1.26397e+06
6540.38 4.11438e+06 458635
6552.88 3.21896e+06 399003
6560.88 1.19629e+06 343461
6570.75 7.38693e+06 967822
6583.75 3.83824e+06 564291
6590.5 900567 255891
6600.25 7.73212e+06 1.10319e+06
6610.5 4.02268e+06 514817
6622.25 2.65431e+06 381510
6630.88 2.42865e+06 554895
6640.38 7.10524e+06 785698
6651.5 2.1659e+06 425630
6660.38 2.85681e+06 553300
6670.62 6.60844e+06 761013
6681.12 3.93715e+06 439480
6692.25 1.9897e+06 339379
6700.88 2.19578e+06 687066
6710.88 7.65656e+06 962501
6722.88 1.90418e+06 254557
6731 3.13835e+06 478648
6740.88 6.839e+06 992728
6750.62 4.0031e+06 552285
6760.62 2.03401e+06 262907
6770.75 3.63525e+06 800512
6780.88 6.57601e+06 1.01138e+06
6792.75 1.18393e+06 319171
6801.88 4.40162e+06 949248
6810.62 6.11463e+06 935528
6820.88 3.94746e+06 384212
6833 991242 315561
6841 4.51678e+06 834792
6850.75 6.18701e+06 851261
6860.62 580899 141888
6870.5 7.56132e+06 869646
6880.62 4.09687e+06 355896
6894.25 3.74653e+06 386725
6901.62 44306 15417.5
6910.88 7.31584e+06 683492
6922.88 3.83927e+06 564136
6930.88 1.76277e+06 310126
6940.62 6.84416e+06 1.01698e+06
6951 4.11232e+06 529424
6962.25 2.46265e+06 245948
6971 3.53942e+06 672877
6980.88 6.36787e+06 736537
6993.12 1.52293e+06 358729
7001.5 4.3027e+06 585234
7011.38 5.93122e+06 1.02687e+06
7021.38 3.98970e+06 386014
7033.12 659451 190510
7041.12 6.18422e+06 457984
7052.25 3.55179e+06 491962
7061.12 2.42556e+06 461904
7070.25 7.20892e+06 472257
7080.5 3.86606e+06 319098
7092.75 2.89645e+06 267784
7101.25 1.79701e+06 286725
7112.88 6.67184e+06 553410
7122.12 2.20275e+06 501915
7130.62 6.25065e+06 540034
7141 3.7455e+06 280026
7154 3.87327e+06 277866
7160.25 449252 267130
7170.38 7.68987e+06 510689
7180.62 1.0938e+06 312323
7190.75 7.24832e+06 697078
7201 4.01237e+06 282558
7212.75 3.04998e+06 356727
7221.12 2.03092e+06 434019
7230.5 7.46112e+06 664945
7243 1.84544e+06 140282
7250.38 4.39853e+06 402941
7261.25 5.8931e+06 646805
7270.88 3.97837e+06 216437
7282.38 1.55075e+06 339004
7291.25 4.0845e+06 847887
7300.88 6.2741e+06 786103
7312.62 1.01288e+06 144031
7320.62 7.08503e+06 591806
7330.38 4.23803e+06 360824
7340.5 3.94334e+06 336030
7351.5 515197 137256
7360.62 5.42608e+06 863256
7371.62 5.70635e+06 960109
7381.12 415248 76276.2
7390.38 7.81661e+06 614986
7400.5 4.00001e+06 356044
7412.25 2.85627e+06 175894
7420.88 1.43431e+06 272482
7430.75 7.58065e+06 635783
7442.38 3.16436e+06 243878
7450.62 1.52705e+06 307197
7460.75 7.27874e+06 393645
7470.75 4.05668e+06 261354
7483.12 3.22412e+06 299481
7491 1.23957e+06 461520
7500.5 7.69193e+06 569537
7512.38 2.29264e+06 164899
7520.62 3.01804e+06 330823
7530.75 6.7893e+06 522231
7541.12 3.94128e+06 409746
7551.12 2.21536e+06 308355
7560.38 2.9016e+06 600328
7571.25 6.66875e+06 987495
7583 1.27975e+06 423540
7591.25 5.90498e+06 922837
7600.88 4.95028e+06 1.08402e+06
7610.5 4.07111e+06 514415
7622.38 1.28903e+06 226716
7631.38 5.94928e+06 791265
7641.25 3.34801e+06 797153
7651 3.34443e+06 934798
7660.5 6.32071e+06 986995
7671.62 4.18239e+06 592940
7682.75 826378 483842
7691.25 6.23289e+06 1.28425e+06
7701.38 3.55732e+06 635085
7711.5 1.71664e+06 613520
7720.25 6.8027e+06 1.12532e+06
7730.5 4.38744e+06 951905
7741 4.14426e+06 709789
7751.5 550230 203085
7760.75 7.14273e+06 1.00569e+06
7773.62 3.53221e+06 1.16102e+06
7781 1.3694e+06 391168
7790.75 7.98766e+06 1.24151e+06
7800.38 4.04638e+06 651664
7813.38 1.77332e+06 256983
7820.38 3.559e+06 926874
7830.38 6.30502e+06 781555
7842.12 2.26378e+06 219095
7850.62 2.80887e+06 456749
7860.88 6.65947e+06 620170
7870.38 4.59146e+06 650729
7882.62 1.80938e+06 352608
7890.62 4.30089e+06 585007
7901 6.00414e+06 788407
7913.38 1.68676e+06 226074
7921 4.41526e+06 939812
7930.38 5.97528e+06 705728
7940.5 3.95055e+06 521370
7953.5 2.0237e+06 346551
7960.75 3.5907e+06 561222
7970.62 5.34878e+06 1.19811e+06
7982.38 2.87778e+06 772413
7990.75 5.92892e+06 613683
8000.25 4.12572e+06 505025
8012.12 2.69243e+06 284148
8020.5 2.42453e+06 422661
8030.38 6.97580e+06 759691
8042.75 1.79392e+06 254669
8050.25 4.36374e+06 288331
8061.12 6.10099e+06 664050
8071.38 4.28234e+06 344924
8080.38 590417 198196
8090.38 7.71848e+06 593816
8101.25 4.01571e+06 316952
8110.38 410096 164998
8120.38 7.7723e+06 767780
8130.88 3.91449e+06 379793
8144.25 3.7218e+06 375578
8151 697579 211897
8162.88 7.389e+06 771432
8171.62 1.08913e+06 509384
8180.38 7.11182e+06 849116
8190.25 4.10305e+06 487983
8200.38 3.9557e+06 318763
8210.75 198865 40473.4
8220.38 7.423e+06 666838
8230.75 1.64427e+06 560595
8240.62 6.94410e+06 617557
8250.5 3.82896e+06 616241
8262.62 1.03246e+06 415484
8271.12 6.76213e+06 874300
8280.5 4.17518e+06 883329
8291.75 749098 150350
8301.25 7.23593e+06 1.14115e+06
8310.5 3.97757e+06 1.10925e+06
8321.88 4.09481e+06 762103
8330.88 272023 93090.1
8342.12 7.67415e+06 1.04428e+06
8353.25 3.45596e+06 629776
8361.12 1.9083e+06 903433
8370.38 6.71614e+06 770295
8381.12 3.68883e+06 620580
8393.5 3.39208e+06 783791
8400.5 1.69294e+06 518210
8411 6.70991e+06 968266
8422 2.18444e+06 398820
8430.5 3.34794e+06 1.38575e+06
8440.38 6.0054e+06 733313
8451.5 4.06802e+06 611857
8463 1.29315e+06 436066
8471.12 4.9839e+06 882188
8481.12 5.6584e+06 1.02652e+06
8491.62 2.49356e+06 427018
8500.88 1.79186e+06 448890
8510.5 7.2863e+06 1.06021e+06
8520.12 4.0165e+06 693222
8531.62 2.21536e+06 580580
8540.75 3.10253e+06 531401
8550.75 6.45475e+06 1.12771e+06
8561.62 2.40392e+06 236759
8570.75 2.55127e+06 445543
8581 6.90883e+06 562992
8590.62 3.99383e+06 393983
8601.62 2.38537e+06 311709
8610.5 3.50645e+06 393904
8622.12 4.85318e+06 702276
8630.75 3.70429e+06 386234
8640.62 5.97838e+06 656506
8650.62 3.96704e+06 298855
8661.25 2.14323e+06 343205
8670.75 4.87482e+06 277256
8683 4.19324e+06 703384
8691.12 3.09787e+06 675143
8700.5 6.33902e+06 873841
8710.88 4.10923e+06 227651
8722.88 1.52293e+06 217855
8730.62 3.98661e+06 622785
8740.75 5.85061e+06 860859
8752.25 1.21381e+06 364807
8761.12 7.48894e+06 604636
8770.5 4.21536e+06 403998
8780.5 4.271e+06 494321
8792.88 1.02318e+06 237097
8801.12 4.92737e+06 880721
8812.5 4.15766e+06 763253
8821.25 2.59533e+06 557070
8830.25 6.79367e+06 946060
8840.75 4.12469e+06 522686
8852.5 2.64298e+06 198088
8860.75 2.57291e+06 524894
8872 6.61619e+06 785440
8882.88 2.29264e+06 283191
8890.88 4.82845e+06 790036
8900.62 5.49924e+06 848356
8910.12 4.19166e+06 478374
8921.75 2.20608e+06 297156
8930.5 3.23854e+06 549089
8941.38 6.04329e+06 1.17719e+06
8952.75 2.27512e+06 411186
8960.38 6.11336e+06 1.17095e+06
8970.62 4.11548e+06 426993
8980.62 3.97322e+06 312073
8990.62 193711 54912.2
9000.25 8.00208e+06 711895
9013.12 3.13241e+06 391850
9020.38 2.07213e+06 304664
9031 7.22413e+06 687567
9040.88 4.17003e+06 432646
9051.12 2.48223e+06 167214
9060.88 3.53324e+06 689332
9070.88 5.34742e+06 868311
9082.5 2.63885e+06 308943
9090.62 6.55952e+06 855754
9100.88 4.1922e+06 450200
9112 2.95518e+06 277845
9120.75 2.71201e+06 357093
9131 6.6605e+06 426886
9142.5 2.19269e+06 356941
9150.25 4.57885e+06 860397
9160.75 5.49227e+06 565830
9170.88 3.88151e+06 213994
9183.12 1.71252e+06 277336
9191.38 2.36373e+06 723126
9200.38 7.79497e+06 1.01521e+06
9212.62 1.11901e+06 176753
9220.75 5.47142e+06 506406
9230.75 5.4096e+06 717391
9242.62 3.53736e+06 275390
9251.12 411127 193240
9260.62 7.74757e+06 728645
9271.88 4.05153e+06 228712
9280.38 762249 142533
9290.25 7.66848e+06 724517
9301.12 3.93406e+06 249956
9313.5 3.72077e+06 353531
9321 1.18496e+06 416910
9330.75 7.68266e+06 468915
9342 1.88024e+06 295380
9350.75 4.22591e+06 697247
9360.5 5.87534e+06 625066
9370.25 3.91036e+06 345154
9382.62 1.85987e+06 104329
9391.25 5.23443e+06 563068
9400.88 3.82278e+06 664581
9411.12 2.47605e+06 379322
9420.38 6.93871e+06 752097
9430.12 3.97219e+06 452481
9443 3.14169e+06 396787
9450.5 1.9557e+06 383167
9462.12 6.63165e+06 713930
9471.62 2.39711e+06 462331
9480.75 6.1984e+06 1.00609e+06
9490.38 4.45696e+06 454684
9502.12 3.87842e+06 399800
9510.12 527562 310641
9520.25 7.66328e+06 757435
9530.25 385122 130070
9540.5 7.87971e+06 822902
9550.5 4.06802e+06 452305
9561.88 4.0639e+06 367462
9570.75 110250 59029.4
9580.5 7.17467e+06 768085
9591.5 1.64736e+06 453683
9600.62 7.04096e+06 624060
9610.62 4.00104e+06 358013
9620.38 4.04123e+06 290181
9632.12 664604 188069
9641.38 7.12315e+06 741871
9653.62 2.44410e+06 566877
9660.62 2.8653e+06 738931
9670.12 6.9985e+06 770757
9680.75 3.96188e+06 300873
9692.75 1.69604e+06 299599
9701.12 4.10202e+06 519726
9712.38 4.94901e+06 211023
9722 2.11438e+06 445743
9730.88 7.23340e+06 552021
9740.62 3.78466e+06 209470
9752.75 2.88821e+06 344446
9760.5 1.67234e+06 375059
9773 6.84804e+06 685456
9782.88 2.19038e+06 398597
9790.12 5.99717e+06 633704
9801.38 4.05462e+06 295034
9813.5 3.49408e+06 249771
9821.12 1.07573e+06 285623
9830.5 7.19837e+06 586188
9842 2.85936e+06 318300
9850.88 2.16384e+06 492309
9860.5 7.11388e+06 259821
9870.38 3.93819e+06 288971
9881.5 1.99279e+06 250672
9890.12 3.56415e+06 262337
9901.62 6.64402e+06 522312
9912 1.4065e+06 298631
9920.62 5.74654e+06 576329
9930.5 5.28904e+06 629540
9941 3.94952e+06 270524
9951.38 439978 131834
9960.38 7.08169e+06 308869
9973 3.96213e+06 571965
9980.62 521379 179596
9990 7.52089e+06 681860
10000.9 3.93303e+06 215826
10012.8 2.7388e+06 268188
10020.6 2.7285e+06 317644
10031 6.70584e+06 377292
10041.6 2.59660e+06 276294
10051.2 1.91757e+06 361443
10061.4 6.68626e+06 445532
10070.9 3.79084e+06 267135
10082.2 2.91912e+06 173165
10090.9 1.89799e+06 318771
10100.6 6.69863e+06 316854
10111.8 1.29084e+06 280920
10120.5 5.89722e+06 363290
10130 4.95931e+06 576579
10141.2 4.27307e+06 238661
10152.9 1.29109e+06 224338
10160.8 4.93743e+06 659362
10172 4.61437e+06 343070
10180.4 2.53066e+06 763673
10190.8 6.93459e+06 766361
10200.5 4.03298e+06 459142
10212.9 1.23751e+06 164105
10220 4.99641e+06 468893
10231.1 4.6368e+06 555161
10242.5 2.09892e+06 408839
10250.6 6.57807e+06 693633
10260.5 3.9217e+06 368819
10273.6 4.03195e+06 416380
10280.8 505924 229623
10290.5 7.7043e+06 761199
10301.6 1.57214e+06 371434
10310.1 5.23673e+06 1.08925e+06
10321.1 5.13448e+06 951969
10330.9 3.83515e+06 419351
10343 1.22926e+06 353586
10350.9 4.60898e+06 612705
10360.9 4.73366e+06 610421
10372.5 1.71252e+06 401088
10381.2 6.28441e+06 636070
10390.6 4.68935e+06 884025
10400.6 3.88769e+06 399106
10411.8 448221 164928
10420.5 6.5397e+06 827758
10433 2.22051e+06 214518
10440.1 4.7602e+06 975081
10450.6 5.79751e+06 939510
10461.4 4.0031e+06 408984
10474.4 1.71252e+06 291360
10481 3.62185e+06 753044
10490.9 4.95107e+06 861147
10501 2.26427e+06 419415
10510.4 7.71048e+06 734411
10520.4 4.20815e+06 366208
10531.9 2.76559e+06 237413
10540.8 3.05719e+06 504348
10551.8 5.58476e+06 233239
10563.2 3.04174e+06 355996
10571 5.7012e+06 473849
10580.5 4.0845e+06 433883
10592.8 3.20557e+06 270104
10600.6 1.51056e+06 390194
10612.8 7.16952e+06 324749
10621.8 1.7558e+06 383068
10631 4.80142e+06 782998
10640.5 5.53967e+06 735009
10651.1 3.82587e+06 367238
10663 1.32612e+06 416277
10671 4.52345e+06 713066
10681.5 4.81196e+06 696550
10691.9 2.41628e+06 640402
10700.9 6.5317e+06 674555
10710.8 3.89079e+06 487307
10721.9 2.82123e+06 447926
10730.4 2.15044e+06 422538
10741.6 6.80167e+06 665157
10752.2 1.39388e+06 258344
10760.9 6.03402e+06 984887
10771.5 4.69783e+06 1.2219e+06
10781.2 3.69707e+06 420474
10793.5 1.94951e+06 325049
10801.1 3.32279e+06 509532
10810.5 7.10897e+06 1.0635e+06
10822.2 2.09892e+06 185071
10830.5 3.57136e+06 875547
10840.6 6.31326e+06 679591
10850.6 3.85266e+06 372979
10863.1 1.39722e+06 267134
10871 5.09636e+06 390824
10881 5.49409e+06 847131
10892.9 909839 293206
10900.8 6.43151e+06 716592
10910.2 4.83797e+06 738692
10924 3.61361e+06 320035
10930.6 743946 296235
10940.4 7.96396e+06 730253
10952.9 3.1015e+06 411987
10961.8 2.23081e+06 769937
10970.8 7.30965e+06 732070
10980.8 4.35653e+06 429095
10992.2 2.21124e+06 492945
11000.6 3.00464e+06 538715
11010.5 6.85422e+06 749649
11023.2 1.82484e+06 305357
11032 3.81042e+06 499853
11040.8 6.30398e+06 687978
11050.9 4.0031e+06 345954
11063.5 1.88357e+06 265175
11070.6 4.12366e+06 606971
11081.8 5.24267e+06 887316
11090.6 1.84314e+06 580587
11101 7.71278e+06 825153
11110.6 3.92994e+06 391440
11122.2 2.58424e+06 395448
11130.8 3.22515e+06 352064
11142.1 5.28492e+06 700421
11151.5 2.85475e+06 263982
11160.6 6.26531e+06 622697
11170.8 4.09068e+06 355086
11182.4 2.79032e+06 255822
11190.8 2.31737e+06 199235
11203 5.92068e+06 840484
11212.2 2.5549e+06 398062
11221 6.31993e+06 836388
11231 3.89079e+06 292502
11243.2 3.31582e+06 227089
11250.8 1.19217e+06 400893
11260.5 6.84082e+06 319767
11271.8 1.77641e+06 658294
11280.6 4.53533e+06 576547
11290.5 5.58525e+06 639490
11300.8 3.76611e+06 256950
11313.8 1.57754e+06 316207
11321 3.29316e+06 595801
11332.1 5.74242e+06 573957
11341.5 2.12880e+06 497833
11350.8 7.3179e+06 574785
11360.4 4.1556e+06 380477
11371.6 2.47399e+06 355831
11380.5 2.86142e+06 223022
11392.6 5.97529e+06 455566
11401.9 2.20584e+06 374569
11410.4 6.11876e+06 408525
11421 3.75684e+06 278188
11434.6 3.71459e+06 202462
11441.4 321481 107142
11450.8 7.83800e+06 490882
11461.5 1.32946e+06 555591
11470.1 6.39545e+06 573035
11480.1 4.89876e+06 793185
11493 3.08192e+06 241485
11500.8 2.24833e+06 286205
11510.8 7.00362e+06 257974
11522.1 2.72437e+06 200915
11531 2.78002e+06 197007
11540.8 6.95829e+06 573234
11550.5 4.08141e+06 261066
11562.5 1.38691e+06 216403
11570.4 4.05565e+06 239448
11580.5 5.92789e+06 332327
11592.6 1.71458e+06 207190
11601 5.18060e+06 516987
11610.6 5.63962e+06 516446
11620.2 4.04947e+06 480617
11634.1 1.72077e+06 173308
11640.8 3.69295e+06 774001
11650.6 5.52191e+06 872554
11661.5 1.72386e+06 439577
11670.4 7.8197e+06 884765
11680.4 4.0608e+06 469019
11692.6 3.85266e+06 399359
11701 121585 54068.9
11710.6 7.54871e+06 850431
11721.5 1.07724e+06 263170
11730.4 7.34596e+06 880213
11740.6 3.89696e+06 476398
11751.2 3.75581e+06 366817
11763.5 1.24678e+06 285060
11771 4.87997e+06 457479
11782.8 3.68677e+06 417630
11790.5 3.2754e+06 483923
11800.5 6.86476e+06 557842
11810.2 4.00413e+06 326780
11822.1 2.23802e+06 270244
11831 3.58167e+06 213261
11841.1 4.70789e+06 381555
11851 4.64401e+06 552667
11860.2 5.43124e+06 551258
11870.5 4.02371e+06 261395
11882.8 1.3694e+06 168862
11891.6 4.93355e+06 456801
11901.1 3.79084e+06 376274
11910.6 3.55076e+06 589788
11920.4 6.68729e+06 801084
11930.1 4.15972e+06 145107
11943.2 1.58681e+06 215174
11951.2 4.92737e+06 384199
11961.6 4.25143e+06 720914
11971.9 2.29548e+06 534319
11980.6 7.24292e+06 724810
11990.6 4.24936e+06 223997
12003.2 1.5456e+06 215410
12010.4 4.39465e+06 235939
12020.1 5.86606e+06 300573
12032.4 1.20762e+06 262370
12040.4 6.83155e+06 583446
12051.1 4.21845e+06 262098
12061.4 4.237e+06 318469
12071.1 411125 198332
12080.9 7.74733e+06 620462
12091.4 1.29188e+06 235912
12100.5 7.13085e+06 735700
12110.9 4.2978e+06 300230
12121.5 4.16796e+06 338336
12130.5 450282 210560
12140.6 7.79188e+06 671368
12150.9 918869 405810
12160.5 7.25426e+06 481167
12170.9 3.98970e+06 191776
12183.5 3.09532e+06 390191
12191.2 1.66821e+06 283170
12201.1 7.59302e+06 637408
12211.8 1.98867e+06 106722
12220.5 3.72077e+06 332374
12231.1 6.51831e+06 430341
12241.1 4.04122e+06 308882
12252.2 952086 191771
12260.8 5.4096e+06 184207
12270.8 5.53943e+06 414797
12280.8 4.0165e+06 312280
12291.1 1.91139e+06 378648
12301.2 4.10305e+06 473241
12310.9 6.06047e+06 839378
12321.4 2.2102e+06 289014
12330.9 2.56466e+06 484105
12340.4 7.33851e+06 1.00739e+06
12350.8 4.31428e+06 367065
12361.5 748068 190982
12370.8 7.19631e+06 427667
12380.5 4.30088e+06 615862
12392.9 1.38176e+06 332264
12400.9 4.33259e+06 891464
12410.6 6.16512e+06 1.06399e+06
12420.8 3.80938e+06 398104
12433.2 1.6744e+06 277143
12440.4 3.65973e+06 646055
12452 5.5599e+06 497610
12462.9 2.21099e+06 485366
12470.4 6.49897e+06 636354
12480.4 3.97322e+06 449885
12493.4 3.60537e+06 363587
12500.9 630600 242838
12512.1 7.48791e+06 861680
12521.2 1.8215e+06 791229
12530 6.50206e+06 738664
12542.1 3.94849e+06 728098
12550.4 652240 347446
12561.4 7.42936e+06 1.10879e+06
12573 3.70027e+06 938587
12580.4 1.04791e+06 289297
12590.4 7.65209e+06 1.62585e+06
12600 4.11232e+06 830649
12611.8 1.95879e+06 608466
12621.9 3.92671e+06 662153
12631.5 5.94771e+06 1.13723e+06
12643.8 1.59609e+06 570618
12650.2 6.14194e+06 850437
12660.9 4.34155e+06 854574
12672 3.87224e+06 712181
12680.8 327665 163583
12690 6.94902e+06 744679
12700.1 4.65624e+06 1.09982e+06
12711.2 346211 80911.2
12720.9 7.12394e+06 1.29349e+06
12731 4.40623e+06 408749
12741 3.88666e+06 442374
12751.1 443068 255293
12760.5 7.27232e+06 669983
12773.4 2.57521e+06 419226
12781.1 2.06158e+06 342026
12790.1 7.59944e+06 1.14615e+06
12800.9 3.9691e+06 688917
12813.6 3.63731e+06 548569
12821.5 1.02009e+06 304824
12831.5 7.6672e+06 1.46633e+06
12840.2 3.90624e+06 897219
12850.9 4.79445e+06 610302
12861.2 382275 151836
12870.2 7.82485e+06 1.42043e+06
12880 3.87660e+06 704730
12892.9 991242 247436
12900.8 6.91168e+06 1.46336e+06
12910.6 4.35541e+06 727667
12923.1 2.87275e+06 431133
12930.8 1.58269e+06 435114
12940.4 7.47658e+06 1.07006e+06
12953.4 3.96807e+06 549722
12960.9 491499 235626
12970.5 7.94747e+06 1.04299e+06
12980.8 4.04947e+06 609528
12990.6 4.22155e+06 669458
13001 371971 207012
13011 7.49204e+06 1.36109e+06
13022.1 1.60845e+06 497011
13030.2 4.63474e+06 1.37719e+06
13040.6 5.71459e+06 1.31625e+06
13051.2 3.99383e+06 561204
13063.5 1.62597e+06 454015
13071.5 3.53918e+06 556388
13081.8 6.24446e+06 1.12777e+06
13092.9 1.15714e+06 498677
13100.9 7.28069e+06 950664
13110.1 3.99795e+06 420186
13120 4.08553e+06 279954
13131 529623 294491
13141 7.71333e+06 799595
13152.5 2.64812e+06 252856
13160.9 2.97707e+06 542959
13170.1 7.16231e+06 752487
13180.8 4.01546e+06 481182
13193 3.73726e+06 295971
13200.5 976815 387680
13210.6 7.29989e+06 743239
13220.8 1.01494e+06 394909
13230.8 7.12673e+06 772487
13240.4 3.90315e+06 423897
13253.1 3.0438e+06 336667
13260.4 1.36837e+06 315979
13271.1 7.51574e+06 680312
13281.8 2.4235e+06 315074
13290.9 3.78981e+06 743059
13300.8 6.23598e+06 581596
13311.1 3.88048e+06 360480
13323.1 1.50026e+06 277287
13331 4.83566e+06 730940
13340.9 5.74345e+06 485889
13353.5 1.08192e+06 279239
13360.5 4.48121e+06 511074
13370.1 6.0165e+06 655640
13380 3.92479e+06 336909
13391.6 557443 173187
13401 6.73881e+06 727625
13410.9 4.55952e+06 201687
13421.9 442040 195553
13430.4 7.0209e+06 671974
13440.2 4.3001e+06 282696
13453.9 3.91346e+06 250901
13461.2 714065 228027
13470.5 7.56622e+06 450584
13482.8 3.30449e+06 407782
13491.1 1.78877e+06 266538
13500.5 7.09121e+06 969720
13510.8 4.00722e+06 380234
13523.2 3.6167e+06 333177
13530.5 1.23854e+06 350529
13542.6 6.99308e+06 720423
13551.2 1.53299e+06 589974
13560.2 6.97938e+06 554791
13571.2 4.27616e+06 802888
13580.8 410097 105823
13591.1 7.86794e+06 1.7497e+06
13600.2 4.15251e+06 735291
13611 4.07832e+06 511582
13621.1 582174 250321
13630.2 7.57756e+06 1.10622e+06
13644 4.02886e+06 361821
13650 379184 152680
13660.6 7.71975e+06 723006
13670.5 3.84648e+06 601512
13682.6 3.29831e+06 289952
13690.6 922205 369361
13700.1 7.78879e+06 694895
13711.8 2.41216e+06 223328
13720.6 3.1909e+06 537871
13730.2 6.91113e+06 728947
13741.2 3.93097e+06 321235
13752.9 1.45595e+06 314287
13761 4.11105e+06 667792
13770.6 6.41551e+06 691282
13781.6 750127 189325
13790.4 7.33748e+06 706266
13800.5 4.19784e+06 441318
13812.5 3.78878e+06 236117
13820.2 487376 193460
13830.1 7.86092e+06 604661
13841.1 1.52892e+06 313791
13850.5 6.12488e+06 774166
13860.5 4.40084e+06 630449
13871.4 4.07317e+06 354785
13883.9 1.44256e+06 269650
13890.9 4.25015e+06 741919
13901.8 5.28492e+06 724491
13911.5 1.53529e+06 375661
13920.6 7.44282e+06 921889
13930.8 3.95673e+06 510145
13943 3.15611e+06 207059
13951.1 1.26636e+06 268707
13962.5 7.23752e+06 674364
13973 2.38537e+06 408238
13980.5 5.05926e+06 1.04255e+06
13990.2 4.97271e+06 877850
14000.4 4.11026e+06 337046
14012.4 874807 202454
14021 6.94259e+06 543784
14032.9 1.71586e+06 520438
14040 6.86967e+06 598085
14050.4 4.16796e+06 453636
14061 4.06183e+06 349379
14071.6 611023 178907
14081.2 6.93665e+06 712711
14092.6 3.17775e+06 502686
14101 2.17905e+06 511458
14110.6 7.24704e+06 707882
14121.1 4.08966e+06 461885
14131.6 3.76817e+06 456281
14140.9 162801 89860.2
14151.5 7.45082e+06 912746
14163 1.71846e+06 286834
14171.2 4.4606e+06 1.05222e+06
14180.5 5.83952e+06 1.14879e+06
14190.2 3.96395e+06 378269
14202.8 1.16023e+06 182865
14210.8 4.98507e+06 465916
14221.1 4.37302e+06 705239
14231 3.47966e+06 569880
14240.8 6.19167e+06 482389
14251.9 4.21433e+06 574178
14260.8 467800 225211
14270.1 8.1247e+06 997740
14283 4.00578e+06 459472
14291.4 1.67749e+06 777139
14300.4 6.3555e+06 438706
14310.9 4.08038e+06 269894
14323.8 3.64864e+06 306145
14330.6 273054 84636.5
14340.9 7.83104e+06 809971
14351.6 1.4454e+06 378428
14360.1 6.32278e+06 634614
14370.4 4.56467e+06 723488
14380.9 3.94746e+06 386559
14392 901597 285657
14401.2 6.80476e+06 781895
14412.4 2.71922e+06 440925
14420.4 2.48841e+06 334023
14430 7.48894e+06 920210
14440.4 4.18239e+06 471392
14451.9 2.69656e+06 346764
14461.2 2.61903e+06 654615
14472.2 6.14452e+06 831477
14481.4 1.29909e+06 333830
14491.2 6.47606e+06 982231
14500.6 4.27743e+06 656429
14510.6 3.94128e+06 377946
14521.1 637814 142210
14530.5 7.2602e+06 760126
14542.2 2.45441e+06 722941
14550.8 4.39156e+06 768081
14561.4 5.83412e+06 894054
14571 3.97322e+06 610524
14582 2.77899e+06 501564
14590.9 1.88048e+06 479649
14601 7.51857e+06 1.12347e+06
14613 2.29779e+06 582613
14620.8 3.4145e+06 760426
14630.5 6.11464e+06 1.23891e+06
14641.5 3.85678e+06 590921
14651.2 2.14941e+06 434933
14661.4 2.15353e+06 546929
14670.9 7.33335e+06 1.30479e+06
14683 1.72569e+06 412572
14691.2 5.18782e+06 854649
14700.6 5.13884e+06 957794
14710.9 4.02474e+06 567603
14722.4 1.91551e+06 394139
14730.4 3.25194e+06 754772
14741 5.88049e+06 1.33799e+06
14751.9 2.04488e+06 624793
14761 7.25298e+06 1.09946e+06
14770.8 4.0031e+06 496013
14783.1 2.97064e+06 446540
14790.6 1.97321e+06 498500
14802.2 6.50903e+06 865570
14812.4 1.8872e+06 414865
14821.5 6.93508e+06 939923
14831.2 4.02062e+06 609373
14841 4.03092e+06 373509
14850.8 152497 35575.1
14860.5 7.74551e+06 1.00978e+06
14872.8 3.525e+06 323706
14880.4 1.62494e+06 374710
14890.2 7.22413e+06 755987
14900.5 4.05771e+06 448772
14912.8 1.55487e+06 393305
14921.4 5.67314e+06 844620
14931.1 5.61489e+06 615826
14943.8 1.25502e+06 388939
14950.8 3.85163e+06 549729
14960.5 6.51728e+06 873285
14970.6 3.88976e+06 403407
14983.9 1.356e+06 187499
14990.5 4.49563e+06 996445
15000.4 6.03196e+06 886235
15011.9 870684 255336
15021.1 6.33671e+06 716543
15031 4.7102e+06 490395
15041 4.12057e+06 411524
15051.8 362698 136511
15060.4 7.37045e+06 797317
15070.6 4.18342e+06 305586
15081.2 331784 149509
15090.5 7.43639e+06 786552
15100.2 3.81866e+06 423292
15112.8 3.44875e+06 451527
15120.4 974754 281673
15130.4 7.37148e+06 744688
15142.9 2.71049e+06 325469
15151.9 2.30961e+06 438636
15161.2 6.70378e+06 813191
15171 3.91243e+06 445617
15183 3.64349e+06 443592
15191.5 308087 94908.2
15200.9 7.68575e+06 1.00372e+06
15211.9 1.7378e+06 620672
15220.1 6.67954e+06 992842
15231.1 4.04123e+06 410034
15244 3.38486e+06 446854
15251.4 1.14477e+06 191352
15261.4 7.20558e+06 724038
15271.2 1.29884e+06 331572
15281.1 6.81864e+06 696324
15290.9 3.9928e+06 481575
15301.9 3.88254e+06 286292
15311.1 923236 233148
15322.6 7.58168e+06 540957
15333.8 2.19142e+06 487986
15340.8 6.23622e+06 679510
15350.6 4.2267e+06 537781
15360.6 4.10717e+06 562900
15372 574960 292425
15380.6 5.5147e+06 721915
15393.2 3.07059e+06 427970
15400.4 3.27667e+06 615365
15410.6 6.65535e+06 727602
15420.4 4.07626e+06 374519
15432.9 1.68367e+06 458246
15441.6 4.99022e+06 323595
15453 4.35241e+06 622352
15461.2 1.85884e+06 585337
15470.1 8.0062e+06 618807
15480.1 4.22567e+06 440235
15494 3.29212e+06 342879
15500.4 503863 147166
15512 7.6672e+06 831175
15520.5 625449 328674
15530.8 7.47349e+06 949639
15540.6 4.19476e+06 542594
15553.4 3.27358e+06 498961
15560.9 861412 292023
15570.5 7.69684e+06 932105
15582.4 2.54606e+06 347721
15591.1 1.8846e+06 536495
15600.5 7.64042e+06 1.18863e+06
15611.5 4.21124e+06 637834
15623.1 3.60330e+06 584656
15630.9 1.93715e+06 399540
15642.2 6.71077e+06 1.09616e+06
15652.1 2.8939e+06 417883
15660.2 5.50385e+06 934236
15670.8 3.97837e+06 474673
15683 3.19011e+06 588606
15691.8 1.2746e+06 415346
15701.1 8.2669e+06 1.10462e+06
15712.2 2.76353e+06 498814
15720.8 1.83308e+06 508685
15730.5 7.29935e+06 818741
15740.5 4.07214e+06 467536
15751.6 2.2133e+06 275447
15760.6 3.48584e+06 650915
15771 6.66875e+06 747248
15782.4 1.38279e+06 269570
15791 6.65947e+06 622023
15800.5 4.49975e+06 832509
15810.9 3.932e+06 363239
15821.9 1.00464e+06 276068
15830.4 6.96938e+06 554602
15842.5 4.18779e+06 611864
15851.4 747036 129584
15861 7.51367e+06 864020
15870.8 4.09584e+06 361362
15883.1 3.27049e+06 485590
15890.6 1.09737e+06 239907
15900.4 7.03557e+06 726063
15910.4 3.94952e+06 531389
15921.1 428643 260102
15930.1 7.23340e+06 875975
15940.6 3.86297e+06 496417
15953.2 3.62804e+06 467034
15961.1 261718 160132
15970.6 7.38875e+06 906590
15982.4 3.59531e+06 611648
15990.4 965481 320404
16000.6 7.78982e+06 841740
16010.8 4.22258e+06 480330
16021.6 2.70995e+06 320743
16030.9 1.64349e+06 417155
16040.4 7.32923e+06 789965
16053.5 3.0335e+06 354874
16061.4 1.72901e+06 282772
16070.4 7.29729e+06 928069
16080.6 4.09378e+06 399609
16093.6 1.71149e+06 203560
16101.1 4.16281e+06 741789
16111.2 6.745e+06 1.07644e+06
16122.4 947966 264947
16130.1 7.28699e+06 625892
16140.1 4.13087e+06 371537
16153.6 3.53736e+06 225026
16160.9 957240 295807
16170.4 7.58271e+06 470428
16183 2.68007e+06 207330
16191.2 1.73725e+06 292128
16200.9 7.26329e+06 543447
16210.8 3.79496e+06 238403
16222 1.85678e+06 208353
16230.5 3.0675e+06 555962
16240.1 6.99023e+06 736882
16253 1.85369e+06 242936
16261.5 4.55334e+06 741796
16270.5 5.77951e+06 787326
16280.9 3.95158e+06 384531
16293.6 1.41268e+06 213713
16301.4 3.93818e+06 788248
16311.1 5.39208e+06 844519
16321.5 2.31712e+06 434477
16330.1 6.95544e+06 755384
16340.8 4.13293e+06 448616
16352.2 2.66461e+06 344596
16360.9 2.67698e+06 550822
16372 6.26277e+06 714862
16381.9 2.86942e+06 717800
16390.2 5.59428e+06 737201
16403.5 3.39413e+06 823758
16410.6 2.23081e+06 681312
16420.1 6.59691e+06 1.05013e+06
16430.4 3.73749e+06 1.01792e+06
16441.1 279235 80942.7
16450.5 7.49616e+06 905260
16461.2 3.92788e+06 746927
16472 477073 165420
16480.8 7.01312e+06 1.26114e+06
16490.6 4.28669e+06 618837
16503.6 2.90985e+06 543723
16510.5 1.22411e+06 200597
16520.5 7.41476e+06 901860
16530.2 3.97219e+06 363941
16541.5 643996 130046
16551.1 6.77282e+06 659301
16562 4.38229e+06 618710
16571.6 2.43586e+06 430651
16581.6 2.1319e+06 151829
16591.4 6.72439e+06 598661
16602.1 3.67852e+06 182621
16611.6 257597 143301
16621.1 7.25195e+06 848739
16630.8 4.06596e+06 256686
16642.5 3.74447e+06 181904
16651 197834 60801.9
16660.4 7.83104e+06 201474
16672.1 2.62752e+06 157605
16681 4.73753e+06 509900
16691.6 5.29443e+06 488996
16702.1 3.84648e+06 206074
16711.5 380215 229233
16720.5 7.89389e+06 601238
16732.9 3.18187e+06 544323
16740.4 2.26069e+06 225937
16750.9 6.91398e+06 608478
16761 4.0742e+06 260859
16772.9 2.00103e+06 628854
16781.5 5.12314e+06 599264
16791.2 4.90676e+06 335929
16802.1 1.77435e+06 553839
16810.6 6.59971e+06 492002
16820.6 4.48327e+06 513508
16833.6 3.39414e+06 272419
16842 1.72901e+06 361677
16853 6.90986e+06 316371
16863.1 2.66437e+06 368196
16871.2 4.41447e+06 772539
16880.4 5.23958e+06 871799
16890.5 4.01444e+06 490475
16903 1.26945e+06 212822
16910.5 4.78517e+06 500227
16921 4.21845e+06 785792
16930.8 5.27564e+06 728991
16940.9 4.34622e+06 655284
16951.2 513136 240464
16961.1 7.38154e+06 1.45634e+06
16971.4 4.48385e+06 782283
16982 600720 233564
16990.5 7.30656e+06 1.24502e+06
17001.4 4.05668e+06 607602
17012.2 3.92788e+06 744876
17021.5 500771 372400
17031.5 7.04999e+06 1.51813e+06
17041.9 4.58012e+06 670225
17050.6 248323 147606
17060.6 7.41063e+06 1.28269e+06
17070.5 4.18857e+06 759148
17082.2 3.12726e+06 789018
17091.4 1.49511e+06 320787
17102.2 6.82949e+06 1.20716e+06
17112.6 3.97631e+06 493782
17121.9 495620 335048
17131.2 7.70739e+06 1.17775e+06
17141.4 4.03607e+06 488714
17152.5 3.91552e+06 425412
17161 199895 119080
17170.2 7.68575e+06 848661
17182.4 3.0067e+06 534865
17190.8 1.59506e+06 424175
17201.4 7.56726e+06 1.10259e+06
17211.2 3.93406e+06 685270
17221.6 2.48429e+06 469892
17231.1 2.68213e+06 1.1218e+06
17241.8 6.64505e+06 772934
17252.1 2.71098e+06 698274
17261.4 1.71458e+06 470959
17271 7.40754e+06 1.10119e+06
17280.4 4.04226e+06 548562
17292.2 2.58527e+06 251413
17301.2 1.38176e+06 424790
17310.9 7.29008e+06 993839
17323 2.87893e+06 344458
17330.4 1.97939e+06 403506
17340.9 6.92428e+06 649551
17351.1 3.79805e+06 376444
17362.4 2.33488e+06 477765
17371.8 3.32098e+06 573842
17382 5.89698e+06 896333
17393.4 1.80010e+06 527022
17401.5 4.88179e+06 1.01951e+06
17410.8 5.30165e+06 825495
17420.6 3.94437e+06 426371
17431.6 581143 211003
17441 6.91501e+06 893002
17452.8 2.2339e+06 479816
17460.2 4.68498e+06 655681
17471.2 5.6932e+06 685072
17481.9 3.94231e+06 458267
17491 477073 280853
17500.8 7.65072e+06 782619
17512.8 3.06132e+06 627484
17520.5 2.18651e+06 475493
17531.5 7.76406e+06 1.40259e+06
17541.8 4.06792e+06 719026
17552.5 1.04997e+06 419275
17560.9 5.10597e+06 1.00053e+06
17570.4 5.91474e+06 1.04206e+06
17583.4 1.32199e+06 315981
17590.5 3.4042e+06 936969
17600.9 6.6891e+06 1.28461e+06
17610.5 3.80217e+06 730520
17622.1 2.39877e+06 856984
17631.5 3.8743e+06 703598
17641.9 6.0532e+06 1.31069e+06
17653.1 2.576e+06 570918
17661.2 2.52786e+06 1.0441e+06
17671.9 5.14685e+06 866861
17680.8 2.99434e+06 832881
17690.9 6.58278e+06 1.80309e+06
17700.9 3.96727e+06 858699
17712 667696 189683
17721 6.28112e+06 912746
17731.9 4.23803e+06 765927
17741.1 800617 305240
17751.4 8.14578e+06 1.16582e+06
17761 4.2576e+06 1.09705e+06
17772.5 1.43843e+06 410045
17780.8 6.01214e+06 1.20587e+06
17791 5.02241e+06 741908
17803.4 1.65379e+06 302993
17811 3.84339e+06 1.02509e+06
17822.1 6.52462e+06 1.28755e+06
17832.4 3.92273e+06 680940
17841.8 351364 208610
17851.2 7.68987e+06 1.67801e+06
17862.4 3.63937e+06 519647
17870.8 477072 305487
17880.8 7.37766e+06 958281
17890.5 3.92891e+06 549690
17902.5 2.77899e+06 797607
17911.2 2.75426e+06 670813
17920.8 6.31507e+06 866783
17932.2 2.01855e+06 811516
17941.4 5.40104e+06 915555
17951 5.12212e+06 1.29998e+06
17962.9 3.1963e+06 494937
17970.9 943843 328828
17980.8 7.78609e+06 1.15923e+06
17993.2 3.10162e+06 755422
18001 2.47168e+06 766181
18011.1 6.57213e+06 1.0277e+06
18021.8 4.04535e+06 349206
18033.6 1.62597e+06 277745
18040.9 4.46448e+06 780225
18050.9 4.57316e+06 500148
18062.9 3.16642e+06 847365
18070.5 6.03093e+06 529421
18080.4 4.24937e+06 426083
18092.2 1.36837e+06 636260
18102.1 6.171e+06 1.09528e+06
18111.4 4.76334e+06 1.06925e+06
18121.8 471920 260228
18130.9 6.81838e+06 1.34335e+06
18140.2 4.14324e+06 647583
18153.5 3.49099e+06 919386
18161 1.44256e+06 406891
18171.4 7.51419e+06 1.19201e+06
18181.4 1.91551e+06 621167
18191.4 4.29893e+06 1.14152e+06
18201.2 5.59816e+06 939197
18213.2 3.86709e+06 830238
18221 486345 220702
18230.4 7.44958e+06 705991
18243.1 3.57136e+06 884323
18250.2 238018 182816
18263.1 7.58918e+06 939097
18272.6 3.93302e+06 921773
18283 1.33229e+06 989166
18291.2 6.21846e+06 680229
18300.4 4.40805e+06 893441
18314 2.86451e+06 251397
18320.4 1.60021e+06 417871
18331.6 8.11382e+06 1.67389e+06
18341.4 863472 272044
18350.5 7.3928e+06 1.10622e+06
18360.2 4.30913e+06 527011
18374.4 3.89903e+06 643059
18382 37091 16356.7
18392.1 7.90729e+06 1.12668e+06
18403.1 4.03916e+06 610172
18411.4 262748 121233
18420.6 8.4297e+06 1.3181e+06
18430.1 4.26585e+06 418553
18443.4 3.06441e+06 495364
18450.5 1.71561e+06 454360
18460.4 7.05927e+06 888513
18472.6 1.77022e+06 355582
18482.8 3.35704e+06 743551
18491.5 6.71923e+06 1.53296e+06
18501.1 4.18857e+06 442615
18514.1 1.50129e+06 504158
18520.6 4.94361e+06 1.0873e+06
18530.9 5.68618e+06 510954
18542 640906 230901
18550.5 6.81609e+06 905867
18560.5 4.44411e+06 549547
18573.4 3.3354e+06 592178
18582.4 971664 266710
18591.2 7.80425e+06 1.29573e+06
18602.6 2.51005e+06 241083
18610.8 1.99382e+06 678801
18621.2 7.00242e+06 915402
18631.2 3.94024e+06 573629
18642.4 1.74756e+06 354688
18650.9 3.29728e+06 943009
18661 6.95829e+06 888806
18673 1.69913e+06 330762
18680.5 5.49257e+06 934748
18690.4 5.78412e+06 1.06264e+06
18703.8 3.85472e+06 682273
18710.6 2.2236e+06 292266
18720.2 6.84076e+06 988479
18731.9 2.71327e+06 981388
18741.8 4.23905e+06 1.13349e+06
18750.6 5.33485e+06 602020
18760.6 4.05874e+06 960483
18772.9 1.05694e+06 154759
18780 6.94306e+06 759245
18791.5 4.10534e+06 795110
18800.9 139103 43726.4
18811.1 7.83928e+06 1.92375e+06
18820.6 3.94643e+06 793741
18832.8 2.50181e+06 233198
18840.6 3.87224e+06 579726
18850.5 6.05978e+06 912603
18862.4 884082 447530
18870.6 7.14818e+06 1.23293e+06
18880.4 4.06661e+06 639071
18892.9 3.37456e+06 832930
18900.4 671817 220202
18910.4 7.60229e+06 666274
18923.8 3.51984e+06 809557
18931.6 453374 146672
18941.1 8.01586e+06 1.7768e+06
18950.5 4.10614e+06 783430
18963 2.55356e+06 597512
18970.4 3.45493e+06 497163
18982.8 6.31167e+06 1.49766e+06
18991.6 2.36166e+06 809150
19002.1 3.65894e+06 1.20335e+06
19010.4 5.91339e+06 1.18202e+06
19020.9 3.70944e+06 1.03933e+06
19032.9 1.03761e+06 178586
19040.2 7.03955e+06 991061
19050.6 3.95284e+06 735197
19062.8 1.51984e+06 1.17183e+06
19071.1 4.29912e+06 674436
19080.9 5.9712e+06 1.56551e+06
19090.8 3.95158e+06 760670
19104.1 1.62906e+06 370073
19110.9 4.32562e+06 1.46514e+06
19120.4 5.58552e+06 471519
19132.5 1.99794e+06 352728
19140.8 2.8542e+06 510425
19152 7.02835e+06 1.38856e+06
19161.8 4.03814e+06 789578
19171.9 856259 439348
19180.5 7.8908e+06 1.09427e+06
19190.1 3.93612e+06 510257
19202.4 747037 163564
19210.6 6.54588e+06 848934
19221.1 4.4155e+06 632896
19232.5 2.69964e+06 606015
19241.2 1.71767e+06 317771
19252 7.12997e+06 1.07424e+06
19263.1 3.8269e+06 468495
19271.1 672850 290367
19280.9 7.32487e+06 1.31878e+06
19290.6 4.34440e+06 483164
19302.6 2.4575e+06 417563
19311 3.76817e+06 317000
19321 6.08039e+06 1.03163e+06
19332.6 1.70423e+06 1.04157e+06
19341.1 4.86839e+06 932257
19351.1 5.35029e+06 964544
19361.2 3.80011e+06 726780
19372.2 972694 266346
19380.5 5.01894e+06 981974
19390.8 5.95159e+06 876745
19402.8 1.40054e+06 254337
19410.9 6.55698e+06 1.16389e+06
19422.1 4.54661e+06 806360
19432.4 3.86503e+06 725850
19441.6 1.10355e+06 811659
19450.5 7.35593e+06 960617
19462.9 2.27299e+06 278213
19470.5 3.57755e+06 642220
19481 6.18044e+06 1.10046e+06
19493.8 3.99589e+06 816936
19501.8 822256 507781
19511.4 7.44358e+06 1.72176e+06
19523.5 3.84133e+06 707830
19530.9 885111 348254
19540.5 7.58596e+06 1.09507e+06
19551.4 4.03813e+06 620065
19562.6 1.87223e+06 1.07033e+06
19571.6 3.58039e+06 561543
19581.5 6.38201e+06 2.09764e+06
19593.1 1.63627e+06 298226
19600.2 6.54098e+06 748724
19611.5 4.25541e+06 779787
19624.4 3.67131e+06 684468
19631.4 381244 89065.6
19641.8 8.20851e+06 1.57292e+06
19652.1 3.40856e+06 240871
19661 1.31479e+06 918048
19671 7.13861e+06 787013
19680.4 4.0402e+06 502722
19692.9 2.72644e+06 726608
19700.9 2.1762e+06 596446
19711.4 7.05370e+06 916161
19721.9 2.25451e+06 851283
19731.6 5.97632e+06 857942
19741.1 4.1793e+06 1.19263e+06
19750.4 2.56569e+06 671098
19761.4 2.58596e+06 997377
19770.6 6.36066e+06 936427
19782.9 2.43071e+06 330883
19790.2 4.37450e+06 1.4926e+06
19801.2 4.73056e+06 838409
19812.5 5.01083e+06 1.3871e+06
19822.9 1.41268e+06 823497
19832.1 4.20094e+06 797027
19841.5 5.95365e+06 784194
19851.2 2.19887e+06 430406
19861.4 3.91424e+06 1.11166e+06
19871 5.80964e+06 998408
19880.6 4.27616e+06 725730
19891.9 695517 234805
19900.6 7.42894e+06 999854
19913 2.57084e+06 412137
19921 1.8055e+06 601459
19931.5 7.76097e+06 1.23649e+06
19941.8 4.01856e+06 787734
19953.9 1.58784e+06 351159
19960.8 4.2741e+06 922957
19971 5.93613e+06 692196
19981.8 1.41262e+06 371478
19990.2 6.53273e+06 857412
20001.1 4.78492e+06 667876
20012.2 2.72952e+06 769540
20020.9 2.37675e+06 961653
20031.4 6.99641e+06 1.03775e+06
20042.4 2.93561e+06 437923
20051.1 2.94043e+06 1.62903e+06
20060.4 6.70481e+06 530171
20070.1 4.11644e+06 669182
20082 625449 146885
20092.4 5.73494e+06 1.48741e+06
20102.4 5.14447e+06 709020
20112.2 2.50284e+06 876256
20121.4 6.08086e+06 845808
20130.8 4.11692e+06 480107
20142.9 3.93716e+06 397908
20150.5 684181 330182
20160.9 7.2808e+06 816816
20172.5 2.5152e+06 496782
20180.4 2.3761e+06 515072
20191.8 7.10151e+06 400366
20201.1 4.32974e+06 837358
20213.6 1.54869e+06 405377
20221.5 4.0111e+06 913740
20231 6.76997e+06 717610
20241.1 539684 182701
20250.2 7.07291e+06 539912
20260.2 4.23803e+06 672453
20272.2 3.53427e+06 518550
20280.8 454404 237504
20290.5 7.59714e+06 762996
20303.4 3.83618e+06 361795
20311.6 825348 288028
20321.2 7.76509e+06 1.21178e+06
20331.1 4.05153e+06 499673
20342.8 1.92788e+06 296022
20351.2 3.59894e+06 1.23043e+06
20361 6.13947e+06 496496
20374 1.54354e+06 284766
20380.8 4.46036e+06 1.08453e+06
20390.5 5.9271e+06 616011
20400.8 3.88152e+06 501561
20411.8 958268 187418
20422.6 6.35807e+06 801640
20433.6 3.20557e+06 1.10349e+06
20441 1.73647e+06 522566
20451 7.82692e+06 1.70919e+06
20460.8 3.98352e+06 665944
20474 1.79701e+06 286058
20480.2 4.41716e+06 1.21327e+06
20490.9 5.4742e+06 998558
20500.5 1.61154e+06 357348
20511 7.35911e+06 1.92227e+06
20520.8 4.24318e+06 912962
20532.2 2.36992e+06 314027
20540.4 4.22155e+06 1.0068e+06
20551.1 4.70615e+06 929532
20561.4 1.97503e+06 495446
20571.2 7.33588e+06 2.01624e+06
20580.8 4.20403e+06 888941
20592.1 650179 216632
20600.2 7.28169e+06 696716
20610.2 3.9114e+06 673157
20621.5 1.08604e+06 277339
20630.6 6.24172e+06 1.86182e+06
20641.2 5.0335e+06 897027
20652.9 2.892e+06 344544
20660.6 2.15559e+06 574430
20670.4 6.89043e+06 1.07335e+06
20683.5 3.26946e+06 925013
20690.4 832560 180887
20701.6 7.66198e+06 1.68065e+06
20711.1 4.00984e+06 1.09348e+06
20720.6 2.13911e+06 265164
20731.2 3.43535e+06 1.73239e+06
20740.5 6.47456e+06 881242
20753.1 3.02422e+06 714633
20760.9 1.74962e+06 349306
20772.1 7.52395e+06 1.56409e+06
20782.1 4.22747e+06 1.28942e+06
20791.1 1.02834e+06 506646
20800.6 7.17364e+06 1.1779e+06
20810.4 3.63972e+06 907047
20822 782070 140486
20831.4 7.62004e+06 1.31842e+06
20842.6 4.06182e+06 1.09265e+06
20851.4 1.91216e+06 660035
20861.2 4.31634e+06 1.27222e+06
20870.9 5.27358e+06 950755
20882.6 3.41987e+06 740915
20891.6 1.58372e+06 334160
20900 7.56567e+06 1.45338e+06
20912.2 4.3792e+06 1.21914e+06
20922 696950 529562
20931 7.48173e+06 1.56815e+06
20940.6 3.76714e+06 660180
20953.1 2.49769e+06 637604
20960.6 2.22566e+06 287384
20970.1 6.91988e+06 1.32557e+06
20983.4 3.51953e+06 770484
20992 1.32303e+06 262750
21001.5 7.15495e+06 1.58261e+06
21011.1 3.88358e+06 868292
21022.9 1.56414e+06 244597
21030.5 6.38894e+06 985525
21040.5 4.2493e+06 802081
21053.2 1.39722e+06 311703
21060.2 4.44466e+06 1.18931e+06
21073 5.68264e+06 722290
21082.8 3.94128e+06 890393
21092.2 1.13962e+06 818000
21101.2 6.93608e+06 913769
21113 3.55741e+06 880624
21121.1 877896 322527
21130.1 7.56488e+06 933832
21142.4 4.67260e+06 1.34934e+06
21152.8 1.52808e+06 655508
21161 6.45537e+06 1.2631e+06
21170.6 4.44618e+06 584588
21182.8 2.93767e+06 875626
21190.4 1.84029e+06 389888
21203 7.13197e+06 1.15947e+06
21213.8 3.40856e+06 640890
21222.5 804740 390568
21231.2 7.52633e+06 1.65474e+06
21241.2 4.14554e+06 827231
21251.8 545076 144399
21260.2 7.22001e+06 786937
21270.1 4.17106e+06 464817
21281.9 1.96909e+06 1.02118e+06
21292.2 3.88539e+06 490645
21301.9 5.93668e+06 1.71007e+06
21312.4 1.58372e+06 329169
21320.9 5.5385e+06 909937
21330.8 4.61769e+06 807676
21342.4 3.16332e+06 860272
21351.2 908810 352619
21360.2 7.07472e+06 686725
21373.9 4.00101e+06 1.1805e+06
21380.4 838742 259651
21392 7.6466e+06 1.0617e+06
21403.2 3.75065e+06 465686
21412.5 470889 376356
21421 6.2481e+06 915185
21431.2 4.58655e+06 709101
21442.1 2.53478e+06 559015
21450.8 3.66513e+06 609527
21460.9 6.09996e+06 965809
21472 1.63627e+06 721734
21480.9 6.02062e+06 959317
21490.5 4.58308e+06 1.11602e+06
21502.9 4.10071e+06 807160
21511.9 146314 34321.5
21520.6 7.96499e+06 1.23071e+06
21532.1 3.77126e+06 675885
21540.4 501802 211753
21550.9 7.67648e+06 1.11281e+06
21560.2 3.91346e+06 692907
21572.5 1.65791e+06 756204
21583 4.53788e+06 668039
