# TimeStamp(s) Sum Stdev
0 7.95469e+06 498330
10 8.06185e+06 1.02825e+06
20.375 8.72027e+06 1.09063e+06
30 9.1685e+06 1.16808e+06
40.125 9.15098e+06 1.6681e+06
50 7.95159e+06 1.1828e+06
60 8.62651e+06 1.04229e+06
70.25 8.08864e+06 986261
80.125 8.97169e+06 1.10339e+06
90.125 8.95726e+06 1.08207e+06
100.125 7.97632e+06 852331
110 8.35757e+06 1.62178e+06
120.125 8.86865e+06 888708
130.75 8.87071e+06 1.11313e+06
140 9.45907e+06 1.12939e+06
150.125 8.73058e+06 1.25818e+06
160 8.51522e+06 939388
170.125 9.19941e+06 920840
180.375 8.12161e+06 774067
190.25 8.77385e+06 535598
200.125 8.41321e+06 1.12953e+06
210 9.01188e+06 785359
220.25 8.57911e+06 1.23481e+06
230.75 8.59868e+06 1.0449e+06
240.25 8.03196e+06 998604
250 8.43382e+06 2.17667e+06
260.25 9.35191e+06 1.34462e+06
270 8.47092e+06 981615
280 8.44103e+06 996174
290.25 8.33696e+06 915708
300 9.05618e+06 1.63197e+06
310.125 8.3009e+06 1.02818e+06
320.125 7.9722e+06 1.05641e+06
330 8.1824e+06 1.2714e+06
340 7.69606e+06 1.49345e+06
350.375 9.59096e+06 2.34329e+06
360 8.38745e+06 994622
370 9.05412e+06 982348
380 8.02166e+06 1.20358e+06
390.125 7.55901e+06 1.22947e+06
400 8.14943e+06 962800
410 9.34469e+06 1.09798e+06
420.25 8.76767e+06 712272
430.125 1.08676e+07 1.81973e+06
440.125 1.00649e+07 989848
450 8.77179e+06 787532
460 8.89338e+06 1.03144e+06
470.125 8.66978e+06 1.43144e+06
480.125 8.78004e+06 829116
490.125 8.83671e+06 740253
500.125 9.83516e+06 1.82012e+06
510 9.45907e+06 1.29939e+06
520.125 9.50956e+06 2.22285e+06
530.125 8.98096e+06 1.28473e+06
540 9.22311e+06 1.40441e+06
550 8.43279e+06 805518
560.25 9.26123e+06 780530
570 8.41424e+06 919414
580.625 1.00897e+07 1.48139e+06
590 9.37252e+06 1.09138e+06
600.25 9.36118e+06 786814
610.125 8.23083e+06 1.50294e+06
620 7.68266e+06 620559
630 7.47452e+06 681723
640 7.83722e+06 621921
650.25 9.27772e+06 926099
660.125 8.81919e+06 1.122e+06
670 8.64711e+06 820370
680 8.59147e+06 1.09355e+06
690 9.83310e+06 1.81849e+06
700 8.72233e+06 780423
710.5 8.20713e+06 841444
720.125 9.05309e+06 877646
730.625 8.08142e+06 927964
740.125 8.1484e+06 1.12047e+06
750.125 7.98663e+06 516368
760 8.85835e+06 836200
770.25 8.06391e+06 547058
780.125 8.54304e+06 1.06329e+06
790.125 8.56674e+06 745135
800.25 8.80477e+06 958113
810.25 8.63681e+06 1.24514e+06
820 8.52346e+06 1.66366e+06
830 8.51213e+06 1.91069e+06
840 8.78106e+06 1.62106e+06
850.25 9.03042e+06 1.25979e+06
860.125 8.5925e+06 574566
870.875 8.55747e+06 928466
880 1.03225e+07 614785
890 8.77900e+06 1.46712e+06
900 8.3823e+06 697155
910.125 9.25299e+06 806435
920.125 9.20456e+06 981764
930 9.33851e+06 1.00011e+06
940 9.29008e+06 947265
950 8.74191e+06 1.08662e+06
960.25 9.35912e+06 1.1207e+06
970 9.39312e+06 1.5031e+06
980 9.16952e+06 992231
990 8.38848e+06 811692
1000 7.88771e+06 698756
1010 8.29162e+06 1.17604e+06
1020 8.80167e+06 1.06905e+06
1030 8.84598e+06 535433
1040 8.2875e+06 1.00479e+06
1050.25 9.65897e+06 1.69971e+06
1060 8.21744e+06 785779
1070.12 8.84186e+06 813487
1080 8.91605e+06 863747
1090.12 9.25299e+06 1.01659e+06
1100.12 8.45958e+06 986509
1110 8.55953e+06 1.13794e+06
1120.12 8.71821e+06 975714
1130.25 9.01291e+06 1.60561e+06
1140 8.19786e+06 1.05977e+06
1150.5 9.09946e+06 1.18912e+06
1160.38 9.02606e+06 1.34593e+06
1170.12 8.4114e+06 1.19004e+06
1181 9.00878e+06 909084
1190 7.85782e+06 1.10849e+06
1200.25 8.90677e+06 902577
1210 8.44413e+06 1.39653e+06
1220 9.355e+06 1.46284e+06
1230 8.04742e+06 1.10454e+06
1240 8.53583e+06 1.36597e+06
1250 8.29987e+06 980991
1260.12 8.96036e+06 966502
1270 8.31429e+06 639102
1280.12 9.54459e+06 793385
1290.38 9.7991e+06 1.63608e+06
1301 9.01703e+06 1.5555e+06
1310.38 8.18756e+06 1.44368e+06
1320.75 8.60796e+06 1.22844e+06
1330.12 8.57396e+06 976251
1340 8.53171e+06 1.03157e+06
1350.25 8.36581e+06 1.17251e+06
1360 7.90729e+06 1.05718e+06
1370.12 9.68473e+06 1.47266e+06
1380 8.22259e+06 917204
1390.38 9.44361e+06 1.37988e+06
1400.12 9.27051e+06 1.05956e+06
1410 8.68833e+06 514330
1420 8.32975e+06 1.67403e+06
1430 9.43434e+06 1.04809e+06
1440 8.72852e+06 1.05751e+06
1450.12 9.52604e+06 2.80858e+06
1460.12 8.98508e+06 1.23783e+06
1470 8.31842e+06 658134
1480.38 7.94541e+06 1.3225e+06
1490 8.41115e+06 1.42942e+06
1500 9.2128e+06 1.31756e+06
1510.12 8.89338e+06 1.59641e+06
1520 9.18189e+06 1.11763e+06
1530 8.5482e+06 823661
1540 9.66103e+06 1.66262e+06
1550.25 9.01291e+06 1.20101e+06
1560.12 9.05412e+06 905056
1570.12 8.45134e+06 1.93936e+06
1580.12 8.68112e+06 910432
1590.12 9.15613e+06 1.12735e+06
1600 9.00157e+06 730198
1610 9.15304e+06 921999
1620.25 9.28905e+06 1.13242e+06
1630.12 8.36375e+06 751076
1640.12 9.11261e+06 617184
1650 9.18007e+06 1.09264e+06
1660 8.17313e+06 1.20082e+06
1670.12 9.06546e+06 1.0385e+06
1680.12 8.29781e+06 790513
1690.25 9.53429e+06 1.12681e+06
1700 8.80992e+06 1.2468e+06
1710 9.66103e+06 1.07833e+06
1720.38 9.34676e+06 1.60573e+06
1730.5 9.38488e+06 1.30729e+06
1740 9.52398e+06 785684
1750.12 1.06904e+07 946793
1760.25 9.89905e+06 618088
1770.75 7.52089e+06 808424
1780.25 8.80064e+06 2.26001e+06
1790.5 9.38979e+06 1.64767e+06
1800.12 9.64788e+06 1.08041e+06
1810 9.55696e+06 1.66467e+06
1820.25 8.52965e+06 1.15286e+06
1830.12 9.04588e+06 1.13163e+06
1840.12 8.83671e+06 1.83734e+06
1850.12 9.18395e+06 1.10685e+06
1860.12 9.28802e+06 1.37682e+06
1870 9.44567e+06 1.18373e+06
1880 8.89338e+06 1.16752e+06
1890.38 8.58838e+06 1.10512e+06
1900.12 8.61105e+06 915131
1910 9.6126e+06 619947
1920 8.82125e+06 906661
1930 7.93614e+06 1.01121e+06
1940.12 8.87999e+06 1.45057e+06
1950.38 8.8635e+06 869462
1960.12 8.27102e+06 528427
1970.12 9.18704e+06 1.38988e+06
1980 8.62341e+06 732308
1990 7.97941e+06 1.11481e+06
2000.12 8.2669e+06 1.09095e+06
2010 8.0433e+06 1.16369e+06
2020 7.97323e+06 1.21711e+06
2030 8.36375e+06 1.09284e+06
2040.25 8.68833e+06 1.41123e+06
2050 8.59972e+06 846164
2060.25 8.65845e+06 1.16127e+06
2070 8.53686e+06 1.17995e+06
2080 8.45134e+06 1.47691e+06
2090 8.9552e+06 928140
2100 8.63578e+06 886899
2110 8.83877e+06 993765
2120.5 9.71564e+06 1.31101e+06
2130 9.62187e+06 1.23415e+06
2140 8.17622e+06 988161
2150.25 8.51831e+06 573708
2160.12 8.31326e+06 820643
2170.38 9.0871e+06 1.01442e+06
2180.12 8.85422e+06 1.05579e+06
2190 8.19683e+06 547694
2200.25 9.66412e+06 1.45165e+06
2210 9.45598e+06 1.31705e+06
2220.25 9.34882e+06 1.71488e+06
2230.38 8.74912e+06 793351
2240 8.80682e+06 1.1575e+06
2250 8.93562e+06 958078
2260 8.46679e+06 794187
2270.12 9.12934e+06 673860
2280.12 9.30451e+06 886104
2290 8.91193e+06 849325
2300 9.03660e+06 886515
2310 9.08916e+06 881296
2320 8.12161e+06 517390
2330.12 8.70378e+06 727804
2340.25 8.34005e+06 1.2542e+06
2350 8.677e+06 874010
2360 7.90214e+06 965912
2370 9.09225e+06 1.39856e+06
2380 9.04382e+06 845804
2390 8.38951e+06 831402
2400.75 8.88514e+06 886435
2410.38 9.05412e+06 570953
2420.12 8.81198e+06 1.22285e+06
2430 7.17467e+06 357806
2440.12 8.02578e+06 989833
2450 8.92635e+06 1.17621e+06
2460.12 8.79755e+06 1.01089e+06
2470.25 7.66102e+06 993685
2480 8.96036e+06 580387
2490.88 8.3483e+06 1.58859e+06
2500 8.30399e+06 956548
2510 9.13449e+06 938747
2520.12 9.2025e+06 884680
2530.38 9.00054e+06 1.16027e+06
2540 8.8295e+06 1.15202e+06
2550.62 8.6399e+06 662701
2560.38 8.34521e+06 1.11125e+06
2570.12 8.9686e+06 706875
2580 8.63681e+06 1.25872e+06
2590.25 9.02115e+06 1.78326e+06
2600 9.43228e+06 975074
2610.12 8.14943e+06 536034
2620 8.69451e+06 1.10585e+06
2630.5 8.46576e+06 788402
2640 7.65381e+06 880312
2650 8.4297e+06 631512
2660.12 6.86246e+06 695102
2670.38 7.9011e+06 1.04559e+06
2680.38 9.41579e+06 1.19747e+06
2690 9.38282e+06 1.39002e+06
2700.12 8.67906e+06 1.05158e+06
2710 9.02115e+06 826732
2720 9.28184e+06 857025
2730.12 9.54665e+06 975597
2740 9.18189e+06 821295
2750.12 9.72903e+06 1.05801e+06
2760.12 7.79188e+06 1.25034e+06
2770.12 8.82228e+06 1.35972e+06
2780 8.68215e+06 1.18966e+06
2790 7.97838e+06 902536
2800 8.65536e+06 722292
2810 9.76407e+06 1.33289e+06
2820.12 8.95314e+06 980188
2830 7.78776e+06 835585
2840.12 9.29936e+06 1.05604e+06
2850.12 7.77436e+06 677204
2860.25 7.46834e+06 601643
2870 8.80786e+06 777281
2880 9.07679e+06 1.23402e+06
2890 9.31378e+06 535497
2900 8.90986e+06 964626
2910.25 8.69142e+06 1.61796e+06
2920 8.46886e+06 1.30774e+06
2930 7.97117e+06 855910
2940.12 8.21538e+06 1.37089e+06
2950 8.25659e+06 1.03934e+06
2960.12 8.52759e+06 1.16076e+06
2970.12 8.66875e+06 1.83742e+06
2980.5 9.51883e+06 799354
2990 9.05e+06 1.09505e+06
3000 9.32821e+06 857851
3010.5 9.56829e+06 763540
3020.12 9.50131e+06 1.47336e+06
3030.88 8.86144e+06 652745
3040 8.97272e+06 1.03977e+06
3050 8.83362e+06 1.21204e+06
3060 8.90059e+06 705761
3070.5 9.26123e+06 737300
3080 7.99693e+06 806787
3090 9.12831e+06 1.98739e+06
3100 8.14737e+06 1.23428e+06
3110.25 1.01134e+07 709451
3120.12 9.33851e+06 1.14984e+06
3130 9.13758e+06 898403
3140.5 8.96114e+06 1.10938e+06
3150.38 9.51289e+06 566066
3160 9.6837e+06 1.31065e+06
3170.25 9.8125e+06 1.01212e+06
3180 9.29936e+06 1.70212e+06
3190.12 9.28699e+06 998004
3200 1.03638e+07 916509
3210.25 7.85062e+06 571173
3220 8.45546e+06 1.18585e+06
3230.12 1.03751e+07 946350
3240.12 9.3787e+06 988933
3250.12 1.02442e+07 1.00909e+06
3260.5 8.7687e+06 956215
3270 8.78416e+06 895679
3280 8.406e+06 916728
3290 8.66875e+06 1.09594e+06
3300.25 9.44979e+06 1.85888e+06
3310 1.00351e+07 953248
3320 8.72542e+06 515730
3330.25 9.1788e+06 731646
3340.25 9.17056e+06 1.01319e+06
3350 9.33724e+06 949804
3360 1.00817e+07 701955
3370 9.6703e+06 1.01942e+06
3380 9.3416e+06 1.3536e+06
3390 9.7991e+06 847709
3400 9.62806e+06 1.03424e+06
3410 9.40755e+06 1.1922e+06
3420.12 9.89493e+06 1.01283e+06
3430.38 9.084e+06 1.37501e+06
3440.12 8.66978e+06 1.06333e+06
3450.12 8.88926e+06 1.36398e+06
3460.25 8.7924e+06 1.16435e+06
3470.12 8.43176e+06 817921
3480 9.38797e+06 1.28828e+06
3490.12 9.69194e+06 1.2078e+06
3500 8.36788e+06 931915
3510 7.87431e+06 1.12358e+06
3520.12 8.80064e+06 1.12411e+06
3530.12 7.83619e+06 674075
3540.25 8.19168e+06 873091
3550 9.10152e+06 1.12937e+06
3560.38 8.63784e+06 752722
3570 8.81198e+06 1.32496e+06
3580.25 9.06546e+06 2.12374e+06
3590.5 8.19168e+06 979765
3600.12 8.34727e+06 1.15773e+06
3610.12 8.5008e+06 1.23928e+06
3620 8.72439e+06 883181
3630.12 8.65227e+06 1.03573e+06
3640.62 8.36788e+06 1.2678e+06
3650 8.73779e+06 1.16914e+06
3660 9.06752e+06 1.35411e+06
3670.12 8.8398e+06 853094
3680 8.42249e+06 1.4773e+06
3690 7.99796e+06 1.16174e+06
3700.25 8.29059e+06 939477
3710.12 1.04122e+07 1.50583e+06
3720.12 8.91811e+06 681627
3730 8.48328e+06 199032
3740.38 8.35242e+06 779026
3750.5 8.81919e+06 1.72551e+06
3760 7.63732e+06 1.21593e+06
3770.12 9.09637e+06 934052
3780 8.76664e+06 1.1352e+06
3790.12 8.6533e+06 1.47002e+06
3800 9.68164e+06 1.95336e+06
3810 8.67596e+06 1.01773e+06
3820 8.23598e+06 1.10597e+06
3830 9.05412e+06 907513
3840 9.20765e+06 931322
3850.12 8.84186e+06 1.3253e+06
3860.25 9.2602e+06 910516
3870.12 8.61723e+06 1.00947e+06
3880.12 8.64917e+06 975580
3890 8.63681e+06 564107
3900.5 8.0196e+06 1.054e+06
3910.12 8.59353e+06 1.82692e+06
3920 8.24629e+06 836246
3930 7.69399e+06 702713
3940 7.65793e+06 679292
3950.5 8.97272e+06 1.02408e+06
3960.38 9.01291e+06 1.13402e+06
3970.12 8.43897e+06 1.92174e+06
3980.5 8.8161e+06 882167
3990.25 8.43382e+06 589650
4000.12 8.22156e+06 794884
4010 8.88823e+06 580401
4020 8.86556e+06 979678
4030.25 8.41012e+06 707890
4040 9.05927e+06 2.15939e+06
4050.38 9.44567e+06 1.31125e+06
4060.12 9.92069e+06 1.22171e+06
4070 9.77231e+06 1.16342e+06
4080 9.01085e+06 1.54057e+06
4090.12 9.24474e+06 1.23389e+06
4100.25 8.85938e+06 1.25006e+06
4110 7.95778e+06 1.31908e+06
4120.12 8.11130e+06 903776
4130.12 8.87071e+06 408573
4140 8.63372e+06 777588
4150 8.2906e+06 1.61584e+06
4160 8.36994e+06 1.47037e+06
4170 8.62341e+06 995991
4180 8.00724e+06 1.1549e+06
4190 9.27566e+06 1.05463e+06
4200 8.98921e+06 979131
4210.25 8.8398e+06 1.37474e+06
4220.12 9.71873e+06 1.04477e+06
4230 8.94284e+06 1.297e+06
4240.25 9.60023e+06 1.24232e+06
4250.12 8.29472e+06 1.23134e+06
4260 9.07267e+06 915922
4270 8.83052e+06 1.58511e+06
4280 8.21434e+06 1.19011e+06
4290 8.4977e+06 1.07597e+06
4301 9.30863e+06 1.40154e+06
4310 9.74037e+06 1.59748e+06
4320.12 8.94799e+06 1.46529e+06
4330.62 9.01703e+06 1.26918e+06
4340.25 9.21796e+06 1.61821e+06
4350 8.49873e+06 754345
4360.62 8.32872e+06 1.18259e+06
4370.25 8.59044e+06 1.03617e+06
4380.38 7.65769e+06 1.04528e+06
4390.12 7.46034e+06 792671
4400.5 7.8568e+06 764116
4410.12 8.34624e+06 1.51128e+06
4420 9.04176e+06 1.11732e+06
4430.38 9.01497e+06 827806
4440.25 8.91605e+06 600851
4450 8.30502e+06 814787
4460 7.58786e+06 925371
4470 8.88308e+06 1.23113e+06
4480.25 7.74963e+06 894019
4490.25 8.62238e+06 1.01252e+06
4500.12 8.29987e+06 777428
4510.12 8.43691e+06 1.16222e+06
4520 9.97118e+06 1.46547e+06
4530 8.77076e+06 1.24695e+06
4540 9.61466e+06 1.02491e+06
4550 9.54459e+06 841138
4560 8.64093e+06 988333
4570 9.27257e+06 1.42409e+06
4580.38 9.07473e+06 1.45346e+06
4590.5 8.89956e+06 1.93295e+06
4600 9.31894e+06 1.66132e+06
4610.12 8.78931e+06 1.59903e+06
4620.12 8.4874e+06 767870
4630.25 8.41321e+06 976366
4640.38 8.90059e+06 1.03207e+06
4650 8.92841e+06 944882
4660.12 9.39312e+06 1.2896e+06
4670.12 8.92223e+06 1.21533e+06
4680 8.79755e+06 662153
4690.38 9.44052e+06 655783
4700 9.03351e+06 1.19743e+06
4710 9.24166e+06 1.00651e+06
4720 8.93253e+06 1.68479e+06
4730.12 9.04691e+06 949028
4740 8.94284e+06 1.69719e+06
4750.12 8.57499e+06 1.23072e+06
4760.12 8.43279e+06 723320
4770 8.25865e+06 890820
4780.12 9.06133e+06 1.15952e+06
4790.75 8.6739e+06 674012
4800.12 7.76588e+06 644230
4810 9.29651e+06 1.04661e+06
4820.25 8.23495e+06 449568
4830 9.36118e+06 1.30106e+06
4840 8.93356e+06 798443
4850 8.20713e+06 282825
4860.12 8.18858e+06 639680
4870 8.01136e+06 760634
4880 9.1551e+06 1.37107e+06
4890.25 8.86144e+06 752501
4900 8.63578e+06 1.05418e+06
4910 8.86737e+06 1.0683e+06
4920 8.11258e+06 1.3886e+06
4930 9.08194e+06 1.6824e+06
4940.25 8.74191e+06 1.23498e+06
4950.12 7.92996e+06 740757
4960 7.57859e+06 1.02392e+06
4970 8.76664e+06 661498
4980.12 8.62547e+06 822154
4990 9.33851e+06 1.03923e+06
5000 9.00878e+06 680046
5010 9.26123e+06 1.23751e+06
5020 9.1654e+06 1.7582e+06
5030.38 8.72336e+06 906383
5040.12 1.00114e+07 1.01785e+06
5050.12 7.91244e+06 1.09104e+06
5060.38 8.5348e+06 1.06912e+06
5070.5 9.53738e+06 1.36414e+06
5080.25 8.88617e+06 1.86562e+06
5090 8.71821e+06 954520
5100.12 9.12934e+06 1.62237e+06
5110 8.99848e+06 967463
5120.12 9.62187e+06 1.32324e+06
5130 9.75479e+06 1.10002e+06
5140 8.88514e+06 1.1227e+06
5150 7.87740e+06 909036
5160.12 8.26071e+06 978535
5170 7.72284e+06 710692
5180 9.44876e+06 1.51788e+06
5190 8.73573e+06 860694
5200 7.76818e+06 664961
5210.38 9.18498e+06 704613
5220.88 9.321e+06 1.32631e+06
5230 1.02113e+07 1.3388e+06
5240.12 9.07267e+06 1.40566e+06
5250 8.55541e+06 1.14056e+06
5260.12 9.50956e+06 1.98655e+06
5270 9.13758e+06 1.25719e+06
5280.12 9.11286e+06 855737
5290 9.2499e+06 1.06065e+06
5300 9.49101e+06 1.01146e+06
5310.25 8.78622e+06 945846
5320.25 8.46473e+06 1.20176e+06
5330 7.8197e+06 818689
5340 9.07679e+06 1.27654e+06
5350 8.42867e+06 914440
5360.12 9.16541e+06 884776
5370 8.46473e+06 1.07202e+06
5380.62 7.95984e+06 1.14094e+06
5390.12 8.39054e+06 874523
5400 9.30657e+06 1.26558e+06
5410 9.02733e+06 843194
5420.25 9.18086e+06 998696
5430.12 9.15922e+06 1.01228e+06
5440 8.85422e+06 1.01431e+06
5450 8.72233e+06 919340
5460 9.67339e+06 1.31487e+06
5470.25 9.19632e+06 1.13195e+06
5480 8.11955e+06 507212
5490.12 8.05051e+06 744467
5500.12 9.10049e+06 1.68195e+06
5510.25 9.82383e+06 1.13403e+06
5520.12 8.8975e+06 1.8555e+06
5530 8.73161e+06 1.73967e+06
5540 8.03918e+06 1.26454e+06
5550.12 9.46113e+06 559508
5560 8.40497e+06 958781
5570.12 7.58271e+06 701177
5580.62 7.33129e+06 837599
5590.12 8.34212e+06 1.50447e+06
5600.12 8.29472e+06 1.19055e+06
5610 7.40239e+06 1.1517e+06
5620 7.50543e+06 562166
5630.12 9.79292e+06 995447
5640 8.16386e+06 940253
5650 8.11543e+06 781159
5660.12 8.52965e+06 839411
5670.12 8.09173e+06 1.7322e+06
5680 8.21228e+06 1.26743e+06
5690.38 7.86813e+06 796857
5700.62 8.50674e+06 719952
5710.38 7.86013e+06 645342
5720 8.44206e+06 1.07928e+06
5730.25 1.0068e+07 1.08584e+06
5740.12 9.14377e+06 1.48362e+06
5750.12 9.34882e+06 854898
5760 9.7888e+06 1.23313e+06
5770 8.33593e+06 768400
5780 8.6976e+06 1.24049e+06
5790.5 8.51934e+06 903530
5800.62 8.58814e+06 1.62255e+06
5810.88 8.38564e+06 743776
5820 1.01914e+07 1.37756e+06
5830 9.98688e+06 933730
5840.12 9.31378e+06 715763
5850 8.30193e+06 565667
5860 8.66669e+06 1.05865e+06
5870.38 8.49049e+06 752089
5880 8.29575e+06 737191
5890.5 8.87174e+06 973356
5900.25 8.1855e+06 1.3117e+06
5910.25 8.17622e+06 1.25514e+06
5920.12 8.31738e+06 1.48993e+06
5930 9.30245e+06 1.16808e+06
5940 8.677e+06 635827
5950.25 9.24681e+06 1.70259e+06
5960 9.40961e+06 1.08293e+06
5970 9.67133e+06 1.13064e+06
5980.25 9.29420e+06 1.8153e+06
5990 8.00311e+06 696539
6000.25 8.2298e+06 843624
6010 9.65175e+06 895323
6020 8.46988e+06 647624
6030.38 9.51574e+06 1.83476e+06
6040 9.46834e+06 2.17152e+06
6050.12 8.61723e+06 1.93597e+06
6060 8.90884e+06 1.7999e+06
6070.38 8.42558e+06 705150
6080 7.83104e+06 731485
6090.12 8.68936e+06 1.03834e+06
6100 9.39621e+06 1.29243e+06
6110 9.43125e+06 844915
6120.12 9.26123e+06 1.15578e+06
6130 9.40137e+06 789129
6140.25 9.64969e+06 849132
6150.75 8.60693e+06 716430
6160 8.31532e+06 801322
6170 9.16953e+06 1.15613e+06
6180.12 8.46886e+06 1.04982e+06
6190 8.90883e+06 732419
6200 9.27875e+06 1.03964e+06
6210.12 9.55902e+06 973781
6220.38 9.00854e+06 1.40577e+06
6230.12 8.96678e+06 1.23318e+06
6240.25 9.48174e+06 1.58486e+06
6250 8.94902e+06 1.03068e+06
6260 9.57035e+06 1.09982e+06
6270.38 9.01394e+06 1.37288e+06
6280.25 8.48225e+06 891166
6290.25 8.51316e+06 1.26778e+06
6300 7.63629e+06 696649
6310.25 8.48637e+06 569174
6320.25 8.50801e+06 539321
6330 8.74294e+06 501723
6340.88 8.26665e+06 1.29908e+06
6350.12 8.15482e+06 669264
6360 9.1314e+06 1.56827e+06
6370 8.71409e+06 1.19343e+06
6380 7.96705e+06 973216
6390 8.45958e+06 814039
6400 8.52553e+06 1.46792e+06
6410 8.70688e+06 886062
6420 8.75737e+06 1.1393e+06
6430.75 8.99127e+06 638836
6440 8.2669e+06 926220
6450 8.95005e+06 1.28957e+06
6460.12 9.38591e+06 1.60191e+06
6470.12 9.19632e+06 967299
6480 8.51625e+06 999084
6490 9.45907e+06 1.5954e+06
6500 1.01814e+07 1.81087e+06
6510 9.25608e+06 1.23073e+06
6520 9.72388e+06 936425
6530.5 8.03815e+06 742770
6540.38 7.44979e+06 1.47856e+06
6550 8.73779e+06 1.34681e+06
6560.12 8.20301e+06 836415
6570 8.98199e+06 1.20202e+06
6580.12 9.08916e+06 1.153e+06
6590.12 8.39364e+06 1.31804e+06
6600 9.65175e+06 1.0091e+06
6610 9.41682e+06 1.38896e+06
6620.12 8.58014e+06 1.26125e+06
6630.38 8.61929e+06 1.78804e+06
6640.75 8.94078e+06 873946
6650 9.41167e+06 897369
6660.12 8.32563e+06 751293
6670.12 8.67081e+06 1.21464e+06
6680.12 8.53068e+06 738120
6690.25 8.17622e+06 728369
6700.12 8.46164e+06 746641
6710 8.5925e+06 1.31306e+06
6720.25 8.55644e+06 1.06026e+06
6730 9.29524e+06 888842
6740.88 9.93924e+06 1.26073e+06
6750.12 8.66978e+06 927272
6760.25 9.42198e+06 1.05659e+06
6770 8.84392e+06 840460
6780.12 8.84907e+06 1.18767e+06
6790 9.24578e+06 1.19878e+06
6800.12 8.45443e+06 1.43158e+06
6810 8.5451e+06 1.2614e+06
6820 8.87071e+06 1.4894e+06
6830.12 8.08658e+06 1.1252e+06
6840.12 8.60074e+06 1.10738e+06
6850.12 8.21022e+06 1.22302e+06
6860.12 9.37767e+06 1.84197e+06
6870.25 8.49564e+06 696575
6880 9.09328e+06 1.12791e+06
6890 8.37097e+06 1.15279e+06
6900.12 9.09843e+06 888706
6910.12 8.67184e+06 1.14599e+06
6920 9.32512e+06 859473
6930.12 9.67957e+06 1.31055e+06
6940.12 9.80425e+06 1.24331e+06
6950.25 9.33233e+06 924136
6960 8.72027e+06 887820
6970 8.4534e+06 702212
6980.25 8.04639e+06 830067
6990.38 8.17004e+06 637839
7000.25 8.58117e+06 733571
7010.12 8.10821e+06 788866
7020.25 7.73727e+06 699290
7030 8.19683e+06 1.29203e+06
7040 8.57396e+06 1.09103e+06
7050 7.86092e+06 1.26114e+06
7060.12 8.1824e+06 1.11803e+06
7070.62 8.32048e+06 1.05886e+06
7080.12 8.10512e+06 1.13457e+06
7090.62 8.58426e+06 850687
7100.25 8.78416e+06 732553
7110.12 8.65226e+06 1.04746e+06
7120.12 8.35939e+06 1.85015e+06
7130.12 8.73288e+06 1.7502e+06
7140.12 9.17468e+06 737393
7150.12 8.66978e+06 800483
7160 8.93254e+06 903842
7170 8.86144e+06 1.1578e+06
7180.62 8.73779e+06 1.14171e+06
7190 8.58426e+06 1.24204e+06
7200 9.0026e+06 709923
7210.25 8.84701e+06 657627
7220 9.34882e+06 1.52158e+06
7230 8.56262e+06 1.05192e+06
7240 9.53944e+06 932111
7250 9.18601e+06 1.32858e+06
7260.12 9.28802e+06 860627
7270.12 7.728e+06 966010
7280.12 9.20353e+06 1.0329e+06
7290 8.52656e+06 714349
7300 9.08709e+06 956787
7310 9.1314e+06 932947
7320.25 8.68215e+06 501481
7330.12 8.81713e+06 683060
7340 9.05824e+06 495781
7350 8.66051e+06 1.11872e+06
7360.12 8.66978e+06 1.24875e+06
7370 8.76561e+06 609367
7380 8.86453e+06 958221
7390.12 7.99899e+06 1.06067e+06
7400 7.91038e+06 974944
7410.12 8.80270e+06 1.00767e+06
7420 8.76973e+06 725726
7430.12 8.1721e+06 1.51499e+06
7440 8.82331e+06 1.32232e+06
7450.38 9.37767e+06 1.20081e+06
7460 8.86556e+06 1.68789e+06
7470 8.21538e+06 1.33698e+06
7480 8.52243e+06 1.04685e+06
7490.25 8.70791e+06 1.49194e+06
7500.25 7.67442e+06 886797
7510 9.08606e+06 1.11381e+06
7520.12 9.33851e+06 798975
7530 9.75376e+06 1.72382e+06
7540.12 9.39622e+06 1.69482e+06
7550 8.86762e+06 1.42078e+06
7560 8.96345e+06 680056
7570.25 8.88926e+06 1.36626e+06
7580 8.83362e+06 981563
7590 9.39209e+06 846734
7600 8.87689e+06 608483
7610.62 8.21744e+06 1.39788e+06
7620.5 9.03455e+06 645427
7630.12 8.75943e+06 1.06084e+06
7640.38 8.04845e+06 998511
7650.38 8.98199e+06 1.52639e+06
7660.38 8.76252e+06 1.34927e+06
7670.62 7.73727e+06 1.58562e+06
7680.62 8.27411e+06 954108
7690.12 8.81507e+06 1.811e+06
7700 8.69245e+06 994094
7710.12 8.40394e+06 786230
7720.12 8.52244e+06 698013
7730 8.97375e+06 1.66422e+06
7740 8.88102e+06 625204
7750 8.30502e+06 553085
7760 9.14995e+06 1.02819e+06
7770.12 8.75634e+06 936938
7780.12 8.25041e+06 1.09295e+06
7790 8.74294e+06 985266
7800 8.40188e+06 951585
7810 7.71048e+06 952685
7820 8.77798e+06 949452
7830 8.82846e+06 817809
7840.38 8.07421e+06 683296
7850 9.00981e+06 1.85792e+06
7860.38 8.99951e+06 2.58876e+06
7870.12 7.27668e+06 1.20891e+06
7880.12 8.29987e+06 1.68722e+06
7890.12 8.30811e+06 843488
7900.38 8.84804e+06 499533
7910.75 9.85862e+06 1.23884e+06
7920 9.16771e+06 1.19657e+06
7930.62 8.1144e+06 874932
7940.12 6.84391e+06 645212
7950 8.38642e+06 1.1287e+06
7960 8.72645e+06 818001
7970 9.4838e+06 546127
7980 7.70739e+06 683063
7990.88 9.56314e+06 986141
8000 9.52502e+06 1.51109e+06
8010 8.49049e+06 898968
8020 8.51419e+06 625425
8030 8.93872e+06 706388
8040.88 8.64814e+06 1.08166e+06
8050.25 8.19064e+06 1.19294e+06
8060 7.93717e+06 1.14782e+06
8070.5 8.50904e+06 1.15296e+06
8080 9.05412e+06 956078
8090.12 9.22414e+06 972955
8100 7.92996e+06 1.01201e+06
8110 8.1855e+06 951690
8120.38 7.92996e+06 971595
8130 8.62444e+06 643996
8140 9.13243e+06 1.01542e+06
8150.12 8.85113e+06 1.27251e+06
8160 8.7213e+06 603454
8170.12 8.5451e+06 598252
8180 8.75324e+06 1.09349e+06
8190 9.43228e+06 1.46238e+06
8200 9.00672e+06 738298
8210.38 8.57808e+06 1.0121e+06
8220.12 8.53583e+06 903856
8230.25 8.50389e+06 2.21099e+06
8240.38 8.44206e+06 1.12023e+06
8250 9.0263e+06 955537
8260 8.97375e+06 765960
8270.12 8.56674e+06 508487
8280 7.88153e+06 755615
8290.25 7.92996e+06 731697
8300 7.92274e+06 1.02958e+06
8310.25 8.25968e+06 623437
8320.12 9.59302e+06 960062
8330.25 8.14634e+06 856315
8340.12 8.9789e+06 1.35362e+06
8350.25 9.20662e+06 1.72791e+06
8360.5 9.33954e+06 1.42442e+06
8370.12 8.72542e+06 908535
8380 8.68008e+06 1.28474e+06
8390 8.78416e+06 670284
8400 9.32306e+06 675400
8410.25 7.98457e+06 1.3898e+06
8420.38 8.79446e+06 1.69508e+06
8430.62 8.45958e+06 981400
8440.12 8.67597e+06 1.03906e+06
8450.25 7.55489e+06 821020
8460.12 8.93872e+06 1.29938e+06
8470 8.51007e+06 1.34144e+06
8480 9.06649e+06 1.276e+06
8490 8.76767e+06 825618
8500.12 9.54562e+06 1.2607e+06
8510.25 9.28905e+06 1.11693e+06
8520.38 9.14171e+06 1.13712e+06
8530 9.45392e+06 1.62046e+06
8540.88 8.94078e+06 1.21028e+06
8550.5 8.71615e+06 1.16134e+06
8560.25 8.13706e+06 648546
8570.25 8.66051e+06 776807
8580 9.83001e+06 883034
8590 9.07885e+06 679875
8600 8.67803e+06 770338
8610 8.06082e+06 954934
8620.12 8.44104e+06 699318
8630 8.63372e+06 1.22875e+06
8640 8.9686e+06 1.03002e+06
8650.75 8.34108e+06 856170
8660.62 7.72078e+06 518392
8670.38 9.04588e+06 1.11737e+06
8680.25 9.32694e+06 1.59655e+06
8690.5 7.64787e+06 327153
8700 9.53532e+06 1.17772e+06
8710.5 8.62238e+06 1.23066e+06
8720.12 8.03712e+06 945913
8730.12 8.98818e+06 1.2613e+06
8740.38 8.72415e+06 1.59271e+06
8750.38 9.7437e+06 1.01614e+06
8760.12 8.97993e+06 887198
8770 9.45392e+06 1.37603e+06
8780 9.25608e+06 1.08961e+06
8790 9.54974e+06 1.37147e+06
8800.12 8.76355e+06 1.1725e+06
8810 8.86453e+06 1.45156e+06
8820 8.22671e+06 757977
8830.12 8.92841e+06 1.05576e+06
8840.12 9.1551e+06 2.01048e+06
8850.75 8.93975e+06 677499
8860.12 9.76201e+06 1.86452e+06
8870.75 8.54613e+06 880738
8880.12 8.76973e+06 849773
8890.12 9.9042e+06 944601
8900 9.25917e+06 1.43618e+06
8910 8.23598e+06 1.22501e+06
8920 8.52244e+06 1.42882e+06
8930.12 8.39054e+06 1.17743e+06
8940 8.47195e+06 641065
8950 7.31068e+06 813423
8960 7.70224e+06 994686
8970 8.94696e+06 1.13726e+06
8980.25 7.89286e+06 945623
8990 8.43073e+06 1.72169e+06
9000.62 8.76743e+06 912361
9010.25 8.44025e+06 1.2922e+06
9020 7.82176e+06 1.23314e+06
9030 8.53068e+06 875159
9040.25 8.50595e+06 1.01755e+06
9050 7.83104e+06 718625
9060 8.24629e+06 1.68461e+06
9070.12 8.90471e+06 1.35843e+06
9080 8.78519e+06 1.31263e+06
9090 8.25659e+06 1.41774e+06
9100 8.85216e+06 1.31283e+06
9110 8.69039e+06 430921
9120 9.04794e+06 637922
9130 8.17931e+06 1.19206e+06
9140.25 8.26999e+06 915800
9150.12 9.48586e+06 951676
9160.12 8.40703e+06 1.11014e+06
9170 7.83825e+06 739137
9180.12 8.6162e+06 1.21034e+06
9190 8.51728e+06 1.52232e+06
9200 8.71718e+06 808750
9210 8.1247e+06 974782
9220 9.05721e+06 1.43192e+06
9230 9.33233e+06 1.53495e+06
9240.25 8.71512e+06 1.30045e+06
9250 8.33593e+06 1.10748e+06
9260 7.94644e+06 1.05559e+06
9270 8.58117e+06 1.05012e+06
9280 9.65072e+06 1.20981e+06
9290.25 8.81095e+06 879951
9300 8.35654e+06 711147
9310.25 8.23392e+06 1.01439e+06
9320.88 8.8264e+06 788942
9330.25 9.08297e+06 904993
9340.12 8.43073e+06 1.17085e+06
9350 8.96139e+06 1.21315e+06
9360 8.43691e+06 2.04852e+06
9370 8.52141e+06 739122
9380.12 8.78931e+06 668689
9390.25 9.25608e+06 929405
9400.12 8.19992e+06 868906
9410.12 7.95778e+06 810279
9420.12 9.03248e+06 1.09751e+06
9430 9.93099e+06 1.6071e+06
9440.12 8.677e+06 1.63041e+06
9450 8.29266e+06 1.07564e+06
9460.12 9.22002e+06 593551
9470 9.77643e+06 960840
9480.12 8.48637e+06 999316
9490.38 9.43022e+06 1.33837e+06
9500.38 8.22053e+06 950023
9510.12 8.92635e+06 1.27436e+06
9520.12 8.79755e+06 1.11018e+06
9530.75 7.67957e+06 680324
9540.5 8.24423e+06 847591
9550 8.28029e+06 1.44767e+06
9560 9.01188e+06 1.43574e+06
9570.25 9.29936e+06 973502
9580 8.24114e+06 1.06602e+06
9590 8.64917e+06 1.26194e+06
9600 8.59147e+06 746050
9610.38 8.19889e+06 1.20893e+06
9620.12 8.94799e+06 1.26625e+06
9630 8.3009e+06 927217
9640 8.677e+06 1.13806e+06
9650 8.40497e+06 812098
9660 8.49152e+06 1.54107e+06
9670 9.81353e+06 1.65751e+06
9680.75 9.24887e+06 1.43795e+06
9690.38 8.10924e+06 1.00287e+06
9700 8.85628e+06 674694
9710 9.74964e+06 1.06244e+06
9720.25 9.27050e+06 1.04332e+06
9730.12 8.61414e+06 435180
9740.88 8.90059e+06 1.15244e+06
9750 8.36788e+06 1.5663e+06
9760.25 8.91811e+06 968972
9770.12 7.48585e+06 752490
9780.12 7.75994e+06 1.03534e+06
9790.75 8.71203e+06 1.87943e+06
9800 9.08503e+06 966518
9810 8.82537e+06 1.29135e+06
9820 9.03660e+06 1.22303e+06
9830.12 8.94181e+06 1.00432e+06
9840 8.78107e+06 482970
9850.5 7.89571e+06 513189
9860.38 8.54716e+06 1.52903e+06
9870.12 9.16256e+06 1.73238e+06
9880 8.74706e+06 779750
9890.12 8.51934e+06 1.81098e+06
9900 8.44206e+06 1.21823e+06
9910.12 8.43691e+06 628834
9920 9.48792e+06 1.081e+06
9930.25 9.19941e+06 778852
9940 8.65227e+06 876030
9950 9.09019e+06 762863
9960 9.26947e+06 1.59552e+06
9970 9.04588e+06 1.33598e+06
9980 9.08194e+06 849980
9990.12 8.28029e+06 879407
10000.1 9.07267e+06 1.42925e+06
10010.1 8.91605e+06 1.2774e+06
10020.2 9.27669e+06 2.06576e+06
10030 9.21692e+06 1.32107e+06
10040 9.46937e+06 2.04003e+06
10050.2 9.75789e+06 1.79499e+06
10060.1 8.16592e+06 1.08992e+06
10070 8.7924e+06 1.11213e+06
10080.1 8.43279e+06 789637
10090.5 9.82383e+06 1.75627e+06
10100.1 8.87792e+06 731368
10110 8.95108e+06 1.0826e+06
10120.1 8.25968e+06 1.13653e+06
10130.1 9.35397e+06 1.40832e+06
10141 8.50183e+06 977202
10150 8.37921e+06 1.26692e+06
10160 8.66154e+06 676969
10170 8.87071e+06 830438
10180 8.82537e+06 824005
10190 8.49358e+06 1.17417e+06
10200.1 9.79601e+06 1.01451e+06
10210.1 8.97375e+06 2.02108e+06
10220 9.56726e+06 842057
10230 8.69142e+06 813372
10240.2 8.85732e+06 989157
10250.2 8.86762e+06 1.72235e+06
10260 8.68215e+06 1.04839e+06
10270 1.00639e+07 723614
10280.1 9.99282e+06 1.05089e+06
10290.1 9.7754e+06 1.0632e+06
10300.2 9.11698e+06 1.39755e+06
10310 9.56726e+06 2.26602e+06
10320.6 8.92017e+06 1.21888e+06
10330.4 9.65485e+06 1.49426e+06
10340 9.4498e+06 1.47426e+06
10350 9.78777e+06 1.28372e+06
10360 8.8635e+06 868218
10370 9.45701e+06 1.16579e+06
10380.1 9.04588e+06 1.41753e+06
10390.4 7.51573e+06 1.23606e+06
10400.5 8.66463e+06 808560
10410.5 8.53583e+06 851787
10420.2 9.34857e+06 1.86108e+06
10430.1 8.32999e+06 1.77886e+06
10440 9.22517e+06 651358
10450 9.01703e+06 1.35073e+06
10460.1 8.56262e+06 743830
10470.1 8.12161e+06 1.14545e+06
10480 8.59147e+06 1.65917e+06
10490.5 8.90368e+06 747979
10500 8.89235e+06 1.47232e+06
10510.1 8.83156e+06 1.05459e+06
10520.2 9.53532e+06 1.1252e+06
10530 9.389e+06 729262
10540.5 8.4668e+06 1.07288e+06
10550 8.23598e+06 1.39791e+06
10560 8.30399e+06 1.38158e+06
10570 8.83671e+06 1.32511e+06
10580 8.29987e+06 982780
10590 9.35706e+06 1.26765e+06
10600.2 9.93924e+06 963720
10610.8 8.66978e+06 1.00704e+06
10620 9.35088e+06 817878
10630.1 8.28132e+06 1.05716e+06
10640.1 8.36478e+06 1.08032e+06
10650 8.28544e+06 773974
10660.1 7.91347e+06 906103
10670 7.80425e+06 1.13081e+06
10680.2 7.41888e+06 545931
10690.4 7.49822e+06 1.15232e+06
10700 7.14273e+06 1.06196e+06
10710.5 8.52038e+06 1.65149e+06
10720.1 8.48225e+06 1.27146e+06
10730 8.66154e+06 987949
10740 9.04794e+06 902374
10750.1 8.18962e+06 517363
10760.1 8.80476e+06 1.46566e+06
10770.4 8.87071e+06 857353
10781 8.61414e+06 852293
10790.2 9.37355e+06 898828
10801 8.0196e+06 866958
10810.5 8.59456e+06 1.31795e+06
10820.5 8.88102e+06 1.6261e+06
10830 8.69142e+06 668560
10840 8.80374e+06 949794
10850.1 9.17777e+06 1.09955e+06
10860.6 8.55026e+06 1.28943e+06
10870 9.07782e+06 817107
10880 8.11543e+06 528550
10890 8.90471e+06 467299
10900.1 8.90059e+06 1.0883e+06
10910.1 7.31893e+06 776133
10920.1 7.93202e+06 381545
10930 8.11337e+06 478693
10940.5 8.88823e+06 1.11034e+06
10950 8.30605e+06 1.45632e+06
10960 8.43176e+06 1.8706e+06
10970 8.34624e+06 779591
10980.1 9.13243e+06 1.20872e+06
10990 8.41424e+06 888174
11000.1 9.01909e+06 1.26282e+06
11010.4 9.30966e+06 1.04128e+06
11020.4 9.11182e+06 1.17428e+06
11030.1 9.28081e+06 1.31553e+06
11040.1 7.78776e+06 774541
11050 8.76561e+06 1.49176e+06
11060 8.73264e+06 610951
11070.2 8.67906e+06 884805
11080.6 8.06803e+06 1.32655e+06
11090.5 7.82073e+06 862584
11100 8.04948e+06 957992
11110 8.35654e+06 1.23579e+06
11120 8.26999e+06 683511
11130.1 8.45237e+06 1.62188e+06
11140 8.72852e+06 841738
11150 8.40085e+06 874462
11160.5 8.01342e+06 1.03601e+06
11170.2 9.05927e+06 1.00316e+06
11180 8.96654e+06 1.3041e+06
11190.4 8.84598e+06 499031
11200.2 8.0907e+06 524232
11210 8.59766e+06 582220
11220 8.74397e+06 1.10871e+06
11230.5 8.18756e+06 861674
11240 9.09843e+06 1.02575e+06
11250 8.76458e+06 750945
11260 9.06546e+06 837663
11270 8.61723e+06 841309
11280 8.70172e+06 962396
11290.4 8.96345e+06 1.81829e+06
11300.2 9.18395e+06 1.89514e+06
11310 9.26123e+06 1.16589e+06
11320 9.68782e+06 1.20054e+06
11330 1.08738e+07 918562
11340.1 1.01422e+07 1.33809e+06
11350 9.14686e+06 905805
11360 8.40291e+06 1.03889e+06
11370 8.68215e+06 1.45231e+06
11380.1 9.07267e+06 1.06366e+06
11390.4 8.78107e+06 1.10932e+06
11400.1 9.03352e+06 730879
11410 8.13706e+06 705100
11420 8.07833e+06 880274
11430 9.20662e+06 1.14548e+06
11440 8.96757e+06 1.37128e+06
11450.1 8.78004e+06 1.70403e+06
11460 9.01394e+06 1.49384e+06
11470 8.41836e+06 863365
11480 8.47092e+06 921377
11490.1 8.68009e+06 676820
11500.6 8.10615e+06 835786
11510 8.19889e+06 1.33093e+06
11520 8.36788e+06 1.33375e+06
11530.1 7.72490e+06 981175
11540 9.86092e+06 1.94834e+06
11550 9.58066e+06 2.21274e+06
11560.1 8.97272e+06 1.65018e+06
11570.2 8.81816e+06 1.47201e+06
11580.1 7.78261e+06 828447
11590.9 8.20198e+06 736211
11600.2 7.07678e+06 1.01485e+06
11610 7.72697e+06 1.91729e+06
11620.2 8.26484e+06 1.28512e+06
11630.1 8.53892e+06 859370
11640 7.67957e+06 735275
11650.5 8.44825e+06 1.05084e+06
11660.1 7.57653e+06 989226
11670.1 8.57602e+06 1.05998e+06
11680.2 8.42043e+06 934141
11690 8.18137e+06 860123
11700 8.01033e+06 521032
11710.2 7.64041e+06 1.10429e+06
11720 8.85113e+06 816279
11730 9.27566e+06 746066
11740.2 9.84238e+06 877776
11750 9.10049e+06 1.20951e+06
11760.1 9.22414e+06 1.25073e+06
11770.1 8.79446e+06 1.27732e+06
11780.1 9.03352e+06 1.47899e+06
11790 8.82743e+06 918212
11800.5 8.8264e+06 1.59588e+06
11810 8.60487e+06 704773
11820 8.48534e+06 525185
11830.1 9.05824e+06 781771
11840 8.8738e+06 1.20459e+06
11850.2 7.7517e+06 511481
11860.2 8.35321e+06 445391
11870 9.81686e+06 1.15069e+06
11880.5 8.19786e+06 590794
11890.1 8.08452e+06 926663
11900.1 8.66566e+06 766852
11910 8.81919e+06 1.02578e+06
11920.1 9.00672e+06 1.99738e+06
11930 9.63321e+06 972352
11940.2 9.30966e+06 897971
11950 8.51831e+06 1.38228e+06
11960 9.24784e+06 1.01813e+06
11970 8.83671e+06 1.32757e+06
11980.1 8.90162e+06 1.01972e+06
11990 9.01084e+06 2.31632e+06
12000.2 8.11852e+06 1.72213e+06
12010.4 9.52501e+06 2.17996e+06
12020 8.5925e+06 1.39182e+06
12030 7.82794e+06 920013
12040 8.40806e+06 1.00626e+06
12050.2 8.07009e+06 1.13089e+06
12060.1 8.81507e+06 1.55813e+06
12070 8.81198e+06 1.12354e+06
12080.2 8.34933e+06 492578
12090 8.94387e+06 773570
12100.1 8.18859e+06 805617
12110 8.63269e+06 491017
12120 8.9449e+06 1.15646e+06
12130 7.35499e+06 834478
12140.1 7.22928e+06 612186
12150.2 8.14119e+06 792631
12160.8 8.60384e+06 895588
12170.8 7.86813e+06 940517
12180 8.53789e+06 1.14923e+06
12190 8.9583e+06 1.62807e+06
12200.4 8.76228e+06 1.35512e+06
12210 8.31351e+06 945660
12220 7.67132e+06 812185
12230.2 8.5245e+06 1.58807e+06
12240 8.65742e+06 1.32626e+06
12250.1 8.19683e+06 1.18301e+06
12260 9.43228e+06 969510
12270 1.03401e+07 1.80594e+06
12281 9.80219e+06 1.88426e+06
12290 8.87174e+06 1.17214e+06
12300 7.70327e+06 934340
12310 8.68627e+06 1.07023e+06
12320 8.53171e+06 1.07875e+06
12330 9.04897e+06 1.57583e+06
12340.1 8.57395e+06 825388
12350.2 8.3246e+06 1.50482e+06
12360 8.79446e+06 1.3798e+06
12370.2 9.65357e+06 1.50508e+06
12380.1 9.12546e+06 1.37975e+06
12390.1 8.41218e+06 1.08858e+06
12400 8.01136e+06 1.04827e+06
12410.2 9.94233e+06 1.32351e+06
12420 8.44104e+06 602140
12430.1 8.84701e+06 1.31691e+06
12440 7.67854e+06 1.14093e+06
12450 8.52037e+06 811951
12460.2 8.82434e+06 1.67342e+06
12470.2 8.28956e+06 1.95679e+06
12480 9.26329e+06 1.2743e+06
12490 9.35706e+06 1.24112e+06
12500.2 9.37561e+06 735084
12510 8.42764e+06 1.39915e+06
12520 8.49564e+06 806882
12530 8.372e+06 537154
12540 8.28647e+06 1.0423e+06
12550 8.5822e+06 573666
12560 9.94233e+06 1.08465e+06
12570.4 7.90523e+06 868414
12580 8.39879e+06 865979
12590.6 7.50955e+06 772866
12600.6 8.04639e+06 1.21046e+06
12610.5 7.04999e+06 859890
12620 9.1314e+06 1.57363e+06
12630.2 9.25402e+06 685364
12640 8.94284e+06 1.08436e+06
12650.1 8.34727e+06 920912
12660 8.90859e+06 1.06909e+06
12670 8.59068e+06 863805
12680 8.5348e+06 1.42591e+06
12690 8.1958e+06 898889
12700.1 8.67494e+06 778845
12710 8.33593e+06 924476
12720.1 7.97014e+06 689689
12730.2 8.06391e+06 1.16778e+06
12740 8.22053e+06 1.10513e+06
12750.1 8.73676e+06 1.15714e+06
12760.4 8.76767e+06 1.32435e+06
12770 7.96293e+06 1.85408e+06
12780 8.86762e+06 1.22357e+06
12790 1.02102e+07 707815
12800 8.68936e+06 833290
12810.1 9.21486e+06 1.16843e+06
12820.2 8.49977e+06 1.01823e+06
12830.1 8.60796e+06 1.56212e+06
12840.1 7.94335e+06 1.32722e+06
12850 8.75737e+06 1.45642e+06
12860 9.37252e+06 1.17083e+06
12870 8.90265e+06 1.69152e+06
12880.1 8.98818e+06 1.27561e+06
12890.1 8.60281e+06 1.16512e+06
12900.5 8.09379e+06 1.23369e+06
12910 8.14634e+06 1.17074e+06
12920.4 7.98148e+06 1.22684e+06
12930 8.59559e+06 1.20537e+06
12940 8.06803e+06 627369
12950.4 8.41836e+06 1.17205e+06
12960.2 8.58941e+06 1.95453e+06
12970 8.19168e+06 922033
12980.8 8.27386e+06 880892
12990.5 9.80759e+06 1.08831e+06
13000.1 8.49564e+06 1.48651e+06
13010 8.68833e+06 775320
13020.1 9.12934e+06 848926
13030 8.86144e+06 920529
13040 9.4024e+06 638808
13050 9.83207e+06 2.18533e+06
13060.5 8.48534e+06 891984
13070 8.63372e+06 743813
13080.1 8.33181e+06 772692
13090.1 7.51676e+06 1.03674e+06
13100.1 8.43588e+06 886600
13110.1 7.9856e+06 725223
13120 8.40806e+06 946751
13130.4 9.07164e+06 924331
13140.2 9.91117e+06 1.21828e+06
13150.4 9.18935e+06 1.12757e+06
13160.2 9.32512e+06 1.0657e+06
13170 8.71409e+06 1.5497e+06
13180.1 9.23341e+06 769966
13190.2 8.67184e+06 1.07725e+06
13200 8.21331e+06 497048
13210.1 8.39982e+06 1.13563e+06
13220.2 9.38979e+06 1.3712e+06
13230.4 7.92505e+06 1.045e+06
13240 8.82846e+06 1.44608e+06
13250.2 9.30039e+06 1.52726e+06
13260 9.7177e+06 1.34647e+06
13270.1 7.91759e+06 1.29585e+06
13280 7.78776e+06 1.28258e+06
13290 8.18652e+06 1.3473e+06
13300.1 8.99436e+06 934343
13310.1 8.21641e+06 1.57737e+06
13320.1 9.5075e+06 1.52705e+06
13330.1 8.7821e+06 1.40499e+06
13340.6 8.5688e+06 1.2603e+06
13350.1 8.82022e+06 979755
13360 9.14583e+06 1.59301e+06
13370 9.35088e+06 1.40952e+06
13380 8.5585e+06 900708
13390.2 7.9042e+06 1.00935e+06
13400 8.44412e+06 1.38937e+06
13410.4 8.99436e+06 1.23095e+06
13420 9.39931e+06 1.71489e+06
13430 8.46576e+06 765279
13440 8.14119e+06 1.35329e+06
13450 9.58684e+06 1.46037e+06
13460 8.56571e+06 1.06162e+06
13470 8.2638e+06 412219
13480 9.53532e+06 1.19069e+06
13490.1 9.97118e+06 2.12325e+06
13500 9.21486e+06 1.40068e+06
13510.1 8.26586e+06 1.01723e+06
13520.1 8.24732e+06 1.16939e+06
13530.5 8.64196e+06 965793
13540 7.50852e+06 855720
13550 7.5044e+06 1.64483e+06
13560 7.94644e+06 1.54496e+06
13570.8 8.51728e+06 1.64177e+06
13580.4 7.89904e+06 2.62164e+06
13590.5 7.5755e+06 1.16248e+06
13600 7.63526e+06 1.8358e+06
13610.4 7.73727e+06 892301
13620.4 8.13088e+06 627074
13630.2 9.0603e+06 451253
13640 7.70120e+06 1.1512e+06
13650 8.20713e+06 449394
13660.1 9.46628e+06 1.20105e+06
13670.5 9.45495e+06 1.15525e+06
13680 8.78725e+06 1.05647e+06
13690.1 9.32512e+06 841818
13700 7.9856e+06 1.12701e+06
13710 8.8058e+06 1.79366e+06
13720 9.0397e+06 1.25593e+06
13730 9.03557e+06 1.39566e+06
13740.4 9.07758e+06 1.33138e+06
13750.1 9.53944e+06 1.42912e+06
13760.4 8.96575e+06 989602
13770 8.15046e+06 922773
13780.2 8.90780e+06 1.68432e+06
13790.1 8.8161e+06 1.68935e+06
13800.4 8.10615e+06 1.10141e+06
13810 8.16283e+06 790269
13820 8.51522e+06 903461
13830 7.76303e+06 736497
13840.6 8.1381e+06 962949
13850 8.46679e+06 836877
13860.1 7.82382e+06 675170
13870 8.64608e+06 961897
13880.4 8.84186e+06 705127
13891 8.14634e+06 953443
13900 9.73109e+06 1.82658e+06
13910.1 8.62111e+06 1.01954e+06
13920.4 8.7687e+06 1.05178e+06
13930 8.18265e+06 1.26116e+06
13940 8.3112e+06 982925
13950 7.82485e+06 1.06247e+06
13960 8.23392e+06 597924
13970.2 8.50183e+06 1.36725e+06
13980 8.72027e+06 944277
13990 8.48122e+06 1.29292e+06
14000.6 8.68627e+06 493775
14010.1 8.37097e+06 895192
14020.2 8.17313e+06 689470
14030 9.30451e+06 1.27929e+06
14040.1 9.51574e+06 1.58288e+06
14050.4 9.14583e+06 2.04122e+06
14060.2 9.10873e+06 1.03843e+06
14070.9 8.74397e+06 859810
14080.1 8.6873e+06 768743
14090 8.99333e+06 720489
14100.1 9.41992e+06 1.5417e+06
14110.5 9.3313e+06 1.61848e+06
14120 9.05618e+06 2.12961e+06
14130 8.31532e+06 933504
14140.1 8.87586e+06 1.00255e+06
14150 9.59405e+06 1.1299e+06
14160.5 9.58581e+06 1.90525e+06
14170 8.94696e+06 1.56595e+06
14180 9.94233e+06 1.57764e+06
14190 8.09173e+06 1.21819e+06
14200.4 8.40085e+06 1.10639e+06
14210.1 8.76973e+06 1.854e+06
14220.1 9.12625e+06 834873
14230 9.23135e+06 863969
14240 8.9212e+06 1.16873e+06
14250 9.91554e+06 1.38489e+06
14260.4 9.736e+06 1.68337e+06
14270 9.14504e+06 622550
14280 8.90471e+06 521913
14290 1.02277e+07 565348
14300 1.08285e+07 1.12298e+06
14310.1 8.50698e+06 447241
14320.6 8.55026e+06 1.33457e+06
14330 8.3112e+06 1.25016e+06
14341 7.5518e+06 898042
14350.4 9.11079e+06 1.38549e+06
14360 7.95881e+06 1.051e+06
14370.1 8.55026e+06 925477
14380 8.16901e+06 688238
14390 9.92996e+06 862949
14400 9.13964e+06 951415
14410.1 8.18962e+06 732466
14420 8.72542e+06 902862
14430.1 8.18446e+06 1.38141e+06
14440 8.41424e+06 1.08282e+06
14450.1 8.56262e+06 773752
14460.1 7.49204e+06 486695
14470.2 8.48122e+06 902041
14480.4 9.46834e+06 1.37312e+06
14490.1 7.96087e+06 1.27373e+06
14500.4 7.05102e+06 1.18134e+06
14510.1 7.86916e+06 821081
14520.8 7.87740e+06 641718
14530.4 7.29111e+06 948999
14540.1 6.60486e+06 833854
14550 7.96087e+06 1.00862e+06
14560.1 7.85164e+06 1.10119e+06
14570 7.88668e+06 1.25713e+06
14580 7.73212e+06 715748
14590 7.88152e+06 905350
14600.5 8.48019e+06 1.34022e+06
14610.1 8.82743e+06 2.86043e+06
14620.1 8.45031e+06 1.17486e+06
14630 8.15046e+06 956905
14640.5 8.91399e+06 1.79317e+06
14650.8 7.93408e+06 1.03816e+06
14660 8.35242e+06 719047
14670.2 8.2298e+06 850359
14680 8.30399e+06 1.69532e+06
14690.4 7.19219e+06 1.00593e+06
14700 8.20919e+06 1.44878e+06
14710.2 8.69245e+06 1.32554e+06
14720 8.2432e+06 746976
14730 7.67235e+06 886696
14740.2 8.8295e+06 797061
14750.2 8.37406e+06 1.05099e+06
14760.2 8.82022e+06 794684
14770.1 9.19426e+06 1.85026e+06
14780.1 7.50234e+06 1.38153e+06
14790.4 7.37045e+06 947008
14800.4 8.38127e+06 1.12672e+06
14810 8.5822e+06 784094
14820 8.65227e+06 1.23923e+06
14830.1 9.23547e+06 866651
14840.2 8.9789e+06 1.06792e+06
14850 8.78313e+06 1.05893e+06
14860 8.745e+06 679096
14870 7.77230e+06 564886
14880.9 7.98766e+06 1.16962e+06
14890.2 8.02269e+06 624861
14900 8.07318e+06 1.44747e+06
14910.2 1.04874e+07 1.44153e+06
14920.1 1.00608e+07 867720
14930 8.84804e+06 929632
14940 8.25659e+06 1.35715e+06
14950.1 8.38539e+06 867542
14960.2 7.94026e+06 905098
14970 7.6569e+06 1.00558e+06
14980.4 8.81713e+06 1.01044e+06
14990 9.34779e+06 1.3067e+06
15000.1 9.53429e+06 831592
15010 8.46576e+06 888018
15020.1 8.83234e+06 1.47136e+06
15030.1 8.87301e+06 2.03381e+06
15040.1 8.69142e+06 1.44734e+06
15050 9.14789e+06 993617
15060 8.99127e+06 772488
15070 9.53017e+06 910916
15080 9.08606e+06 941977
15090 8.6873e+06 517315
15100 8.93563e+06 650650
15110.1 9.24681e+06 945610
15120.2 8.8872e+06 1.06991e+06
15130.1 9.32718e+06 2.51056e+06
15140 8.95108e+06 1.09594e+06
15150 7.65793e+06 1.02545e+06
15160 9.16437e+06 601072
15170.2 8.65536e+06 433165
15180.5 9.76613e+06 930384
15190 9.14995e+06 1.22165e+06
15200.5 9.44567e+06 1.16269e+06
15210.4 8.68833e+06 1.3995e+06
15220.1 8.96345e+06 1.15047e+06
15230.4 9.01497e+06 997766
15240.1 9.49101e+06 1.28996e+06
15250.2 8.60178e+06 1.2607e+06
15260 9.00157e+06 1.05928e+06
15270 8.52244e+06 860230
15280 9.27978e+06 894101
15290 9.83104e+06 977522
15300.2 8.94181e+06 829087
15310 8.52759e+06 1.50463e+06
15320.1 9.69297e+06 1.53985e+06
15330 9.11182e+06 602216
15340.1 8.49874e+06 1.35148e+06
15350.5 8.98302e+06 1.62693e+06
15360.2 8.25556e+06 1.02153e+06
15370.2 7.88874e+06 525769
15380 8.15355e+06 988749
15390 9.05412e+06 926516
15400 7.66102e+06 657712
15410.1 8.35551e+06 1.21421e+06
15420.4 8.60074e+06 1.14045e+06
15430 8.6636e+06 1.0209e+06
15440 8.28854e+06 1.05275e+06
15450 9.12831e+06 1.02608e+06
15460.1 9.39725e+06 1.36054e+06
15470.6 9.27051e+06 1.05906e+06
15480.4 9.24165e+06 960680
15490 8.84186e+06 953815
15500.6 9.63424e+06 1.32334e+06
15510.4 8.94775e+06 1.01624e+06
15520.6 9.42943e+06 863579
15530 8.14016e+06 1.11356e+06
15540 8.4771e+06 643263
15550 8.86865e+06 1.75256e+06
15560.1 8.71409e+06 1.50085e+06
15570 8.11852e+06 1.16967e+06
15580.1 9.00466e+06 1.39236e+06
15590 8.20816e+06 693018
15600 8.7347e+06 749618
15611 8.43794e+06 1.76984e+06
15620.4 8.13604e+06 1.04968e+06
15630 8.64918e+06 1.02987e+06
15640 8.48225e+06 1.11442e+06
15650.1 8.41321e+06 1.42804e+06
15660 8.80786e+06 1.08324e+06
15670.1 9.06649e+06 541803
15680 9.81765e+06 1.67932e+06
15690 8.72542e+06 677108
15700 8.37897e+06 886701
15710 8.99769e+06 1.44704e+06
15720.1 8.36582e+06 675439
15730.1 8.80476e+06 1.54261e+06
15740 8.02681e+06 1.14701e+06
15751 7.77e+06 1.12734e+06
15760.5 8.6793e+06 2.06108e+06
15770 9.6837e+06 1.16835e+06
15780.1 9.11286e+06 1.74106e+06
15790.2 8.74706e+06 1.42192e+06
15800 8.80374e+06 386390
15810.2 9.42094e+06 1.53793e+06
15820 8.84907e+06 1.43757e+06
15830.2 7.83413e+06 1.22029e+06
15840.2 8.0433e+06 1.21402e+06
15850 8.1587e+06 910312
15860.2 8.91914e+06 1.96365e+06
15870.1 8.82022e+06 1.25782e+06
15880.1 7.42815e+06 705903
15890 8.70276e+06 914227
15900 9.91554e+06 1.29568e+06
15910 9.0603e+06 1.25038e+06
15920.1 8.60074e+06 1.16996e+06
15930 9.29318e+06 1.21226e+06
15940 9.31996e+06 992154
15950.1 8.93975e+06 908241
15960.2 8.53892e+06 1.01871e+06
15970.1 9.14583e+06 1.74618e+06
15980.1 9.31069e+06 742948
15990 9.36324e+06 1.17235e+06
16000.1 7.99178e+06 958498
16010.1 9.33027e+06 1.89062e+06
16020.1 9.28905e+06 1.65372e+06
16030 8.15974e+06 820003
16040 8.9923e+06 1.23572e+06
16050.2 8.42867e+06 1.23191e+06
16060.2 8.41734e+06 1.79354e+06
16070 7.70327e+06 967010
16080.1 8.18343e+06 1.30812e+06
16090.8 8.14222e+06 815807
16100 8.5111e+06 966919
16110 8.11130e+06 1.237e+06
16120 8.68215e+06 722066
16130 9.03557e+06 1.09614e+06
16140.4 9.23856e+06 540715
16150.2 9.26226e+06 822978
16160.1 9.57241e+06 927089
16170 8.91399e+06 313371
16180.4 8.48843e+06 758402
16190 8.4771e+06 1.28924e+06
16200.1 9.67339e+06 1.32549e+06
16210 9.7888e+06 798798
16220.1 8.69142e+06 498890
16230.1 9.62496e+06 1.18713e+06
16240.4 8.65948e+06 941187
16250.9 9.07988e+06 1.34915e+06
16260 8.94181e+06 687970
16270.9 8.71384e+06 1.36176e+06
16280 8.68651e+06 980730
16290.1 8.96242e+06 897128
16300 8.84083e+06 1.17277e+06
16310 8.80682e+06 935943
16320 8.64608e+06 971692
16330.2 8.9686e+06 958973
16340 9.02321e+06 1.29284e+06
16350 8.97787e+06 968507
16360.2 9.20844e+06 1.19095e+06
16370.1 8.45982e+06 825675
16380.4 9.5786e+06 998063
16390 8.99951e+06 1.59584e+06
16400 8.79858e+06 873861
16410 9.25402e+06 481806
16420.1 8.372e+06 890280
16430.4 8.65536e+06 945854
16440.2 9.53841e+06 1.40186e+06
16450 9.06649e+06 1.59157e+06
16460 9.23032e+06 906287
16470.1 8.61208e+06 1.26175e+06
16480 8.56983e+06 809121
16490.1 8.7584e+06 905693
16500 8.69348e+06 818504
16510.2 9.34573e+06 1.26455e+06
16520.2 8.17519e+06 640393
16530 9.4127e+06 1.55796e+06
16540 8.77385e+06 1.00657e+06
16550 9.04691e+06 1.25776e+06
16560 8.89544e+06 1.32107e+06
16570 9.04382e+06 1.38955e+06
16580.4 9.0263e+06 1.32357e+06
16590.8 8.70173e+06 1.18137e+06
16600.1 7.3045e+06 913985
16610.1 9.7991e+06 1.31768e+06
16620 8.45855e+06 879476
16630 8.65948e+06 1.0091e+06
16640 8.23289e+06 792371
16650.2 8.99642e+06 1.50941e+06
16660.5 8.73882e+06 1.37809e+06
16670 7.61568e+06 846150
16680.1 8.51728e+06 1.13228e+06
16690.5 9.16746e+06 860131
16700 9.44877e+06 1.20727e+06
16710.1 8.29472e+06 1.29279e+06
16720.1 9.88772e+06 1.25503e+06
16730 9.33027e+06 553601
16740.2 8.39673e+06 1.3291e+06
16750 8.77694e+06 755275
16760 9.14686e+06 932890
16770 8.96139e+06 1.60762e+06
16780.1 8.49152e+06 1.12198e+06
16790 8.66463e+06 1.0938e+06
16800 8.45031e+06 941897
16810 8.65433e+06 1.48129e+06
16820.6 8.8501e+06 1.74088e+06
16830 7.41888e+06 1.19882e+06
16840 8.74912e+06 732767
16850 8.92429e+06 1.494e+06
16860 8.38333e+06 562716
16870 8.91708e+06 1.39078e+06
16880 8.45752e+06 702923
16890.1 8.74706e+06 1.74881e+06
16900 9.21177e+06 1.30489e+06
16910 9.07164e+06 1.24048e+06
16920 9.06443e+06 1.70044e+06
16930 9.0974e+06 840006
16940.2 9.20044e+06 1.07597e+06
16950.1 8.73676e+06 1.24927e+06
16960.1 8.44516e+06 1.02868e+06
16970 9.09946e+06 692190
16980 8.78519e+06 739959
16990.5 8.29163e+06 835721
17000.1 8.62754e+06 955325
17010 8.77076e+06 771938
17020.2 8.69451e+06 1.68555e+06
17030.2 8.08555e+06 873909
17040 8.30811e+06 863725
17050.2 8.35551e+06 1.27941e+06
17060.2 8.86659e+06 1.32129e+06
17070.2 9.03042e+06 935391
17080.4 8.90344e+06 532607
17090.1 9.5232e+06 1.32433e+06
17100 8.48019e+06 869870
17110 9.78055e+06 1.11428e+06
17120 8.64814e+06 1.36516e+06
17130.6 8.48637e+06 1.126e+06
17140 8.80682e+06 1.14648e+06
17150.9 8.34006e+06 2.58582e+06
17160.1 8.84186e+06 1.61593e+06
17170.1 8.66051e+06 817947
17180.9 7.81455e+06 609368
17190 7.86607e+06 756898
17200.1 9.90626e+06 750490
17210 8.99951e+06 572765
17220.1 8.70069e+06 1.3173e+06
17230 9.52914e+06 1.16502e+06
17240.2 8.71669e+06 1.00059e+06
17250.1 8.86605e+06 1.14483e+06
17260.2 9.05697e+06 806034
17270 8.89465e+06 1.24972e+06
17280 8.89132e+06 867754
17290 8.83258e+06 1.01556e+06
17300.1 8.95417e+06 1.60244e+06
17310 8.68627e+06 1.80498e+06
17320.2 8.3823e+06 1.2378e+06
17330.5 8.03172e+06 722584
17340 8.99048e+06 710950
17350.1 8.80683e+06 691396
17360 8.95005e+06 939167
17370 8.70069e+06 1.57179e+06
17380.2 8.63166e+06 952132
17390.1 8.60899e+06 723761
17400.2 8.56365e+06 707762
17410.1 8.76973e+06 883779
17420.1 8.88514e+06 495798
17430 9.09018e+06 1.03604e+06
17440.5 9.73006e+06 828743
17450 8.53171e+06 849698
17460 7.40033e+06 510377
17470.1 8.03609e+06 477777
17480.4 7.68163e+06 666974
17490.1 8.07112e+06 697273
17500.2 8.38127e+06 857426
17510.1 8.40703e+06 991219
17520 8.49255e+06 595443
17530.4 6.99023e+06 641950
17540.6 7.92377e+06 1.29205e+06
17550.1 8.67802e+06 1.12235e+06
17560 8.49049e+06 1.45959e+06
17570 8.83774e+06 1.36755e+06
17580 9.49077e+06 1.32479e+06
17590.2 8.86168e+06 1.03118e+06
17600 9.71152e+06 1.54349e+06
17610 7.74448e+06 1.00429e+06
17620 8.44309e+06 483506
17630.1 9.15819e+06 1.17951e+06
17640 7.74345e+06 1.56793e+06
17650.4 9.0871e+06 1.05271e+06
17660 8.71306e+06 1.49808e+06
17670.2 7.49307e+06 968811
17680.1 8.5925e+06 833924
17690 8.62754e+06 816015
17700 7.88153e+06 949686
17710.2 8.76664e+06 716334
17720 8.69245e+06 1.17017e+06
17730.1 8.09894e+06 1.21956e+06
17740 9.48277e+06 1.1922e+06
17750.2 9.27669e+06 988155
17760.4 8.3586e+06 1.135e+06
17770.2 8.27823e+06 931224
17780.2 8.70997e+06 866383
17790 7.76715e+06 905285
17800 8.20095e+06 1.37941e+06
17810 9.00981e+06 1.29855e+06
17820 9.38694e+06 1.19559e+06
17830 8.09997e+06 840447
17840 7.1417e+06 698320
17850.1 8.15252e+06 1.30751e+06
17860 8.78416e+06 697010
17870 8.33593e+06 1.10743e+06
17880 7.94335e+06 647688
17890 8.23701e+06 924639
17900 8.85216e+06 1.24721e+06
17910.1 9.13758e+06 942415
17920.5 8.5688e+06 1.02958e+06
17930.1 8.76355e+06 768820
17940.1 8.84907e+06 988658
17950 9.39828e+06 720556
17960.2 8.5111e+06 1.208e+06
17970.1 8.15767e+06 674238
17980 8.73676e+06 621390
17990.4 9.1077e+06 1.05663e+06
18000 8.66566e+06 1.39073e+06
18010 8.92429e+06 1.64056e+06
18020 9.321e+06 1.06506e+06
18030 9.28184e+06 1.26545e+06
18040.2 9.54253e+06 1.04713e+06
18050 8.62754e+06 835132
18060.2 8.11543e+06 882290
18070.9 8.5348e+06 1.42974e+06
18080.2 8.38848e+06 1.6238e+06
18090 8.67493e+06 1.18074e+06
18100.2 8.75737e+06 1.64262e+06
18110.2 8.62238e+06 831516
18120.1 7.9959e+06 1.01769e+06
18130 8.03093e+06 1.49287e+06
18140 7.69399e+06 955323
18150 8.62650e+06 599245
18160.1 8.56365e+06 1.35062e+06
18170.1 8.95314e+06 771743
18180.1 8.95623e+06 1.15428e+06
18190 8.87071e+06 1.32937e+06
18200 9.0974e+06 739527
18210 8.78725e+06 1.45814e+06
18220 8.46267e+06 747828
18230.1 9.65175e+06 1.3414e+06
18240 8.91708e+06 1.15568e+06
18250 9.47762e+06 1.1669e+06
18260 8.63166e+06 655785
18270.1 9.16644e+06 1.64694e+06
18280 9.06236e+06 917822
18290 8.40291e+06 1.82148e+06
18300 8.79446e+06 1.50102e+06
18310 9.03042e+06 813750
18320 7.73933e+06 884431
18330 8.56983e+06 1.05968e+06
18340 8.86968e+06 1.01687e+06
18350 9.89080e+06 999749
18360.2 9.21074e+06 867790
18370.1 8.85732e+06 778610
18380.1 8.5585e+06 1.35889e+06
18390 9.05927e+06 1.19283e+06
18400 9.85062e+06 1.02087e+06
18410 9.17159e+06 1.06437e+06
18420.4 8.81919e+06 1.06547e+06
18430.1 9.14892e+06 1.4579e+06
18440 8.51007e+06 1.24272e+06
18450 8.0536e+06 1.1423e+06
18460 8.21538e+06 962236
18470 9.16541e+06 1.17979e+06
18480.1 9.91657e+06 887556
18490.2 9.13243e+06 762291
18500 8.64608e+06 874618
18510.5 8.27617e+06 534687
18520 7.72078e+06 652927
18530 8.92944e+06 622222
18540 9.09843e+06 1.21677e+06
18550.1 9.4498e+06 1.13489e+06
18560 7.57756e+06 831311
18570 8.1824e+06 935013
18580 8.55747e+06 1.02285e+06
18590 9.24681e+06 1.45981e+06
18600 8.63372e+06 864050
18610 8.80374e+06 1.03918e+06
18620 9.0026e+06 770420
18630.6 8.70688e+06 920653
18640 8.406e+06 1.02113e+06
18650 9.10976e+06 1.17991e+06
18660.4 9.18704e+06 1.21794e+06
18670 9.48689e+06 1.00554e+06
18680.1 9.67339e+06 1.10323e+06
18690.4 8.30914e+06 1.14136e+06
18700.1 9.18498e+06 1.53256e+06
18710.4 9.45495e+06 932373
18720.2 8.5008e+06 954261
18730 8.7007e+06 694755
18740 8.82331e+06 1.05151e+06
18750 9.27772e+06 1.31471e+06
18760 9.02836e+06 1.20557e+06
18770.6 8.6376e+06 762847
18780 7.43252e+06 526277
18790 8.91708e+06 656131
18800 8.12058e+06 1.09106e+06
18810.4 8.60796e+06 1.18001e+06
18820 8.07421e+06 710851
18830 8.34418e+06 911858
18840 9.01703e+06 650929
18850 8.66257e+06 2.44498e+06
18860.2 9.50441e+06 1.38617e+06
18870 7.95056e+06 1.18376e+06
18880.1 8.34727e+06 983860
18890 8.54923e+06 993873
18900.2 9.20147e+06 1.141e+06
18910.2 8.05463e+06 794017
18920.5 7.79291e+06 1.22331e+06
18930.6 9.1868e+06 955996
18940 8.24859e+06 803442
18950 7.16746e+06 898035
18960.1 9.93305e+06 1.42032e+06
18970.5 8.0536e+06 1.22423e+06
18980.4 8.81919e+06 1.28e+06
18990.8 7.49616e+06 550585
19000.5 8.74603e+06 766772
19010 7.87019e+06 1.25791e+06
19020 7.4941e+06 1.00847e+06
19030.1 8.63372e+06 592274
19040 8.62651e+06 1.22861e+06
19050.1 8.65536e+06 1.04447e+06
19060 8.79343e+06 1.15278e+06
19070.1 8.67287e+06 1.01412e+06
19080 9.45392e+06 648988
19090.1 8.62444e+06 933065
19100.1 8.94902e+06 656795
19110 8.2195e+06 738816
19120.8 8.75530e+06 890492
19130 8.43691e+06 1.276e+06
19140 7.69709e+06 962668
19150.4 8.43691e+06 853668
19160.5 8.3483e+06 1.19556e+06
19170 7.98869e+06 1.12674e+06
19180 8.36169e+06 777948
19190 8.92738e+06 1.26702e+06
19200.1 9.06236e+06 900102
19210 9.40137e+06 1.30974e+06
19220 8.60487e+06 1.12697e+06
19230 9.28081e+06 1.27218e+06
19240.2 1.02545e+07 697908
19250.6 8.62032e+06 771236
19260.1 8.36375e+06 1.33722e+06
19270 8.677e+06 1.24849e+06
19280 8.2061e+06 1.38606e+06
19290.1 8.38952e+06 936264
19300.1 9.33542e+06 1.94038e+06
19310.4 8.76458e+06 794860
19320.1 8.81095e+06 932467
19330 9.36633e+06 1.23078e+06
19340.1 9.05e+06 730239
19350.1 8.47813e+06 1.06768e+06
19360.1 8.70688e+06 974544
19370 8.79652e+06 1.52536e+06
19380 8.69451e+06 941270
19390.2 9.41167e+06 1.30858e+06
19400 8.83774e+06 1.0138e+06
19410 8.34933e+06 921425
19420 9.07267e+06 643738
19430 8.24010e+06 713631
19440.1 8.89441e+06 1.24204e+06
19450 8.5585e+06 1.31079e+06
19460 8.84598e+06 690896
19470 9.03557e+06 916014
19480 8.90987e+06 925280
19490.1 8.82537e+06 1.36626e+06
19500 8.86041e+06 1.69973e+06
19510.1 8.73676e+06 1.35451e+06
19520 8.39466e+06 672585
19530 8.69863e+06 630216
19540.1 8.41012e+06 1.04469e+06
19550 8.14325e+06 1.57929e+06
19560.2 8.5008e+06 1.19977e+06
19570.1 8.34212e+06 853827
19580.8 9.3447e+06 727341
19590.1 8.62238e+06 1.61254e+06
19600.1 8.85732e+06 1.71588e+06
19610 8.81095e+06 752125
19620.5 9.43125e+06 875055
19630.2 7.47555e+06 734750
19640 7.64350e+06 572973
19650.4 8.63966e+06 968008
19660.6 9.50647e+06 632002
19670 8.99769e+06 448536
19680.1 8.79446e+06 1.22955e+06
19690 7.89492e+06 1.29703e+06
19700.1 9.27978e+06 1.99969e+06
19710 8.99642e+06 913324
19720 8.73058e+06 1.35532e+06
19730.1 8.83671e+06 1.51201e+06
19740.4 9.75788e+06 1.62244e+06
19750.1 9.1891e+06 1.3632e+06
19760 8.65948e+06 972306
19770.8 8.93769e+06 797941
19780.1 8.28235e+06 800589
19790.2 8.10718e+06 1.46595e+06
19800 9.389e+06 1.63531e+06
19810 9.3787e+06 1.32681e+06
19820 9.03351e+06 828943
19830 8.99024e+06 818585
19840.1 8.68009e+06 1.23714e+06
19850 9.30657e+06 1.24302e+06
19860.1 8.67699e+06 896713
19870 8.68421e+06 955910
19880 9.37664e+06 1.32896e+06
19890 9.00363e+06 1.06314e+06
19900.2 9.23135e+06 1.12594e+06
19910 8.43485e+06 1.22086e+06
19920 8.69039e+06 1.15834e+06
19930.2 8.53377e+06 866478
19940 9.23238e+06 829469
19950.1 8.6739e+06 957323
19960 8.60899e+06 842527
19970.1 8.86865e+06 1.18963e+06
19980 9.29421e+06 1.46762e+06
19990.4 8.67263e+06 1.0753e+06
20000.2 8.48868e+06 1.58779e+06
20010.2 8.3112e+06 1.32319e+06
20020 8.92944e+06 2.04068e+06
20030 8.94696e+06 1.09751e+06
20040 8.82434e+06 1.2583e+06
20050 8.67906e+06 1.07708e+06
20060.4 9.09843e+06 1.24737e+06
20070.1 9.14789e+06 2.44139e+06
20080 9.05309e+06 1.53769e+06
20090.2 9.23032e+06 1.45124e+06
20100.1 9.15819e+06 1.5836e+06
20110.4 8.70482e+06 1.66968e+06
20120 9.46731e+06 1.11475e+06
20130 7.95468e+06 485164
20140.2 9.31584e+06 1.70019e+06
20150 8.93872e+06 684435
20160 8.72336e+06 1.0335e+06
20170.1 8.25762e+06 725743
20180.1 9.4364e+06 998617
20190.1 9.16746e+06 691483
20200 8.77797e+06 1.02708e+06
20210.1 9.5549e+06 880499
20220.1 9.04485e+06 1.06451e+06
20230.1 8.49668e+06 761934
20240 8.82125e+06 1.03147e+06
20250.1 8.90265e+06 1.09281e+06
20260.1 8.17622e+06 1.13104e+06
20270.2 8.47092e+06 846387
20280 8.68215e+06 995379
20290 8.34212e+06 1.42441e+06
20300 8.63063e+06 1.01137e+06
20310.1 8.83877e+06 1.23371e+06
20320.1 9.11079e+06 1.24942e+06
20330.5 9.11492e+06 1.30056e+06
20340 9.19941e+06 1.3644e+06
20350.4 8.71203e+06 713142
20360.1 8.29472e+06 631751
20370 8.20198e+06 1.2892e+06
20380.1 8.51007e+06 1.14808e+06
20390.2 8.14737e+06 793453
20400.1 9.31481e+06 1.34663e+06
20410 9.0397e+06 1.29528e+06
20420 8.41424e+06 958966
20430.1 8.90265e+06 889273
20440.2 8.68009e+06 626735
20450 9.31069e+06 1.00613e+06
20460 8.37715e+06 1.38048e+06
20470.1 9.09122e+06 1.50744e+06
20480.4 8.19477e+06 1.33139e+06
20490.2 8.68318e+06 1.36987e+06
20500.2 8.87895e+06 1.18725e+06
20510 8.94181e+06 1.49412e+06
20520.1 9.94748e+06 1.62393e+06
20530.1 9.34057e+06 750358
20540 8.51213e+06 990408
20550 9.55696e+06 678648
20560 9.14583e+06 740451
20570.6 9.48586e+06 1.20932e+06
20580 9.71255e+06 1.80276e+06
20590.1 8.96035e+06 776678
20600.1 8.63578e+06 863978
20610.1 8.43382e+06 1.23601e+06
20620.1 8.38951e+06 881361
20630 7.87431e+06 900645
20640.9 9.11286e+06 663333
20650.5 8.25659e+06 820545
20660 8.09379e+06 1.49278e+06
20670.1 8.68524e+06 1.13917e+06
20680 6.65329e+06 874738
20690.5 8.86841e+06 1.31138e+06
20700 8.93587e+06 961640
20710 8.50698e+06 758162
20720.5 8.79137e+06 1.25044e+06
20730.1 7.94335e+06 903602
20740 9.02939e+06 1.3116e+06
20750 8.82537e+06 881748
20760.1 9.46216e+06 707987
20770.4 8.97993e+06 637107
20780.1 8.94078e+06 957413
20790.1 8.20507e+06 552761
20800 9.04485e+06 817244
20810.1 9.31893e+06 982335
20820.2 8.6636e+06 1.2712e+06
20830 8.67596e+06 1.27232e+06
20840 8.81816e+06 1.12118e+06
20850 8.72748e+06 538990
20860.2 9.64866e+06 816054
20870.5 8.3143e+06 767401
20880 9.00569e+06 1.15187e+06
20890.2 8.40188e+06 1.23866e+06
20900.2 8.83156e+06 2.08004e+06
20910 8.08554e+06 932083
20920.1 7.99899e+06 1.0376e+06
20930.1 8.28544e+06 866857
20940 7.95262e+06 963679
20950 8.41321e+06 1.07938e+06
20960.4 8.45752e+06 974528
20970 9.34882e+06 994646
20980.1 9.07988e+06 986458
20990.1 8.64814e+06 737621
21000 8.83156e+06 2.40518e+06
21010.1 8.61517e+06 895997
21020 8.74088e+06 1.43376e+06
21030 8.11130e+06 847494
21040 8.41939e+06 1.29158e+06
21050.5 9.18910e+06 620869
21060.2 9.42507e+06 1.17968e+06
21070.1 7.9565e+06 1.70897e+06
21080.2 9.03994e+06 1.11941e+06
21090 8.5348e+06 1.62232e+06
21100 8.76355e+06 1.64234e+06
21110.4 8.96345e+06 1.22805e+06
21120.1 7.82692e+06 1.03603e+06
21130.1 8.61929e+06 880040
21140 9.00157e+06 1.17801e+06
21150 8.16695e+06 600988
21160 9.76304e+06 864607
21170 8.50698e+06 630477
21180.4 8.4874e+06 865413
21190.2 8.85938e+06 946862
21200 8.5348e+06 1.28021e+06
21210 9.34985e+06 741358
21220.2 9.66927e+06 1.05589e+06
21230.1 8.87277e+06 1.00859e+06
21240.1 9.21177e+06 1.00169e+06
21250.2 1.01533e+07 951946
21260.2 8.15998e+06 873134
21270.8 9.15922e+06 1.46327e+06
21280.1 8.86865e+06 1.36079e+06
21290.6 8.98096e+06 1.35163e+06
21300.2 8.48328e+06 786797
21310 8.4874e+06 844308
21320 9.37664e+06 1.04873e+06
21330.9 8.0299e+06 828476
21340.1 8.02887e+06 893052
21350.1 8.66875e+06 771148
21360 9.40755e+06 1.20573e+06
21370 9.51368e+06 971690
21380 9.4364e+06 797837
21390 8.9449e+06 1.29393e+06
21400.1 8.54923e+06 1.16076e+06
21410 8.40291e+06 1.27966e+06
21420.2 8.69348e+06 1.80395e+06
21430.4 8.49771e+06 1.26972e+06
21440 9.07885e+06 1.13251e+06
21450.1 8.53892e+06 1.32187e+06
21460.2 8.24526e+06 1.20179e+06
21470.5 8.71718e+06 710269
21480 8.01651e+06 1.01096e+06
21490 8.54613e+06 1.50611e+06
21500 8.96139e+06 1.32716e+06
21510 9.05515e+06 1.39417e+06
21520 8.82434e+06 1.27422e+06
21530.4 9.1891e+06 1.181e+06
21540.9 9.05103e+06 973049
21550 8.53068e+06 1.18541e+06
21560 9.36118e+06 1.18568e+06
21570.5 9.28287e+06 1.17003e+06
21580.2 8.5925e+06 949497
21590 1.33416e+07 2.21182e+06
