# TimeStamp(s) Sum Stdev
0 5.47658e+06 0
10 5.00877e+06 0
20 5.34262e+06 0
30 4.91192e+06 0
40 4.99538e+06 0
50 4.83258e+06 0
60 4.85318e+06 0
70 5.10563e+06 0
80 3.898e+06 0
90 4.61619e+06 0
100 4.91192e+06 0
110 4.83154e+06 0
120 4.47194e+06 0
130 5.12006e+06 0
140 4.60177e+06 0
150 4.99538e+06 0
160 5.44463e+06 0
170 4.81918e+06 0
180 4.93768e+06 0
190 4.40908e+06 0
200 4.76972e+06 0
210 4.7656e+06 0
220 5.28904e+06 0
230 5.35499e+06 0
240 5.21382e+06 0
250 4.16797e+06 0
260 5.01908e+06 0
270 4.58219e+06 0
280 5.0232e+06 0
290 4.65432e+06 0
300 3.72902e+06 0
310 4.33901e+06 0
320 4.45648e+06 0
330 4.83464e+06 0
340 4.95725e+06 0
350 4.69244e+06 0
360 5.53737e+06 0
370 5.10357e+06 0
380 5.16436e+06 0
390 5.08399e+06 0
400 5.31686e+06 0
410 5.44566e+06 0
420 4.98404e+06 0
430 3.80012e+06 0
440 4.92737e+06 0
450 5.62701e+06 0
460 5.36735e+06 0
470 4.95622e+06 0
480 5.20558e+06 0
490 5.14891e+06 0
500 4.7182e+06 0
510 4.39053e+06 0
520 4.14633e+06 0
530 4.40084e+06 0
540 4.62856e+06 0
550 4.83439e+06 0
560 4.92762e+06 0
570 5.18291e+06 0
580 5.423e+06 0
590 5.15303e+06 0
600 5.70326e+06 0
610 5.33438e+06 0
620 4.81712e+06 0
630 5.45906e+06 0
640 5.47348e+06 0
650 5.38899e+06 0
660 5.36323e+06 0
670 5.27462e+06 0
680 5.27874e+06 0
690 5.22207e+06 0
700 4.79754e+06 0
710 5.12212e+06 0
720 5.12315e+06 0
730 4.62237e+06 0
740 4.97065e+06 0
750 4.48533e+06 0
760 4.43278e+06 0
770 4.07523e+06 0
780 4.8367e+06 0
790 5.73418e+06 0
800 5.45391e+06 0
810 5.13036e+06 0
820 5.26534e+06 0
830 5.57034e+06 0
840 4.71202e+06 0
850 4.40393e+06 0
860 4.68523e+06 0
870 5.05308e+06 0
880 4.8707e+06 0
890 4.6234e+06 0
900 4.94386e+06 0
910 4.80476e+06 0
920 5.2571e+06 0
930 4.52036e+06 0
940 5.29213e+06 0
950 5.19012e+06 0
960 4.63783e+06 0
970 4.81403e+06 0
980 4.67905e+06 0
990 4.45957e+06 0
1000 3.86091e+06 0
1010 4.49048e+06 0
1020 4.4369e+06 0
1030 4.82845e+06 0
1040 5.423e+06 0
1050 4.9521e+06 0
1060 4.65947e+06 0
1070 4.68729e+06 0
1080 4.04329e+06 0
1090 4.51727e+06 0
1100 4.51212e+06 0
1110 5.06545e+06 0
1120 4.85112e+06 0
1130 4.85730e+06 0
1140 5.24886e+06 0
1150 5.39208e+06 0
1160 4.63989e+06 0
1170 4.63062e+06 0
1180 4.69656e+06 0
1190 4.66462e+06 0
1200 5.07369e+06 0
1210 5.10357e+06 0
1220 5.20867e+06 0
1230 4.99641e+06 0
1240 5.68266e+06 0
1250 4.79651e+06 0
1260 5.60538e+06 0
1270 5.76406e+06 0
1280 5.40857e+06 0
1290 5.30862e+06 0
1300 4.95313e+06 0
1310 4.81506e+06 0
1320 5.22104e+06 0
1330 5.10254e+06 0
1340 4.9078e+06 0
1350 4.93252e+06 0
1360 4.88694e+06 0
1370 5.18109e+06 0
1380 4.87791e+06 0
1390 4.82433e+06 0
1400 4.89955e+06 0
1410 5.26328e+06 0
1420 4.82639e+06 0
1430 4.43999e+06 0
1440 4.95313e+06 0
1450 4.22258e+06 0
1460 5.47864e+06 0
1470 5.1757e+06 0
1480 5.24268e+06 0
1490 4.92634e+06 0
1500 4.847e+06 0
1510 5.21898e+06 0
1520 5.24886e+06 0
1530 5.3756e+06 0
1540 4.18548e+06 0
1550 4.93458e+06 0
1560 4.97992e+06 0
1570 5.19631e+06 0
1580 4.13293e+06 0
1590 4.91192e+06 0
1600 5.39208e+06 0
1610 5.17879e+06 0
1620 4.89646e+06 0
1630 4.41938e+06 0
1640 4.6708e+06 0
1650 4.779e+06 0
1660 5.13139e+06 0
1670 4.69862e+06 0
1680 5.29522e+06 0
1690 3.96498e+06 0
1700 5.02526e+06 0
1710 5.07781e+06 0
1720 4.85009e+06 0
1730 4.63268e+06 0
1740 4.48327e+06 0
1750 5.11284e+06 0
1760 4.95828e+06 0
1770 4.95622e+06 0
1780 5.06338e+06 0
1790 5.19218e+06 0
1800 4.57498e+06 0
1810 5.22207e+06 0
1820 5.06957e+06 0
1830 4.70481e+06 0
1840 4.84803e+06 0
1850 5.37766e+06 0
1860 5.35602e+06 0
1870 5.28183e+06 0
1880 5.54973e+06 0
1890 4.65432e+06 0
1900 4.39672e+06 0
1910 4.96962e+06 0
1920 5.0335e+06 0
1930 4.57085e+06 0
1940 4.99847e+06 0
1950 5.1283e+06 0
1960 4.55128e+06 0
1970 4.85009e+06 0
1980 5.09327e+06 0
1990 5.01908e+06 0
2000 4.48018e+06 0
2010 5.09327e+06 0
2020 4.68523e+06 0
2030 4.50285e+06 0
2040 5.00671e+06 0
2050 4.58322e+06 0
2060 5.11903e+06 0
2070 4.7759e+06 0
2080 5.42609e+06 0
2090 5.32408e+06 0
2100 5.56931e+06 0
2110 5.05205e+06 0
2120 4.38744e+06 0
2130 5.48173e+06 0
2140 4.99744e+06 0
2150 4.62546e+06 0
2160 4.19476e+06 0
2170 4.63577e+06 0
2180 5.11594e+06 0
2190 5.36529e+06 0
2200 5.0809e+06 0
2210 4.95107e+06 0
2220 5.54046e+06 0
2230 4.72438e+06 0
2240 4.74499e+06 0
2250 4.89337e+06 0
2260 5.24989e+06 0
2270 5.69605e+06 0
2280 5.65277e+06 0
2290 5.48997e+06 0
2300 5.51058e+06 0
2310 4.52449e+06 0
2320 5.01084e+06 0
2330 4.41423e+06 0
2340 5.17467e+06 0
2350 5.491e+06 0
2360 5.39208e+06 0
2370 5.59713e+06 0
2380 4.87379e+06 0
2390 5.26946e+06 0
2400 4.67802e+06 0
2410 4.50594e+06 0
2420 5.60022e+06 0
2430 5.3756e+06 0
2440 5.4673e+06 0
2450 4.93665e+06 0
2460 5.31789e+06 0
2470 5.51985e+06 0
2480 5.30965e+06 0
2490 5.05308e+06 0
2500 5.3756e+06 0
2510 5.16642e+06 0
2520 5.13345e+06 0
2530 4.71923e+06 0
2540 4.72026e+06 0
2550 5.2705e+06 0
2560 5.47039e+06 0
2570 5.42609e+06 0
2580 5.19837e+06 0
2590 5.22825e+06 0
2600 5.02629e+06 0
2610 5.37457e+06 0
2620 5.25916e+06 0
2630 5.58477e+06 0
2640 5.19322e+06 0
2650 4.7522e+06 0
2660 5.23134e+06 0
2670 4.93768e+06 0
2680 4.71693e+06 0
2690 5.03272e+06 0
2700 4.93562e+06 0
2710 5.0335e+06 0
2720 4.6028e+06 0
2730 4.77487e+06 0
2740 5.2097e+06 0
2750 4.96653e+06 0
2760 4.97992e+06 0
2770 4.73778e+06 0
2780 4.89749e+06 0
2790 4.58837e+06 0
2800 4.96756e+06 0
2810 5.04484e+06 0
2820 4.86864e+06 0
2830 4.75942e+06 0
2840 5.42609e+06 0
2850 5.14685e+06 0
2860 4.34623e+06 0
2870 4.57292e+06 0
2880 5.20764e+06 0
2890 5.42196e+06 0
2900 4.41836e+06 0
2910 4.88616e+06 0
2920 5.3045e+06 0
2930 4.90573e+06 0
2940 4.25143e+06 0
2950 4.98714e+06 0
2960 4.78209e+06 0
2970 5.02629e+06 0
2980 4.68214e+06 0
2990 4.847e+06 0
3000 5.02526e+06 0
3010 4.87276e+06 0
3020 5.26946e+06 0
3030 4.89955e+06 0
3040 4.51315e+06 0
3050 4.48739e+06 0
3060 4.96241e+06 0
3070 5.12006e+06 0
3080 5.09533e+06 0
3090 4.93562e+06 0
3100 5.09945e+06 0
3110 4.83258e+06 0
3120 4.7522e+06 0
3130 4.89955e+06 0
3140 4.53685e+06 0
3150 4.89131e+06 0
3160 4.6234e+06 0
3170 5.07987e+06 0
3180 5.30141e+06 0
3190 4.81815e+06 0
3200 4.56158e+06 0
3210 5.03041e+06 0
3220 5.17467e+06 0
3230 5.20558e+06 0
3240 5.31377e+06 0
3250 5.08296e+06 0
3260 5.07781e+06 0
3270 4.61516e+06 0
3280 5.17776e+06 0
3290 5.40857e+06 0
3300 5.14891e+06 0
3310 4.83052e+06 0
3320 4.43587e+06 0
3330 3.94643e+06 0
3340 4.87482e+06 0
3350 4.57394e+06 0
3360 4.30192e+06 0
3370 4.9418e+06 0
3380 5.15097e+06 0
3390 5.21898e+06 0
3400 5.02217e+06 0
3410 4.98508e+06 0
3420 5.41681e+06 0
3430 5.16127e+06 0
3440 4.80682e+06 0
3450 4.77075e+06 0
3460 4.881e+06 0
3470 4.93149e+06 0
3480 5.03041e+06 0
3490 4.73263e+06 0
3500 4.59249e+06 0
3510 4.73469e+06 0
3520 4.75426e+06 0
3530 4.7893e+06 0
3540 5.18806e+06 0
3550 5.52706e+06 0
3560 5.0469e+06 0
3570 4.66977e+06 0
3580 4.89028e+06 0
3590 5.48276e+06 0
3600 4.38229e+06 0
3610 5.00156e+06 0
3620 5.23752e+06 0
3630 5.06338e+06 0
3640 4.92119e+06 0
3650 5.41372e+06 0
3660 4.93768e+06 0
3670 4.72438e+06 0
3680 5.14582e+06 0
3690 5.03762e+06 0
3700 4.99847e+06 0
3710 4.61516e+06 0
3720 5.14479e+06 0
3730 4.81609e+06 0
3740 4.35447e+06 0
3750 4.66462e+06 0
3760 4.91192e+06 0
3770 4.35962e+06 0
3780 5.09739e+06 0
3790 5.07369e+06 0
3800 5.06854e+06 0
3810 4.74087e+06 0
3820 5.16952e+06 0
3830 5.17982e+06 0
3840 4.34932e+06 0
3850 5.41166e+06 0
3860 5.36426e+06 0
3870 5.58992e+06 0
3880 5.05411e+06 0
3890 5.13448e+06 0
3900 5.35602e+06 0
3910 5.0335e+06 0
3920 5.37354e+06 0
3930 4.63474e+06 0
3940 5.09533e+06 0
3950 5.36941e+06 0
3960 5.00465e+06 0
3970 5.09945e+06 0
3980 5.27256e+06 0
3990 4.71202e+06 0
4000 4.84494e+06 0
4010 4.83052e+06 0
4020 4.87276e+06 0
4030 5.04896e+06 0
4040 4.88616e+06 0
4050 4.81506e+06 0
4060 4.02371e+06 0
4070 4.93149e+06 0
4080 5.15303e+06 0
4090 5.08296e+06 0
4100 4.92634e+06 0
4110 5.21382e+06 0
4120 4.87997e+06 0
4130 4.77796e+06 0
4140 4.9284e+06 0
4150 4.57498e+06 0
4160 4.66668e+06 0
4170 4.51727e+06 0
4180 4.96756e+06 0
4190 4.95416e+06 0
4200 5.16746e+06 0
4210 4.99641e+06 0
4220 5.65896e+06 0
4230 5.60847e+06 0
4240 5.26019e+06 0
4250 4.84906e+06 0
4260 4.83361e+06 0
4270 5.32408e+06 0
4280 5.03453e+06 0
4290 4.68935e+06 0
4300 4.95004e+06 0
4310 4.779e+06 0
4320 4.83052e+06 0
4330 5.1046e+06 0
4340 5.22001e+06 0
4350 4.93871e+06 0
4360 5.10254e+06 0
4370 5.48173e+06 0
4380 5.39311e+06 0
4390 4.6842e+06 0
4400 5.02835e+06 0
4410 4.51109e+06 0
4420 4.31738e+06 0
4430 4.57085e+06 0
4440 5.05308e+06 0
4450 5.14994e+06 0
4460 5.28286e+06 0
4470 5.18703e+06 0
4480 5.38796e+06 0
4490 5.22516e+06 0
4500 5.00568e+06 0
4510 4.81094e+06 0
4520 5.28698e+06 0
4530 5.14994e+06 0
4540 4.64401e+06 0
4550 5.27153e+06 0
4560 5.19116e+06 0
4570 4.86658e+06 0
4580 4.87791e+06 0
4590 5.10048e+06 0
4600 5.1994e+06 0
4610 5.63732e+06 0
4620 5.17158e+06 0
4630 5.01805e+06 0
4640 5.23855e+06 0
4650 5.2231e+06 0
4660 4.77487e+06 0
4670 4.70687e+06 0
4680 4.41423e+06 0
4690 4.86349e+06 0
4700 4.39053e+06 0
4710 4.96344e+06 0
4720 4.75117e+06 0
4730 4.52012e+06 0
4740 4.93586e+06 0
4750 4.87173e+06 0
4760 4.77796e+06 0
4770 4.54406e+06 0
4780 4.83567e+06 0
4790 4.86143e+06 0
4800 5.43639e+06 0
4810 5.12521e+06 0
4820 5.30656e+06 0
4830 5.16127e+06 0
4840 4.99126e+06 0
4850 5.14891e+06 0
4860 5.17055e+06 0
4870 5.00362e+06 0
4880 4.7522e+06 0
4890 5.0129e+06 0
4900 4.68214e+06 0
4910 4.62444e+06 0
4920 4.6502e+06 0
4930 4.9655e+06 0
4940 5.00259e+06 0
4950 4.94386e+06 0
4960 5.08502e+06 0
4970 4.72748e+06 0
4980 4.99744e+06 0
4990 5.3756e+06 0
5000 5.10048e+06 0
5010 5.49718e+06 0
5020 5.07678e+06 0
5030 5.42609e+06 0
5040 5.52294e+06 0
5050 5.19218e+06 0
5060 4.29058e+06 0
5070 4.94489e+06 0
5080 5.4096e+06 0
5090 5.31377e+06 0
5100 5.18394e+06 0
5110 4.96447e+06 0
5120 4.2164e+06 0
5130 4.83979e+06 0
5140 4.85524e+06 0
5150 4.85009e+06 0
5160 5.10769e+06 0
5170 4.99538e+06 0
5180 5.152e+06 0
5190 5.19425e+06 0
5200 4.41732e+06 0
5210 4.779e+06 0
5220 4.82845e+06 0
5230 4.88719e+06 0
5240 4.83979e+06 0
5250 5.28801e+06 0
5260 5.20455e+06 0
5270 5.04587e+06 0
5280 5.03247e+06 0
5290 5.03866e+06 0
5300 5.03866e+06 0
5310 5.02629e+06 0
5320 4.79033e+06 0
5330 5.17158e+06 0
5340 4.64195e+06 0
5350 5.22104e+06 0
5360 4.74911e+06 0
5370 4.81094e+06 0
5380 4.83258e+06 0
5390 4.89646e+06 0
5400 4.87688e+06 0
5410 4.97889e+06 0
5420 4.73263e+06 0
5430 5.43227e+06 0
5440 5.66102e+06 0
5450 5.14376e+06 0
5460 5.25504e+06 0
5470 5.36426e+06 0
5480 5.49409e+06 0
5490 4.43587e+06 0
5500 5.06545e+06 0
5510 5.0366e+06 0
5520 4.66874e+06 0
5530 4.3689e+06 0
5540 4.62444e+06 0
5550 4.57394e+06 0
5560 4.68111e+06 0
5570 5.4807e+06 0
5580 4.66874e+06 0
5590 4.81712e+06 0
5600 5.22104e+06 0
5610 5.19218e+06 0
5620 5.38796e+06 0
5630 5.08193e+06 0
5640 4.57394e+06 0
5650 5.39826e+06 0
5660 5.23443e+06 0
5670 4.87688e+06 0
5680 4.97992e+06 0
5690 5.33953e+06 0
5700 5.04999e+06 0
5710 5.11594e+06 0
5720 5.08399e+06 0
5730 4.79548e+06 0
5740 4.6945e+06 0
5750 4.21330e+06 0
5760 4.64401e+06 0
5770 4.92016e+06 0
5780 5.16849e+06 0
5790 5.41681e+06 0
5800 5.4807e+06 0
5810 5.57137e+06 0
5820 5.50337e+06 0
5830 5.00156e+06 0
5840 5.23958e+06 0
5850 5.17776e+06 0
5860 5.18909e+06 0
5870 5.64659e+06 0
5880 5.20558e+06 0
5890 5.13448e+06 0
5900 5.06132e+06 0
5910 4.89234e+06 0
5920 4.71202e+06 0
5930 5.40445e+06 0
5940 4.77796e+06 0
5950 5.51161e+06 0
5960 4.69244e+06 0
5970 4.2401e+06 0
5980 4.6368e+06 0
5990 4.74602e+06 0
6000 4.81403e+06 0
6010 4.70893e+06 0
6020 5.457e+06 0
6030 5.42196e+06 0
6040 4.28956e+06 0
6050 4.69141e+06 0
6060 5.33541e+06 0
6070 4.76972e+06 0
6080 5.2231e+06 0
6090 4.92943e+06 0
6100 4.96344e+06 0
6110 5.66308e+06 0
6120 5.18291e+06 0
6130 4.94901e+06 0
6140 5.38384e+06 0
6150 4.76663e+06 0
6160 4.90161e+06 0
6170 5.423e+06 0
6180 5.50749e+06 0
6190 4.92119e+06 0
6200 4.78724e+06 0
6210 5.0366e+06 0
6220 4.81918e+06 0
6230 4.53273e+06 0
6240 4.47606e+06 0
6250 5.02526e+06 0
6260 5.37457e+06 0
6270 4.90367e+06 0
6280 5.12727e+06 0
6290 5.54149e+06 0
6300 5.47967e+06 0
6310 5.2334e+06 0
6320 5.11903e+06 0
6330 4.53582e+06 0
6340 5.23134e+06 0
6350 4.70687e+06 0
6360 5.59919e+06 0
6370 5.4333e+06 0
6380 5.39002e+06 0
6390 5.45494e+06 0
6400 5.20455e+06 0
6410 5.16333e+06 0
6420 4.60795e+06 0
6430 4.70172e+06 0
6440 4.51727e+06 0
6450 5.15921e+06 0
6460 5.08296e+06 0
6470 4.79754e+06 0
6480 5.30141e+06 0
6490 4.66565e+06 0
6500 5.17364e+06 0
6510 5.5384e+06 0
6520 5.07884e+06 0
6530 4.8707e+06 0
6540 4.6211e+06 0
6550 5.06363e+06 0
6560 5.22722e+06 0
6570 5.39002e+06 0
6580 5.13551e+06 0
6590 4.99023e+06 0
6600 4.86555e+06 0
6610 5.27874e+06 0
6620 5.4333e+06 0
6630 5.55489e+06 0
6640 5.52294e+06 0
6650 5.13964e+06 0
6660 5.10563e+06 0
6670 5.25813e+06 0
6680 5.40548e+06 0
6690 5.32408e+06 0
6700 5.54046e+06 0
6710 5.57446e+06 0
6720 5.65071e+06 0
6730 5.79394e+06 0
6740 5.7486e+06 0
6750 5.41063e+06 0
6760 5.45597e+06 0
6770 5.0469e+06 0
6780 5.22001e+06 0
6790 4.65432e+06 0
6800 5.33953e+06 0
6810 5.06442e+06 0
6820 4.98508e+06 0
6830 5.12109e+06 0
6840 5.12315e+06 0
6850 4.66977e+06 0
6860 5.16024e+06 0
6870 5.14376e+06 0
6880 4.59868e+06 0
6890 4.69141e+06 0
6900 4.79445e+06 0
6910 4.74911e+06 0
6920 3.94128e+06 0
6930 5.21176e+06 0
6940 5.11490e+06 0
6950 5.32305e+06 0
6960 5.19116e+06 0
6970 5.13551e+06 0
6980 5.28698e+06 0
6990 5.55695e+06 0
7000 5.46627e+06 0
7010 5.41887e+06 0
7020 5.31274e+06 0
7030 5.47452e+06 0
7040 5.31583e+06 0
7050 5.29316e+06 0
7060 5.00259e+06 0
7070 5.46627e+06 0
7080 5.35911e+06 0
7090 5.09327e+06 0
7100 5.31171e+06 0
7110 4.71614e+06 0
7120 5.30759e+06 0
7130 5.2231e+06 0
7140 4.13809e+06 0
7150 5.02629e+06 0
7160 4.95519e+06 0
7170 4.96447e+06 0
7180 5.5281e+06 0
7190 5.34468e+06 0
7200 5.30656e+06 0
7210 5.28492e+06 0
7220 5.08193e+06 0
7230 5.04278e+06 0
7240 5.25195e+06 0
7250 5.19734e+06 0
7260 5.1046e+06 0
7270 5.37457e+06 0
7280 4.99847e+06 0
7290 4.90367e+06 0
7300 5.21692e+06 0
7310 5.14479e+06 0
7320 4.72748e+06 0
7330 5.17364e+06 0
7340 5.2705e+06 0
7350 4.95004e+06 0
7360 5.3148e+06 0
7370 5.2808e+06 0
7380 4.43381e+06 0
7390 4.53788e+06 0
7400 5.12497e+06 0
7410 5.07496e+06 0
7420 5.39105e+06 0
7430 4.8604e+06 0
7440 5.02011e+06 0
7450 5.19734e+06 0
7460 4.76663e+06 0
7470 4.92737e+06 0
7480 4.3318e+06 0
7490 5.17055e+06 0
7500 4.47297e+06 0
7510 5.17364e+06 0
7520 5.33335e+06 0
7530 5.08193e+06 0
7540 4.92325e+06 0
7550 5.25916e+06 0
7560 5.1757e+06 0
7570 5.12624e+06 0
7580 5.29213e+06 0
7590 4.69244e+06 0
7600 4.78002e+06 0
7610 4.34829e+06 0
7620 4.73469e+06 0
7630 4.49976e+06 0
7640 4.9047e+06 0
7650 4.75839e+06 0
7660 5.22413e+06 0
7670 5.08605e+06 0
7680 5.49821e+06 0
7690 4.98198e+06 0
7700 4.80269e+06 0
7710 5.28492e+06 0
7720 5.33026e+06 0
7730 5.1386e+06 0
7740 4.74911e+06 0
7750 4.76663e+06 0
7760 4.94386e+06 0
7770 5.22619e+06 0
7780 4.77178e+06 0
7790 4.88719e+06 0
7800 4.76457e+06 0
7810 5.3859e+06 0
7820 5.47142e+06 0
7830 5.1386e+06 0
7840 5.02526e+06 0
7850 5.25195e+06 0
7860 5.02011e+06 0
7870 5.19322e+06 0
7880 4.83876e+06 0
7890 4.33283e+06 0
7900 5.14479e+06 0
7910 5.28492e+06 0
7920 5.18909e+06 0
7930 5.57137e+06 0
7940 5.07369e+06 0
7950 5.17158e+06 0
7960 4.90058e+06 0
7970 4.86658e+06 0
7980 4.75426e+06 0
7990 4.7656e+06 0
8000 5.20764e+06 0
8010 5.2231e+06 0
8020 5.22207e+06 0
8030 5.21382e+06 0
8040 5.00877e+06 0
8050 5.14376e+06 0
8060 5.00465e+06 0
8070 5.07472e+06 0
8080 5.45082e+06 0
8090 4.89543e+06 0
8100 5.14685e+06 0
8110 5.09121e+06 0
8120 4.27822e+06 0
8130 4.75014e+06 0
8140 4.62546e+06 0
8150 4.94489e+06 0
8160 3.8774e+06 0
8170 4.7759e+06 0
8180 5.08812e+06 0
8190 4.99514e+06 0
8200 4.41036e+06 0
8210 5.12418e+06 0
8220 5.34572e+06 0
8230 4.52346e+06 0
8240 5.1654e+06 0
8250 5.25504e+06 0
8260 4.82124e+06 0
8270 5.19734e+06 0
8280 5.11078e+06 0
8290 4.86555e+06 0
8300 5.18085e+06 0
8310 5.12315e+06 0
8320 5.67132e+06 0
8330 5.07884e+06 0
8340 4.94592e+06 0
8350 4.83979e+06 0
8360 4.35859e+06 0
8370 5.18394e+06 0
8380 5.37972e+06 0
8390 5.14479e+06 0
8400 5.16952e+06 0
8410 4.72026e+06 0
8420 4.58528e+06 0
8430 4.59352e+06 0
8440 5.0572e+06 0
8450 5.24370e+06 0
8460 4.60177e+06 0
8470 5.49512e+06 0
8480 4.1082e+06 0
8490 5.07781e+06 0
8500 4.71693e+06 0
8510 4.47012e+06 0
8520 4.28543e+06 0
8530 4.86658e+06 0
8540 4.94077e+06 0
8550 4.84391e+06 0
8560 5.21588e+06 0
8570 4.97271e+06 0
8580 5.26019e+06 0
8590 4.54818e+06 0
8600 5.18497e+06 0
8610 4.64092e+06 0
8620 5.43021e+06 0
8630 4.98610e+06 0
8640 5.04175e+06 0
8650 4.49254e+06 0
8660 4.84391e+06 0
8670 5.1386e+06 0
8680 5.33335e+06 0
8690 4.43587e+06 0
8700 4.58631e+06 0
8710 4.82742e+06 0
8720 4.77487e+06 0
8730 5.13654e+06 0
8740 5.38281e+06 0
8750 5.27462e+06 0
8760 5.17364e+06 0
8770 5.02423e+06 0
8780 5.28595e+06 0
8790 5.16024e+06 0
8800 5.09842e+06 0
8810 4.91295e+06 0
8820 5.2231e+06 0
8830 5.06957e+06 0
8840 5.39414e+06 0
8850 5.40754e+06 0
8860 5.14376e+06 0
8870 5.36014e+06 0
8880 5.23649e+06 0
8890 5.02938e+06 0
8900 5.31686e+06 0
8910 4.73984e+06 0
8920 4.42145e+06 0
8930 5.56107e+06 0
8940 5.92995e+06 0
8950 5.21176e+06 0
8960 5.82691e+06 0
8970 5.50749e+06 0
8980 5.84031e+06 0
8990 5.61362e+06 0
9000 5.65484e+06 0
9010 5.41269e+06 0
9020 5.45288e+06 0
9030 5.63526e+06 0
9040 5.62186e+06 0
9050 5.88668e+06 0
9060 5.76818e+06 0
9070 5.29626e+06 0
9080 5.38075e+06 0
9090 5.84237e+06 0
9100 5.80527e+06 0
9110 5.60744e+06 0
9120 5.40857e+06 0
9130 5.43021e+06 0
9140 4.84391e+06 0
9150 5.51779e+06 0
9160 5.63423e+06 0
9170 5.55386e+06 0
9180 5.51367e+06 0
9190 5.26946e+06 0
9200 5.15921e+06 0
9210 4.30192e+06 0
9220 5.71872e+06 0
9230 4.61413e+06 0
9240 4.79136e+06 0
9250 5.43227e+06 0
9260 5.77951e+06 0
9270 5.61156e+06 0
9280 4.89646e+06 0
9290 5.77333e+06 0
9300 5.46009e+06 0
9310 4.97683e+06 0
9320 5.91965e+06 0
9330 5.78776e+06 0
9340 5.74242e+06 0
9350 5.56725e+06 0
9360 5.57962e+06 0
9370 5.9722e+06 0
9380 5.6095e+06 0
9390 5.6909e+06 0
9400 5.92686e+06 0
9410 5.88564e+06 0
9420 5.36426e+06 0
9430 5.37457e+06 0
9440 5.50852e+06 0
9450 5.14788e+06 0
9460 5.68472e+06 0
9470 5.32511e+06 0
9480 5.64968e+06 0
9490 5.16127e+06 0
9500 4.62031e+06 0
9510 5.1757e+06 0
9520 5.38281e+06 0
9530 5.74757e+06 0
9540 5.54252e+06 0
9550 5.44772e+06 0
9560 5.65586e+06 0
9570 5.37766e+06 0
9580 5.19012e+06 0
9590 4.94077e+06 0
9600 5.21898e+06 0
9610 5.44566e+06 0
9620 5.5961e+06 0
9630 5.55464e+06 0
9640 5.56028e+06 0
9650 5.77745e+06 0
9660 5.64453e+06 0
9670 5.42712e+06 0
9680 5.39414e+06 0
9690 5.37250e+06 0
9700 5.762e+06 0
9710 5.49924e+06 0
9720 5.24268e+06 0
9730 5.78776e+06 0
9740 5.63938e+06 0
9750 5.06236e+06 0
9760 4.99126e+06 0
9770 5.56622e+06 0
9780 5.48482e+06 0
9790 5.0129e+06 0
9800 5.54355e+06 0
9810 5.6775e+06 0
9820 5.64247e+06 0
9830 5.8197e+06 0
9840 5.86194e+06 0
9850 5.72078e+06 0
9860 5.83722e+06 0
9870 5.14273e+06 0
9880 4.96859e+06 0
9890 5.58374e+06 0
9900 5.65793e+06 0
9910 5.4096e+06 0
9920 5.60847e+06 0
9930 5.39105e+06 0
9940 4.92016e+06 0
9950 6.03814e+06 0
9960 5.68369e+06 0
9970 5.52191e+06 0
9980 5.74551e+06 0
9990 5.44154e+06 0
10000 5.39724e+06 0
10010 5.45082e+06 0
10020 5.27668e+06 0
10030 5.72902e+06 0
10040 5.84443e+06 0
10050 5.68884e+06 0
10060 5.36632e+06 0
10070 4.83464e+06 0
10080 5.72181e+06 0
10090 5.94026e+06 0
10100 5.67132e+06 0
10110 5.43845e+06 0
10120 5.63938e+06 0
10130 5.85576e+06 0
10140 5.72696e+06 0
10150 5.54252e+06 0
10160 4.88719e+06 0
10170 5.20661e+06 0
10180 5.97117e+06 0
10190 5.69605e+06 0
10200 5.42506e+06 0
10210 5.70429e+06 0
10220 5.17879e+06 0
10230 5.04587e+06 0
10240 5.09739e+06 0
10250 5.63732e+06 0
10260 5.89389e+06 0
10270 5.84237e+06 0
10280 5.90316e+06 0
10290 6.15252e+06 0
10300 5.28698e+06 0
10310 5.49203e+06 0
10320 5.87946e+06 0
10330 5.22516e+06 0
10340 5.75375e+06 0
10350 5.65277e+06 0
10360 5.43227e+06 0
10370 5.34984e+06 0
10380 5.38487e+06 0
10390 5.5487e+06 0
10400 5.74345e+06 0
10410 5.57652e+06 0
10420 5.82382e+06 0
10430 5.72387e+06 0
10440 5.72593e+06 0
10450 5.79085e+06 0
10460 5.55695e+06 0
10470 5.41063e+06 0
10480 5.31996e+06 0
10490 5.76303e+06 0
10500 5.6775e+06 0
10510 5.73212e+06 0
10520 5.10872e+06 0
10530 4.8707e+06 0
10540 5.54767e+06 0
10550 6.00723e+06 0
10560 5.63732e+06 0
10570 5.94953e+06 0
10580 4.78106e+06 0
10590 5.43948e+06 0
10600 5.49821e+06 0
10610 5.47967e+06 0
10620 4.97374e+06 0
10630 5.3282e+06 0
10640 5.35396e+06 0
10650 5.17055e+06 0
10660 5.3622e+06 0
10670 5.1757e+06 0
10680 5.14788e+06 0
10690 5.20867e+06 0
10700 5.50130e+06 0
10710 5.76406e+06 0
10720 5.18085e+06 0
10730 5.37250e+06 0
10740 5.27565e+06 0
10750 5.60641e+06 0
10760 5.51264e+06 0
10770 5.78054e+06 0
10780 5.90831e+06 0
10790 4.88513e+06 0
10800 5.64968e+06 0
10810 5.58168e+06 0
10820 5.27256e+06 0
10830 5.09327e+06 0
10840 5.34056e+06 0
10850 5.38796e+06 0
10860 5.76715e+06 0
10870 4.87379e+06 0
10880 5.34365e+06 0
10890 5.64865e+06 0
10900 5.73521e+06 0
10910 5.83825e+06 0
10920 4.83052e+06 0
10930 5.35396e+06 0
10940 5.68987e+06 0
10950 5.47554e+06 0
10960 5.68678e+06 0
10970 5.31686e+06 0
10980 5.57858e+06 0
10990 5.69605e+06 0
11000 5.53325e+06 0
11010 5.37250e+06 0
11020 5.57034e+06 0
11030 5.0469e+06 0
11040 5.85679e+06 0
11050 5.53943e+06 0
11060 6.04226e+06 0
11070 5.6332e+06 0
11080 5.50234e+06 0
11090 5.31171e+06 0
11100 5.4436e+06 0
11110 5.79806e+06 0
11120 5.95056e+06 0
11130 5.4199e+06 0
11140 5.88874e+06 0
11150 5.5961e+06 0
11160 5.66823e+06 0
11170 5.37457e+06 0
11180 5.24268e+06 0
11190 5.48585e+06 0
11200 5.57034e+06 0
11210 5.08812e+06 0
11220 5.33335e+06 0
11230 5.38384e+06 0
11240 5.62083e+06 0
11250 5.59301e+06 0
11260 5.11878e+06 0
11270 5.17903e+06 0
11280 5.12109e+06 0
11290 5.27359e+06 0
11300 5.31377e+06 0
11310 5.47452e+06 0
11320 4.95932e+06 0
11330 5.6909e+06 0
11340 5.36014e+06 0
11350 4.9892e+06 0
11360 5.45803e+06 0
11370 5.29935e+06 0
11380 5.56519e+06 0
11390 5.20661e+06 0
11400 5.40033e+06 0
11410 5.14376e+06 0
11420 5.78879e+06 0
11430 5.77745e+06 0
11440 5.88358e+06 0
11450 5.56313e+06 0
11460 5.21588e+06 0
11470 5.58683e+06 0
11480 5.6672e+06 0
11490 5.04999e+06 0
11500 5.83618e+06 0
11510 5.85885e+06 0
11520 5.54252e+06 0
11530 5.20764e+06 0
11540 5.43536e+06 0
11550 4.98404e+06 0
11560 5.3148e+06 0
11570 5.7857e+06 0
11580 5.68884e+06 0
11590 5.7826e+06 0
11600 5.88461e+06 0
11610 5.04793e+06 0
11620 5.72387e+06 0
11630 5.54561e+06 0
11640 5.64659e+06 0
11650 5.70842e+06 0
11660 5.59198e+06 0
11670 5.00465e+06 0
11680 5.62186e+06 0
11690 5.18497e+06 0
11700 5.07163e+06 0
11710 5.58271e+06 0
11720 5.57549e+06 0
11730 5.45597e+06 0
11740 5.25401e+06 0
11750 5.78673e+06 0
11760 5.71357e+06 0
11770 5.74551e+06 0
11780 5.95365e+06 0
11790 5.5487e+06 0
11800 5.62392e+06 0
11810 5.27256e+06 0
11820 5.29729e+06 0
11830 5.51985e+06 0
11840 5.73314e+06 0
11850 5.45082e+06 0
11860 5.7486e+06 0
11870 5.93716e+06 0
11880 5.63010e+06 0
11890 5.40651e+06 0
11900 4.85628e+06 0
11910 5.50955e+06 0
11920 5.17673e+06 0
11930 5.78054e+06 0
11940 5.66411e+06 0
11950 5.74551e+06 0
11960 5.44566e+06 0
11970 5.64865e+06 0
11980 4.96344e+06 0
11990 5.57137e+06 0
12000 5.79909e+06 0
12010 5.9248e+06 0
12020 5.61671e+06 0
12030 5.85473e+06 0
12040 5.71975e+06 0
12050 5.09327e+06 0
12060 5.49409e+06 0
12070 5.60847e+06 0
12080 5.43021e+06 0
12090 5.47245e+06 0
12100 5.39208e+06 0
12110 5.30656e+06 0
12120 4.88822e+06 0
12130 5.59816e+06 0
12140 5.85885e+06 0
12150 5.16952e+06 0
12160 5.02526e+06 0
12170 4.88513e+06 0
12180 4.72748e+06 0
12190 5.39724e+06 0
12200 5.19116e+06 0
12210 5.1623e+06 0
12220 5.77024e+06 0
12230 5.82382e+06 0
12240 5.81455e+06 0
12250 4.86143e+06 0
12260 5.81042e+06 0
12270 5.75066e+06 0
12280 5.85164e+06 0
12290 5.50646e+06 0
12300 5.6198e+06 0
12310 4.84288e+06 0
12320 5.07781e+06 0
12330 5.63835e+06 0
12340 5.37663e+06 0
12350 5.66823e+06 0
12360 5.6095e+06 0
12370 5.0129e+06 0
12380 4.52964e+06 0
12390 5.57137e+06 0
12400 5.96396e+06 0
12410 5.45803e+06 0
12420 5.68369e+06 0
12430 5.77951e+06 0
12440 5.64865e+06 0
12450 5.99384e+06 0
12460 5.19116e+06 0
12470 5.3385e+06 0
12480 4.90264e+06 0
12490 5.65999e+06 0
12500 5.53943e+06 0
12510 5.76097e+06 0
12520 5.86401e+06 0
12530 5.70017e+06 0
12540 5.67441e+06 0
12550 5.62392e+06 0
12560 5.74551e+06 0
12570 5.3282e+06 0
12580 5.57652e+06 0
12590 5.64041e+06 0
12600 5.75994e+06 0
12610 5.70842e+06 0
12620 5.49409e+06 0
12630 5.51367e+06 0
12640 5.4673e+06 0
12650 5.4199e+06 0
12660 5.01702e+06 0
12670 5.13242e+06 0
12680 5.13964e+06 0
12690 4.95313e+06 0
12700 4.98508e+06 0
12710 5.26328e+06 0
12720 5.58065e+06 0
12730 5.58683e+06 0
12740 5.38384e+06 0
12750 5.26225e+06 0
12760 5.13654e+06 0
12770 5.76818e+06 0
12780 5.62289e+06 0
12790 5.57343e+06 0
12800 5.31892e+06 0
12810 5.23752e+06 0
12820 5.54458e+06 0
12830 5.32305e+06 0
12840 5.48379e+06 0
12850 5.7486e+06 0
12860 5.50852e+06 0
12870 5.29316e+06 0
12880 5.47348e+06 0
12890 5.63732e+06 0
12900 4.99641e+06 0
12910 5.7826e+06 0
12920 5.37766e+06 0
12930 5.78364e+06 0
12940 5.35911e+06 0
12950 5.3282e+06 0
12960 5.48173e+06 0
12970 5.63217e+06 0
12980 5.93201e+06 0
12990 5.86092e+06 0
13000 5.92995e+06 0
13010 5.85782e+06 0
13020 4.77281e+06 0
13030 5.56107e+06 0
13040 5.87637e+06 0
13050 5.75890e+06 0
13060 5.59507e+06 0
13070 5.71872e+06 0
13080 5.66514e+06 0
13090 5.51573e+06 0
13100 5.81558e+06 0
13110 5.76303e+06 0
13120 5.62701e+06 0
13130 5.85988e+06 0
13140 5.88358e+06 0
13150 5.14066e+06 0
13160 5.59713e+06 0
13170 5.55386e+06 0
13180 5.75890e+06 0
13190 6.15355e+06 0
13200 5.9351e+06 0
13210 5.457e+06 0
13220 4.87688e+06 0
13230 4.96756e+06 0
13240 5.5384e+06 0
13250 5.32717e+06 0
13260 5.29935e+06 0
13270 5.30862e+06 0
13280 5.49409e+06 0
13290 5.92583e+06 0
13300 5.89389e+06 0
13310 6.16385e+06 0
13320 5.32923e+06 0
13330 5.32202e+06 0
13340 5.42093e+06 0
13350 5.83825e+06 0
13360 5.76612e+06 0
13370 5.90625e+06 0
13380 5.97014e+06 0
13390 5.34984e+06 0
13400 6.27204e+06 0
13410 5.47864e+06 0
13420 5.23134e+06 0
13430 5.56313e+06 0
13440 5.34056e+06 0
13450 5.25401e+06 0
13460 5.81146e+06 0
13470 6.08863e+06 0
13480 5.33953e+06 0
13490 5.47761e+06 0
13500 5.8774e+06 0
13510 5.78879e+06 0
13520 6.31429e+06 0
13530 6.00723e+06 0
13540 5.52397e+06 0
13550 5.80733e+06 0
13560 5.6806e+06 0
13570 5.58889e+06 0
13580 5.27359e+06 0
13590 5.0129e+06 0
13600 5.20146e+06 0
13610 5.10975e+06 0
13620 5.7249e+06 0
13630 5.87637e+06 0
13640 5.50955e+06 0
13650 5.34881e+06 0
13660 5.6672e+06 0
13670 5.56931e+06 0
13680 5.39208e+06 0
13690 5.51161e+06 0
13700 5.43948e+06 0
13710 5.30244e+06 0
13720 5.46215e+06 0
13730 6.0639e+06 0
13740 5.97426e+06 0
13750 5.77436e+06 0
13760 6.01857e+06 0
13770 5.76509e+06 0
13780 5.44154e+06 0
13790 5.47348e+06 0
13800 5.25504e+06 0
13810 5.56931e+06 0
13820 5.76509e+06 0
13830 5.67235e+06 0
13840 5.85576e+06 0
13850 5.84752e+06 0
13860 5.80115e+06 0
13870 5.51573e+06 0
13880 5.50646e+06 0
13890 5.1757e+06 0
13900 5.90934e+06 0
13910 4.78415e+06 0
13920 5.50130e+06 0
13930 5.33541e+06 0
13940 5.3045e+06 0
13950 5.56416e+06 0
13960 5.56416e+06 0
13970 5.06029e+06 0
13980 5.25813e+06 0
13990 5.52913e+06 0
14000 5.13139e+06 0
14010 5.80733e+06 0
14020 5.94953e+06 0
14030 5.37457e+06 0
14040 5.38075e+06 0
14050 5.61465e+06 0
14060 5.35911e+06 0
14070 5.31583e+06 0
14080 5.02835e+06 0
14090 5.31068e+06 0
14100 5.57549e+06 0
14110 5.7249e+06 0
14120 5.60847e+06 0
14130 5.70223e+06 0
14140 5.25401e+06 0
14150 5.60125e+06 0
14160 5.65586e+06 0
14170 5.49512e+06 0
14180 5.36838e+06 0
14190 5.61053e+06 0
14200 5.77539e+06 0
14210 5.29626e+06 0
14220 5.62701e+06 0
14230 5.85473e+06 0
14240 5.59919e+06 0
14250 5.29522e+06 0
14260 5.13036e+06 0
14270 5.15612e+06 0
14280 5.30347e+06 0
14290 5.68678e+06 0
14300 5.21588e+06 0
14310 5.48173e+06 0
14320 5.61156e+06 0
14330 5.59816e+06 0
14340 5.86401e+06 0
14350 5.92171e+06 0
14360 5.94953e+06 0
14370 5.20352e+06 0
14380 5.27668e+06 0
14390 5.24783e+06 0
14400 5.57756e+06 0
14410 5.5147e+06 0
14420 5.36735e+06 0
14430 5.63114e+06 0
14440 5.19012e+06 0
14450 5.96189e+06 0
14460 5.74242e+06 0
14470 4.83258e+06 0
14480 5.39724e+06 0
14490 5.81352e+06 0
14500 5.56725e+06 0
14510 5.58889e+06 0
14520 5.81249e+06 0
14530 5.77333e+06 0
14540 5.49306e+06 0
14550 5.06442e+06 0
14560 4.9284e+06 0
14570 5.00568e+06 0
14580 5.08193e+06 0
14590 5.59713e+06 0
14600 5.69605e+06 0
14610 5.6649e+06 0
14620 4.92968e+06 0
14630 4.79342e+06 0
14640 5.26328e+06 0
14650 5.12933e+06 0
14660 5.16952e+06 0
14670 5.46936e+06 0
14680 5.71872e+06 0
14690 5.91553e+06 0
14700 5.85473e+06 0
14710 5.93922e+06 0
14720 5.49615e+06 0
14730 5.73108e+06 0
14740 5.36735e+06 0
14750 5.92995e+06 0
14760 5.59816e+06 0
14770 4.91707e+06 0
14780 5.31171e+06 0
14790 5.457e+06 0
14800 5.46833e+06 0
14810 5.10975e+06 0
14820 5.16746e+06 0
14830 5.46112e+06 0
14840 5.35499e+06 0
14850 5.44669e+06 0
14860 5.37123e+06 0
14870 5.16255e+06 0
14880 5.5044e+06 0
14890 5.83103e+06 0
14900 5.45494e+06 0
14910 5.06338e+06 0
14920 5.44772e+06 0
14930 5.11490e+06 0
14940 5.53634e+06 0
14950 5.34262e+06 0
14960 5.40445e+06 0
14970 5.30244e+06 0
14980 5.30141e+06 0
14990 5.27153e+06 0
15000 4.89749e+06 0
15010 4.96447e+06 0
15020 5.26225e+06 0
15030 5.68678e+06 0
15040 5.61465e+06 0
15050 5.2942e+06 0
15060 5.29213e+06 0
15070 5.41784e+06 0
15080 5.65071e+06 0
15090 5.62701e+06 0
15100 5.00053e+06 0
15110 5.00568e+06 0
15120 5.50543e+06 0
15130 5.71666e+06 0
15140 5.84752e+06 0
15150 5.63010e+06 0
15160 4.94798e+06 0
15170 5.07781e+06 0
15180 5.58374e+06 0
15190 5.7383e+06 0
15200 5.4333e+06 0
15210 5.08605e+06 0
15220 5.2311e+06 0
15230 4.74214e+06 0
15240 5.29832e+06 0
15250 5.39724e+06 0
15260 5.27977e+06 0
15270 5.54252e+06 0
15280 5.1654e+06 0
15290 5.11490e+06 0
15300 4.74602e+06 0
15310 5.27359e+06 0
15320 5.62289e+06 0
15330 5.31171e+06 0
15340 4.40805e+06 0
15350 5.36323e+06 0
15360 5.47348e+06 0
15370 5.39517e+06 0
15380 5.0366e+06 0
15390 4.36065e+06 0
15400 5.07781e+06 0
15410 5.48585e+06 0
15420 5.40445e+06 0
15430 5.50234e+06 0
15440 5.11388e+06 0
15450 4.69426e+06 0
15460 5.35008e+06 0
15470 5.23443e+06 0
15480 4.81403e+06 0
15490 5.20146e+06 0
15500 5.53222e+06 0
15510 4.61413e+06 0
15520 5.34881e+06 0
15530 4.91913e+06 0
15540 5.52706e+06 0
15550 4.86143e+06 0
15560 5.58168e+06 0
15570 5.55798e+06 0
15580 4.9655e+06 0
15590 5.60125e+06 0
15600 5.68987e+06 0
15610 5.59095e+06 0
15620 5.44463e+06 0
15630 5.78879e+06 0
15640 5.33826e+06 0
15650 5.72721e+06 0
15660 5.46524e+06 0
15670 5.7857e+06 0
15680 4.95828e+06 0
15690 5.02526e+06 0
15700 4.64813e+06 0
15710 5.48276e+06 0
15720 5.74836e+06 0
15730 5.70866e+06 0
15740 5.71975e+06 0
15750 5.2705e+06 0
15760 5.25195e+06 0
15770 5.44978e+06 0
15780 5.30838e+06 0
15790 5.5541e+06 0
15800 5.71975e+06 0
15810 5.43124e+06 0
15820 5.58786e+06 0
15830 5.11903e+06 0
15840 5.51264e+06 0
15850 4.99332e+06 0
15860 5.50130e+06 0
15870 5.37869e+06 0
15880 4.72438e+06 0
15890 4.95107e+06 0
15900 5.27256e+06 0
15910 5.36632e+06 0
15920 5.26122e+06 0
15930 5.65484e+06 0
15940 5.5487e+06 0
15950 5.59713e+06 0
15960 5.71872e+06 0
15970 5.48688e+06 0
15980 5.08914e+06 0
15990 5.32614e+06 0
16000 5.10357e+06 0
16010 4.99641e+06 0
16020 5.57343e+06 0
16030 5.28801e+06 0
16040 4.5791e+06 0
16050 5.14066e+06 0
16060 5.23752e+06 0
16070 5.51573e+06 0
16080 5.9382e+06 0
16090 5.6095e+06 0
16100 4.07008e+06 0
16110 4.81609e+06 0
16120 5.49512e+06 0
16130 5.20764e+06 0
16140 4.98404e+06 0
16150 5.77333e+06 0
16160 5.97632e+06 0
16170 5.56828e+06 0
16180 4.66256e+06 0
16190 5.37663e+06 0
16200 4.44102e+06 0
16210 4.9047e+06 0
16220 4.84906e+06 0
16230 5.63629e+06 0
16240 5.48894e+06 0
16250 5.21794e+06 0
16260 5.62495e+06 0
16270 5.56622e+06 0
16280 5.20249e+06 0
16290 5.32614e+06 0
16300 5.20146e+06 0
16310 4.92737e+06 0
16320 5.49718e+06 0
16330 5.76097e+06 0
16340 5.70405e+06 0
16350 5.50876e+06 0
16360 5.29522e+06 0
16370 5.5044e+06 0
16380 5.51676e+06 0
16390 5.42918e+06 0
16400 5.17261e+06 0
16410 5.87328e+06 0
16420 5.76612e+06 0
16430 5.50646e+06 0
16440 5.525e+06 0
16450 4.83773e+06 0
16460 5.48252e+06 0
16470 5.58089e+06 0
16480 5.32717e+06 0
16490 4.78415e+06 0
16500 4.85524e+06 0
16510 5.50749e+06 0
16520 5.71872e+06 0
16530 4.70996e+06 0
16540 5.54767e+06 0
16550 4.74705e+06 0
16560 5.86916e+06 0
16570 5.82485e+06 0
16580 5.26534e+06 0
16590 5.34365e+06 0
16600 5.62598e+06 0
16610 5.7383e+06 0
16620 5.60744e+06 0
16630 6.08142e+06 0
16640 5.75272e+06 0
16650 4.96447e+06 0
16660 5.73005e+06 0
16670 5.6095e+06 0
16680 5.50130e+06 0
16690 5.4096e+06 0
16700 5.48482e+06 0
16710 5.43227e+06 0
16720 5.40754e+06 0
16730 5.60125e+06 0
16740 5.66102e+06 0
16750 5.77642e+06 0
16760 5.62495e+06 0
16770 4.5791e+06 0
16780 4.74396e+06 0
16790 5.31892e+06 0
16800 5.53634e+06 0
16810 4.75426e+06 0
16820 5.51573e+06 0
16830 5.39414e+06 0
16840 4.99126e+06 0
16850 5.06029e+06 0
16860 4.92119e+06 0
16870 5.11388e+06 0
16880 5.31996e+06 0
16890 5.6775e+06 0
16900 5.65586e+06 0
16910 5.51882e+06 0
16920 5.39414e+06 0
16930 5.58168e+06 0
16940 5.33129e+06 0
16950 4.11439e+06 0
16960 5.6569e+06 0
16970 5.67544e+06 0
16980 5.63217e+06 0
16990 5.45597e+06 0
17000 5.04999e+06 0
17010 5.56725e+06 0
17020 5.17776e+06 0
17030 5.52706e+06 0
17040 5.7486e+06 0
17050 5.77951e+06 0
17060 5.40033e+06 0
17070 4.98508e+06 0
17080 5.06751e+06 0
17090 5.50130e+06 0
17100 5.71872e+06 0
17110 5.99693e+06 0
17120 5.56725e+06 0
17130 5.38693e+06 0
17140 5.40033e+06 0
17150 5.24164e+06 0
17160 5.27977e+06 0
17170 4.91295e+06 0
17180 5.5281e+06 0
17190 5.2334e+06 0
17200 5.47967e+06 0
17210 5.65277e+06 0
17220 5.55076e+06 0
17230 5.13551e+06 0
17240 5.70532e+06 0
17250 5.62495e+06 0
17260 5.72593e+06 0
17270 5.60022e+06 0
17280 5.31686e+06 0
17290 5.27668e+06 0
17300 5.35396e+06 0
17310 5.12109e+06 0
17320 5.56107e+06 0
17330 5.42918e+06 0
17340 5.76509e+06 0
17350 5.50028e+06 0
17360 5.67441e+06 0
17370 4.81094e+06 0
17380 5.29729e+06 0
17390 5.56186e+06 0
17400 5.99717e+06 0
17410 5.93098e+06 0
17420 5.72799e+06 0
17430 5.38899e+06 0
17440 5.16024e+06 0
17450 5.62495e+06 0
17460 5.29007e+06 0
17470 5.77642e+06 0
17480 5.8434e+06 0
17490 5.56416e+06 0
17500 5.30656e+06 0
17510 5.52294e+06 0
17520 5.09945e+06 0
17530 5.35808e+06 0
17540 4.83154e+06 0
17550 5.22207e+06 0
17560 5.14376e+06 0
17570 5.28492e+06 0
17580 4.97168e+06 0
17590 5.27874e+06 0
17600 5.52191e+06 0
17610 5.75684e+06 0
17620 5.55386e+06 0
17630 5.52397e+06 0
17640 5.5724e+06 0
17650 5.0335e+06 0
17660 5.31996e+06 0
17670 5.30553e+06 0
17680 5.82691e+06 0
17690 5.73521e+06 0
17700 5.74139e+06 0
17710 5.55798e+06 0
17720 5.71769e+06 0
17730 5.85267e+06 0
17740 5.61774e+06 0
17750 4.68317e+06 0
17760 5.56725e+06 0
17770 5.54767e+06 0
17780 5.77951e+06 0
17790 4.881e+06 0
17800 5.29626e+06 0
17810 5.73624e+06 0
17820 5.73418e+06 0
17830 5.45597e+06 0
17840 5.16746e+06 0
17850 5.50749e+06 0
17860 5.51573e+06 0
17870 4.89543e+06 0
17880 5.25298e+06 0
17890 5.16436e+06 0
17900 4.93871e+06 0
17910 5.39311e+06 0
17920 5.38281e+06 0
17930 5.44566e+06 0
17940 5.29626e+06 0
17950 5.53222e+06 0
17960 5.08914e+06 0
17970 5.42712e+06 0
17980 4.88616e+06 0
17990 4.93046e+06 0
18000 5.4199e+06 0
18010 5.67853e+06 0
18020 5.29522e+06 0
18030 5.59198e+06 0
18040 5.7857e+06 0
18050 5.54149e+06 0
18060 4.72438e+06 0
18070 4.91707e+06 0
18080 4.93252e+06 0
18090 5.29316e+06 0
18100 4.8233e+06 0
18110 5.14273e+06 0
18120 5.21176e+06 0
18130 5.56828e+06 0
18140 5.84546e+06 0
18150 5.67132e+06 0
18160 5.47658e+06 0
18170 6.01135e+06 0
18180 5.20867e+06 0
18190 5.63423e+06 0
18200 5.59816e+06 0
18210 5.3519e+06 0
18220 5.43536e+06 0
18230 5.58065e+06 0
18240 5.60125e+06 0
18250 5.5147e+06 0
18260 5.57446e+06 0
18270 5.38693e+06 0
18280 5.67441e+06 0
18290 5.87019e+06 0
18300 5.61465e+06 0
18310 5.44876e+06 0
18320 5.68575e+06 0
18330 5.62083e+06 0
18340 5.96189e+06 0
18350 5.22207e+06 0
18360 5.18885e+06 0
18370 5.49021e+06 0
18380 5.457e+06 0
18390 5.31789e+06 0
18400 5.78364e+06 0
18410 5.26431e+06 0
18420 5.65071e+06 0
18430 4.847e+06 0
18440 5.43536e+06 0
18450 4.98198e+06 0
18460 5.4199e+06 0
18470 5.70429e+06 0
18480 5.62804e+06 0
18490 5.57549e+06 0
18500 5.30759e+06 0
18510 5.37044e+06 0
18520 5.28389e+06 0
18530 5.118e+06 0
18540 5.52604e+06 0
18550 5.75169e+06 0
18560 5.50955e+06 0
18570 5.60434e+06 0
18580 5.03453e+06 0
18590 5.58065e+06 0
18600 4.66771e+06 0
18610 5.32717e+06 0
18620 5.7012e+06 0
18630 5.65793e+06 0
18640 5.68781e+06 0
18650 5.22207e+06 0
18660 5.74139e+06 0
18670 5.02732e+06 0
18680 5.08708e+06 0
18690 4.46678e+06 0
18700 4.77796e+06 0
18710 5.29601e+06 0
18720 5.24292e+06 0
18730 5.16746e+06 0
18740 5.8774e+06 0
18750 5.24474e+06 0
18760 4.88204e+06 0
18770 5.7012e+06 0
18780 5.57858e+06 0
18790 5.56416e+06 0
18800 5.28492e+06 0
18810 5.64041e+06 0
18820 5.60744e+06 0
18830 5.64968e+06 0
18840 5.45082e+06 0
18850 5.61053e+06 0
18860 5.04175e+06 0
18870 5.20764e+06 0
18880 5.02423e+06 0
18890 5.09636e+06 0
18900 5.18291e+06 0
18910 5.48173e+06 0
18920 5.65896e+06 0
18930 5.38075e+06 0
18940 5.51573e+06 0
18950 5.49924e+06 0
18960 4.86658e+06 0
18970 5.31892e+06 0
18980 5.3282e+06 0
18990 5.39311e+06 0
19000 5.53428e+06 0
19010 5.49615e+06 0
19020 5.60332e+06 0
19030 5.6672e+06 0
19040 5.5724e+06 0
19050 5.16746e+06 0
19060 5.70945e+06 0
19070 5.45985e+06 0
19080 4.37326e+06 0
19090 5.38075e+06 0
19100 5.26534e+06 0
19110 5.31892e+06 0
19120 5.33747e+06 0
19130 5.44978e+06 0
19140 5.17776e+06 0
19150 5.71254e+06 0
19160 5.43742e+06 0
19170 5.71769e+06 0
19180 5.09533e+06 0
19190 5.4807e+06 0
19200 5.5518e+06 0
19210 5.1126e+06 0
19220 5.26765e+06 0
19230 5.2468e+06 0
19240 4.62753e+06 0
19250 5.74551e+06 0
19260 5.42506e+06 0
19270 5.62392e+06 0
19280 6.01650e+06 0
19290 5.72284e+06 0
19300 5.44876e+06 0
19310 5.16746e+06 0
19320 5.53016e+06 0
19330 5.30141e+06 0
19340 5.39414e+06 0
19350 4.98714e+06 0
19360 5.84546e+06 0
19370 5.6806e+06 0
19380 5.75066e+06 0
19390 5.54046e+06 0
19400 5.14479e+06 0
19410 5.23649e+06 0
19420 5.25195e+06 0
19430 5.50749e+06 0
19440 5.27771e+06 0
19450 4.98714e+06 0
19460 5.66617e+06 0
19470 5.12624e+06 0
19480 5.69193e+06 0
19490 5.77333e+06 0
19500 5.29832e+06 0
19510 5.66102e+06 0
19520 5.69193e+06 0
19530 4.90367e+06 0
19540 5.38075e+06 0
19550 5.53222e+06 0
19560 5.36323e+06 0
19570 5.67956e+06 0
19580 5.67441e+06 0
19590 5.1283e+06 0
19600 5.71357e+06 0
19610 5.76406e+06 0
19620 5.33232e+06 0
19630 5.54664e+06 0
19640 5.62495e+06 0
19650 5.762e+06 0
19660 5.78776e+06 0
19670 5.8671e+06 0
19680 5.39105e+06 0
19690 5.36426e+06 0
19700 5.53428e+06 0
19710 5.18188e+06 0
19720 5.48173e+06 0
19730 5.70223e+06 0
19740 5.31892e+06 0
19750 5.59095e+06 0
19760 5.68369e+06 0
19770 5.52294e+06 0
19780 5.39105e+06 0
19790 5.24061e+06 0
19800 5.2674e+06 0
19810 5.70738e+06 0
19820 5.36117e+06 0
19830 5.56519e+06 0
19840 5.75169e+06 0
19850 6.05051e+06 0
19860 6.15973e+06 0
19870 5.69914e+06 0
19880 5.71769e+06 0
19890 5.90522e+06 0
19900 5.762e+06 0
19910 5.2571e+06 0
19920 5.08812e+06 0
19930 5.5147e+06 0
19940 5.23134e+06 0
19950 5.28595e+06 0
19960 5.52913e+06 0
19970 5.46627e+06 0
19980 5.37044e+06 0
19990 5.49924e+06 0
20000 5.19837e+06 0
20010 5.57343e+06 0
20020 5.19116e+06 0
20030 5.43845e+06 0
20040 5.13757e+06 0
20050 4.95932e+06 0
20060 5.57858e+06 0
20070 5.7012e+06 0
20080 5.64144e+06 0
20090 5.30529e+06 0
20100 5.42633e+06 0
20110 5.64762e+06 0
20120 5.16333e+06 0
20130 5.54355e+06 0
20140 5.21382e+06 0
20150 4.91707e+06 0
20160 5.64247e+06 0
20170 4.73675e+06 0
20180 5.39826e+06 0
20190 5.41372e+06 0
20200 4.70068e+06 0
20210 5.28492e+06 0
20220 5.66926e+06 0
20230 5.65071e+06 0
20240 5.10975e+06 0
20250 5.35293e+06 0
20260 4.93458e+06 0
20270 5.79291e+06 0
20280 5.51161e+06 0
20290 5.74551e+06 0
20300 5.33335e+06 0
20310 4.93562e+06 0
20320 5.29626e+06 0
20330 5.63010e+06 0
20340 5.3622e+06 0
20350 4.67389e+06 0
20360 5.73314e+06 0
20370 5.00156e+06 0
20380 5.68575e+06 0
20390 5.52088e+06 0
20400 5.98559e+06 0
20410 5.04072e+06 0
20420 5.00362e+06 0
20430 5.78364e+06 0
20440 5.03762e+06 0
20450 5.03453e+06 0
20460 5.11594e+06 0
20470 5.25813e+06 0
20480 5.20249e+06 0
20490 5.36735e+06 0
20500 5.3385e+06 0
20510 5.13448e+06 0
20520 5.02938e+06 0
20530 5.25195e+06 0
20540 5.34468e+06 0
20550 5.43124e+06 0
20560 5.33335e+06 0
20570 5.42402e+06 0
20580 4.55849e+06 0
20590 5.26844e+06 0
20600 5.84958e+06 0
20610 5.83412e+06 0
20620 6.0196e+06 0
20630 5.34778e+06 0
20640 5.64453e+06 0
20650 5.36941e+06 0
20660 5.52706e+06 0
20670 5.08502e+06 0
20680 5.36014e+06 0
20690 5.02835e+06 0
20700 5.77642e+06 0
20710 5.67338e+06 0
20720 5.77436e+06 0
20730 5.5518e+06 0
20740 5.76818e+06 0
20750 5.92686e+06 0
20760 5.5724e+06 0
20770 5.0098e+06 0
20780 4.84391e+06 0
20790 5.8671e+06 0
20800 5.09636e+06 0
20810 5.1386e+06 0
20820 4.70996e+06 0
20830 5.63835e+06 0
20840 5.61568e+06 0
20850 5.48688e+06 0
20860 5.05823e+06 0
20870 5.75375e+06 0
20880 5.5044e+06 0
20890 5.57756e+06 0
20900 4.92325e+06 0
20910 5.34365e+06 0
20920 5.48894e+06 0
20930 5.34262e+06 0
20940 5.15612e+06 0
20950 5.20867e+06 0
20960 4.9892e+06 0
20970 5.50337e+06 0
20980 5.6806e+06 0
20990 5.68575e+06 0
21000 5.38693e+06 0
21010 5.54149e+06 0
21020 5.69193e+06 0
21030 5.54046e+06 0
21040 5.69914e+06 0
21050 5.85679e+06 0
21060 5.9382e+06 0
21070 5.84134e+06 0
21080 5.32202e+06 0
21090 4.98508e+06 0
21100 4.63474e+06 0
21110 5.1757e+06 0
21120 5.6806e+06 0
21130 5.61568e+06 0
21140 5.18497e+06 0
21150 5.58786e+06 0
21160 5.45906e+06 0
21170 5.5961e+06 0
21180 5.57652e+06 0
21190 5.71048e+06 0
21200 4.80785e+06 0
21210 4.73366e+06 0
21220 5.75684e+06 0
21230 5.98353e+06 0
21240 5.59507e+06 0
21250 5.63010e+06 0
21260 5.58889e+06 0
21270 5.67029e+06 0
21280 5.55386e+06 0
21290 5.10357e+06 0
21300 5.46833e+06 0
21310 5.36426e+06 0
21320 5.25298e+06 0
21330 5.07987e+06 0
21340 5.5044e+06 0
21350 4.881e+06 0
21360 5.43124e+06 0
21370 5.43124e+06 0
21380 4.85009e+06 0
21390 5.39826e+06 0
21400 5.64762e+06 0
21410 6.08451e+06 0
21420 5.83206e+06 0
21430 5.68162e+06 0
21440 5.44772e+06 0
21450 5.54355e+06 0
21460 5.68781e+06 0
21470 6.00208e+06 0
21480 5.76818e+06 0
21490 5.44051e+06 0
21500 5.70636e+06 0
21510 5.86504e+06 0
21520 5.61362e+06 0
21530 4.76972e+06 0
21540 5.52913e+06 0
21550 5.64247e+06 0
21560 5.94026e+06 0
21570 6.16591e+06 0
21580 6.38642e+06 0
21590 5.5858e+06 0
