# TimeStamp(s) Latency-avg(ms) Stdev
0 34.013 7.715
10 34.107 7.261
20 33.837 7.202
30 34.353 7.904
40 33.584 6.785
50 33.688 6.897
60 34.249 6.872
70 34.684 6.932
80 34.291 6.897
90 33.796 6.792
100 34.11 6.874
110 34.361 7.436
120 33.577 7.137
130 33.884 7.351
140 33.687 7.213
150 34.112 7.387
160 34.515 7.548
170 34.405 7.209
180 33.676 6.832
190 34.375 7.062
200 34.574 7.572
210 33.719 6.87
220 34.125 6.77
230 33.697 6.976
240 33.824 7.238
250 33.76 6.82
260 34.268 6.734
270 34.516 7.043
280 34.849 7.262
290 34.448 7.323
300 34.451 7.058
310 33.863 6.895
320 34.221 6.78
330 34.1 6.708
340 33.484 6.874
350 33.355 6.675
360 34.846 6.928
370 34.387 7.214
380 33.936 6.721
390 34.441 7.331
400 33.774 6.755
410 33.709 6.774
420 34.223 7.415
430 33.754 7.094
440 33.522 7.127
450 33.541 7.005
460 34.623 7.127
470 35.665 8.527
480 34.351 7.066
490 34.446 7.264
500 34.406 7.147
510 34.413 7.051
520 33.67 7.096
530 34.01 6.965
540 34.124 7.327
550 34.097 6.7
560 34.464 7.019
570 34.58 7.09
580 34.229 7.202
590 34.223 7.372
600 34.749 7.902
610 33.953 7.444
620 33.854 7.072
630 33.234 6.735
640 34.057 7.314
650 34.109 6.891
660 34.1 7.475
670 34 7.406
680 33.997 6.957
690 33.888 7.236
700 33.752 6.956
710 33.634 7.144
720 33.31 7.752
730 32.731 6.928
740 33.218 6.957
750 34.26 7.375
760 33.776 6.948
770 33.871 7.031
780 33.789 6.83
790 33.635 6.946
800 33.449 7.223
810 33.068 6.856
820 33.268 6.814
830 32.943 7.042
840 32.534 7.051
850 33.653 7.153
860 33.848 7.376
870 33.241 6.904
880 33.385 6.709
890 33.656 7.304
900 33.004 7.163
910 32.931 6.702
920 33.08 7.047
930 33.195 7.024
940 33.044 6.968
950 33.163 6.874
960 33.691 8.079
970 33.68 6.782
980 33.203 7.359
990 32.738 6.801
1000 32.773 7.379
1010 32.612 7.044
1020 32.865 7.239
1030 32.206 6.671
1040 32.108 7.18
1050 33.229 6.791
1060 32.914 6.805
1070 33.204 6.93
1080 32.808 6.948
1090 32.646 6.875
1100 32.299 6.807
1110 32.316 6.719
1120 32.072 6.958
1130 32.662 6.946
1140 32.057 6.884
1150 32.745 6.751
1160 33.274 7.39
1170 32.563 6.949
1180 32.919 7.078
1190 32.75 6.958
1200 32.867 6.872
1210 32.318 7.137
1220 32.265 7.044
1230 31.455 6.591
1240 32.25 6.764
1250 32.389 6.669
1260 32.69 6.961
1270 32.265 6.97
1280 32.356 6.798
1290 32.015 6.77
1300 31.731 6.887
1310 31.697 6.701
1320 31.298 7.26
1330 31.475 7.114
1340 31.516 6.983
1350 32.425 7.022
1360 32.199 6.842
1370 32.441 6.645
1380 32.02 6.701
1390 31.741 6.658
1400 32.028 6.878
1410 32.273 7.477
1420 31.793 6.767
1430 31.498 8.52
1440 31.956 8.103
1450 32.01 6.649
1460 31.859 6.83
1470 31.559 6.709
1480 32.171 7.105
1490 31.439 7.016
1500 31.484 6.745
1510 31.203 7.142
1520 30.893 6.674
1530 30.944 7.806
1540 31.491 7.111
1550 31.564 6.71
1560 31.507 6.79
1570 31.488 6.774
1580 31.263 7.041
1590 30.854 6.626
1600 31.468 7.198
1610 31.084 6.658
1620 31.001 6.742
1630 31.052 6.899
1640 31.18 6.776
1650 32.043 7.18
1660 31.448 6.333
1670 31.471 6.724
1680 31.064 6.543
1690 30.927 6.523
1700 30.92 6.658
1710 30.898 6.709
1720 31.194 6.756
1730 30.552 6.708
1740 31.198 6.604
1750 31.478 6.663
1760 31.285 6.818
1770 31.006 6.878
1780 30.92 6.853
1790 30.551 6.466
1800 30.698 6.742
1810 30.885 8.053
1820 30.899 7.117
1830 30.145 6.538
1840 30.251 6.579
1850 30.682 6.811
1860 30.528 6.998
1870 30.983 7.208
1880 30.695 6.861
1890 30.601 7.475
1900 30.575 6.701
1910 30.289 7.176
1920 29.871 6.873
1930 29.317 6.74
1940 30.506 6.707
1950 30.489 6.824
1960 30.285 7.152
1970 30.755 6.82
1980 30.495 6.908
1990 29.956 7.162
2000 29.89 7.885
2010 29.856 6.937
2020 29.772 6.937
2030 29.724 6.909
2040 30.228 6.689
2050 30.243 6.924
2060 30.14 8.231
2070 29.991 6.816
2080 30.367 7.074
2090 29.674 6.76
2100 29.677 6.734
2110 29.098 6.835
2120 29.069 6.953
2130 29.409 6.654
2140 30.15 6.848
2150 30.023 6.807
2160 30.138 6.894
2170 29.405 7.474
2180 29.56 6.846
2190 29.38 6.667
2200 29.851 6.846
2210 29.286 6.977
2220 29.333 7.449
2230 29.155 6.745
2240 29.587 6.955
2250 29.772 6.746
2260 29.823 8.138
2270 29.844 7.173
2280 29.376 6.8
2290 29.323 6.871
2300 28.87 6.954
2310 28.911 6.643
2320 28.966 7.056
2330 29.193 6.826
2340 29.682 6.853
2350 29.843 7.071
2360 28.977 6.721
2370 29.21 6.688
2380 29.03 6.715
2390 29.975 9.313
2400 28.692 6.61
2410 28.044 6.773
2420 28.365 6.975
2430 29.139 6.753
2440 29.025 6.768
2450 29.29 6.733
2460 28.787 6.76
2470 29.063 6.252
2480 28.578 6.796
2490 28.396 7.018
2500 28.142 6.934
2510 28.187 7.255
2520 27.919 6.931
2530 28.059 6.97
2540 28.652 7.17
2550 28.861 6.554
2560 28.353 6.392
2570 28.379 6.594
2580 28.504 6.829
2590 28.397 6.632
2600 28.192 6.953
2610 27.547 7.367
2620 27.907 7.046
2630 28.145 6.458
2640 28.097 6.539
2650 28.404 6.548
2660 28.559 6.544
2670 28.027 6.709
2680 27.75 6.944
2690 27.972 7.167
2700 27.757 7.741
2710 27.84 7.659
2720 27.312 6.747
2730 28.343 6.683
2740 28.178 6.322
2750 28.341 6.495
2760 28.087 6.887
2770 27.915 6.81
2780 28.376 6.627
2790 27.253 6.916
2800 27.437 7.156
2810 27.419 7.074
2820 27.163 6.668
2830 28.336 6.939
2840 27.556 6.648
2850 27.214 6.634
2860 26.952 6.752
2870 26.953 6.816
2880 26.797 6.699
2890 26.845 7.166
2900 26.862 8.367
2910 26.658 7.431
2920 26.53 6.961
2930 26.691 7.035
2940 26.801 6.984
2950 26.674 7.382
2960 26.807 6.933
2970 26.666 6.721
2980 26.854 6.691
2990 26.768 6.665
3000 26.316 7.279
3010 26.105 7.021
3020 26.373 6.806
3030 27.034 6.681
3040 26.506 6.689
3050 26.756 6.899
3060 26.094 6.667
3070 25.743 7.103
3080 25.928 6.879
3090 25.408 6.702
3100 25.694 6.509
3110 25.463 6.712
3120 25.674 6.931
3130 26.455 6.937
3140 26.294 6.736
3150 26 6.167
3160 25.303 6.828
3170 24.924 6.935
3180 25.098 7.215
3190 25.461 6.859
3200 24.995 7.069
3210 25.196 6.938
3220 26.045 6.668
3230 25.564 7.079
3240 24.803 7.229
3250 24.74 7.168
3260 24.718 7.023
3270 24.982 6.722
3280 25.124 6.918
3290 24.776 6.467
3300 24.551 6.308
3310 24.45 6.575
3320 24.913 6.976
3330 24.929 7.261
3340 23.987 7.415
3350 24.307 7.032
3360 23.964 6.743
3370 24.556 6.671
3380 24.084 6.555
3390 23.957 7.081
3400 23.777 6.802
3410 23.444 6.867
3420 24.298 7.244
3430 24.606 6.738
3440 24.155 7.584
3450 23.997 7.247
3460 24.094 7.505
3470 24.092 7.157
3480 23.603 6.685
3490 23.625 7.14
3500 23.801 6.788
3510 23.412 6.581
3520 24.556 6.702
3530 24.674 6.981
3540 24.39 7.354
3550 24.135 7.351
3560 24.027 7.003
3570 24.221 7.078
3580 24.067 7.348
3590 24.066 6.91
3600 23.694 8.154
3610 23.579 7.211
3620 24.458 6.639
3630 24.189 7.446
3640 23.375 6.72
3650 24.142 7.211
3660 24.394 6.425
3670 23.959 6.182
3680 24.019 6.681
3690 23.834 5.851
3700 23.887 5.715
3710 23.634 6.117
3720 24.388 6.37
3730 24.061 6.126
3740 24.155 7.059
3750 24.155 6.542
3760 23.751 6.622
3770 22.636 6.86
3780 22.661 6.65
3790 23.925 7.139
3800 22.763 6.232
3810 23.094 6.059
3820 23.745 6.416
3830 24.392 5.94
3840 23.494 7.138
3850 23.229 6.797
3860 22.766 7.215
3870 22.666 6.949
3880 22.867 6.572
3890 22.856 6.438
3900 22.772 6.852
3910 23.121 6.52
3920 23.347 7.255
3930 22.663 8.079
3940 22.858 6.693
3950 23.163 7.359
3960 22.637 7.615
3970 22.742 6.864
3980 22.522 7.105
3990 22.612 10.509
4000 22.09 7.186
4010 23.108 7.432
4020 22.981 7.025
4030 22.795 6.968
4040 22.422 6.945
4050 22.462 6.829
4060 22.682 6.157
4070 22.76 6.715
4080 23.049 5.77
4090 22.785 6.375
4100 22.417 6.991
4110 22.759 7.455
4120 22.442 6.789
4130 22.729 6.858
4140 22.75 7.139
4150 22.135 7.256
4160 22.724 6.687
4170 22.873 6.704
4180 22.558 7.24
4190 22.038 7.355
4200 21.524 6.807
4210 21.973 6.613
4220 21.93 7.039
4230 21.261 7.524
4240 21.513 7.05
4250 21.476 6.682
4260 21.964 7.02
4270 21.892 6.181
4280 22.13 6.199
4290 21.803 5.965
4300 21.773 5.765
4310 22.113 6.632
4320 22.267 7.022
4330 21.996 7.059
4340 22.052 7.191
4350 22.066 6.679
4360 22.633 6.998
4370 21.816 7.238
4380 21.919 7.266
4390 21.494 6.958
4400 20.875 6.743
4410 21.978 7.68
4420 21.629 7.125
4430 21.596 6.892
4440 21.842 7.237
4450 21.86 7.037
4460 21.866 6.92
4470 20.986 7.235
4480 21.298 6.895
4490 21.114 6.937
4500 21.144 6.86
4510 21.855 7.035
4520 22.37 7.453
4530 21.892 7.286
4540 22.059 7.165
4550 21.288 6.973
4560 21.355 7.008
4570 21.552 6.539
4580 20.701 6.776
4590 20.837 7.146
4600 22.169 7.93
4610 21.456 6.891
4620 21.15 6.936
4630 21.075 7.296
4640 21.112 7.188
4650 20.937 7.321
4660 21.025 7.267
4670 21.299 8.129
4680 20.775 7.184
4690 20.721 7.328
4700 21.243 7.204
4710 21.313 7.193
4720 20.814 7.217
4730 21.415 7.334
4740 21.312 6.892
4750 20.997 7.137
4760 20.774 7.211
4770 20.825 7.67
4780 20.742 7.058
4790 21.071 6.041
4800 21.053 6.83
4810 20.633 7.389
4820 20.186 7.061
4830 20.597 8.192
4840 20.647 6.958
4850 20.546 7.184
4860 20.171 6.852
4870 20.068 6.91
4880 19.939 7.51
4890 19.93 7.059
4900 20.987 8.702
4910 20.021 7.276
4920 20.64 7.16
4930 19.924 7.279
4940 20.072 6.912
4950 20.117 6.539
4960 20.355 6.918
4970 19.715 6.925
4980 20.285 7.008
4990 19.953 6.694
5000 21 6.375
5010 21.117 6.709
5020 20.617 6.518
5030 20.235 7.11
5040 19.893 7.296
5050 20.14 6.769
5060 19.871 6.86
5070 20.001 7.002
5080 19.974 6.71
5090 20.136 6.018
5100 21.363 5.633
5110 21.112 5.955
5120 21.088 6.41
5130 20.805 6.099
5140 20.564 6.225
5150 20.232 6.664
5160 20.043 6.87
5170 19.881 6.698
5180 19.994 7
5190 20.209 6.744
5200 20.853 6.098
5210 21.026 5.918
5220 20.499 6.237
5230 20.051 6.663
5240 20.217 6.741
5250 20.306 6.16
5260 20.889 5.338
5270 20.022 6.14
5280 20.149 6.577
5290 19.719 6.709
5300 20.349 6.391
5310 20.046 7.158
5320 20.261 8.027
5330 20.003 6.313
5340 19.99 7.39
5350 19.75 6.248
5360 19.801 6.253
5370 19.949 6.1
5380 19.94 6.177
5390 20.579 8.103
5400 20.372 6.13
5410 20.422 6.771
5420 20.874 6.267
5430 20.712 5.821
5440 20.789 5.507
5450 20.149 5.54
5460 20.093 5.547
5470 19.425 5.941
5480 19.656 5.966
5490 20.69 5.883
5500 20.036 5.734
5510 20.335 5.957
5520 19.828 6.802
5530 19.763 6.228
5540 19.761 6.104
5550 19.9 5.923
5560 20.022 5.865
5570 19.746 5.664
5580 19.579 5.824
5590 19.859 6.054
5600 20.236 6.518
5610 20.036 6.161
5620 20.105 5.807
5630 20.372 6.679
5640 19.839 6.566
5650 19.58 6.53
5660 20.73 7.301
5670 20.272 6.573
5680 19.921 6.122
5690 20.738 7.92
5700 21.107 5.677
5710 21.156 5.891
5720 19.905 5.586
5730 20.001 6.519
5740 19.772 5.668
5750 19.123 6.149
5760 19.024 6.055
5770 19.028 6.357
5780 19.077 5.854
5790 19.998 5.588
5800 19.436 6.086
5810 19.589 6.018
5820 19.794 6.162
5830 19.391 5.502
5840 19.954 5.548
5850 19.734 5.361
5860 20.164 6.455
5870 19.503 5.56
5880 19.389 5.987
5890 20.215 5.709
5900 19.665 5.938
5910 19.782 5.999
5920 19.826 6.027
5930 19.862 5.675
5940 19.136 5.637
5950 18.951 6.054
5960 19.329 6.163
5970 19.242 6.094
5980 19.299 6.429
5990 19.498 6.546
6000 19.592 6.632
6010 19.468 6.429
6020 19.14 6.641
6030 19.146 6.666
6040 19.182 7.017
6050 19.417 6.373
6060 19.373 6.029
6070 19.156 6.521
6080 18.7 6.248
6090 19.401 6.693
6100 19.458 6.427
6110 19.846 8.017
6120 19.4 6.575
6130 18.904 6.678
6140 19.013 6.313
6150 18.7 6.576
6160 18.932 6.649
6170 19.11 6.248
6180 18.806 6.211
6190 19.264 6.396
6200 19.639 6.247
6210 19.264 6.751
6220 18.901 6.719
6230 18.987 6.99
6240 18.545 6.818
6250 18.283 6.878
6260 18.947 6.963
6270 18.522 6.586
6280 18.836 6.874
6290 19.462 6.893
6300 19.52 6.668
6310 19.148 6.493
6320 18.945 5.539
6330 19.323 5.86
6340 19.524 5.623
6350 19.462 6.51
6360 19.188 6.723
6370 18.817 6.29
6380 18.903 6.706
6390 19.856 6.354
6400 19.45 6.525
6410 19.221 6.008
6420 19.311 6.502
6430 18.726 6.387
6440 19.282 6.339
6450 18.631 5.747
6460 19.342 6.164
6470 18.685 6.375
6480 19.276 6.649
6490 19.167 6.317
6500 20.092 6.734
6510 19.882 7.831
6520 19.746 6.683
6530 19.676 6.287
6540 18.849 6.21
6550 18.686 6.096
6560 18.771 5.583
6570 18.825 5.938
6580 19.166 6.259
6590 19.392 6.098
6600 19.425 6.054
6610 19.253 6.041
6620 19.448 6.103
6630 19.593 6.136
6640 19.625 6.636
6650 19.215 6.707
6660 18.891 6.412
6670 19.214 6.031
6680 20.238 6.279
6690 19.981 6.107
6700 19.411 6.177
6710 19.382 6.279
6720 19.451 7.384
6730 19.257 6.57
6740 19.067 6.018
6750 19.219 6.393
6760 18.668 6.703
6770 18.42 6.532
6780 19.89 6.08
6790 19.473 6.014
6800 19.229 6.711
6810 19.507 6.893
6820 19.054 6.831
6830 19.204 6.863
6840 19.017 8.395
6850 18.911 6.808
6860 18.79 6.645
6870 18.593 6.018
6880 19.925 5.702
6890 19.625 5.656
6900 19.78 5.873
6910 19.362 6.198
6920 19.257 5.775
6930 19.652 5.895
6940 19.245 6.22
6950 18.586 6.494
6960 19.488 7.089
6970 18.955 6.588
6980 19.546 6.634
6990 19.538 6.155
7000 19.518 5.865
7010 19.552 6.13
7020 19.302 6.203
7030 19.234 6.387
7040 18.837 6.271
7050 18.948 6.43
7060 18.59 6.946
7070 19.318 7.98
7080 18.887 6.328
7090 19.75 8.174
7100 19.152 7.959
7110 19.086 6.952
7120 18.703 6.808
7130 19.234 5.808
7140 18.798 6.035
7150 17.817 6.351
7160 18.4 6.736
7170 19.271 6.831
7180 19.207 6.441
7190 19.9 7.962
7200 19.097 6.558
7210 18.998 6.507
7220 19.2 6.642
7230 18.884 7.058
7240 18.459 6.846
7250 18.482 6.482
7260 18.685 6.369
7270 19.487 6.77
7280 19.402 6.449
7290 19.467 6.069
7300 19.214 6.952
7310 18.903 6.527
7320 19.384 6.454
7330 18.99 6.483
7340 18.637 6.591
7350 18.474 6.808
7360 18.11 6.287
7370 19.319 5.83
7380 19.335 6.159
7390 18.784 6.648
7400 18.666 6.323
7410 18.681 6.811
7420 18.876 7.125
7430 18.743 7.107
7440 18.335 6.157
7450 17.6 6.322
7460 17.379 6.855
7470 18.846 6.606
7480 18.203 6.873
7490 18.476 6.677
7500 18.641 6.352
7510 18.579 6.438
7520 18.339 6.186
7530 18.619 6.103
7540 18.035 6.69
7550 18.005 6.419
7560 18.39 5.676
7570 20.71 5.17
7580 20.765 5.405
7590 19.375 6.974
7600 18.585 6.565
7610 18.447 6.322
7620 18.52 6.351
7630 18.277 6.517
7640 18.106 6.479
7650 19.233 5.203
7660 17.983 6.688
7670 18.455 7.089
7680 18.062 6.841
7690 18.239 6.588
7700 18.619 6.297
7710 18.843 5.646
7720 18.216 5.873
7730 18.694 5.882
7740 18.411 5.591
7750 18.07 5.896
7760 18.376 6.225
7770 19.187 5.61
7780 18.764 5.611
7790 18.903 5.915
7800 18.882 6.396
7810 18.602 6.363
7820 18.427 6.006
7830 18.555 6.349
7840 18.479 6.846
7850 18.281 5.873
7860 18.757 6.129
7870 18.717 6.118
7880 19.283 5.967
7890 19.579 5.533
7900 19.169 5.63
7910 18.868 5.996
7920 18.526 6.563
7930 18.198 6.642
7940 18.351 6.642
7950 17.736 6.97
7960 19.011 7.034
7970 18.698 6.996
7980 18.914 7.972
7990 18.324 6.737
8000 19.38 9.725
8010 18.823 6.797
8020 19.007 6.766
8030 18.557 6.408
8040 18.425 6.847
8050 17.86 6.915
8060 18.923 7.099
8070 18.668 6.698
8080 19.677 7.767
8090 20.208 8.337
8100 18.81 6.865
8110 17.754 7.217
8120 17.421 7.136
8130 17.574 6.835
8140 17.547 5.966
8150 17.212 6.583
8160 17.621 6.409
8170 18.482 6.115
8180 18.224 5.941
8190 18.012 6.532
8200 18.027 7.696
8210 16.548 7.19
8220 16.35 7.394
8230 16.337 6.736
8240 17.505 6.17
8250 17.676 5.443
8260 18 6.647
8270 17.963 5.833
8280 17.751 5.874
8290 18.529 5.558
8300 18.272 5.937
8310 18.751 6.806
8320 19.03 7.721
8330 18.552 7.24
8340 17.344 6.722
8350 17.744 6.863
8360 19.366 6.093
8370 19.185 6.609
8380 17.443 6.145
8390 17.23 6.692
8400 17.42 6.785
8410 16.002 6.906
8420 16.262 7.943
8430 16.866 6.763
8440 17.063 6.238
8450 16.872 6.59
8460 16.33 6.519
8470 16.121 7.2
8480 16.683 6.782
8490 17.054 6.011
8500 16.802 5.661
8510 17.355 5.647
8520 18.091 5.594
8530 17.707 5.953
8540 18.03 5.585
8550 19.447 9.005
8560 18.415 7.287
8570 17.608 6.562
8580 17.016 6.411
8590 16.836 6.424
8600 17.129 6.848
8610 15.634 6.937
8620 15.576 6.807
8630 15.265 7.702
8640 14.941 7.24
8650 16.189 7.658
8660 16.208 6.684
8670 16.988 5.918
8680 16.774 6.56
8690 16.499 6.757
8700 16.499 5.963
8710 16.731 5.603
8720 16.319 6.252
8730 15.985 6.759
8740 15.896 6.77
8750 16.493 6.504
8760 16.584 6.117
8770 16.359 6.889
8780 16.131 6.548
8790 16.003 6.483
8800 15.573 6.607
8810 16.332 6.68
8820 16.343 7.693
8830 15.701 5.951
8840 15.356 6.27
8850 15.801 6.352
8860 15.661 6.903
8870 15.689 6.807
8880 15.887 6.79
8890 15.402 6.387
8900 15.814 6.73
8910 15.579 6.767
8920 15.674 6.834
8930 15.923 6.89
8940 15.953 6.854
8950 16.754 7.347
8960 16.126 6.628
8970 16.079 6.6
8980 15.494 7.026
8990 15.476 6.846
9000 14.86 6.796
9010 15.317 6.685
9020 14.788 6.61
9030 15.461 5.821
9040 16.201 5.812
9050 16.524 8.392
9060 16.369 6.004
9070 15.996 6.871
9080 14.918 6.545
9090 15.12 6.778
9100 15.004 6.897
9110 14.868 7.248
9120 15.885 6.334
9130 16.585 5.652
9140 16.892 5.633
9150 16.831 5.48
9160 16.339 5.257
9170 17.045 5.504
9180 16.574 5.659
9190 16.243 7.376
9200 15.677 5.943
9210 15.326 7.155
9220 15.219 5.813
9230 15.371 5.538
9240 15.722 6.151
9250 15.546 6.217
9260 15.645 6.175
9270 15.563 6.585
9280 15.59 6.591
9290 15.685 6.272
9300 15.68 6.297
9310 14.928 5.679
9320 14.851 5.863
9330 15.435 6.221
9340 15.342 6.279
9350 15.477 6.103
9360 15.933 5.753
9370 16.295 5.657
9380 15.537 6.617
9390 15.303 6.795
9400 15.234 6.74
9410 15.251 6.601
9420 15.564 5.857
9430 15.19 6.018
9440 16.24 6.21
9450 16.02 6.286
9460 16.588 6.359
9470 16.684 6.631
9480 16.439 6.633
9490 15.557 6.207
9500 15.879 6.259
9510 15.631 6.186
9520 15.407 6.412
9530 15.147 6.287
9540 16.127 6.968
9550 15.964 6.39
9560 15.628 5.787
9570 15.703 6.11
9580 15.677 5.842
9590 15.587 5.957
9600 15.771 6.036
9610 15.454 5.826
9620 14.874 5.742
9630 15.317 6.545
9640 15.818 5.562
9650 15.319 6.253
9660 15.008 6.714
9670 14.81 6.346
9680 15.065 6.387
9690 15.1 6.317
9700 14.985 6.464
9710 15.026 6.995
9720 14.131 7.072
9730 14.788 6.25
9740 15.818 6.585
9750 15.523 6.88
9760 15.642 7.067
9770 14.777 6.796
9780 14.655 7.123
9790 14.655 6.664
9800 14.548 5.593
9810 15.134 5.891
9820 14.268 6.678
9830 15.208 6.791
9840 15.021 6.549
9850 15.285 7.562
9860 14.719 6.297
9870 14.502 6.034
9880 14.598 6.679
9890 14.132 6.563
9900 13.982 6.794
9910 14.155 6.285
9920 13.804 6.563
9930 15.212 6.686
9940 14.495 6.444
9950 14.996 6.474
9960 15.166 6.06
9970 14.523 6.298
9980 14.888 7.732
9990 14.588 6.037
10000 14.614 5.948
10010 14.865 5.525
10020 14.217 6.595
10030 14.745 6.824
10040 14.749 7.054
10050 14.702 6.67
10060 14.676 6.968
10070 14.14 6.615
10080 14.526 6.835
10090 15.049 5.724
10100 14.572 6.849
10110 14.256 6.486
10120 14.76 6.405
10130 15.178 6.681
10140 15.421 6.52
10150 15.469 5.836
10160 15.525 6.442
10170 14.65 6.53
10180 14.361 6.545
10190 15.172 6.403
10200 15.418 5.598
10210 14.033 6.528
10220 14.074 9.561
10230 13.617 7.007
10240 14.137 6.413
10250 14.846 6.196
10260 14.86 6.078
10270 14.792 6.347
10280 14.668 6.208
10290 13.62 6.716
10300 13.546 6.969
10310 13.442 6.346
10320 14.283 6.423
10330 14.675 6.601
10340 14.534 7.866
10350 13.949 6.503
10360 14.386 6.2
10370 14.135 6.384
10380 13.972 6.475
10390 14.307 5.65
10400 13.827 6.174
10410 13.716 6.844
10420 14.546 6.694
10430 14.63 6.804
10440 14.912 6.166
10450 14.501 6.684
10460 14.158 6.779
10470 14.198 6.893
10480 14.141 6.826
10490 13.634 6.87
10500 13.887 6.632
10510 14.285 6.8
10520 14.873 5.892
10530 15.194 6.24
10540 15.187 6.041
10550 15.216 6.432
10560 15.071 5.822
10570 14.622 5.98
10580 14.666 7.004
10590 14.407 6.639
10600 14.282 6.546
10610 14.139 6.749
10620 14.618 6.557
10630 14.485 6.578
10640 14.578 8.494
10650 13.059 7.045
10660 13.989 6.061
10670 14.828 5.748
10680 14.927 5.62
10690 15.192 5.703
10700 14.386 6.458
10710 14.548 6.63
10720 15.391 6.512
10730 15.857 6.335
10740 14.682 5.921
10750 14.673 5.752
10760 14.63 6.039
10770 14.378 5.741
10780 14.433 6.899
10790 13.661 6.26
