# TimeStamp(s) Sum Stdev
0 1.12046e+07 0
10 9.80116e+06 0
20 1.09521e+07 0
30 8.56778e+06 0
40 8.73367e+06 0
50 1.02092e+07 0
60 8.55953e+06 0
70 9.23754e+06 0
80 9.15201e+06 0
90 9.36943e+06 0
100 9.60024e+06 0
110 1.02721e+07 0
120 8.71203e+06 0
130 8.92738e+06 0
140 8.87586e+06 0
150 8.66978e+06 0
160 8.4534e+06 0
170 9.65485e+06 0
180 9.1314e+06 0
190 1.00433e+07 0
200 9.85372e+06 0
210 9.61878e+06 0
220 8.60487e+06 0
230 8.23084e+06 0
240 8.94799e+06 0
250 8.79137e+06 0
260 7.5858e+06 0
270 9.08298e+06 0
280 9.70122e+06 0
290 9.26124e+06 0
300 9.49617e+06 0
310 9.55181e+06 0
320 8.76458e+06 0
330 8.11028e+06 0
340 1.07131e+07 0
350 9.44877e+06 0
360 9.73625e+06 0
370 8.30193e+06 0
380 9.40652e+06 0
390 9.12419e+06 0
400 9.22105e+06 0
410 9.85784e+06 0
420 8.85732e+06 0
430 9.13553e+06 0
440 7.79704e+06 0
450 9.47041e+06 0
460 9.56417e+06 0
470 9.9413e+06 0
480 1.01865e+07 0
490 8.87896e+06 0
500 7.98251e+06 0
510 9.12728e+06 0
520 8.34315e+06 0
530 9.17159e+06 0
540 8.39364e+06 0
550 8.51729e+06 0
560 9.07988e+06 0
570 8.55953e+06 0
580 8.59766e+06 0
590 8.45855e+06 0
600 9.59096e+06 0
610 8.79962e+06 0
620 9.18292e+06 0
630 9.999e+06 0
640 8.96654e+06 0
650 9.89081e+06 0
660 8.90162e+06 0
670 8.91914e+06 0
680 8.79962e+06 0
690 7.72182e+06 0
700 7.99281e+06 0
710 9.39106e+06 0
720 8.75943e+06 0
730 1.0067e+07 0
740 8.20817e+06 0
750 9.12316e+06 0
760 9.05309e+06 0
770 1.02164e+07 0
780 9.12007e+06 0
790 9.66824e+06 0
800 9.71255e+06 0
810 8.58632e+06 0
820 9.29421e+06 0
830 9.78468e+06 0
840 9.41786e+06 0
850 8.85938e+06 0
860 9.85268e+06 0
870 8.76561e+06 0
880 8.5348e+06 0
890 8.7687e+06 0
900 8.19065e+06 0
910 9.18602e+06 0
920 9.17365e+06 0
930 9.80838e+06 0
940 9.99591e+06 0
950 1.05338e+07 0
960 9.46732e+06 0
970 9.50647e+06 0
980 9.43537e+06 0
990 8.37406e+06 0
1000 8.70276e+06 0
1010 8.21641e+06 0
1020 9.62188e+06 0
1030 8.67391e+06 0
1040 8.80992e+06 0
1050 9.44465e+06 0
1060 8.7584e+06 0
1070 9.63424e+06 0
1080 8.20610e+06 0
1090 8.61414e+06 0
1100 9.72079e+06 0
1110 8.49256e+06 0
1120 8.98509e+06 0
1130 8.85217e+06 0
1140 9.01291e+06 0
1150 8.01857e+06 0
1160 8.44104e+06 0
1170 7.49513e+06 0
1180 8.04021e+06 0
1190 7.72182e+06 0
1200 8.43485e+06 0
1210 1.00742e+07 0
1220 8.11749e+06 0
1230 9.06031e+06 0
1240 8.11028e+06 0
1250 8.8058e+06 0
1260 9.35397e+06 0
1270 9.15407e+06 0
1280 9.287e+06 0
1290 9.62188e+06 0
1300 1.0068e+07 0
1310 8.58323e+06 0
1320 8.72130e+06 0
1330 9.00673e+06 0
1340 8.30399e+06 0
1350 1.0269e+07 0
1360 8.60178e+06 0
1370 9.54769e+06 0
1380 9.76201e+06 0
1390 8.87999e+06 0
1400 9.52502e+06 0
1410 8.89647e+06 0
1420 9.18292e+06 0
1430 8.28442e+06 0
1440 8.3009e+06 0
1450 1.04802e+07 0
1460 7.72285e+06 0
1470 8.9686e+06 0
1480 8.80168e+06 0
1490 1.01371e+07 0
1500 8.61311e+06 0
1510 8.32769e+06 0
1520 8.57087e+06 0
1530 7.58271e+06 0
1540 8.69245e+06 0
1550 8.96757e+06 0
1560 1.0438e+07 0
1570 8.67494e+06 0
1580 9.25505e+06 0
1590 8.24011e+06 0
1600 1.01546e+07 0
1610 8.38333e+06 0
1620 9.93306e+06 0
1630 8.42249e+06 0
1640 7.81455e+06 0
1650 8.89647e+06 0
1660 9.62188e+06 0
1670 7.72594e+06 0
1680 9.11904e+06 0
1690 9.46216e+06 0
1700 9.1685e+06 0
1710 8.25556e+06 0
1720 1.0099e+07 0
1730 9.05412e+06 0
1740 9.12419e+06 0
1750 9.30039e+06 0
1760 9.64042e+06 0
1770 8.24835e+06 0
1780 8.70791e+06 0
1790 9.44052e+06 0
1800 8.6533e+06 0
1810 8.44722e+06 0
1820 9.2262e+06 0
1830 9.25711e+06 0
1840 9.08504e+06 0
1850 8.85010e+06 0
1860 7.8568e+06 0
1870 8.45855e+06 0
1880 9.40343e+06 0
1890 8.96551e+06 0
1900 1.00928e+07 0
1910 8.30296e+06 0
1920 8.94696e+06 0
1930 1.01783e+07 0
1940 8.04639e+06 0
1950 9.45289e+06 0
1960 8.30193e+06 0
1970 7.79394e+06 0
1980 9.47144e+06 0
1990 8.8295e+06 0
2000 8.96242e+06 0
2010 8.17519e+06 0
2020 8.37715e+06 0
2030 8.95624e+06 0
2040 8.80992e+06 0
2050 8.73367e+06 0
2060 8.64402e+06 0
2070 9.06649e+06 0
2080 1.01113e+07 0
2090 8.406e+06 0
2100 8.5245e+06 0
2110 8.6162e+06 0
2120 8.83259e+06 0
2130 1.00175e+07 0
2140 8.8635e+06 0
2150 8.66772e+06 0
2160 8.52141e+06 0
2170 9.14377e+06 0
2180 9.11698e+06 0
2190 1e+07 0
2200 9.29215e+06 0
2210 9.20662e+06 0
2220 8.32872e+06 0
2230 8.96654e+06 0
2240 9.26742e+06 0
2250 1.00794e+07 0
2260 8.88514e+06 0
2270 9.73522e+06 0
2280 8.9109e+06 0
2290 9.65485e+06 0
2300 9.82796e+06 0
2310 9.016e+06 0
2320 9.87329e+06 0
2330 8.6193e+06 0
2340 8.8975e+06 0
2350 9.68782e+06 0
2360 8.24938e+06 0
2370 9.57757e+06 0
2380 8.75737e+06 0
2390 9.14171e+06 0
2400 9.1448e+06 0
2410 8.73676e+06 0
2420 9.10152e+06 0
2430 8.30812e+06 0
2440 8.86144e+06 0
2450 8.85114e+06 0
2460 8.38333e+06 0
2470 8.73985e+06 0
2480 8.56778e+06 0
2490 9.01085e+06 0
2500 9.05618e+06 0
2510 9.66206e+06 0
2520 8.4431e+06 0
2530 9.24475e+06 0
2540 9.22723e+06 0
2550 9.75892e+06 0
2560 9.47762e+06 0
2570 8.86865e+06 0
2580 8.49565e+06 0
2590 8.80374e+06 0
2600 8.91605e+06 0
2610 9.59818e+06 0
2620 1.03596e+07 0
2630 9.94336e+06 0
2640 8.27617e+06 0
2650 8.47401e+06 0
2660 8.28854e+06 0
2670 9.55181e+06 0
2680 1.05049e+07 0
2690 9.74449e+06 0
2700 8.43898e+06 0
2710 9.76407e+06 0
2720 8.84083e+06 0
2730 9.7414e+06 0
2740 1.03184e+07 0
2750 8.32151e+06 0
2760 8.93254e+06 0
2770 9.34161e+06 0
2780 1.01443e+07 0
2790 9.16129e+06 0
2800 8.26896e+06 0
2810 1.00557e+07 0
2820 9.78468e+06 0
2830 8.31018e+06 0
2840 8.9006e+06 0
2850 9.9887e+06 0
2860 9.54562e+06 0
2870 8.09688e+06 0
2880 8.73573e+06 0
2890 9.29833e+06 0
2900 9.92275e+06 0
2910 7.68266e+06 0
2920 8.41012e+06 0
2930 1.00351e+07 0
2940 8.88102e+06 0
2950 9.69916e+06 0
2960 8.90162e+06 0
2970 1.00011e+07 0
2980 9.16232e+06 0
2990 9.82589e+06 0
3000 8.85114e+06 0
3010 8.28545e+06 0
3020 8.69452e+06 0
3030 9.59818e+06 0
3040 9.30554e+06 0
3050 8.6059e+06 0
3060 8.35654e+06 0
3070 8.31327e+06 0
3080 1.0101e+07 0
3090 9.40961e+06 0
3100 1.0101e+07 0
3110 9.88463e+06 0
3120 1.03287e+07 0
3130 9.77644e+06 0
3140 9.0737e+06 0
3150 9.0397e+06 0
3160 9.19735e+06 0
3170 1.04246e+07 0
3180 8.22671e+06 0
3190 1.02226e+07 0
3200 1.04534e+07 0
3210 8.8161e+06 0
3220 9.73934e+06 0
3230 8.32975e+06 0
3240 9.4364e+06 0
3250 8.31636e+06 0
3260 9.65691e+06 0
3270 8.58323e+06 0
3280 9.05928e+06 0
3290 1.07666e+07 0
3300 8.40394e+06 0
3310 9.3921e+06 0
3320 9.65794e+06 0
3330 9.60745e+06 0
3340 9.11698e+06 0
3350 8.68215e+06 0
3360 9.09637e+06 0
3370 8.7584e+06 0
3380 8.68833e+06 0
3390 8.88308e+06 0
3400 9.32306e+06 0
3410 9.81559e+06 0
3420 8.77386e+06 0
3430 8.58838e+06 0
3440 1.02494e+07 0
3450 1.05224e+07 0
3460 9.68164e+06 0
3470 9.87123e+06 0
3480 1.01546e+07 0
3490 9.08504e+06 0
3500 8.36685e+06 0
3510 7.25196e+06 0
3520 8.92223e+06 0
3530 8.99642e+06 0
3540 8.90884e+06 0
3550 8.75222e+06 0
3560 9.71461e+06 0
3570 8.80374e+06 0
3580 9.01394e+06 0
3590 9.7177e+06 0
3600 9.93821e+06 0
3610 8.08555e+06 0
3620 9.2633e+06 0
3630 8.57808e+06 0
3640 1.0475e+07 0
3650 8.46989e+06 0
3660 7.78364e+06 0
3670 8.20404e+06 0
3680 1.017e+07 0
3690 9.36118e+06 0
3700 1.16466e+07 0
3710 8.97890e+06 0
3720 8.04124e+06 0
3730 9.51884e+06 0
3740 8.41425e+06 0
3750 8.29575e+06 0
3760 8.8769e+06 0
3770 9.07061e+06 0
3780 8.81713e+06 0
3790 8.93357e+06 0
3800 9.06958e+06 0
3810 8.94387e+06 0
3820 8.55541e+06 0
3830 8.64918e+06 0
3840 8.7584e+06 0
3850 8.25866e+06 0
3860 9.60024e+06 0
3870 8.23186e+06 0
3880 9.99488e+06 0
3890 9.95263e+06 0
3900 8.25041e+06 0
3910 8.47916e+06 0
3920 8.15046e+06 0
3930 9.39828e+06 0
3940 1.04029e+07 0
3950 8.51007e+06 0
3960 8.83259e+06 0
3970 8.71718e+06 0
3980 9.47762e+06 0
3990 8.96345e+06 0
4000 8.12573e+06 0
4010 9.44156e+06 0
4020 9.38282e+06 0
4030 8.97581e+06 0
4040 9.20147e+06 0
4050 8.91914e+06 0
4060 8.54098e+06 0
4070 8.96654e+06 0
4080 9.8362e+06 0
4090 8.82744e+06 0
4100 8.7347e+06 0
4110 1.01433e+07 0
4120 9.0634e+06 0
4130 8.25866e+06 0
4140 8.84908e+06 0
4150 8.81919e+06 0
4160 8.66051e+06 0
4170 9.22208e+06 0
4180 9.14377e+06 0
4190 9.09637e+06 0
4200 9.38385e+06 0
4210 9.5889e+06 0
4220 7.86916e+06 0
4230 8.95418e+06 0
4240 9.2736e+06 0
4250 8.85114e+06 0
4260 9.42816e+06 0
4270 1.05029e+07 0
4280 8.59972e+06 0
4290 9.69297e+06 0
4300 9.84032e+06 0
4310 8.93151e+06 0
4320 8.48844e+06 0
4330 9.25711e+06 0
4340 8.30193e+06 0
4350 9.5312e+06 0
4360 9.26433e+06 0
4370 8.63166e+06 0
4380 8.82022e+06 0
4390 8.7481e+06 0
4400 7.47761e+06 0
4410 7.42609e+06 0
4420 6.65226e+06 0
4430 7.3179e+06 0
4440 6.61002e+06 0
4450 7.12522e+06 0
4460 8.0093e+06 0
4470 7.68884e+06 0
4480 7.84134e+06 0
4490 7.40033e+06 0
4500 7.17055e+06 0
4510 7.31069e+06 0
4520 7.14892e+06 0
4530 6.82022e+06 0
4540 6.92429e+06 0
4550 7.48895e+06 0
4560 7.84237e+06 0
4570 7.4838e+06 0
4580 7.40342e+06 0
4590 7.90317e+06 0
4600 7.13037e+06 0
4610 7.16025e+06 0
4620 7.68884e+06 0
4630 7.87844e+06 0
4640 8.71821e+06 0
4650 9.07885e+06 0
4660 9.4601e+06 0
4670 9.53326e+06 0
4680 9.02218e+06 0
4690 8.31018e+06 0
4700 8.60693e+06 0
4710 8.36582e+06 0
4720 9.55593e+06 0
4730 9.12007e+06 0
4740 1.01474e+07 0
4750 9.30451e+06 0
4760 8.81404e+06 0
4770 7.67236e+06 0
4780 8.45134e+06 0
4790 9.83002e+06 0
4800 9.49410e+06 0
4810 9.51059e+06 0
4820 9.67133e+06 0
4830 9.694e+06 0
4840 9.44568e+06 0
4850 9.08916e+06 0
4860 8.68421e+06 0
4870 1.06482e+07 0
4880 8.89029e+06 0
4890 1.00042e+07 0
4900 8.45443e+06 0
4910 9.51677e+06 0
4920 9.8465e+06 0
4930 9.50338e+06 0
4940 8.15149e+06 0
4950 9.71461e+06 0
4960 1.07007e+07 0
4970 1.01402e+07 0
4980 9.69812e+06 0
4990 9.22826e+06 0
5000 9.76201e+06 0
5010 1.02401e+07 0
5020 9.18498e+06 0
5030 9.90008e+06 0
5040 9.89596e+06 0
5050 9.84444e+06 0
5060 9.65279e+06 0
5070 8.72543e+06 0
5080 1.03699e+07 0
5090 8.75119e+06 0
5100 9.1551e+06 0
5110 9.33748e+06 0
5120 8.70585e+06 0
5130 9.80838e+06 0
5140 1.02772e+07 0
5150 1.12417e+07 0
5160 9.50441e+06 0
5170 1.0779e+07 0
5180 8.89338e+06 0
5190 9.7785e+06 0
5200 1.01546e+07 0
5210 8.18241e+06 0
5220 9.08401e+06 0
5230 9.82177e+06 0
5240 9.42816e+06 0
5250 9.92069e+06 0
5260 1.04101e+07 0
5270 9.51986e+06 0
5280 9.25299e+06 0
5290 8.4534e+06 0
5300 1.0438e+07 0
5310 8.65124e+06 0
5320 8.82228e+06 0
5330 9.05516e+06 0
5340 8.9109e+06 0
5350 8.80374e+06 0
5360 9.95572e+06 0
5370 9.10770e+06 0
5380 9.75892e+06 0
5390 9.58581e+06 0
5400 8.63269e+06 0
5410 9.0263e+06 0
5420 8.63681e+06 0
5430 8.66669e+06 0
5440 1.15199e+07 0
5450 9.32821e+06 0
5460 9.05825e+06 0
5470 9.23341e+06 0
5480 8.23805e+06 0
5490 8.93563e+06 0
5500 8.92636e+06 0
5510 9.63733e+06 0
5520 1.03638e+07 0
5530 8.21641e+06 0
5540 8.90884e+06 0
5550 8.69452e+06 0
5560 1.07265e+07 0
5570 9.37664e+06 0
5580 8.98303e+06 0
5590 8.65845e+06 0
5600 9.27257e+06 0
5610 8.30914e+06 0
5620 8.8635e+06 0
5630 1.03225e+07 0
5640 1.05039e+07 0
5650 8.2329e+06 0
5660 8.9686e+06 0
5670 9.44052e+06 0
5680 9.49204e+06 0
5690 1.03174e+07 0
5700 8.43794e+06 0
5710 8.79962e+06 0
5720 9.65897e+06 0
5730 7.21795e+06 0
5740 9.70946e+06 0
5750 8.88411e+06 0
5760 8.57087e+06 0
5770 9.15098e+06 0
5780 1.00742e+07 0
5790 9.86093e+06 0
5800 9.41682e+06 0
5810 1.02576e+07 0
5820 9.19632e+06 0
5830 9.61466e+06 0
5840 8.96448e+06 0
5850 8.2772e+06 0
5860 9.54666e+06 0
5870 9.89184e+06 0
5880 9.07679e+06 0
5890 9.66e+06 0
5900 8.89853e+06 0
5910 8.88411e+06 0
5920 9.84238e+06 0
5930 9.00364e+06 0
5940 1.00557e+07 0
5950 9.93512e+06 0
5960 8.38952e+06 0
5970 9.44568e+06 0
5980 9.97221e+06 0
5990 9.3787e+06 0
6000 8.70688e+06 0
6010 9.63218e+06 0
6020 8.90884e+06 0
6030 8.00621e+06 0
6040 8.55232e+06 0
6050 1.01484e+07 0
6060 9.48792e+06 0
6070 8.52656e+06 0
6080 8.83465e+06 0
6090 8.46577e+06 0
6100 8.48637e+06 0
6110 1.11324e+07 0
6120 8.14428e+06 0
6130 8.46577e+06 0
6140 9.5415e+06 0
6150 7.73212e+06 0
6160 7.95572e+06 0
6170 9.8022e+06 0
6180 8.8058e+06 0
6190 9.00157e+06 0
6200 8.85732e+06 0
6210 9.13346e+06 0
6220 1.01968e+07 0
6230 1.0745e+07 0
6240 1.0507e+07 0
6250 9.12213e+06 0
6260 1.00959e+07 0
6270 8.46164e+06 0
6280 9.00673e+06 0
6290 8.42352e+06 0
6300 9.36428e+06 0
6310 1.00299e+07 0
6320 9.91245e+06 0
6330 8.85114e+06 0
6340 9.40343e+06 0
6350 1.02587e+07 0
6360 1.00938e+07 0
6370 9.03764e+06 0
6380 9.68473e+06 0
6390 7.75376e+06 0
6400 9.0871e+06 0
6410 8.44825e+06 0
6420 7.17261e+06 0
6430 7.60332e+06 0
6440 9.3447e+06 0
6450 9.70225e+06 0
6460 9.25608e+06 0
6470 1.04658e+07 0
6480 8.59354e+06 0
6490 9.1582e+06 0
6500 9.79189e+06 0
6510 9.42713e+06 0
6520 9.41786e+06 0
6530 9.52399e+06 0
6540 7.90317e+06 0
6550 8.79137e+06 0
6560 8.83156e+06 0
6570 9.61363e+06 0
6580 9.99694e+06 0
6590 9.82074e+06 0
6600 8.59663e+06 0
6610 8.48637e+06 0
6620 8.75531e+06 0
6630 1.02628e+07 0
6640 8.13295e+06 0
6650 9.2159e+06 0
6660 9.03558e+06 0
6670 9.54872e+06 0
6680 9.20147e+06 0
6690 9.0634e+06 0
6700 1.02824e+07 0
6710 8.86041e+06 0
6720 8.61414e+06 0
6730 9.01394e+06 0
6740 8.80683e+06 0
6750 9.5446e+06 0
6760 9.16747e+06 0
6770 8.68524e+06 0
6780 9.99488e+06 0
6790 8.7687e+06 0
6800 8.6636e+06 0
6810 9.39106e+06 0
6820 9.23238e+06 0
6830 8.91502e+06 0
6840 7.96087e+06 0
6850 9.44465e+06 0
6860 8.27102e+06 0
6870 9.37149e+06 0
6880 8.50183e+06 0
6890 8.99436e+06 0
6900 9.15098e+06 0
6910 1.08594e+07 0
6920 9.09946e+06 0
6930 8.96139e+06 0
6940 1.03442e+07 0
6950 1.06801e+07 0
6960 9.27566e+06 0
6970 9.11698e+06 0
6980 9.55696e+06 0
6990 9.24784e+06 0
7000 7.93202e+06 0
7010 1.09387e+07 0
7020 9.19735e+06 0
7030 9.00157e+06 0
7040 1.05204e+07 0
7050 9.35706e+06 0
7060 9.00673e+06 0
7070 1.01556e+07 0
7080 9.8022e+06 0
7090 1.0305e+07 0
7100 8.75531e+06 0
7110 9.12831e+06 0
7120 9.70018e+06 0
7130 9.02218e+06 0
7140 1.0067e+07 0
7150 8.71615e+06 0
7160 8.72130e+06 0
7170 8.38642e+06 0
7180 8.76767e+06 0
7190 9.18189e+06 0
7200 9.80529e+06 0
7210 8.26793e+06 0
7220 9.74758e+06 0
7230 8.48328e+06 0
7240 9.15304e+06 0
7250 8.26381e+06 0
7260 1.01783e+07 0
7270 9.20662e+06 0
7280 9.2396e+06 0
7290 9.10461e+06 0
7300 8.98715e+06 0
7310 1.00536e+07 0
7320 9.97118e+06 0
7330 9.04176e+06 0
7340 8.23084e+06 0
7350 8.52656e+06 0
7360 8.13089e+06 0
7370 8.95005e+06 0
7380 9.60024e+06 0
7390 9.16335e+06 0
7400 9.60436e+06 0
7410 9.61569e+06 0
7420 1.02927e+07 0
7430 9.07267e+06 0
7440 1.00825e+07 0
7450 8.29987e+06 0
7460 9.39828e+06 0
7470 9.21487e+06 0
7480 8.15458e+06 0
7490 9.2633e+06 0
7500 9.37458e+06 0
7510 9.96191e+06 0
7520 8.8532e+06 0
7530 9.1211e+06 0
7540 9.33954e+06 0
7550 8.97478e+06 0
7560 9.41373e+06 0
7570 8.58735e+06 0
7580 9.64454e+06 0
7590 1.00773e+07 0
7600 9.54356e+06 0
7610 8.58014e+06 0
7620 8.6873e+06 0
7630 8.36685e+06 0
7640 1.02288e+07 0
7650 1.09769e+07 0
7660 8.0907e+06 0
7670 7.62187e+06 0
7680 8.95727e+06 0
7690 9.33852e+06 0
7700 7.6095e+06 0
7710 8.43794e+06 0
7720 8.46886e+06 0
7730 9.11183e+06 0
7740 9.68061e+06 0
7750 9.45083e+06 0
7760 1.05966e+07 0
7770 9.73728e+06 0
7780 9.29009e+06 0
7790 9.05516e+06 0
7800 9.3787e+06 0
7810 9.08813e+06 0
7820 1.00526e+07 0
7830 8.74191e+06 0
7840 1.13117e+07 0
7850 9.20353e+06 0
7860 7.88668e+06 0
7870 9.79395e+06 0
7880 9.61569e+06 0
7890 9.98458e+06 0
7900 1.0167e+07 0
7910 9.37973e+06 0
7920 1.07244e+07 0
7930 1.00423e+07 0
7940 9.6466e+06 0
7950 9.63115e+06 0
7960 8.338e+06 0
7970 8.8975e+06 0
7980 1.05595e+07 0
7990 9.99179e+06 0
8000 9.64454e+06 0
8010 8.58529e+06 0
8020 9.77746e+06 0
8030 9.89287e+06 0
8040 9.80322e+06 0
8050 9.53532e+06 0
8060 7.8908e+06 0
8070 8.30914e+06 0
8080 8.59044e+06 0
8090 9.28184e+06 0
8100 1.01257e+07 0
8110 8.72749e+06 0
8120 8.73161e+06 0
8130 7.96911e+06 0
8140 8.46577e+06 0
8150 9.46319e+06 0
8160 9.52914e+06 0
8170 9.94645e+06 0
8180 9.77953e+06 0
8190 9.43022e+06 0
8200 9.28802e+06 0
8210 7.94438e+06 0
8220 9.51265e+06 0
8230 9.46834e+06 0
8240 9.04897e+06 0
8250 9.25299e+06 0
8260 8.30812e+06 0
8270 8.24011e+06 0
8280 9.54872e+06 0
8290 8.87174e+06 0
8300 7.70327e+06 0
8310 8.5585e+06 0
8320 9.52914e+06 0
8330 8.86556e+06 0
8340 1.01515e+07 0
8350 9.45495e+06 0
8360 9.36221e+06 0
8370 8.49874e+06 0
8380 8.86453e+06 0
8390 8.38849e+06 0
8400 9.11698e+06 0
8410 1.00124e+07 0
8420 9.69916e+06 0
8430 8.71512e+06 0
8440 9.68576e+06 0
8450 8.72234e+06 0
8460 7.52913e+06 0
8470 8.43794e+06 0
8480 9.97324e+06 0
8490 1.0438e+07 0
8500 8.99333e+06 0
8510 8.26381e+06 0
8520 1.01721e+07 0
8530 9.66515e+06 0
8540 1.00711e+07 0
8550 9.19426e+06 0
8560 9.1345e+06 0
8570 8.70688e+06 0
8580 8.86144e+06 0
8590 9.74964e+06 0
8600 1.07038e+07 0
8610 9.67958e+06 0
8620 1.0067e+07 0
8630 9.1685e+06 0
8640 9.38591e+06 0
8650 1.05595e+07 0
8660 9.17159e+06 0
8670 8.68215e+06 0
8680 9.75995e+06 0
8690 9.05618e+06 0
8700 8.44207e+06 0
8710 1.00031e+07 0
8720 9.81559e+06 0
8730 9.6734e+06 0
8740 8.0433e+06 0
8750 9.41786e+06 0
8760 9.92687e+06 0
8770 9.83208e+06 0
8780 9.48174e+06 0
8790 8.79446e+06 0
8800 9.73213e+06 0
8810 9.89699e+06 0
8820 9.43434e+06 0
8830 8.45546e+06 0
8840 1.01649e+07 0
8850 8.9686e+06 0
8860 8.68009e+06 0
8870 7.73315e+06 0
8880 9.10461e+06 0
8890 1.00536e+07 0
8900 9.52708e+06 0
8910 9.27875e+06 0
8920 9.2602e+06 0
8930 1.09501e+07 0
8940 9.14995e+06 0
8950 9.74552e+06 0
8960 8.78519e+06 0
8970 9.44052e+06 0
8980 9.53223e+06 0
8990 9.74861e+06 0
9000 8.2195e+06 0
9010 9.68679e+06 0
9020 9.81147e+06 0
9030 9.55593e+06 0
9040 8.51935e+06 0
9050 9.72698e+06 0
9060 8.1247e+06 0
9070 8.5142e+06 0
9080 8.34624e+06 0
9090 9.19426e+06 0
9100 9.37458e+06 0
9110 8.82022e+06 0
9120 9.61775e+06 0
9130 8.50904e+06 0
9140 9.26536e+06 0
9150 7.9279e+06 0
9160 8.61724e+06 0
9170 9.53738e+06 0
9180 8.8769e+06 0
9190 9.06855e+06 0
9200 9.92584e+06 0
9210 8.89132e+06 0
9220 9.27669e+06 0
9230 8.69039e+06 0
9240 8.64815e+06 0
9250 9.05412e+06 0
9260 9.75068e+06 0
9270 8.11543e+06 0
9280 9.63527e+06 0
9290 7.89492e+06 0
9300 8.96139e+06 0
9310 9.84135e+06 0
9320 8.93151e+06 0
9330 9.33233e+06 0
9340 9.34882e+06 0
9350 9.29833e+06 0
9360 9.6703e+06 0
9370 8.97994e+06 0
9380 9.01703e+06 0
9390 1.16682e+07 0
9400 8.46268e+06 0
9410 9.69297e+06 0
9420 8.76149e+06 0
9430 8.74088e+06 0
9440 1.06945e+07 0
9450 9.5209e+06 0
9460 1.03318e+07 0
9470 1.01979e+07 0
9480 8.54511e+06 0
9490 8.20714e+06 0
9500 9.65279e+06 0
9510 9.21178e+06 0
9520 8.57087e+06 0
9530 8.62136e+06 0
9540 8.98406e+06 0
9550 8.48019e+06 0
9560 9.05928e+06 0
9570 8.12676e+06 0
9580 1.02144e+07 0
9590 9.94645e+06 0
9600 7.97324e+06 0
9610 8.91914e+06 0
9620 8.40188e+06 0
9630 9.11389e+06 0
9640 9.64866e+06 0
9650 9.59096e+06 0
9660 9.28802e+06 0
9670 9.41889e+06 0
9680 8.28545e+06 0
9690 8.66257e+06 0
9700 9.53429e+06 0
9710 9.24887e+06 0
9720 8.58117e+06 0
9730 9.9042e+06 0
9740 9.60745e+06 0
9750 9.40549e+06 0
9760 9.35397e+06 0
9770 8.75634e+06 0
9780 8.46164e+06 0
9790 1.05492e+07 0
9800 9.53944e+06 0
9810 9.32306e+06 0
9820 8.52759e+06 0
9830 9.87535e+06 0
9840 8.98921e+06 0
9850 8.08658e+06 0
9860 1.01515e+07 0
9870 8.47401e+06 0
9880 8.87586e+06 0
9890 9.25093e+06 0
9900 8.89235e+06 0
9910 8.94181e+06 0
9920 8.85732e+06 0
9930 1.02834e+07 0
9940 8.69245e+06 0
9950 8.54202e+06 0
9960 7.73418e+06 0
9970 7.77746e+06 0
9980 9.66721e+06 0
9990 8.62136e+06 0
10000 8.6399e+06 0
10010 9.10770e+06 0
10020 8.38436e+06 0
10030 8.40909e+06 0
10040 8.9006e+06 0
10050 9.57963e+06 0
10060 9.21281e+06 0
10070 8.88926e+06 0
10080 8.72749e+06 0
10090 8.67906e+06 0
10100 8.92223e+06 0
10110 9.30863e+06 0
10120 9.04485e+06 0
10130 9.321e+06 0
10140 9.22208e+06 0
10150 9.30245e+06 0
10160 8.99951e+06 0
10170 9.41992e+06 0
10180 1.00536e+07 0
10190 9.00466e+06 0
10200 9.7785e+06 0
10210 8.39776e+06 0
10220 1.0168e+07 0
10230 9.46525e+06 0
10240 9.38694e+06 0
10250 9.18086e+06 0
10260 9.6703e+06 0
10270 9.92996e+06 0
10280 9.18705e+06 0
10290 9.01806e+06 0
10300 9.77025e+06 0
10310 9.50338e+06 0
10320 8.83877e+06 0
10330 8.50183e+06 0
10340 9.04073e+06 0
10350 8.73985e+06 0
10360 9.68679e+06 0
10370 8.9346e+06 0
10380 9.93718e+06 0
10390 9.58478e+06 0
10400 9.23032e+06 0
10410 1.00732e+07 0
10420 8.15252e+06 0
10430 9.80529e+06 0
10440 8.59044e+06 0
10450 9.64248e+06 0
10460 9.39416e+06 0
10470 8.87999e+06 0
10480 7.88668e+06 0
10490 1.02267e+07 0
10500 9.61569e+06 0
10510 8.80065e+06 0
10520 8.11749e+06 0
10530 8.56262e+06 0
10540 9.08813e+06 0
10550 9.24269e+06 0
10560 9.8465e+06 0
10570 9.36737e+06 0
10580 9.84444e+06 0
10590 9.51574e+06 0
10600 9.40961e+06 0
10610 9.36015e+06 0
10620 9.41373e+06 0
10630 8.24732e+06 0
10640 9.5889e+06 0
10650 9.70225e+06 0
10660 9.75995e+06 0
10670 1.00495e+07 0
10680 9.39828e+06 0
10690 9.34367e+06 0
10700 9.34161e+06 0
10710 9.53635e+06 0
10720 9.5446e+06 0
10730 1.04215e+07 0
10740 9.43846e+06 0
10750 8.8532e+06 0
10760 8.23496e+06 0
10770 9.13553e+06 0
10780 9.26124e+06 0
10790 9.95985e+06 0
10800 9.56005e+06 0
10810 9.29009e+06 0
10820 9.58993e+06 0
10830 9.03764e+06 0
10840 9.48792e+06 0
10850 8.92945e+06 0
10860 8.34418e+06 0
10870 9.40858e+06 0
10880 8.71718e+06 0
10890 8.39364e+06 0
10900 8.87277e+06 0
10910 9.61981e+06 0
10920 9.6837e+06 0
10930 9.80322e+06 0
10940 8.82538e+06 0
10950 9.72594e+06 0
10960 9.4498e+06 0
10970 9.12831e+06 0
10980 1.00237e+07 0
10990 8.61826e+06 0
11000 8.31018e+06 0
11010 9.08916e+06 0
11020 9.86402e+06 0
11030 8.57396e+06 0
11040 1.03679e+07 0
11050 8.90678e+06 0
11060 9.02012e+06 0
11070 8.18138e+06 0
11080 9.33954e+06 0
11090 9.65382e+06 0
11100 8.56365e+06 0
11110 9.48174e+06 0
11120 8.8975e+06 0
11130 1.00351e+07 0
11140 9.66721e+06 0
11150 9.24063e+06 0
11160 8.06597e+06 0
11170 7.31172e+06 0
11180 8.07215e+06 0
11190 8.85629e+06 0
11200 8.0093e+06 0
11210 9.21796e+06 0
11220 9.2025e+06 0
11230 8.406e+06 0
11240 8.24217e+06 0
11250 9.0871e+06 0
11260 1.01134e+07 0
11270 8.22877e+06 0
11280 9.36015e+06 0
11290 8.92738e+06 0
11300 8.08658e+06 0
11310 7.92996e+06 0
11320 8.3483e+06 0
11330 8.62445e+06 0
11340 8.69245e+06 0
11350 8.71718e+06 0
11360 8.48844e+06 0
11370 1.02133e+07 0
11380 8.57705e+06 0
11390 9.75583e+06 0
11400 9.29833e+06 0
11410 9.22105e+06 0
11420 8.53789e+06 0
11430 8.82744e+06 0
11440 1.03421e+07 0
11450 9.45186e+06 0
11460 1.01041e+07 0
11470 8.32769e+06 0
11480 1.03122e+07 0
11490 9.21796e+06 0
11500 1.00175e+07 0
11510 8.66154e+06 0
11520 8.97478e+06 0
11530 9.81971e+06 0
11540 8.83568e+06 0
11550 1.0202e+07 0
11560 1.05492e+07 0
11570 8.11955e+06 0
11580 9.17262e+06 0
11590 1.03215e+07 0
11600 8.50801e+06 0
11610 8.97994e+06 0
11620 8.0196e+06 0
11630 9.85474e+06 0
11640 9.38488e+06 0
11650 8.71924e+06 0
11660 8.36891e+06 0
11670 7.9042e+06 0
11680 8.30605e+06 0
11690 7.83928e+06 0
11700 9.42095e+06 0
11710 9.38385e+06 0
11720 7.57756e+06 0
11730 8.79858e+06 0
11740 9.65073e+06 0
11750 8.9006e+06 0
11760 8.05464e+06 0
11770 9.1551e+06 0
11780 9.61054e+06 0
11790 8.51729e+06 0
11800 1.01515e+07 0
11810 1.07089e+07 0
11820 9.18808e+06 0
11830 9.25299e+06 0
11840 8.50492e+06 0
11850 7.8702e+06 0
11860 8.51522e+06 0
11870 9.9753e+06 0
11880 8.59457e+06 0
11890 9.47968e+06 0
11900 1.00279e+07 0
11910 8.48534e+06 0
11920 9.26124e+06 0
11930 1.03442e+07 0
11940 1.11242e+07 0
11950 9.21281e+06 0
11960 9.85681e+06 0
11970 9.41167e+06 0
11980 1.05297e+07 0
11990 1.16415e+07 0
12000 9.47762e+06 0
12010 1.0034e+07 0
12020 1.10789e+07 0
12030 9.2396e+06 0
12040 9.89287e+06 0
12050 1.00639e+07 0
12060 8.73676e+06 0
12070 1.03947e+07 0
12080 9.40652e+06 0
12090 9.42301e+06 0
12100 9.89802e+06 0
12110 9.24372e+06 0
12120 8.78004e+06 0
12130 9.4158e+06 0
12140 8.05979e+06 0
12150 8.72955e+06 0
12160 9.79292e+06 0
12170 8.90266e+06 0
12180 8.60899e+06 0
12190 1.02164e+07 0
12200 9.39004e+06 0
12210 9.48483e+06 0
12220 8.93769e+06 0
12230 9.3921e+06 0
12240 9.32821e+06 0
12250 9.82589e+06 0
12260 9.4364e+06 0
12270 1.00649e+07 0
12280 1.02916e+07 0
12290 1.00072e+07 0
12300 8.94593e+06 0
12310 8.64815e+06 0
12320 9.28596e+06 0
12330 1.00722e+07 0
12340 9.74964e+06 0
12350 8.89544e+06 0
12360 8.92636e+06 0
12370 1.02071e+07 0
12380 1.02721e+07 0
12390 8.85526e+06 0
12400 1.02432e+07 0
12410 9.40034e+06 0
12420 1.01257e+07 0
12430 1.02968e+07 0
12440 1.02061e+07 0
12450 8.83671e+06 0
12460 1.04441e+07 0
12470 1.02071e+07 0
12480 9.44671e+06 0
12490 8.51626e+06 0
12500 8.88617e+06 0
12510 8.50389e+06 0
12520 9.55284e+06 0
12530 1.00371e+07 0
12540 9.87535e+06 0
12550 9.90214e+06 0
12560 9.3313e+06 0
12570 9.19941e+06 0
12580 1.01453e+07 0
12590 9.55696e+06 0
12600 9.81456e+06 0
12610 9.91142e+06 0
12620 1.02061e+07 0
12630 1.00866e+07 0
12640 9.23754e+06 0
12650 9.5075e+06 0
12660 9.76201e+06 0
12670 1.08635e+07 0
12680 1.00732e+07 0
12690 1.02133e+07 0
12700 9.9753e+06 0
12710 1.02329e+07 0
12720 8.92738e+06 0
12730 1.0438e+07 0
12740 9.91451e+06 0
12750 8.55747e+06 0
12760 9.93615e+06 0
12770 9.34573e+06 0
12780 9.95366e+06 0
12790 9.77025e+06 0
12800 9.46525e+06 0
12810 1.03473e+07 0
12820 9.86917e+06 0
12830 9.76613e+06 0
12840 9.65382e+06 0
12850 9.46216e+06 0
12860 9.74449e+06 0
12870 9.55078e+06 0
12880 9.12934e+06 0
12890 8.80477e+06 0
12900 1.03287e+07 0
12910 9.86402e+06 0
12920 8.57293e+06 0
12930 9.48586e+06 0
12940 8.78931e+06 0
12950 1.05606e+07 0
12960 9.17777e+06 0
12970 9.37767e+06 0
12980 9.60024e+06 0
12990 9.2396e+06 0
13000 9.15613e+06 0
13010 9.52502e+06 0
13020 8.711e+06 0
13030 8.68318e+06 0
13040 1.05389e+07 0
13050 8.32357e+06 0
13060 9.77231e+06 0
13070 9.97839e+06 0
13080 8.42146e+06 0
13090 1.05482e+07 0
13100 8.9346e+06 0
13110 1.05039e+07 0
13120 9.79704e+06 0
13130 1.02308e+07 0
13140 9.27978e+06 0
13150 1.00856e+07 0
13160 1.01762e+07 0
13170 9.88875e+06 0
13180 1.01649e+07 0
13190 9.95057e+06 0
13200 1.13602e+07 0
13210 9.66309e+06 0
13220 1.04225e+07 0
13230 9.7888e+06 0
13240 8.42867e+06 0
13250 1.07862e+07 0
13260 9.10152e+06 0
13270 9.88875e+06 0
13280 1.00505e+07 0
13290 8.52656e+06 0
13300 9.16232e+06 0
13310 9.4735e+06 0
13320 9.96603e+06 0
13330 9.26433e+06 0
13340 1.01515e+07 0
13350 9.41476e+06 0
13360 8.77076e+06 0
13370 1.04802e+07 0
13380 9.72079e+06 0
13390 1.02576e+07 0
13400 1.03298e+07 0
13410 8.50492e+06 0
13420 1.00351e+07 0
13430 9.13965e+06 0
13440 1.04441e+07 0
13450 9.34676e+06 0
13460 9.16026e+06 0
13470 9.72801e+06 0
13480 9.24784e+06 0
13490 9.80426e+06 0
13500 9.016e+06 0
13510 9.56417e+06 0
13520 1.10809e+07 0
13530 9.97015e+06 0
13540 8.97272e+06 0
13550 1.01536e+07 0
13560 9.74655e+06 0
13570 8.55129e+06 0
13580 9.02836e+06 0
13590 9.1685e+06 0
13600 9.78262e+06 0
13610 9.84032e+06 0
13620 1.01113e+07 0
13630 1.13097e+07 0
13640 9.83208e+06 0
13650 9.64764e+06 0
13660 8.7924e+06 0
13670 9.5075e+06 0
13680 9.22414e+06 0
13690 8.5142e+06 0
13700 9.75068e+06 0
13710 9.65073e+06 0
13720 9.98354e+06 0
13730 1.04441e+07 0
13740 8.8872e+06 0
13750 9.75995e+06 0
13760 1.04699e+07 0
13770 8.62342e+06 0
13780 9.51986e+06 0
13790 9.88463e+06 0
13800 9.57551e+06 0
13810 1.01484e+07 0
13820 9.2633e+06 0
13830 9.06134e+06 0
13840 9.22002e+06 0
13850 9.24784e+06 0
13860 8.82641e+06 0
13870 1.15096e+07 0
13880 9.19735e+06 0
13890 9.81147e+06 0
13900 9.37458e+06 0
13910 9.62290e+06 0
13920 9.9413e+06 0
13930 9.58272e+06 0
13940 1.01031e+07 0
13950 1.16961e+07 0
13960 9.75583e+06 0
13970 9.34882e+06 0
13980 9.51059e+06 0
13990 8.8738e+06 0
14000 9.4972e+06 0
14010 9.44877e+06 0
14020 8.83877e+06 0
14030 1.05894e+07 0
14040 1.09119e+07 0
14050 1.0303e+07 0
14060 9.58581e+06 0
14070 1.02267e+07 0
14080 1.12118e+07 0
14090 9.56726e+06 0
14100 1.08357e+07 0
14110 1.08759e+07 0
14120 9.45495e+06 0
14130 1.10923e+07 0
14140 9.23238e+06 0
14150 8.47092e+06 0
14160 9.59405e+06 0
14170 1.12911e+07 0
14180 1.04163e+07 0
14190 9.64351e+06 0
14200 9.7651e+06 0
14210 9.73625e+06 0
14220 9.84135e+06 0
14230 8.99024e+06 0
14240 1.02257e+07 0
14250 1.05163e+07 0
14260 8.62857e+06 0
14270 1.05637e+07 0
14280 8.48844e+06 0
14290 1.10459e+07 0
14300 1.03967e+07 0
14310 1.00876e+07 0
14320 9.3076e+06 0
14330 1.06121e+07 0
14340 9.78571e+06 0
14350 1.01876e+07 0
14360 1.07038e+07 0
14370 1.05513e+07 0
14380 8.9109e+06 0
14390 8.55644e+06 0
14400 1.03916e+07 0
14410 9.06443e+06 0
14420 1.05245e+07 0
14430 9.57654e+06 0
14440 9.61466e+06 0
14450 9.42507e+06 0
14460 8.50904e+06 0
14470 1.04812e+07 0
14480 1.02782e+07 0
14490 1.05863e+07 0
14500 9.76922e+06 0
14510 9.37149e+06 0
14520 1.15353e+07 0
14530 1.01175e+07 0
14540 9.47865e+06 0
14550 1.04019e+07 0
14560 1.05771e+07 0
14570 9.42713e+06 0
14580 9.24784e+06 0
14590 9.49823e+06 0
14600 1.03741e+07 0
14610 9.75789e+06 0
14620 9.53429e+06 0
14630 9.7177e+06 0
14640 9.37149e+06 0
14650 9.82898e+06 0
14660 1.00186e+07 0
14670 8.90266e+06 0
14680 1.01979e+07 0
14690 9.63321e+06 0
14700 9.00466e+06 0
14710 8.66772e+06 0
14720 9.46834e+06 0
14730 9.44156e+06 0
14740 9.65588e+06 0
14750 8.62136e+06 0
14760 9.05928e+06 0
14770 1.01762e+07 0
14780 9.41167e+06 0
14790 1.02205e+07 0
14800 1.09449e+07 0
14810 8.87174e+06 0
14820 9.11595e+06 0
14830 9.62290e+06 0
14840 1.09655e+07 0
14850 8.13913e+06 0
14860 8.75016e+06 0
14870 9.71564e+06 0
14880 9.5075e+06 0
14890 1.01216e+07 0
14900 9.61157e+06 0
14910 9.17365e+06 0
14920 9.51368e+06 0
14930 9.31997e+06 0
14940 9.30863e+06 0
14950 1.06275e+07 0
14960 9.1788e+06 0
14970 9.77231e+06 0
14980 1.00083e+07 0
14990 1.06265e+07 0
15000 8.45031e+06 0
15010 8.72646e+06 0
15020 9.50544e+06 0
15030 9.80838e+06 0
15040 9.38488e+06 0
15050 9.72698e+06 0
15060 8.2432e+06 0
15070 1.01824e+07 0
15080 8.79343e+06 0
15090 9.321e+06 0
15100 9.28287e+06 0
15110 9.05825e+06 0
15120 8.41631e+06 0
15130 9.13759e+06 0
15140 9.82796e+06 0
15150 9.85474e+06 0
15160 1.00083e+07 0
15170 1.05111e+07 0
15180 9.14274e+06 0
15190 1.02133e+07 0
15200 1.01319e+07 0
15210 9.79601e+06 0
15220 8.69348e+06 0
15230 9.48792e+06 0
15240 8.87793e+06 0
15250 9.80735e+06 0
15260 1.0506e+07 0
15270 9.19941e+06 0
15280 1.12077e+07 0
15290 1.02772e+07 0
15300 1.00866e+07 0
15310 9.64042e+06 0
15320 8.64712e+06 0
15330 9.14377e+06 0
15340 9.25505e+06 0
15350 9.29627e+06 0
15360 9.54666e+06 0
15370 8.79034e+06 0
15380 9.94542e+06 0
15390 9.36324e+06 0
15400 1.04534e+07 0
15410 1.06997e+07 0
15420 9.66412e+06 0
15430 1.00979e+07 0
15440 9.54872e+06 0
15450 6.95726e+06 0
15460 7.67648e+06 0
15470 7.12831e+06 0
15480 7.54459e+06 0
15490 7.3756e+06 0
15500 7.4807e+06 0
15510 7.0129e+06 0
15520 7.42712e+06 0
15530 6.99229e+06 0
15540 7.23547e+06 0
15550 7.67648e+06 0
15560 6.99436e+06 0
15570 7.40136e+06 0
15580 8.0433e+06 0
15590 7.82589e+06 0
15600 7.13861e+06 0
15610 7.26432e+06 0
15620 7.86504e+06 0
15630 7.67957e+06 0
15640 7.09946e+06 0
15650 7.01187e+06 0
15660 6.75427e+06 0
15670 6.59559e+06 0
15680 7.68163e+06 0
15690 8.88926e+06 0
15700 9.86299e+06 0
15710 9.74655e+06 0
15720 9.43949e+06 0
15730 9.07473e+06 0
15740 1.02885e+07 0
15750 9.44568e+06 0
15760 9.18189e+06 0
15770 9.37561e+06 0
15780 1.0438e+07 0
15790 1.02597e+07 0
15800 9.96603e+06 0
15810 9.96088e+06 0
15820 1.05668e+07 0
15830 9.09946e+06 0
15840 1.00928e+07 0
15850 8.07730e+06 0
15860 1.10294e+07 0
15870 9.04073e+06 0
15880 9.47144e+06 0
15890 1.01453e+07 0
15900 9.78674e+06 0
15910 9.09946e+06 0
15920 9.57963e+06 0
15930 8.90678e+06 0
15940 9.21384e+06 0
15950 9.79704e+06 0
15960 9.19117e+06 0
15970 9.8362e+06 0
15980 8.51626e+06 0
15990 9.8702e+06 0
16000 9.16747e+06 0
16010 9.26226e+06 0
16020 8.70173e+06 0
16030 8.64196e+06 0
16040 1.04854e+07 0
16050 1.02484e+07 0
16060 9.37458e+06 0
16070 9.99694e+06 0
16080 8.95108e+06 0
16090 9.87948e+06 0
16100 9.93202e+06 0
16110 1.10067e+07 0
16120 8.81198e+06 0
16130 1.01257e+07 0
16140 9.73007e+06 0
16150 9.48071e+06 0
16160 9.5178e+06 0
16170 9.74758e+06 0
16180 1.07955e+07 0
16190 1.09315e+07 0
16200 1.00773e+07 0
16210 1.10088e+07 0
16220 1.00114e+07 0
16230 1.03267e+07 0
16240 1.11458e+07 0
16250 1.1219e+07 0
16260 1.00155e+07 0
16270 9.07061e+06 0
16280 9.59096e+06 0
16290 1.01597e+07 0
16300 9.82898e+06 0
16310 9.0294e+06 0
16320 9.74037e+06 0
16330 9.11183e+06 0
16340 1.03823e+07 0
16350 9.12007e+06 0
16360 1.06008e+07 0
16370 9.90111e+06 0
16380 1.0406e+07 0
16390 1.06327e+07 0
16400 9.20559e+06 0
16410 9.016e+06 0
16420 9.07679e+06 0
16430 9.5075e+06 0
16440 1.03287e+07 0
16450 8.92738e+06 0
16460 8.79343e+06 0
16470 8.88514e+06 0
16480 9.38694e+06 0
16490 9.19735e+06 0
16500 9.7888e+06 0
16510 9.30142e+06 0
16520 9.37973e+06 0
16530 8.80168e+06 0
16540 1.02679e+07 0
16550 8.31121e+06 0
16560 1.00979e+07 0
16570 9.05e+06 0
16580 1.07481e+07 0
16590 9.39313e+06 0
16600 9.6126e+06 0
16610 9.73419e+06 0
16620 9.72492e+06 0
16630 9.45495e+06 0
16640 1.03411e+07 0
16650 1.01494e+07 0
16660 9.65897e+06 0
16670 1.00711e+07 0
16680 1.03751e+07 0
16690 9.47453e+06 0
16700 9.66309e+06 0
16710 1.02391e+07 0
16720 9.47041e+06 0
16730 9.72698e+06 0
16740 8.77489e+06 0
16750 9.26124e+06 0
16760 9.97427e+06 0
16770 9.49101e+06 0
16780 9.4735e+06 0
16790 9.07267e+06 0
16800 9.40652e+06 0
16810 9.57757e+06 0
16820 1.04957e+07 0
16830 8.72337e+06 0
16840 1.11355e+07 0
16850 1.00794e+07 0
16860 8.56262e+06 0
16870 1.03854e+07 0
16880 9.50338e+06 0
16890 9.41682e+06 0
16900 9.68267e+06 0
16910 9.1448e+06 0
16920 9.62497e+06 0
16930 9.80632e+06 0
16940 9.33748e+06 0
16950 9.31585e+06 0
16960 8.92017e+06 0
16970 9.69606e+06 0
16980 1.00546e+07 0
16990 9.16026e+06 0
17000 9.35397e+06 0
17010 9.72182e+06 0
17020 8.0093e+06 0
17030 1.15364e+07 0
17040 1.00392e+07 0
17050 9.98973e+06 0
17060 1.03308e+07 0
17070 9.24269e+06 0
17080 1.00124e+07 0
17090 1.13365e+07 0
17100 9.47556e+06 0
17110 1.05585e+07 0
17120 9.66103e+06 0
17130 9.28493e+06 0
17140 8.57705e+06 0
17150 9.45392e+06 0
17160 9.99694e+06 0
17170 1.15879e+07 0
17180 7.9959e+06 0
17190 9.6023e+06 0
17200 9.65382e+06 0
17210 8.56778e+06 0
17220 8.60281e+06 0
17230 8.54202e+06 0
17240 9.34779e+06 0
17250 8.75531e+06 0
17260 9.24372e+06 0
17270 1.01618e+07 0
17280 9.27978e+06 0
17290 9.96603e+06 0
17300 9.24578e+06 0
17310 9.73522e+06 0
17320 9.60127e+06 0
17330 8.87896e+06 0
17340 1.01268e+07 0
17350 9.59302e+06 0
17360 8.80168e+06 0
17370 9.49204e+06 0
17380 8.32048e+06 0
17390 9.56314e+06 0
17400 9.19838e+06 0
17410 9.36530e+06 0
17420 9.10049e+06 0
17430 9.94439e+06 0
17440 9.99797e+06 0
17450 1.08171e+07 0
17460 8.40806e+06 0
17470 9.68576e+06 0
17480 1.00299e+07 0
17490 9.7414e+06 0
17500 8.98303e+06 0
17510 9.49101e+06 0
17520 8.88102e+06 0
17530 8.01754e+06 0
17540 8.24835e+06 0
17550 8.77695e+06 0
17560 1.00577e+07 0
17570 7.68678e+06 0
17580 9.45392e+06 0
17590 1.00608e+07 0
17600 9.67752e+06 0
17610 8.53583e+06 0
17620 8.83362e+06 0
17630 9.83517e+06 0
17640 1.03442e+07 0
17650 8.64918e+06 0
17660 9.19117e+06 0
17670 9.24166e+06 0
17680 8.58117e+06 0
17690 8.97890e+06 0
17700 9.12316e+06 0
17710 1.08573e+07 0
17720 9.97221e+06 0
17730 1.07687e+07 0
17740 1.14941e+07 0
17750 9.80322e+06 0
17760 9.48071e+06 0
17770 8.78931e+06 0
17780 8.79652e+06 0
17790 7.83413e+06 0
17800 9.9042e+06 0
17810 9.93409e+06 0
17820 9.93202e+06 0
17830 1.00938e+07 0
17840 1.00959e+07 0
17850 9.8228e+06 0
17860 8.96139e+06 0
17870 9.55387e+06 0
17880 8.83053e+06 0
17890 8.12367e+06 0
17900 9.46628e+06 0
17910 9.16335e+06 0
17920 9.43846e+06 0
17930 1.02329e+07 0
17940 1.02247e+07 0
17950 9.34367e+06 0
17960 9.0737e+06 0
17970 9.98252e+06 0
17980 9.50029e+06 0
17990 1.00114e+07 0
18000 9.97633e+06 0
18010 8.95727e+06 0
18020 9.31172e+06 0
18030 8.42146e+06 0
18040 8.43898e+06 0
18050 8.0804e+06 0
18060 8.50183e+06 0
18070 9.72285e+06 0
18080 9.69606e+06 0
18090 9.29009e+06 0
18100 9.1582e+06 0
18110 9.07576e+06 0
18120 9.09328e+06 0
18130 8.79137e+06 0
18140 1.0542e+07 0
18150 8.86556e+06 0
18160 8.84289e+06 0
18170 9.7414e+06 0
18180 8.96036e+06 0
18190 8.01548e+06 0
18200 9.35706e+06 0
18210 8.71512e+06 0
18220 8.66257e+06 0
18230 9.06546e+06 0
18240 1.02288e+07 0
18250 9.82589e+06 0
18260 9.90317e+06 0
18270 8.50492e+06 0
18280 9.79601e+06 0
18290 9.20044e+06 0
18300 9.04897e+06 0
18310 9.15922e+06 0
18320 1.06646e+07 0
18330 8.57808e+06 0
18340 8.82538e+06 0
18350 9.37561e+06 0
18360 1.0438e+07 0
18370 8.88102e+06 0
18380 9.32512e+06 0
18390 8.77282e+06 0
18400 9.67752e+06 0
18410 9.79498e+06 0
18420 9.29318e+06 0
18430 9.17674e+06 0
18440 9.46628e+06 0
18450 7.46319e+06 0
18460 8.88926e+06 0
18470 9.44465e+06 0
18480 8.36273e+06 0
18490 8.70482e+06 0
18500 9.27978e+06 0
18510 9.42404e+06 0
18520 9.68061e+06 0
18530 8.89647e+06 0
18540 9.31378e+06 0
18550 9.75995e+06 0
18560 9.36324e+06 0
18570 8.47916e+06 0
18580 8.7584e+06 0
18590 9.39416e+06 0
18600 9.65176e+06 0
18610 9.59612e+06 0
18620 9.92687e+06 0
18630 9.81456e+06 0
18640 9.44465e+06 0
18650 7.36324e+06 0
18660 8.86144e+06 0
18670 8.25762e+06 0
18680 9.10255e+06 0
18690 9.4972e+06 0
18700 9.20559e+06 0
18710 7.999e+06 0
18720 7.66618e+06 0
18730 9.82796e+06 0
18740 9.64454e+06 0
18750 8.23393e+06 0
18760 9.60539e+06 0
18770 9.68988e+06 0
18780 8.59766e+06 0
18790 8.13501e+06 0
18800 8.68421e+06 0
18810 7.7383e+06 0
18820 8.17107e+06 0
18830 9.52914e+06 0
18840 9.11389e+06 0
18850 9.55078e+06 0
18860 8.60384e+06 0
18870 8.59869e+06 0
18880 9.00673e+06 0
18890 1.00907e+07 0
18900 1.00866e+07 0
18910 1.11407e+07 0
18920 9.16026e+06 0
18930 9.39106e+06 0
18940 9.67752e+06 0
18950 9.76613e+06 0
18960 1.01123e+07 0
18970 9.37252e+06 0
18980 9.5549e+06 0
18990 8.01342e+06 0
19000 9.58066e+06 0
19010 7.73521e+06 0
19020 8.31636e+06 0
19030 9.07782e+06 0
19040 9.48174e+06 0
19050 7.85783e+06 0
19060 9.01806e+06 0
19070 9.68885e+06 0
19080 8.65948e+06 0
19090 8.95727e+06 0
19100 9.1108e+06 0
19110 9.59508e+06 0
19120 8.66566e+06 0
19130 9.07576e+06 0
19140 9.15613e+06 0
19150 1.10665e+07 0
19160 9.60642e+06 0
19170 9.94027e+06 0
19180 9.60333e+06 0
19190 8.86144e+06 0
19200 8.85114e+06 0
19210 9.61981e+06 0
19220 8.76458e+06 0
19230 8.65433e+06 0
19240 9.44362e+06 0
19250 9.4498e+06 0
19260 1.00351e+07 0
19270 9.48071e+06 0
19280 9.57757e+06 0
19290 9.81868e+06 0
19300 1.01979e+07 0
19310 8.74604e+06 0
19320 9.08916e+06 0
19330 9.11698e+06 0
19340 8.85217e+06 0
19350 9.25093e+06 0
19360 9.18086e+06 0
19370 1.0949e+07 0
19380 1.03926e+07 0
19390 9.29318e+06 0
19400 9.53223e+06 0
19410 9.26433e+06 0
19420 1.15158e+07 0
19430 1.02071e+07 0
19440 9.45186e+06 0
19450 1.02772e+07 0
19460 9.76819e+06 0
19470 1.02226e+07 0
19480 9.0974e+06 0
19490 1.03061e+07 0
19500 9.26536e+06 0
19510 9.24578e+06 0
19520 9.64557e+06 0
19530 1.01494e+07 0
19540 8.93357e+06 0
19550 9.98561e+06 0
19560 9.83929e+06 0
19570 1.07873e+07 0
19580 1.05719e+07 0
19590 8.35757e+06 0
19600 9.22414e+06 0
19610 1.01309e+07 0
19620 9.62188e+06 0
19630 9.44568e+06 0
19640 9.69297e+06 0
19650 1.10222e+07 0
19660 8.6873e+06 0
19670 8.75016e+06 0
19680 8.49771e+06 0
19690 9.68988e+06 0
19700 1.02741e+07 0
19710 9.21796e+06 0
19720 8.57705e+06 0
19730 9.33439e+06 0
19740 9.91245e+06 0
19750 8.82847e+06 0
19760 9.04382e+06 0
19770 9.70328e+06 0
19780 9.33748e+06 0
19790 9.43949e+06 0
19800 9.07061e+06 0
19810 9.40755e+06 0
19820 8.95624e+06 0
19830 9.75789e+06 0
19840 9.78365e+06 0
19850 1.00536e+07 0
19860 9.98045e+06 0
19870 8.92945e+06 0
19880 8.73264e+06 0
19890 8.5142e+06 0
19900 8.73367e+06 0
19910 9.05722e+06 0
19920 8.88308e+06 0
19930 8.80168e+06 0
19940 1.00042e+07 0
19950 9.27669e+06 0
19960 9.53738e+06 0
19970 1.0881e+07 0
19980 9.17571e+06 0
19990 9.31688e+06 0
20000 1.07203e+07 0
20010 8.6533e+06 0
20020 8.38952e+06 0
20030 9.43125e+06 0
20040 8.98406e+06 0
20050 1.00309e+07 0
20060 8.56674e+06 0
20070 1.00186e+07 0
20080 9.14789e+06 0
20090 9.02115e+06 0
20100 9.65691e+06 0
20110 9.96191e+06 0
20120 9.6837e+06 0
20130 9.23341e+06 0
20140 9.96912e+06 0
20150 1.03277e+07 0
20160 9.91966e+06 0
20170 9.46628e+06 0
20180 9.85268e+06 0
20190 8.26896e+06 0
20200 1.02216e+07 0
20210 1.04039e+07 0
20220 1.0338e+07 0
20230 8.78519e+06 0
20240 9.28906e+06 0
20250 1.01463e+07 0
20260 9.1551e+06 0
20270 9.50441e+06 0
20280 9.37355e+06 0
20290 9.62188e+06 0
20300 1.0169e+07 0
20310 9.47762e+06 0
20320 9.64557e+06 0
20330 9.42919e+06 0
20340 9.4498e+06 0
20350 8.63887e+06 0
20360 9.2262e+06 0
20370 9.97221e+06 0
20380 9.87844e+06 0
20390 9.55078e+06 0
20400 9.30348e+06 0
20410 9.80013e+06 0
20420 9.71255e+06 0
20430 1.01659e+07 0
20440 8.61105e+06 0
20450 9.61775e+06 0
20460 9.4127e+06 0
20470 1.05987e+07 0
20480 9.5075e+06 0
20490 8.00002e+06 0
20500 1.03133e+07 0
20510 1.00083e+07 0
20520 9.85165e+06 0
20530 9.17674e+06 0
20540 1.06255e+07 0
20550 9.65485e+06 0
20560 9.95778e+06 0
20570 9.93306e+06 0
20580 9.35191e+06 0
20590 9.2839e+06 0
20600 9.45392e+06 0
20610 9.61775e+06 0
20620 9.30245e+06 0
20630 7.999e+06 0
20640 1.08254e+07 0
20650 1.01082e+07 0
20660 1.02566e+07 0
20670 8.95418e+06 0
20680 9.13965e+06 0
20690 9.03249e+06 0
20700 9.26536e+06 0
20710 8.63887e+06 0
20720 1.01515e+07 0
20730 9.52708e+06 0
20740 9.60539e+06 0
20750 9.43125e+06 0
20760 9.4838e+06 0
20770 9.84444e+06 0
20780 1.18414e+07 0
20790 9.98664e+06 0
20800 1.04122e+07 0
20810 9.30039e+06 0
20820 8.53996e+06 0
20830 9.91451e+06 0
20840 9.47144e+06 0
20850 9.62084e+06 0
20860 8.87277e+06 0
20870 8.4874e+06 0
20880 1.00948e+07 0
20890 1.02834e+07 0
20900 1.19125e+07 0
20910 9.17777e+06 0
20920 8.95005e+06 0
20930 9.80013e+06 0
20940 8.88514e+06 0
20950 1.0506e+07 0
20960 9.63218e+06 0
20970 8.36273e+06 0
20980 9.45598e+06 0
20990 9.78159e+06 0
21000 9.94542e+06 0
21010 9.91451e+06 0
21020 9.39931e+06 0
21030 9.75789e+06 0
21040 9.28287e+06 0
21050 1.10552e+07 0
21060 9.5312e+06 0
21070 9.65897e+06 0
21080 1.0168e+07 0
21090 9.52811e+06 0
21100 1.05523e+07 0
21110 9.50338e+06 0
21120 9.8939e+06 0
21130 8.73367e+06 0
21140 8.74088e+06 0
21150 9.7074e+06 0
21160 8.35757e+06 0
21170 9.42507e+06 0
21180 9.03352e+06 0
21190 1.20052e+07 0
21200 1.00145e+07 0
21210 1.07615e+07 0
21220 9.30039e+06 0
21230 8.45134e+06 0
21240 1.10624e+07 0
21250 9.84238e+06 0
21260 9.2602e+06 0
21270 1.01082e+07 0
21280 8.4771e+06 0
21290 8.03506e+06 0
21300 9.49823e+06 0
21310 9.72698e+06 0
21320 8.73367e+06 0
21330 9.58066e+06 0
21340 9.40961e+06 0
21350 8.28648e+06 0
21360 9.37252e+06 0
21370 1.04029e+07 0
21380 8.70688e+06 0
21390 1.01567e+07 0
21400 8.66051e+06 0
21410 1.0407e+07 0
21420 8.41012e+06 0
21430 9.39931e+06 0
21440 8.86659e+06 0
21450 1.0102e+07 0
21460 9.22929e+06 0
21470 8.45958e+06 0
21480 8.73985e+06 0
21490 9.73728e+06 0
21500 9.32718e+06 0
21510 9.33439e+06 0
21520 9.01703e+06 0
21530 1.06667e+07 0
21540 8.21332e+06 0
21550 9.73419e+06 0
21560 9.10977e+06 0
21570 1.04555e+07 0
21580 9.82796e+06 0
21590 9.51677e+06 0
