# TimeStamp(s) Sum Stdev
0 7.2128e+06 0
10 6.84334e+06 0
20 5.89801e+06 0
30 5.118e+06 0
40 5.74079e+06 0
50 5.32127e+06 0
60 5.32135e+06 0
70 5.36642e+06 0
80 5.21082e+06 0
90 6.27001e+06 0
100 5.60518e+06 0
110 6.02518e+06 0
120 6.05484e+06 0
130 6.91502e+06 0
140 6.00337e+06 0
150 6.89466e+06 0
160 5.46994e+06 0
170 5.77451e+06 0
180 5.87218e+06 0
190 4.66932e+06 0
200 5.80074e+06 0
210 5.71154e+06 0
220 5.02528e+06 0
230 5.12451e+06 0
240 5.24185e+06 0
250 5.52653e+06 0
260 5.25295e+06 0
270 5.69182e+06 0
280 5.48817e+06 0
290 5.15627e+06 0
300 5.27496e+06 0
310 4.96326e+06 0
320 4.67046e+06 0
330 5.74572e+06 0
340 5.51442e+06 0
350 5.79197e+06 0
360 5.97426e+06 0
370 5.82972e+06 0
380 5.85123e+06 0
390 6.45562e+06 0
400 6.7596e+06 0
410 6.11374e+06 0
420 6.1934e+06 0
430 5.36888e+06 0
440 5.43521e+06 0
450 5.13814e+06 0
460 5.97405e+06 0
470 5.22063e+06 0
480 5.28003e+06 0
490 6.28201e+06 0
500 6.32623e+06 0
510 5.63583e+06 0
520 5.74098e+06 0
530 5.61394e+06 0
540 5.38029e+06 0
550 4.91139e+06 0
560 5.45181e+06 0
570 5.91536e+06 0
580 6.30436e+06 0
590 6.97128e+06 0
600 6.59651e+06 0
610 5.03152e+06 0
620 5.33302e+06 0
630 6.31696e+06 0
640 6.625e+06 0
650 7.20408e+06 0
660 6.81732e+06 0
670 5.14954e+06 0
680 5.08214e+06 0
690 4.6355e+06 0
700 5.7999e+06 0
710 5.65497e+06 0
720 5.15761e+06 0
730 6.06603e+06 0
740 5.55594e+06 0
750 5.49182e+06 0
760 5.2881e+06 0
770 5.72225e+06 0
780 6.45644e+06 0
790 6.19409e+06 0
800 5.93201e+06 0
810 5.06777e+06 0
820 5.18571e+06 0
830 5.52509e+06 0
840 4.70986e+06 0
850 4.83292e+06 0
860 4.94975e+06 0
870 4.88848e+06 0
880 5.03408e+06 0
890 4.96583e+06 0
900 4.84957e+06 0
910 5.42781e+06 0
920 5.78789e+06 0
930 5.45308e+06 0
940 6.41094e+06 0
950 5.97135e+06 0
960 5.00371e+06 0
970 5.88203e+06 0
980 5.77208e+06 0
990 6.43092e+06 0
1000 6.45663e+06 0
1010 5.37324e+06 0
1020 5.59699e+06 0
1031 3.13874e+06 0
1040 7.55345e+06 0
1050 5.72181e+06 0
1060 5.6672e+06 0
1070 5.95994e+06 0
1080 6.16726e+06 0
1090 6.63489e+06 0
1100 6.44576e+06 0
1110 5.85364e+06 0
1120 5.37243e+06 0
1130 5.27429e+06 0
1140 6.14909e+06 0
1150 6.51284e+06 0
1160 6.08404e+06 0
1170 4.87169e+06 0
1181 4.79352e+06 0
1190 7.18759e+06 0
1200 6.14210e+06 0
1210 6.04367e+06 0
1220 5.62055e+06 0
1230 5.41629e+06 0
1240 6.78818e+06 0
1250 6.16690e+06 0
1260 6.43866e+06 0
1270 6.31201e+06 0
1280 6.53402e+06 0
1290 6.63964e+06 0
1300 6.33976e+06 0
1310 5.3422e+06 0
1320 4.70404e+06 0
1330 4.72472e+06 0
1340 5.2524e+06 0
1350 5.19482e+06 0
1360 5.54278e+06 0
1370 5.17887e+06 0
1380 5.65656e+06 0
1390 6.12138e+06 0
1400 6.98588e+06 0
1410 6.0843e+06 0
1420 6.28035e+06 0
1430 6.673e+06 0
1444 6.36304e+06 0
1450 5.68206e+06 0
1460 5.00358e+06 0
1470 5.66086e+06 0
1480 6.95177e+06 0
1490 6.87861e+06 0
1500 5.96765e+06 0
1510 5.88129e+06 0
1520 5.99367e+06 0
1531 5.90009e+06 0
1540 7.56502e+06 0
1550 5.94537e+06 0
1560 6.11162e+06 0
1570 5.92906e+06 0
1580 6.32668e+06 0
1590 6.19278e+06 0
1600 6.79174e+06 0
1610 6.27297e+06 0
1620 6.09635e+06 0
1630 6.22339e+06 0
1640 6.01962e+06 0
1650 6.50074e+06 0
1660 6.48022e+06 0
1670 6.9664e+06 0
1680 6.90849e+06 0
1690 5.8382e+06 0
1700 5.09002e+06 0
1710 4.71222e+06 0
1720 5.8836e+06 0
1730 6.44626e+06 0
1740 5.87474e+06 0
1750 5.61892e+06 0
1760 5.86228e+06 0
1770 6.29695e+06 0
1780 6.12387e+06 0
1790 6.90035e+06 0
1800 6.24583e+06 0
1810 6.84773e+06 0
1820 6.67476e+06 0
1830 6.87588e+06 0
1840 6.7049e+06 0
1850 5.40182e+06 0
1860 6.49234e+06 0
1870 6.37117e+06 0
1880 5.35615e+06 0
1890 5.83238e+06 0
1900 5.9204e+06 0
1910 6.74502e+06 0
1920 6.52924e+06 0
1930 6.11416e+06 0
1940 6.45165e+06 0
1950 6.19166e+06 0
1961 5.42776e+06 0
1970 6.42546e+06 0
1980 5.88358e+06 0
1990 5.39493e+06 0
2000 4.27489e+06 0
2010 7.24701e+06 0
2020 5.9503e+06 0
2030 6.1232e+06 0
2040 6.02797e+06 0
2050 6.33158e+06 0
2060 6.8338e+06 0
2070 6.51282e+06 0
2080 6.65506e+06 0
2090 6.44092e+06 0
2100 6.47813e+06 0
2110 5.522e+06 0
2120 5.50618e+06 0
2130 6.31503e+06 0
2140 4.92934e+06 0
2150 5.64129e+06 0
2160 6.05089e+06 0
2170 5.76827e+06 0
2180 5.42536e+06 0
2190 6.76611e+06 0
2200 5.96178e+06 0
2210 7.16257e+06 0
2220 5.7087e+06 0
2230 4.84038e+06 0
2240 5.59468e+06 0
2250 5.51436e+06 0
2260 5.40521e+06 0
2270 5.64356e+06 0
2280 6.54304e+06 0
2290 6.20746e+06 0
2300 5.77517e+06 0
2310 5.81972e+06 0
2320 6.72866e+06 0
2330 5.82746e+06 0
2340 6.00468e+06 0
2350 4.90184e+06 0
2360 5.25888e+06 0
2370 6.40783e+06 0
2380 5.76207e+06 0
2390 6.08078e+06 0
2400 6.05149e+06 0
2410 6.6007e+06 0
2420 6.21442e+06 0
2430 6.16204e+06 0
2440 6.17138e+06 0
2450 5.55073e+06 0
2460 6.50948e+06 0
2470 5.52587e+06 0
2480 4.98461e+06 0
2491 3.36374e+06 0
2500 6.71236e+06 0
2510 6.09821e+06 0
2520 5.96017e+06 0
2530 5.72765e+06 0
2540 6.45048e+06 0
2551 5.14333e+06 0
2560 7.61404e+06 0
2570 6.27254e+06 0
2580 5.95948e+06 0
2590 5.54364e+06 0
2600 5.12396e+06 0
2610 4.94316e+06 0
2620 4.99905e+06 0
2630 5.67490e+06 0
2640 5.37325e+06 0
2650 5.67650e+06 0
2660 5.43604e+06 0
2670 5.16863e+06 0
2680 5.85366e+06 0
2690 6.74742e+06 0
2700 5.57298e+06 0
2710 5.85614e+06 0
2720 3.93906e+06 0
2730 4.92879e+06 0
2740 4.98027e+06 0
2750 4.06264e+06 0
2760 4.64642e+06 0
2770 4.32103e+06 0
2780 4.3185e+06 0
2790 4.04562e+06 0
2800 4.51651e+06 0
2810 5.19033e+06 0
2820 5.37889e+06 0
2830 5.96943e+06 0
2840 5.81409e+06 0
2850 4.57408e+06 0
2860 4.28492e+06 0
2870 4.71424e+06 0
2880 5.08746e+06 0
2890 5.08616e+06 0
2900 5.23074e+06 0
2910 5.02249e+06 0
2920 6.2337e+06 0
2930 5.45036e+06 0
2940 5.01485e+06 0
2950 5.86561e+06 0
2960 6.75597e+06 0
2970 6.21648e+06 0
2981 5.78069e+06 0
2990 6.85964e+06 0
3000 5.71636e+06 0
3010 5.92858e+06 0
3020 6.71748e+06 0
3030 6.88994e+06 0
3040 5.49544e+06 0
3050 5.1191e+06 0
3060 4.75702e+06 0
3070 5.56364e+06 0
3080 6.09671e+06 0
3090 5.18227e+06 0
3100 4.77314e+06 0
3110 5.00583e+06 0
3120 5.27084e+06 0
3130 4.20707e+06 0
3140 4.92745e+06 0
3150 4.68305e+06 0
3160 5.11708e+06 0
3170 4.8691e+06 0
3180 6.06682e+06 0
3190 6.54991e+06 0
3200 6.45784e+06 0
3210 6.53698e+06 0
3220 5.77178e+06 0
3230 5.28666e+06 0
3240 5.38931e+06 0
3250 6.24284e+06 0
3260 5.98889e+06 0
3270 5.72273e+06 0
3280 5.83293e+06 0
3290 6.18302e+06 0
3300 6.808e+06 0
3310 7.03551e+06 0
3320 7.10056e+06 0
3330 7.21178e+06 0
3340 7.35713e+06 0
3350 6.22102e+06 0
3360 6.05701e+06 0
3370 5.56097e+06 0
3380 6.37e+06 0
3390 5.80851e+06 0
3400 5.75038e+06 0
3410 5.34785e+06 0
3420 5.34392e+06 0
3430 5.4957e+06 0
3440 6.00731e+06 0
3450 6.0604e+06 0
3460 6.13036e+06 0
3470 5.61746e+06 0
3480 5.60042e+06 0
3490 5.37423e+06 0
3500 5.5346e+06 0
3510 6.20625e+06 0
3520 5.8428e+06 0
3530 6.23442e+06 0
3540 5.74013e+06 0
3550 6.64348e+06 0
3560 6.13787e+06 0
3570 5.10415e+06 0
3580 5.72317e+06 0
3590 6.73951e+06 0
3600 5.66892e+06 0
3610 6.4683e+06 0
3620 6.03882e+06 0
3630 4.87527e+06 0
3640 4.90163e+06 0
3650 5.86863e+06 0
3660 6.16775e+06 0
3670 5.84638e+06 0
3680 6.12914e+06 0
3690 5.38974e+06 0
3700 6.02471e+06 0
3711 4.87255e+06 0
3720 7.4279e+06 0
3730 5.72696e+06 0
3740 6.32953e+06 0
3750 6.52037e+06 0
3760 6.35034e+06 0
3770 6.14963e+06 0
3780 6.34642e+06 0
3793 5.16402e+06 0
3800 6.99779e+06 0
3810 5.55561e+06 0
3820 5.86342e+06 0
3830 6.18714e+06 0
3840 5.77346e+06 0
3850 6.25036e+06 0
3860 5.84033e+06 0
3870 5.35853e+06 0
3880 6.8766e+06 0
3890 5.67735e+06 0
3900 5.28736e+06 0
3910 5.78257e+06 0
3920 5.7625e+06 0
3930 4.89091e+06 0
3940 5.72044e+06 0
3950 6.34133e+06 0
3960 5.81039e+06 0
3970 5.40653e+06 0
3980 6.36776e+06 0
3990 5.0182e+06 0
4000 6.18509e+06 0
4010 5.91523e+06 0
4020 6.76022e+06 0
4030 5.3646e+06 0
4040 5.57508e+06 0
4050 4.80927e+06 0
4060 5.43435e+06 0
4070 5.3246e+06 0
4080 5.09336e+06 0
4090 5.18972e+06 0
4100 5.58018e+06 0
4110 4.69181e+06 0
4120 4.83144e+06 0
4130 4.77496e+06 0
4140 5.85305e+06 0
4150 5.62703e+06 0
4160 6.41038e+06 0
4170 6.52099e+06 0
4180 5.70619e+06 0
4190 4.82036e+06 0
4200 5.43133e+06 0
4210 5.9967e+06 0
4220 5.96257e+06 0
4230 5.47054e+06 0
4240 5.77547e+06 0
4250 5.11614e+06 0
4260 5.38303e+06 0
4270 5.21688e+06 0
4280 5.52156e+06 0
4290 6.17138e+06 0
4300 5.50084e+06 0
4310 5.87287e+06 0
4320 6.5256e+06 0
4330 4.71265e+06 0
4340 6.27807e+06 0
4350 6.80282e+06 0
4360 6.22892e+06 0
4370 6.31218e+06 0
4380 6.02059e+06 0
4390 5.4538e+06 0
4400 4.7386e+06 0
4410 5.21111e+06 0
4420 6.03974e+06 0
4430 5.20719e+06 0
4440 6.18086e+06 0
4450 6.86469e+06 0
4460 6.36184e+06 0
4470 6.58706e+06 0
4480 6.55371e+06 0
4490 6.78175e+06 0
4500 6.83207e+06 0
4510 6.94748e+06 0
4520 6.8161e+06 0
4530 5.96161e+06 0
4540 4.38365e+06 0
4550 4.5953e+06 0
4560 5.11415e+06 0
4570 5.10657e+06 0
4580 5.38785e+06 0
4590 6.3091e+06 0
4600 5.71122e+06 0
4610 5.73789e+06 0
4620 5.63024e+06 0
4630 7.01874e+06 0
4640 5.69637e+06 0
4650 5.79178e+06 0
4660 5.31069e+06 0
4670 5.12451e+06 0
4680 4.44578e+06 0
4690 4.85436e+06 0
4700 4.82468e+06 0
4710 4.58129e+06 0
4720 4.84975e+06 0
4730 5.86008e+06 0
4740 5.69983e+06 0
4750 6.26116e+06 0
4760 5.75681e+06 0
4770 5.54453e+06 0
4780 5.44666e+06 0
4790 5.14797e+06 0
4800 6.03882e+06 0
4810 5.51187e+06 0
4820 5.7448e+06 0
4830 6.55136e+06 0
4840 5.92463e+06 0
4850 6.50687e+06 0
4860 7.41495e+06 0
4870 6.23588e+06 0
4880 6.17069e+06 0
4890 5.04579e+06 0
4900 5.62116e+06 0
4910 5.40548e+06 0
4920 5.84506e+06 0
4930 5.47047e+06 0
4940 6.40935e+06 0
4950 7.17783e+06 0
4960 6.81677e+06 0
4970 6.14557e+06 0
4980 6.45821e+06 0
4990 5.24749e+06 0
5000 5.52853e+06 0
5010 5.93597e+06 0
5020 5.97743e+06 0
5030 6.01514e+06 0
5040 6.16011e+06 0
5050 5.71085e+06 0
5060 5.76226e+06 0
5070 5.40853e+06 0
5080 5.77159e+06 0
5090 5.265e+06 0
5100 4.76447e+06 0
5110 4.1626e+06 0
5120 5.29912e+06 0
5130 4.87164e+06 0
5140 4.64374e+06 0
5150 5.9698e+06 0
5160 5.26681e+06 0
5170 5.27137e+06 0
5180 5.5032e+06 0
5190 5.83785e+06 0
5200 5.76904e+06 0
5210 5.55526e+06 0
5220 5.71057e+06 0
5230 5.59957e+06 0
5240 6.46426e+06 0
5250 5.37732e+06 0
5260 4.71629e+06 0
5270 4.59663e+06 0
5280 4.9751e+06 0
5293 5.60103e+06 0
5300 5.78281e+06 0
5310 5.32919e+06 0
5320 5.27373e+06 0
5330 5.62039e+06 0
5340 5.34486e+06 0
5350 6.01410e+06 0
5360 5.55011e+06 0
5370 5.50987e+06 0
5380 6.43644e+06 0
5390 5.59794e+06 0
5400 5.303e+06 0
5410 5.20337e+06 0
5420 6.21448e+06 0
5430 7.31453e+06 0
5440 7.40051e+06 0
5450 7.13341e+06 0
5460 6.56088e+06 0
5470 6.5798e+06 0
5480 7.11552e+06 0
5490 6.37284e+06 0
5500 5.79251e+06 0
5510 5.07905e+06 0
5520 4.92242e+06 0
5530 5.18379e+06 0
5540 5.191e+06 0
5550 4.31927e+06 0
5560 3.95708e+06 0
5570 4.33346e+06 0
5580 5.13748e+06 0
5590 5.17757e+06 0
5600 4.88959e+06 0
5610 4.79308e+06 0
5620 6.06631e+06 0
5630 4.92222e+06 0
5640 5.1524e+06 0
5650 6.61214e+06 0
5660 6.38934e+06 0
5670 5.58597e+06 0
5680 4.59421e+06 0
5690 5.84988e+06 0
5700 6.54772e+06 0
5710 6.69045e+06 0
5720 5.96737e+06 0
5730 5.5548e+06 0
5740 5.191e+06 0
5750 5.27426e+06 0
5760 5.12504e+06 0
5770 5.44939e+06 0
5780 5.07213e+06 0
5790 6.18824e+06 0
5800 6.12538e+06 0
5810 5.01619e+06 0
5820 5.93166e+06 0
5830 5.5828e+06 0
5840 5.20344e+06 0
5850 4.77252e+06 0
5860 5.32556e+06 0
5870 4.59264e+06 0
5880 4.63361e+06 0
5890 6.28498e+06 0
5900 5.81232e+06 0
5910 5.18256e+06 0
5920 5.15258e+06 0
5930 5.28925e+06 0
5940 5.57417e+06 0
5950 5.28834e+06 0
5960 5.98033e+06 0
5970 5.59031e+06 0
5980 6.08337e+06 0
5990 6.68386e+06 0
6000 6.26879e+06 0
6010 5.57e+06 0
6020 5.94663e+06 0
6030 5.7886e+06 0
6040 5.10235e+06 0
6050 5.99009e+06 0
6060 5.22241e+06 0
6070 5.99165e+06 0
6080 5.67794e+06 0
6090 6.08211e+06 0
6100 5.90543e+06 0
6110 5.41132e+06 0
6120 6.59026e+06 0
6130 6.90902e+06 0
6140 6.64736e+06 0
6150 6.18358e+06 0
6160 6.72633e+06 0
6170 6.95432e+06 0
6180 6.52408e+06 0
6190 6.12319e+06 0
6200 5.83075e+06 0
6210 6.29842e+06 0
6220 6.18278e+06 0
6230 5.6077e+06 0
6240 5.73814e+06 0
6250 5.06577e+06 0
6260 5.79111e+06 0
6270 6.50796e+06 0
6280 7.17747e+06 0
6290 6.51336e+06 0
6300 5.56449e+06 0
6310 5.46204e+06 0
6320 5.5623e+06 0
6330 5.14522e+06 0
6340 4.87019e+06 0
6350 4.70617e+06 0
6360 4.50663e+06 0
6370 4.22685e+06 0
6380 4.63567e+06 0
6390 4.64071e+06 0
6400 5.14094e+06 0
6410 5.37603e+06 0
6420 5.41183e+06 0
6430 4.86156e+06 0
6440 5.74224e+06 0
6450 6.26249e+06 0
6460 6.43062e+06 0
6470 6.15338e+06 0
6480 5.13268e+06 0
6490 6.24831e+06 0
6500 6.30242e+06 0
6510 6.21624e+06 0
6520 5.49508e+06 0
6530 5.63503e+06 0
6540 5.47636e+06 0
6550 5.10722e+06 0
6560 5.6905e+06 0
6570 5.49121e+06 0
6580 5.17304e+06 0
6590 5.86846e+06 0
6600 5.33944e+06 0
6610 5.9382e+06 0
6620 6.29552e+06 0
6630 5.24378e+06 0
6640 4.82159e+06 0
6650 5.01121e+06 0
6660 4.48111e+06 0
6670 5.1101e+06 0
6680 5.54307e+06 0
6690 5.55957e+06 0
6700 5.73844e+06 0
6710 5.18861e+06 0
6720 5.96362e+06 0
6730 5.77711e+06 0
6740 6.66732e+06 0
6750 6.19697e+06 0
6760 6.7634e+06 0
6770 5.88817e+06 0
6780 5.54078e+06 0
6790 6.27485e+06 0
6800 6.62719e+06 0
6810 5.12703e+06 0
6820 5.01705e+06 0
6830 4.50511e+06 0
6840 4.51452e+06 0
6850 5.12850e+06 0
6860 4.77999e+06 0
6870 4.33833e+06 0
6880 4.26267e+06 0
6890 4.01792e+06 0
6900 3.91634e+06 0
6910 4.28962e+06 0
6920 4.66758e+06 0
6930 4.60676e+06 0
6940 5.55576e+06 0
6950 4.7158e+06 0
6960 5.11335e+06 0
6970 4.70065e+06 0
6980 4.71381e+06 0
6990 4.78284e+06 0
7000 4.9154e+06 0
7010 4.28286e+06 0
7020 4.23983e+06 0
7030 5.69073e+06 0
7040 7.0433e+06 0
7050 7.20628e+06 0
7060 6.8356e+06 0
7070 6.16465e+06 0
7080 6.34555e+06 0
7090 6.31567e+06 0
7100 6.0439e+06 0
7110 6.1268e+06 0
7120 5.95646e+06 0
7130 6.69215e+06 0
7140 5.85602e+06 0
7153 5.37182e+06 0
7160 6.58194e+06 0
7170 5.55071e+06 0
7180 4.4116e+06 0
7191 4.71006e+06 0
7200 7.63636e+06 0
7210 6.73845e+06 0
7220 7.00225e+06 0
7230 6.71077e+06 0
7240 6.35291e+06 0
7250 6.06156e+06 0
7260 6.28334e+06 0
7270 5.56818e+06 0
7280 5.48930e+06 0
7290 5.52412e+06 0
7303 5.81542e+06 0
7310 6.54717e+06 0
7320 5.57049e+06 0
7330 4.81416e+06 0
7340 5.26944e+06 0
7350 5.15631e+06 0
7360 6.37516e+06 0
7370 5.81117e+06 0
7380 6.4756e+06 0
7390 5.72548e+06 0
7400 6.01082e+06 0
7410 6.80029e+06 0
7420 6.34655e+06 0
7430 5.92293e+06 0
7440 5.20058e+06 0
7450 5.26459e+06 0
7460 3.78269e+06 0
7470 4.52063e+06 0
7480 5.68093e+06 0
7490 5.74278e+06 0
7500 6.34045e+06 0
7510 6.68932e+06 0
7520 5.98678e+06 0
7530 6.24561e+06 0
7540 6.93958e+06 0
7550 6.59693e+06 0
7560 6.56125e+06 0
7570 7.27944e+06 0
7580 7.22273e+06 0
7590 6.54717e+06 0
7600 5.86476e+06 0
7610 5.74276e+06 0
7620 6.19202e+06 0
7630 6.66525e+06 0
7640 6.76065e+06 0
7650 5.62522e+06 0
7660 5.62752e+06 0
7670 5.54175e+06 0
7680 4.69073e+06 0
7690 5.96481e+06 0
7700 6.49602e+06 0
7710 6.07604e+06 0
7720 6.11702e+06 0
7730 5.20009e+06 0
7740 5.80796e+06 0
7750 6.14587e+06 0
7760 5.9224e+06 0
7770 5.70904e+06 0
7780 5.23409e+06 0
7790 5.62049e+06 0
7800 6.32121e+06 0
7810 6.88114e+06 0
7820 5.3655e+06 0
7830 5.53666e+06 0
7840 5.32471e+06 0
7850 5.42824e+06 0
7860 5.21663e+06 0
7870 5.33221e+06 0
7880 5.81676e+06 0
7890 7.08e+06 0
7900 6.94104e+06 0
7910 6.79761e+06 0
7920 6.51004e+06 0
7930 6.44824e+06 0
7940 6.53170e+06 0
7950 6.0115e+06 0
7960 6.12799e+06 0
7970 6.26861e+06 0
7980 5.85813e+06 0
7992 6.6395e+06 0
8000 6.88149e+06 0
8010 6.02986e+06 0
8020 6.44632e+06 0
8030 6.95891e+06 0
8040 7.12213e+06 0
8051 5.04106e+06 0
8060 8.12226e+06 0
8070 5.8953e+06 0
8080 5.69916e+06 0
8092 4.08017e+06 0
8100 6.585e+06 0
8110 5.94464e+06 0
8120 6.65105e+06 0
8130 6.89279e+06 0
8140 6.72402e+06 0
8150 5.98756e+06 0
8160 5.28028e+06 0
8170 5.57145e+06 0
8180 5.91585e+06 0
8190 5.11089e+06 0
8200 5.43701e+06 0
8210 5.15425e+06 0
8220 6.05078e+06 0
8230 5.48034e+06 0
8240 5.58642e+06 0
8250 5.82574e+06 0
8260 6.16973e+06 0
8270 6.75478e+06 0
8280 6.5653e+06 0
8290 6.22153e+06 0
8300 5.71794e+06 0
8310 6.04057e+06 0
8320 5.58285e+06 0
8330 5.60067e+06 0
8340 5.46193e+06 0
8350 5.3918e+06 0
8360 5.78959e+06 0
8370 5.57557e+06 0
8380 5.27702e+06 0
8390 4.59032e+06 0
8400 4.71114e+06 0
8410 5.94797e+06 0
8420 6.90042e+06 0
8430 5.86808e+06 0
8440 5.72728e+06 0
8450 4.98638e+06 0
8460 5.43132e+06 0
8470 5.8976e+06 0
8480 5.21626e+06 0
8490 5.75223e+06 0
8500 6.39948e+06 0
8510 6.86831e+06 0
8522 5.94726e+06 0
8530 6.72975e+06 0
8540 5.99221e+06 0
8550 5.50909e+06 0
8560 6.0367e+06 0
8570 6.93653e+06 0
8580 5.50975e+06 0
8590 6.1629e+06 0
8600 6.6721e+06 0
8610 6.55502e+06 0
8620 6.47702e+06 0
8630 6.83532e+06 0
8640 7.03758e+06 0
8650 6.1126e+06 0
8660 5.59702e+06 0
8670 5.12657e+06 0
8680 5.61055e+06 0
8690 5.45186e+06 0
8700 5.12221e+06 0
8710 5.30203e+06 0
8720 5.70566e+06 0
8730 5.83810e+06 0
8740 5.79781e+06 0
8750 5.807e+06 0
8760 5.36767e+06 0
8770 4.9014e+06 0
8780 6.33121e+06 0
8790 6.97794e+06 0
8800 5.73686e+06 0
8810 5.08729e+06 0
8820 5.20723e+06 0
8830 5.3215e+06 0
8840 4.88341e+06 0
8850 4.95204e+06 0
8860 4.87279e+06 0
8870 5.50166e+06 0
8880 5.29176e+06 0
8890 5.57942e+06 0
8900 5.37857e+06 0
8910 6.37044e+06 0
8920 6.33983e+06 0
8930 6.67706e+06 0
8940 6.05695e+06 0
8950 5.92675e+06 0
8960 5.6891e+06 0
8970 5.36441e+06 0
8980 5.5066e+06 0
8990 5.78088e+06 0
9000 5.6632e+06 0
9010 5.97132e+06 0
9020 6.01962e+06 0
9030 5.63709e+06 0
9040 4.56675e+06 0
9050 5.40774e+06 0
9060 5.45696e+06 0
9070 5.27615e+06 0
9080 5.72117e+06 0
9090 5.28706e+06 0
9100 5.48969e+06 0
9110 5.8185e+06 0
9120 6.31153e+06 0
9130 5.82451e+06 0
9140 5.66108e+06 0
9150 5.27919e+06 0
9160 6.48002e+06 0
9170 7.08861e+06 0
9180 6.78296e+06 0
9190 7.07074e+06 0
9200 6.23005e+06 0
9210 6.00513e+06 0
9220 5.97325e+06 0
9230 6.08556e+06 0
9240 5.81286e+06 0
9250 4.86084e+06 0
9260 6.08248e+06 0
9270 6.181e+06 0
9280 6.25184e+06 0
9290 6.05724e+06 0
9300 6.9115e+06 0
9310 6.33037e+06 0
9320 6.18667e+06 0
9330 6.04785e+06 0
9340 6.55348e+06 0
9350 6.31345e+06 0
9360 6.53554e+06 0
9370 6.33238e+06 0
9380 6.37284e+06 0
9390 5.2461e+06 0
9400 5.39797e+06 0
9410 6.81683e+06 0
9421 5.78803e+06 0
9430 6.30939e+06 0
9440 5.83118e+06 0
9450 6.54117e+06 0
9460 6.53467e+06 0
9470 6.49992e+06 0
9480 6.57008e+06 0
9490 6.9297e+06 0
9500 5.61969e+06 0
9510 6.33758e+06 0
9520 7.30694e+06 0
9530 6.62834e+06 0
9540 5.87231e+06 0
9550 4.95043e+06 0
9560 6.05654e+06 0
9570 7.09929e+06 0
9580 5.77607e+06 0
9590 5.96748e+06 0
9601 5.41617e+06 0
9610 6.94151e+06 0
9620 5.67904e+06 0
9630 6.66937e+06 0
9640 6.35983e+06 0
9650 5.29828e+06 0
9660 5.3179e+06 0
9670 6.59469e+06 0
9680 6.82653e+06 0
9690 6.80461e+06 0
9700 6.30199e+06 0
9710 6.09373e+06 0
9720 5.5497e+06 0
9730 6.04011e+06 0
9740 5.72893e+06 0
9750 5.6934e+06 0
9760 6.164e+06 0
9770 6.08748e+06 0
9780 6.43415e+06 0
9790 6.5728e+06 0
9800 6.82042e+06 0
9810 6.4197e+06 0
9820 5.9881e+06 0
9833 5.38209e+06 0
9840 7.53381e+06 0
9850 6.93970e+06 0
9860 6.05258e+06 0
9870 5.86039e+06 0
9880 6.06301e+06 0
9890 5.72111e+06 0
9900 6.96836e+06 0
9910 6.53596e+06 0
9920 6.81974e+06 0
9931 5.0674e+06 0
9940 6.9057e+06 0
9950 5.76322e+06 0
9960 5.3195e+06 0
9970 5.3824e+06 0
9980 5.83414e+06 0
9990 5.98314e+06 0
10000 6.73245e+06 0
10010 6.22176e+06 0
10020 5.86633e+06 0
10030 5.98893e+06 0
10040 6.09791e+06 0
10050 5.14089e+06 0
10060 5.21348e+06 0
10070 4.55949e+06 0
10080 5.27706e+06 0
10090 5.48714e+06 0
10100 6.56337e+06 0
10110 5.73916e+06 0
10120 5.5913e+06 0
10130 5.8026e+06 0
10140 6.04629e+06 0
10150 6.50316e+06 0
10160 6.72488e+06 0
10170 6.52028e+06 0
10180 6.0273e+06 0
10190 4.70284e+06 0
10200 4.41366e+06 0
10210 4.92593e+06 0
10220 4.54258e+06 0
10230 5.15839e+06 0
10240 5.63892e+06 0
10250 5.64703e+06 0
10260 6.0527e+06 0
10270 5.55873e+06 0
10280 6.26109e+06 0
10290 5.85228e+06 0
10300 6.33153e+06 0
10310 6.47946e+06 0
10320 6.41489e+06 0
10330 6.48442e+06 0
10340 5.42369e+06 0
10350 5.80499e+06 0
10360 6.20769e+06 0
10370 5.94772e+06 0
10380 5.53684e+06 0
10390 5.78874e+06 0
10400 5.45108e+06 0
10410 5.39101e+06 0
10420 6.29492e+06 0
10430 5.69249e+06 0
10440 5.08766e+06 0
10450 4.60045e+06 0
10460 5.66444e+06 0
10470 5.99652e+06 0
10480 6.28321e+06 0
10490 5.94196e+06 0
10500 5.07329e+06 0
10510 4.64622e+06 0
10520 5.5123e+06 0
10530 5.5406e+06 0
10540 5.53624e+06 0
10550 5.14438e+06 0
10560 5.54933e+06 0
10570 5.82615e+06 0
10580 6.21309e+06 0
10590 6.85074e+06 0
10600 6.18171e+06 0
10610 5.94781e+06 0
10620 5.53603e+06 0
10630 5.52558e+06 0
10640 5.3844e+06 0
10650 5.28337e+06 0
10660 6.08095e+06 0
10670 6.86447e+06 0
10680 6.56106e+06 0
10690 6.41256e+06 0
10700 6.11417e+06 0
10710 6.93915e+06 0
10720 6.77665e+06 0
10730 6.55282e+06 0
10740 6.38018e+06 0
10750 6.68646e+06 0
10760 5.91985e+06 0
10770 6.45044e+06 0
10780 6.46685e+06 0
10790 5.82397e+06 0
10800 5.5757e+06 0
10810 5.02994e+06 0
10820 5.51485e+06 0
10830 4.86818e+06 0
10840 5.76571e+06 0
10850 5.52302e+06 0
10860 5.145e+06 0
10870 4.11622e+06 0
10880 5.39132e+06 0
10890 6.13509e+06 0
10900 5.51605e+06 0
10910 5.32168e+06 0
10920 5.36925e+06 0
10930 5.52041e+06 0
10940 5.81901e+06 0
10950 5.79298e+06 0
10960 6.07696e+06 0
10970 5.69612e+06 0
10980 5.75602e+06 0
10990 5.88688e+06 0
11000 5.32652e+06 0
11010 5.58503e+06 0
11020 5.84932e+06 0
11030 6.53055e+06 0
11040 5.82613e+06 0
11050 5.84596e+06 0
11060 6.24975e+06 0
11070 6.23170e+06 0
11080 5.69272e+06 0
11090 5.3652e+06 0
11100 5.49976e+06 0
11110 5.39992e+06 0
11120 5.58388e+06 0
11130 6.23152e+06 0
11140 5.8759e+06 0
11150 5.99126e+06 0
11160 6.02255e+06 0
11170 5.96081e+06 0
11180 6.25153e+06 0
11190 6.17714e+06 0
11200 6.07919e+06 0
11210 6.06713e+06 0
11220 5.70025e+06 0
11230 5.69959e+06 0
11240 5.77082e+06 0
11250 6.30516e+06 0
11260 5.56252e+06 0
11270 6.17176e+06 0
11280 6.20526e+06 0
11290 6.34831e+06 0
11300 6.90508e+06 0
11310 6.23782e+06 0
11320 5.83937e+06 0
11330 6.11398e+06 0
11340 6.15586e+06 0
11350 5.60552e+06 0
11360 5.70941e+06 0
11370 5.15535e+06 0
11380 4.87133e+06 0
11390 5.55061e+06 0
11400 6.14004e+06 0
11410 6.47588e+06 0
11420 7.13421e+06 0
11430 6.77368e+06 0
11440 6.50815e+06 0
11450 6.28682e+06 0
11460 5.84469e+06 0
11470 6.02508e+06 0
11480 5.79293e+06 0
11490 6.27012e+06 0
11500 6.16957e+06 0
11510 5.78748e+06 0
11520 5.9698e+06 0
11530 5.89917e+06 0
11540 6.21083e+06 0
11550 6.16484e+06 0
11560 6.33449e+06 0
11570 6.20412e+06 0
11580 5.24301e+06 0
11590 5.21656e+06 0
11600 5.71595e+06 0
11610 5.9324e+06 0
11620 5.40865e+06 0
11630 5.98556e+06 0
11640 5.8034e+06 0
11650 6.06514e+06 0
11660 6.52996e+06 0
11670 6.8618e+06 0
11680 6.18345e+06 0
11690 6.00895e+06 0
11700 5.90331e+06 0
11710 5.70679e+06 0
11720 6.12107e+06 0
11730 6.8548e+06 0
11740 6.32653e+06 0
11750 5.93137e+06 0
11761 3.94257e+06 0
11770 6.22671e+06 0
11780 5.27236e+06 0
11790 5.4952e+06 0
11800 5.61394e+06 0
11810 5.74092e+06 0
11820 5.03226e+06 0
11830 4.84770e+06 0
11840 5.21214e+06 0
11850 6.5427e+06 0
11860 5.89923e+06 0
11870 5.35228e+06 0
11880 6.07534e+06 0
11890 5.6772e+06 0
11900 5.62782e+06 0
11910 5.18118e+06 0
11920 5.37016e+06 0
11930 5.38749e+06 0
11940 5.52624e+06 0
11950 5.65892e+06 0
11960 6.08798e+06 0
11970 6.18587e+06 0
11980 6.56886e+06 0
11990 6.72611e+06 0
12000 5.59645e+06 0
12010 5.42069e+06 0
12020 5.62839e+06 0
12030 6.53946e+06 0
12042 6.22037e+06 0
12050 6.58329e+06 0
12060 5.16597e+06 0
12070 5.88808e+06 0
12080 5.95918e+06 0
12090 5.65431e+06 0
12100 6.28244e+06 0
12110 6.53941e+06 0
12120 6.40529e+06 0
12130 6.13756e+06 0
12140 6.58687e+06 0
12150 5.65505e+06 0
12160 5.57236e+06 0
12170 6.07254e+06 0
12180 5.79788e+06 0
12190 5.60449e+06 0
12200 5.31756e+06 0
12210 5.61315e+06 0
12220 5.53344e+06 0
12230 5.52394e+06 0
12240 6.16357e+06 0
12250 5.91851e+06 0
12260 5.4534e+06 0
12270 5.37828e+06 0
12280 4.99541e+06 0
12290 3.62176e+06 0
12300 7.25434e+06 0
12310 6.04186e+06 0
12320 5.8799e+06 0
12330 6.47554e+06 0
12340 6.27358e+06 0
12350 6.32102e+06 0
12360 5.56946e+06 0
12370 5.6891e+06 0
12380 5.51339e+06 0
12390 5.83298e+06 0
12400 6.00082e+06 0
12410 6.08775e+06 0
12420 5.54556e+06 0
12430 5.78481e+06 0
12440 5.91276e+06 0
12450 5.09868e+06 0
12460 6.14312e+06 0
12470 6.31949e+06 0
12480 6.39272e+06 0
12490 5.14354e+06 0
12500 5.29373e+06 0
12510 5.84085e+06 0
12520 5.96212e+06 0
12530 5.67353e+06 0
12540 5.26034e+06 0
12550 5.8434e+06 0
12560 6.48965e+06 0
12570 5.949e+06 0
12580 6.23890e+06 0
12590 6.3651e+06 0
12600 6.17242e+06 0
12610 6.76845e+06 0
12620 7.1867e+06 0
12630 6.37946e+06 0
12640 5.06814e+06 0
12650 4.84623e+06 0
12663 4.14607e+06 0
12670 6.23374e+06 0
12680 5.9604e+06 0
12690 6.43661e+06 0
12700 6.54203e+06 0
12710 5.05341e+06 0
12720 4.15586e+06 0
12730 4.84722e+06 0
12740 6.00186e+06 0
12750 6.21053e+06 0
12760 5.55848e+06 0
12770 5.81899e+06 0
12780 5.76608e+06 0
12790 6.24267e+06 0
12800 5.03279e+06 0
12810 5.43594e+06 0
12820 6.06949e+06 0
12830 5.89572e+06 0
12840 5.89524e+06 0
12850 5.44538e+06 0
12860 5.5559e+06 0
12870 5.79762e+06 0
12880 5.26538e+06 0
12890 5.37022e+06 0
12900 5.62546e+06 0
12910 5.55309e+06 0
12920 5.13051e+06 0
12930 5.67428e+06 0
12940 5.93546e+06 0
12950 5.14319e+06 0
12960 4.60675e+06 0
12970 4.70799e+06 0
12980 4.35708e+06 0
12990 4.95094e+06 0
13000 4.60131e+06 0
13010 4.59307e+06 0
13020 4.37584e+06 0
13030 5.23748e+06 0
13040 5.32234e+06 0
13050 5.28301e+06 0
13060 6.1855e+06 0
13070 5.78105e+06 0
13080 5.85572e+06 0
13090 4.92891e+06 0
13100 4.83684e+06 0
13110 4.97916e+06 0
13120 4.77933e+06 0
13130 5.68129e+06 0
13140 5.7585e+06 0
13150 5.87542e+06 0
13160 5.84477e+06 0
13170 6.21167e+06 0
13180 6.31285e+06 0
13190 6.26225e+06 0
13200 6.42946e+06 0
13210 5.88536e+06 0
13220 6.13011e+06 0
13230 5.50484e+06 0
13240 5.87274e+06 0
13250 6.01024e+06 0
13260 5.96026e+06 0
13270 5.25549e+06 0
13280 5.31452e+06 0
13290 5.37174e+06 0
13300 5.17956e+06 0
13310 5.41155e+06 0
13320 5.8571e+06 0
13330 5.88416e+06 0
13340 5.63569e+06 0
13350 6.21758e+06 0
13360 6.32593e+06 0
13370 5.97446e+06 0
13381 5.32930e+06 0
13390 7.09249e+06 0
13400 5.86453e+06 0
13410 5.71861e+06 0
13420 5.61255e+06 0
13430 5.65825e+06 0
13440 5.22804e+06 0
13450 5.27554e+06 0
13460 5.44721e+06 0
13470 5.39289e+06 0
13480 5.5769e+06 0
13490 5.39775e+06 0
13500 5.5512e+06 0
13510 5.48502e+06 0
13520 5.20929e+06 0
13530 5.91562e+06 0
13540 5.72662e+06 0
13550 5.81279e+06 0
13560 6.45937e+06 0
13570 5.9698e+06 0
13580 6.31574e+06 0
13590 6.41505e+06 0
13600 5.72316e+06 0
13610 5.62024e+06 0
13620 5.87409e+06 0
13630 5.85094e+06 0
13640 5.0511e+06 0
13650 4.73964e+06 0
13660 4.9236e+06 0
13670 5.81192e+06 0
13680 5.80954e+06 0
13690 5.8419e+06 0
13700 5.48708e+06 0
13710 5.23409e+06 0
13720 5.33762e+06 0
13730 5.67314e+06 0
13740 5.39223e+06 0
13750 4.6424e+06 0
13760 5.10499e+06 0
13770 5.47642e+06 0
13780 5.79274e+06 0
13790 5.9384e+06 0
13800 5.93434e+06 0
13810 5.51502e+06 0
13820 5.49906e+06 0
13830 5.36662e+06 0
13840 5.42575e+06 0
13850 4.60851e+06 0
13860 4.57119e+06 0
13870 5.39017e+06 0
13880 5.92621e+06 0
13890 5.88493e+06 0
13900 5.2073e+06 0
13910 5.34712e+06 0
13920 5.37968e+06 0
13930 6.11623e+06 0
13940 5.82646e+06 0
13950 6.25824e+06 0
13960 6.40278e+06 0
13970 6.71447e+06 0
13980 6.07557e+06 0
13990 5.69789e+06 0
14000 5.66394e+06 0
14010 5.6654e+06 0
14020 5.60867e+06 0
14030 6.83441e+06 0
14040 5.55693e+06 0
14050 5.66533e+06 0
14060 5.20674e+06 0
14070 3.58133e+06 0
14080 7.75068e+06 0
14090 5.46297e+06 0
14100 5.45507e+06 0
14110 6.08751e+06 0
14120 6.49274e+06 0
14130 6.48052e+06 0
14140 5.87346e+06 0
14150 5.72741e+06 0
14161 3.80846e+06 0
14170 8.14429e+06 0
14180 5.69958e+06 0
14190 6.07010e+06 0
14200 6.55596e+06 0
14210 5.9378e+06 0
14220 5.45992e+06 0
14230 5.63067e+06 0
14240 5.92772e+06 0
14250 5.85106e+06 0
14260 6.01677e+06 0
14270 5.59394e+06 0
14280 5.63545e+06 0
14290 5.24548e+06 0
14300 5.79924e+06 0
14310 5.57872e+06 0
14320 4.86067e+06 0
14330 4.90188e+06 0
14340 5.2407e+06 0
14350 5.88002e+06 0
14364 5.57366e+06 0
14370 5.44068e+06 0
14380 5.80918e+06 0
14390 5.7951e+06 0
14400 5.45612e+06 0
14410 5.29901e+06 0
14420 4.95588e+06 0
14430 5.55884e+06 0
14440 6.06246e+06 0
14450 6.31958e+06 0
14460 5.62759e+06 0
14473 4.68452e+06 0
14480 5.97153e+06 0
14490 5.3244e+06 0
14500 5.58519e+06 0
14510 5.58066e+06 0
14520 5.76777e+06 0
14530 6.09392e+06 0
14540 6.80268e+06 0
14550 5.81146e+06 0
14560 6.02362e+06 0
14570 6.45287e+06 0
14580 6.06979e+06 0
14590 5.54588e+06 0
14600 5.70335e+06 0
14610 5.71734e+06 0
14620 4.7872e+06 0
14630 4.78894e+06 0
14640 4.41561e+06 0
14650 4.6226e+06 0
14660 5.49859e+06 0
14670 5.5917e+06 0
14680 5.35484e+06 0
14690 5.32507e+06 0
14700 5.49581e+06 0
14710 5.98457e+06 0
14720 6.03022e+06 0
14730 5.94349e+06 0
14742 5.6454e+06 0
14750 6.54857e+06 0
14760 5.85473e+06 0
14770 5.72181e+06 0
14780 5.43124e+06 0
14793 5.44896e+06 0
14800 5.78795e+06 0
14810 5.84731e+06 0
14820 5.51823e+06 0
14830 5.51031e+06 0
14840 6.15076e+06 0
14850 5.92422e+06 0
14860 5.77948e+06 0
14870 5.73752e+06 0
14880 5.91634e+06 0
14890 5.65272e+06 0
14900 5.99155e+06 0
14910 5.47605e+06 0
14922 4.49269e+06 0
14930 8.03914e+06 0
14940 6.93810e+06 0
14950 6.24085e+06 0
14960 6.23508e+06 0
14970 5.9219e+06 0
14980 5.72777e+06 0
14990 5.8256e+06 0
15000 5.76063e+06 0
15010 6.90944e+06 0
15020 7.24488e+06 0
15030 6.42262e+06 0
15040 5.89027e+06 0
15050 5.84662e+06 0
15060 6.89769e+06 0
15070 6.87727e+06 0
15080 6.99377e+06 0
15090 5.83292e+06 0
15100 5.6351e+06 0
15110 5.64788e+06 0
15120 6.32128e+06 0
15130 5.62921e+06 0
15140 5.52757e+06 0
15150 5.76068e+06 0
15160 6.18194e+06 0
15170 6.26581e+06 0
15180 5.80784e+06 0
15190 5.48495e+06 0
15200 6.41034e+06 0
15210 5.7369e+06 0
15220 5.34161e+06 0
15230 5.63505e+06 0
15240 5.13038e+06 0
15250 5.85704e+06 0
15260 6.35069e+06 0
15270 6.18853e+06 0
15280 6.01027e+06 0
15290 5.82223e+06 0
15300 5.34778e+06 0
15310 5.62971e+06 0
15320 5.83851e+06 0
15330 6.03434e+06 0
15340 5.64607e+06 0
15350 5.6577e+06 0
15360 5.99416e+06 0
15370 6.00585e+06 0
15380 5.91045e+06 0
15391 5.17276e+06 0
15400 7.76912e+06 0
15410 6.09203e+06 0
15420 5.722e+06 0
15430 5.38442e+06 0
15440 5.55254e+06 0
15450 5.42058e+06 0
15460 5.40624e+06 0
15470 5.5012e+06 0
15480 5.86978e+06 0
15490 5.98259e+06 0
15500 5.98991e+06 0
15510 5.85979e+06 0
15520 5.68290e+06 0
15530 6.15364e+06 0
15540 6.36019e+06 0
15550 5.42798e+06 0
15560 5.47958e+06 0
15570 5.63698e+06 0
15580 5.83314e+06 0
15590 5.95665e+06 0
15600 5.99348e+06 0
15610 5.78839e+06 0
15620 5.91444e+06 0
15630 6.26007e+06 0
15643 6.14962e+06 0
15650 6.57221e+06 0
15660 6.28582e+06 0
15670 6.69859e+06 0
15680 5.9248e+06 0
15690 6.07581e+06 0
15700 6.25697e+06 0
15710 6.01628e+06 0
15720 6.65397e+06 0
15730 6.31534e+06 0
15740 5.8439e+06 0
15750 5.89929e+06 0
15760 5.77929e+06 0
15770 5.96785e+06 0
15780 4.67194e+06 0
15790 7.70867e+06 0
15800 6.23211e+06 0
15810 5.97924e+06 0
15820 5.72359e+06 0
15830 6.54087e+06 0
15840 5.82317e+06 0
15850 5.3367e+06 0
15860 6.26989e+06 0
15872 5.40477e+06 0
15880 6.92097e+06 0
15890 5.78498e+06 0
15900 5.72946e+06 0
15910 5.82948e+06 0
15920 6.30704e+06 0
15930 6.21963e+06 0
15940 6.31534e+06 0
15950 6.45334e+06 0
15960 5.20669e+06 0
15970 5.79729e+06 0
15980 5.95241e+06 0
15990 5.64017e+06 0
16000 5.94992e+06 0
16010 5.54151e+06 0
16020 5.66692e+06 0
16030 5.65643e+06 0
16040 5.99331e+06 0
16050 5.74729e+06 0
16060 5.63133e+06 0
16070 5.84209e+06 0
16080 5.38417e+06 0
16090 6.10683e+06 0
16100 6.14004e+06 0
16110 6.00658e+06 0
16120 5.81615e+06 0
16130 5.29718e+06 0
16140 5.56588e+06 0
16150 5.78869e+06 0
16160 6.30969e+06 0
16170 6.01622e+06 0
16180 6.09793e+06 0
16190 5.89432e+06 0
16200 6.18843e+06 0
16210 5.76183e+06 0
16220 5.91954e+06 0
16230 5.61032e+06 0
16240 5.60036e+06 0
16250 5.49302e+06 0
16260 5.60909e+06 0
16270 5.77162e+06 0
16280 5.89794e+06 0
16290 5.94627e+06 0
16300 6.13805e+06 0
16310 5.86264e+06 0
16320 6.33042e+06 0
16331 4.06449e+06 0
16340 7.89661e+06 0
16350 6.2386e+06 0
16360 6.09399e+06 0
16370 5.54454e+06 0
16380 5.52054e+06 0
16390 6.14374e+06 0
16400 6.63393e+06 0
16410 6.8567e+06 0
16420 6.76221e+06 0
16430 6.2142e+06 0
16440 5.76007e+06 0
16450 3.90694e+06 0
16460 7.53794e+06 0
16470 5.40754e+06 0
16480 5.92828e+06 0
16490 5.76153e+06 0
16500 6.2668e+06 0
16510 6.55402e+06 0
16520 6.36388e+06 0
16530 6.35468e+06 0
16540 5.79256e+06 0
16550 5.73432e+06 0
16560 5.54884e+06 0
16570 6.33745e+06 0
16580 5.98077e+06 0
16590 5.87935e+06 0
16600 6.40105e+06 0
16610 6.48001e+06 0
16620 5.68077e+06 0
16630 5.43914e+06 0
16640 5.7512e+06 0
16650 5.3975e+06 0
16660 5.35841e+06 0
16670 5.61534e+06 0
16680 5.87026e+06 0
16690 5.95015e+06 0
16700 5.60538e+06 0
16710 5.00445e+06 0
16720 5.97153e+06 0
16730 5.46764e+06 0
16740 5.18711e+06 0
16750 5.57224e+06 0
16760 5.76475e+06 0
16770 5.72717e+06 0
16780 6.05223e+06 0
16790 5.89923e+06 0
16800 5.64886e+06 0
16810 6.02961e+06 0
16820 6.13787e+06 0
16830 5.28143e+06 0
16840 5.73596e+06 0
16850 6.38279e+06 0
16860 6.80647e+06 0
16870 5.84742e+06 0
16880 5.91167e+06 0
16890 5.40282e+06 0
16900 5.73633e+06 0
16910 5.69686e+06 0
16920 6.10465e+06 0
16930 5.97252e+06 0
16940 5.96610e+06 0
16950 6.11918e+06 0
16960 6.01605e+06 0
16970 5.78085e+06 0
16980 5.98095e+06 0
16990 6.28898e+06 0
17000 5.86826e+06 0
17010 5.8816e+06 0
17020 6.24593e+06 0
17030 6.04508e+06 0
17040 5.92076e+06 0
17050 5.44807e+06 0
17060 5.69078e+06 0
17070 5.46653e+06 0
17080 6.34256e+06 0
17090 5.85238e+06 0
17100 6.05956e+06 0
17110 6.87818e+06 0
17120 5.73206e+06 0
17130 5.65032e+06 0
17140 5.5903e+06 0
17150 5.8893e+06 0
17160 5.64122e+06 0
17170 6.18914e+06 0
17180 5.39964e+06 0
17190 5.35797e+06 0
17200 5.65521e+06 0
17210 6.29564e+06 0
17220 5.13469e+06 0
17230 5.46436e+06 0
17240 5.80469e+06 0
17250 5.40059e+06 0
17260 5.42343e+06 0
17270 5.52509e+06 0
17280 6.03573e+06 0
17290 6.42111e+06 0
17300 5.46489e+06 0
17310 5.28004e+06 0
17320 5.33042e+06 0
17330 6.03311e+06 0
17340 6.19305e+06 0
17350 5.89284e+06 0
17360 6.08745e+06 0
17370 5.93342e+06 0
17380 5.54982e+06 0
17390 5.54592e+06 0
17400 4.98844e+06 0
17410 5.91991e+06 0
17420 6.23969e+06 0
17430 6.08568e+06 0
17440 5.88154e+06 0
17450 6.37473e+06 0
17460 6.27056e+06 0
17470 6.27254e+06 0
17480 5.905e+06 0
17490 5.45364e+06 0
17500 5.82898e+06 0
17510 6.53238e+06 0
17520 5.71474e+06 0
17530 5.38422e+06 0
17540 5.02479e+06 0
17550 5.48624e+06 0
17560 5.63722e+06 0
17570 6.70585e+06 0
17580 6.21498e+06 0
17590 5.58642e+06 0
17600 5.74698e+06 0
17610 5.35598e+06 0
17620 4.7015e+06 0
17630 5.48757e+06 0
17640 6.41988e+06 0
17650 5.90912e+06 0
17660 5.47206e+06 0
17670 5.24663e+06 0
17680 5.49547e+06 0
17690 5.0543e+06 0
17700 5.27306e+06 0
17710 5.33725e+06 0
17720 5.90112e+06 0
17730 5.67334e+06 0
17740 5.65146e+06 0
17750 5.47918e+06 0
17760 4.96385e+06 0
17770 6.28643e+06 0
17780 5.23439e+06 0
17790 5.33513e+06 0
17800 4.75569e+06 0
17810 5.3558e+06 0
17820 5.78844e+06 0
17830 5.33308e+06 0
17840 4.70130e+06 0
17850 5.27756e+06 0
17860 5.86779e+06 0
17870 5.90803e+06 0
17880 4.99219e+06 0
17890 5.60042e+06 0
17900 5.49006e+06 0
17910 4.78877e+06 0
17920 5.49593e+06 0
17930 5.64564e+06 0
17940 5.46957e+06 0
17950 5.15464e+06 0
17960 5.28216e+06 0
17970 6.06088e+06 0
17980 5.47781e+06 0
17990 5.13065e+06 0
18000 5.10376e+06 0
18010 5.48344e+06 0
18020 6.0369e+06 0
18030 5.52113e+06 0
18040 5.56697e+06 0
18050 5.70026e+06 0
18060 5.71752e+06 0
18070 4.72956e+06 0
18080 5.32059e+06 0
18090 4.26025e+06 0
18100 8.17325e+06 0
18110 5.67473e+06 0
18120 5.58085e+06 0
18130 5.09075e+06 0
18140 6.13218e+06 0
18150 5.09181e+06 0
18160 5.2681e+06 0
18170 5.45205e+06 0
18180 5.8665e+06 0
18190 6.46893e+06 0
18200 5.33265e+06 0
18210 5.00801e+06 0
18220 5.19003e+06 0
18230 5.554e+06 0
18240 5.95287e+06 0
18250 5.22591e+06 0
18260 5.83755e+06 0
18270 5.82614e+06 0
18280 5.68886e+06 0
18290 6.50863e+06 0
18300 5.73402e+06 0
18310 5.84123e+06 0
18320 5.16984e+06 0
18330 5.60564e+06 0
18340 5.28524e+06 0
18350 4.95522e+06 0
18360 5.3827e+06 0
18370 5.1958e+06 0
18380 5.8225e+06 0
18390 6.14545e+06 0
18400 6.11162e+06 0
18410 5.90850e+06 0
18420 6.05964e+06 0
18430 6.08323e+06 0
18440 5.69346e+06 0
18450 5.32374e+06 0
18460 4.86309e+06 0
18470 6.04968e+06 0
18480 5.89863e+06 0
18490 5.99483e+06 0
18500 5.28676e+06 0
18510 5.89494e+06 0
18520 5.81464e+06 0
18530 5.36996e+06 0
18540 5.46805e+06 0
18550 6.19454e+06 0
18560 5.6871e+06 0
18570 6.40074e+06 0
18580 6.60883e+06 0
18590 6.29005e+06 0
18600 5.97537e+06 0
18610 5.94009e+06 0
18620 6.33498e+06 0
18630 6.2363e+06 0
18640 5.62946e+06 0
18650 6.13967e+06 0
18660 5.77058e+06 0
18670 5.82383e+06 0
18680 5.46447e+06 0
18690 5.2618e+06 0
18700 5.67624e+06 0
18710 6.38395e+06 0
18720 5.96845e+06 0
18730 5.71456e+06 0
18740 6.40874e+06 0
18750 5.65789e+06 0
18760 5.77325e+06 0
18770 5.71927e+06 0
18780 5.62576e+06 0
18790 5.32431e+06 0
18800 5.74593e+06 0
18810 6.31185e+06 0
18820 6.51194e+06 0
18830 6.21618e+06 0
18840 6.09409e+06 0
18850 5.36358e+06 0
18860 5.58041e+06 0
18870 6.1232e+06 0
18880 5.52865e+06 0
18890 5.26156e+06 0
18900 5.22227e+06 0
18910 5.54988e+06 0
18920 6.21938e+06 0
18930 6.12156e+06 0
18940 5.90803e+06 0
18950 4.87952e+06 0
18960 5.14226e+06 0
18970 5.57661e+06 0
18980 5.13826e+06 0
18990 5.57533e+06 0
19000 5.88996e+06 0
19010 5.35313e+06 0
19020 5.26118e+06 0
19030 4.98607e+06 0
19040 5.09148e+06 0
19050 5.30148e+06 0
19060 5.79014e+06 0
19070 5.6471e+06 0
19080 4.30808e+06 0
19090 7.48362e+06 0
19100 5.72638e+06 0
19110 5.90348e+06 0
19120 5.89093e+06 0
19130 5.84703e+06 0
19140 5.69829e+06 0
19150 5.37039e+06 0
19160 5.10972e+06 0
19170 5.30264e+06 0
19180 5.25356e+06 0
19190 5.27330e+06 0
19200 4.60428e+06 0
19210 5.15645e+06 0
19220 5.71128e+06 0
19230 6.18210e+06 0
19240 5.46648e+06 0
19250 5.94968e+06 0
19260 6.46959e+06 0
19270 5.23197e+06 0
19280 5.79158e+06 0
19290 6.09665e+06 0
19300 5.44666e+06 0
19310 5.34885e+06 0
19320 5.65022e+06 0
19330 5.07366e+06 0
19340 5.23093e+06 0
19350 4.74122e+06 0
19360 5.62303e+06 0
19370 5.30392e+06 0
19380 5.26542e+06 0
19390 5.00795e+06 0
19400 5.62673e+06 0
19410 5.60856e+06 0
19420 5.83087e+06 0
19430 5.73438e+06 0
19440 5.55556e+06 0
19450 5.87834e+06 0
19460 5.56345e+06 0
19470 5.32398e+06 0
19480 5.07741e+06 0
19490 4.89896e+06 0
19500 5.93058e+06 0
19510 6.30425e+06 0
19520 5.84207e+06 0
19530 4.94631e+06 0
19544 4.77702e+06 0
19550 5.20617e+06 0
19560 5.92667e+06 0
19570 6.3239e+06 0
19580 5.51423e+06 0
19590 5.40076e+06 0
19600 5.55085e+06 0
19610 5.62316e+06 0
19620 5.15338e+06 0
19630 5.37281e+06 0
19640 5.49842e+06 0
19650 5.44909e+06 0
19663 5.35039e+06 0
19670 4.86658e+06 0
19680 7.99611e+06 0
19690 5.34038e+06 0
19700 4.95247e+06 0
19710 5.20099e+06 0
19720 5.18433e+06 0
19730 5.49793e+06 0
19740 5.68807e+06 0
19750 5.46187e+06 0
19760 5.80412e+06 0
19770 5.85332e+06 0
19780 5.88996e+06 0
19790 5.97967e+06 0
19803 5.02431e+06 0
19810 5.44193e+06 0
19820 5.92615e+06 0
19830 5.2764e+06 0
19840 6.07016e+06 0
19850 5.24561e+06 0
19860 5.58328e+06 0
19870 5.58795e+06 0
19880 5.90328e+06 0
19890 6.22781e+06 0
19900 6.32237e+06 0
19910 6.31189e+06 0
19920 5.51976e+06 0
19930 5.24850e+06 0
19940 5.21293e+06 0
19950 5.38399e+06 0
19960 5.11063e+06 0
19970 5.65882e+06 0
19980 6.28812e+06 0
19990 5.71836e+06 0
20000 5.66838e+06 0
20010 5.04128e+06 0
20020 5.48218e+06 0
20030 5.4789e+06 0
20040 5.34332e+06 0
20050 5.19978e+06 0
20060 4.60082e+06 0
20070 5.04868e+06 0
20080 5.45194e+06 0
20090 5.56296e+06 0
20100 5.76876e+06 0
20110 5.66848e+06 0
20120 7.20791e+06 0
20130 6.40733e+06 0
20140 6.09738e+06 0
20151 4.77538e+06 0
20160 8.13663e+06 0
20170 6.31318e+06 0
20180 6.20769e+06 0
20190 5.53922e+06 0
20200 5.19898e+06 0
20210 6.09665e+06 0
20220 5.73766e+06 0
20230 6.19182e+06 0
20240 5.43471e+06 0
20250 4.98867e+06 0
20260 5.16026e+06 0
20270 4.71462e+06 0
20280 6.10844e+06 0
20290 5.17755e+06 0
20300 5.15644e+06 0
20310 4.64659e+06 0
20320 5.41895e+06 0
20330 4.79714e+06 0
20340 4.44282e+06 0
20350 5.56145e+06 0
20360 5.16464e+06 0
20370 4.96806e+06 0
20380 6.02611e+06 0
20390 6.16578e+06 0
20400 6.36881e+06 0
20410 6.21489e+06 0
20420 6.09229e+06 0
20430 5.50078e+06 0
20440 6.06641e+06 0
20450 4.98358e+06 0
20460 5.48315e+06 0
20470 5.46042e+06 0
20480 4.67494e+06 0
20490 4.75956e+06 0
20500 5.06871e+06 0
20510 5.62519e+06 0
20520 5.70746e+06 0
20530 5.11651e+06 0
20540 5.99247e+06 0
20550 5.2145e+06 0
20560 5.48984e+06 0
20570 6.08044e+06 0
20580 5.23033e+06 0
20590 5.81935e+06 0
20600 4.7869e+06 0
20610 5.1993e+06 0
20620 5.0362e+06 0
20630 5.14101e+06 0
20640 4.85409e+06 0
20650 5.07276e+06 0
20660 4.83006e+06 0
20670 4.81691e+06 0
20680 5.29022e+06 0
20690 5.43482e+06 0
20700 5.9301e+06 0
20710 5.2547e+06 0
20720 4.6664e+06 0
20730 5.29597e+06 0
20740 5.89681e+06 0
20750 4.40428e+06 0
20760 4.32982e+06 0
20770 5.54122e+06 0
20780 5.13832e+06 0
20790 5.14747e+06 0
20800 5.06973e+06 0
20810 4.67615e+06 0
20820 4.86436e+06 0
20830 5.40793e+06 0
20840 5.28979e+06 0
20850 5.58915e+06 0
20860 5.9853e+06 0
20870 5.05814e+06 0
20880 5.13197e+06 0
20890 5.253e+06 0
20900 5.58158e+06 0
20910 5.77874e+06 0
20920 5.10402e+06 0
20930 5.46168e+06 0
20940 4.6081e+06 0
20950 5.17736e+06 0
20960 5.66358e+06 0
20970 5.41302e+06 0
20980 6.0324e+06 0
20990 4.88685e+06 0
21000 4.11473e+06 0
21010 5.36573e+06 0
21020 5.74892e+06 0
21030 5.64282e+06 0
21040 5.68877e+06 0
21050 5.85645e+06 0
21060 5.17165e+06 0
21070 5.48769e+06 0
21080 5.60406e+06 0
21090 5.8542e+06 0
21100 6.10659e+06 0
21110 6.08473e+06 0
21120 5.61224e+06 0
21130 4.80207e+06 0
21140 4.67476e+06 0
21150 4.30516e+06 0
21160 5.28312e+06 0
21170 4.53943e+06 0
21180 5.10202e+06 0
21190 4.62106e+06 0
21200 4.95657e+06 0
21210 5.38714e+06 0
21220 5.60774e+06 0
21230 5.36349e+06 0
21240 4.35069e+06 0
21250 4.74507e+06 0
21260 4.29832e+06 0
21270 4.67597e+06 0
21280 5.07923e+06 0
21290 5.65547e+06 0
21300 6.09738e+06 0
21310 5.23946e+06 0
21320 4.90676e+06 0
21330 5.26004e+06 0
21340 5.40903e+06 0
21350 4.80613e+06 0
21360 5.43135e+06 0
21370 4.74452e+06 0
21380 4.48881e+06 0
21390 5.02741e+06 0
21401 4.39158e+06 0
21410 6.91254e+06 0
21420 5.45236e+06 0
21430 4.62627e+06 0
21440 4.35777e+06 0
21450 4.79703e+06 0
21460 5.58151e+06 0
21470 4.91844e+06 0
21480 5.40743e+06 0
21490 5.00995e+06 0
21500 4.54603e+06 0
21510 5.16039e+06 0
21520 5.13432e+06 0
21530 6.34431e+06 0
21540 5.64728e+06 0
21550 4.31844e+06 0
21560 5.29809e+06 0
21570 5.48617e+06 0
21580 6.18472e+06 0
21590 6.64361e+06 0
