# TimeStamp(s) Sum Stdev
0 4.43381e+06 87303.5
10.25 4.31738e+06 196839
20.25 4.44720e+06 209615
31.25 862442 226455
40.75 7.84855e+06 274696
52 3.15302e+06 325026
60.25 2.96652e+06 241529
70 7.0129e+06 673160
80.5 4.51521e+06 110349
93 4.08862e+06 447433
100.75 817105 619164
110.25 8.09325e+06 762674
120.75 4.38641e+06 743008
131.25 1.19938e+06 396130
140.25 7.55924e+06 944977
150.25 4.32327e+06 833623
161.25 4.3184e+06 586737
170.25 244204 162936
180.25 8.45031e+06 526413
192.75 3.7589e+06 749640
200.5 3.56724e+06 1.33268e+06
210.5 5.74242e+06 402366
222.75 3.29419e+06 465356
230.5 1.65585e+06 495500
240.5 8.15355e+06 1.68065e+06
251 4.3081e+06 596483
262.25 2.20196e+06 757138
271.5 5.88976e+06 647841
280.5 4.94901e+06 995021
292 3.25503e+06 656410
300.75 3.03144e+06 686999
310 6.66880e+06 1.58831e+06
320.5 4.34623e+06 496530
332.25 3.37044e+06 632304
340.75 3.39723e+06 1.09347e+06
350.25 6.56885e+06 1.13582e+06
360.5 925246 571993
370.25 7.95469e+06 391349
381.25 4.50903e+06 278258
392.25 2.99846e+06 475827
401.5 3.63937e+06 1.32726e+06
411 6.61414e+06 1.05085e+06
421.5 2.63576e+06 238473
430.75 4.59455e+06 830022
441 6.35551e+06 924386
450.75 4.4472e+06 629442
462.25 1.6507e+06 280740
470.5 6.68102e+06 550975
480.25 5.16333e+06 356106
491.25 739824 198803
501 8.2432e+06 612198
510.5 4.30457e+06 113419
522.5 3.59197e+06 348651
531.25 2.43792e+06 149578
540.25 7.27977e+06 835514
552.5 2.08759e+06 565449
560.25 5.03659e+06 386602
570.75 6.25762e+06 514239
581.5 4.59558e+06 648594
591.5 1.4271e+06 407633
600 6.6922e+06 644538
611.75 5.38694e+06 683350
621.75 3.02422e+06 412619
631 3.88564e+06 1.01351e+06
640.75 6.56365e+06 1.36305e+06
651 4.53582e+06 607685
660.75 2.41217e+06 254617
671 5.65586e+06 815641
681 4.04329e+06 789162
691 4.44162e+06 911647
700.75 5.9982e+06 1.22842e+06
711.5 4.49254e+06 478915
722.5 3.09738e+06 670607
730.25 4.12057e+06 591685
741 6.28853e+06 875120
752.25 3.42402e+06 469743
761 3.0304e+06 1.44263e+06
771.75 7.18498e+06 1.2608e+06
780.75 4.56261e+06 1.20215e+06
791.25 3.05204e+06 719684
801.75 0 0
811.75 0 0
822.25 0 0
832.25 0 0
842.75 0 0
851.5 0 0
861.75 0 0
872 0 0
882.25 0 0
892.5 0 0
902.75 0 0
913 0 0
923.25 0 0
932.25 1030 892.006
942.5 3.09017e+06 2.67379e+06
951 4.44926e+06 3.81281e+06
960.75 4.64576e+06 3.75278e+06
970.75 4.61803e+06 3.56207e+06
980.5 4.92056e+06 3.35149e+06
990.5 4.60526e+06 3.15884e+06
1001.25 4.33104e+06 2.46233e+06
1012.5 4.37033e+06 2.07604e+06
1022.75 3.27976e+06 1.22913e+06
1032.75 4.57497e+06 1.82645e+06
1042.25 4.32871e+06 1.5973e+06
1052 4.66182e+06 1.54746e+06
1061.75 3.71818e+06 1.20683e+06
1071.75 5.71357e+06 1.66037e+06
1081.5 4.59764e+06 2.28027e+06
1091.25 2.38434e+06 1.02688e+06
1102.25 8.59972e+06 340507
1110.5 4.47558e+06 1.54621e+06
1121.25 3.20866e+06 724490
1130.5 4.17389e+06 1.42833e+06
1141.75 6.22464e+06 1.588e+06
1151.25 4.4843e+06 1.0931e+06
1161.5 2.27306e+06 970764
1171.25 5.95832e+06 625409
1181.5 4.99385e+06 920066
1191.75 3.2066e+06 719762
1201.5 3.45287e+06 622137
1210.5 6.33881e+06 1.2863e+06
1221 4.53685e+06 473445
1230.25 88612 21441.5
1241.25 8.86144e+06 877702
1251.5 4.43587e+06 618200
1262.5 1.88769e+06 530399
1270.75 7.09327e+06 600257
1281 4.43896e+06 1.03231e+06
1293.25 3.73211e+06 464555
1300.75 2.0031e+06 717198
1311.5 7.54098e+06 576083
1321.75 2.94282e+06 839332
1331.5 4.27822e+06 1.46269e+06
1340.25 6.18719e+06 1.56821e+06
1352.75 4.29471e+06 403156
1361.5 1.20866e+06 705482
1371.25 7.95386e+06 1.13094e+06
1380.75 4.47194e+06 642928
1392.25 1.30242e+06 462279
1400.75 7.6909e+06 746022
1411 4.45442e+06 677399
1422.5 4.44514e+06 456821
1431 894385 537428
1440.5 7.57756e+06 1.05909e+06
1451.75 3.18394e+06 742112
1460.25 3.09302e+06 981397
1470.75 7.46305e+06 1.66578e+06
1480.75 4.44205e+06 847720
1491 987121 689732
1502.25 7.97323e+06 664571
1511.75 4.42612e+06 426830
1521.75 846987 510631
1531 8.1041e+06 729678
1540 4.50182e+06 512952
1550.25 1.06028e+06 353366
1561.25 8.14943e+06 794452
1570.5 4.55746e+06 154680
1580.75 807833 262754
1591.25 7.92044e+06 1.29736e+06
1601 4.86682e+06 317585
1611.75 2.11232e+06 337897
1621.5 5.76296e+06 1.02211e+06
1630.75 5.67235e+06 275695
1642.25 2.36786e+06 368337
1651.75 6.04939e+06 450447
1661.25 5.21073e+06 1.83993e+06
1672.75 3.91346e+06 483851
1680.5 1.83926e+06 575967
1691.5 7.52855e+06 1.12255e+06
1700.5 2.46884e+06 214853
1710.75 5.21667e+06 1.25817e+06
1722.25 5.85600e+06 880135
1732.25 4.34726e+06 1.01049e+06
1741.25 739825 590939
1752 8.28581e+06 522619
1761.5 2.57497e+06 751056
1770.75 4.7759e+06 1.14086e+06
1780 6.26586e+06 833163
1791.75 4.54922e+06 1.04081e+06
