# TimeStamp(s) Sum Stdev
0 1.06667e+07 0
10 1.01721e+07 0
20 1.01154e+07 0
30 1.08419e+07 0
40 1.02607e+07 0
50 9.46628e+06 0
60 1.0508e+07 0
70 9.86505e+06 0
80 1.01371e+07 0
90 9.68164e+06 0
100 9.52193e+06 0
110 1.04349e+07 0
120 9.36221e+06 0
130 8.91193e+06 0
140 9.18396e+06 0
150 1.01742e+07 0
160 9.73934e+06 0
170 9.76201e+06 0
180 1.10067e+07 0
190 9.66927e+06 0
200 8.8635e+06 0
210 8.87174e+06 0
220 9.64454e+06 0
230 1.00526e+07 0
240 1.05544e+07 0
250 8.8738e+06 0
260 9.72904e+06 0
270 9.76201e+06 0
280 9.29215e+06 0
290 1.03699e+07 0
300 1.02422e+07 0
310 9.26948e+06 0
320 9.30039e+06 0
330 9.33027e+06 0
340 9.12007e+06 0
350 9.28287e+06 0
360 9.98664e+06 0
370 1.01123e+07 0
380 9.4735e+06 0
390 9.38385e+06 0
400 9.92275e+06 0
410 9.31482e+06 0
420 1.02958e+07 0
430 9.93924e+06 0
440 8.59250e+06 0
450 9.54872e+06 0
460 9.54253e+06 0
470 1.00083e+07 0
480 9.17777e+06 0
490 9.77746e+06 0
500 9.03042e+06 0
510 1.00258e+07 0
520 9.98561e+06 0
530 8.85526e+06 0
540 9.38282e+06 0
550 9.76819e+06 0
560 9.46938e+06 0
570 1.05297e+07 0
580 9.7754e+06 0
590 1.01731e+07 0
600 1.01237e+07 0
610 9.69297e+06 0
620 9.5652e+06 0
630 9.77334e+06 0
640 8.13501e+06 0
650 8.08658e+06 0
660 8.09894e+06 0
670 8.35448e+06 0
680 8.42764e+06 0
690 8.40703e+06 0
700 7.72491e+06 0
710 8.00724e+06 0
720 7.58786e+06 0
730 8.19271e+06 0
740 7.79292e+06 0
750 8.02682e+06 0
760 7.83104e+06 0
770 8.66978e+06 0
780 9.14789e+06 0
790 7.32614e+06 0
800 8.09688e+06 0
810 8.35448e+06 0
820 8.15149e+06 0
830 9.11492e+06 0
840 7.65896e+06 0
850 8.29266e+06 0
860 7.59199e+06 0
870 8.29472e+06 0
880 9.40961e+06 0
890 1.0541e+07 0
900 1.05327e+07 0
910 9.7177e+06 0
920 1.0913e+07 0
930 1.06121e+07 0
940 9.56211e+06 0
950 9.6837e+06 0
960 1.07677e+07 0
970 1.07986e+07 0
980 9.70018e+06 0
990 1.07749e+07 0
1000 1.04091e+07 0
1010 1.06585e+07 0
1020 1.01639e+07 0
1030 1.04699e+07 0
1040 9.9413e+06 0
1050 1.13519e+07 0
1060 9.58272e+06 0
1070 1.09614e+07 0
1080 1.14354e+07 0
1090 1.04431e+07 0
1100 9.72182e+06 0
1110 1.0744e+07 0
1120 1.07131e+07 0
1130 9.61981e+06 0
1140 9.48586e+06 0
1150 9.64454e+06 0
1160 1.06162e+07 0
1170 1.11798e+07 0
1180 1.10253e+07 0
1190 1.06811e+07 0
1200 1.08171e+07 0
1210 9.92687e+06 0
1220 1.00237e+07 0
1230 9.61363e+06 0
1240 9.53326e+06 0
1250 1.05626e+07 0
1260 9.51265e+06 0
1270 9.56623e+06 0
1280 1.01721e+07 0
1290 1.12685e+07 0
1300 1.03236e+07 0
1310 1.09511e+07 0
1320 9.8465e+06 0
1330 1.14931e+07 0
1340 9.62806e+06 0
1350 9.75377e+06 0
1360 9.51059e+06 0
1370 1.08676e+07 0
1380 9.93202e+06 0
1390 1.03143e+07 0
1400 9.79189e+06 0
1410 9.95778e+06 0
1420 1.04204e+07 0
1430 9.4498e+06 0
1440 1.00969e+07 0
1450 1.02937e+07 0
1460 1.02669e+07 0
1470 1.02278e+07 0
1480 9.94233e+06 0
1490 1.08779e+07 0
1500 1.01165e+07 0
1510 9.64866e+06 0
1520 9.78262e+06 0
1530 1.08233e+07 0
1540 1.02381e+07 0
1550 9.27875e+06 0
1560 9.7074e+06 0
1570 1.04173e+07 0
1580 9.12007e+06 0
1590 9.21693e+06 0
1600 9.21178e+06 0
1610 1.04967e+07 0
1620 9.88257e+06 0
1630 1.11355e+07 0
1640 9.97221e+06 0
1650 1.00948e+07 0
1660 9.287e+06 0
1670 1.00938e+07 0
1680 9.87123e+06 0
1690 9.78777e+06 0
1700 1.02597e+07 0
1710 9.86608e+06 0
1720 9.87432e+06 0
1730 9.42095e+06 0
1740 1.05977e+07 0
1750 1.13715e+07 0
1760 1.07533e+07 0
1770 9.62806e+06 0
1780 1.02545e+07 0
1790 9.52502e+06 0
1800 9.92069e+06 0
1810 1.11098e+07 0
1820 1.03452e+07 0
1830 9.42095e+06 0
1840 1.04204e+07 0
1850 1.05245e+07 0
1860 1.03432e+07 0
1870 1.06873e+07 0
1880 9.41682e+06 0
1890 9.96191e+06 0
1900 9.7548e+06 0
1910 9.83002e+06 0
1920 1.0745e+07 0
1930 1.01577e+07 0
1940 9.87844e+06 0
1950 9.36634e+06 0
1960 1.05585e+07 0
1970 1.00299e+07 0
1980 9.43434e+06 0
1990 9.54047e+06 0
2000 9.26742e+06 0
2010 9.81662e+06 0
2020 1.14199e+07 0
2030 1.06389e+07 0
2040 1.00289e+07 0
2050 1.02381e+07 0
2060 9.24475e+06 0
2070 9.68164e+06 0
2080 8.44722e+06 0
2090 9.40961e+06 0
2100 1.04009e+07 0
2110 1.03772e+07 0
2120 9.81456e+06 0
2130 9.76304e+06 0
2140 9.21487e+06 0
2150 9.75583e+06 0
2160 1.01474e+07 0
2170 9.75686e+06 0
2180 8.6296e+06 0
2190 9.61981e+06 0
2200 9.97221e+06 0
2210 1.13787e+07 0
2220 9.51574e+06 0
2230 1.01597e+07 0
2240 9.68576e+06 0
2250 9.14995e+06 0
2260 9.6734e+06 0
2270 1.0507e+07 0
2280 9.8836e+06 0
2290 1.04998e+07 0
2300 9.82692e+06 0
2310 9.96191e+06 0
2320 1.01927e+07 0
2330 9.76922e+06 0
2340 9.42095e+06 0
2350 9.70225e+06 0
2360 1.00608e+07 0
2370 9.37664e+06 0
2380 9.30348e+06 0
2390 1.01196e+07 0
2400 1.03102e+07 0
2410 1.01577e+07 0
2420 9.41476e+06 0
2430 9.76922e+06 0
2440 1.01721e+07 0
2450 1.00794e+07 0
2460 7.8908e+06 0
2470 9.1448e+06 0
2480 9.16129e+06 0
2490 8.91296e+06 0
2500 1.01433e+07 0
2510 1.02648e+07 0
2520 9.355e+06 0
2530 9.98561e+06 0
2540 8.99539e+06 0
2550 8.81095e+06 0
2560 1.01463e+07 0
2570 1.02463e+07 0
2580 9.54975e+06 0
2590 1.03432e+07 0
2600 9.90626e+06 0
2610 1.06451e+07 0
2620 9.12419e+06 0
2630 1.06636e+07 0
2640 1.11994e+07 0
2650 9.65897e+06 0
2660 1.05688e+07 0
2670 1.01649e+07 0
2680 9.97633e+06 0
2690 1.01865e+07 0
2700 9.5415e+06 0
2710 1.00588e+07 0
2720 9.6837e+06 0
2730 9.26948e+06 0
2740 1.02669e+07 0
2750 1.10521e+07 0
2760 9.63424e+06 0
2770 9.62188e+06 0
2780 1.01618e+07 0
2790 1.01402e+07 0
2800 1.0811e+07 0
2810 1.0574e+07 0
2820 1.02319e+07 0
2830 9.71564e+06 0
2840 1.10026e+07 0
2850 9.16026e+06 0
2860 1.18589e+07 0
2870 9.999e+06 0
2880 9.8362e+06 0
2890 1.08511e+07 0
2900 9.36943e+06 0
2910 1.09944e+07 0
2920 1.06317e+07 0
2930 9.94748e+06 0
2940 1.00938e+07 0
2950 1.03102e+07 0
2960 1.08244e+07 0
2970 1.14982e+07 0
2980 9.98664e+06 0
2990 1.09016e+07 0
3000 9.44568e+06 0
3010 1.00577e+07 0
3020 9.71873e+06 0
3030 1.00526e+07 0
3040 9.50441e+06 0
3050 1.00382e+07 0
3060 1.00299e+07 0
3070 1.09799e+07 0
3080 1.01288e+07 0
3090 9.80941e+06 0
3100 9.84959e+06 0
3110 9.9753e+06 0
3120 1.03658e+07 0
3130 1.00701e+07 0
3140 1.06976e+07 0
3150 9.95057e+06 0
3160 1.061e+07 0
3170 8.82022e+06 0
3180 8.68215e+06 0
3190 9.1582e+06 0
3200 1.03514e+07 0
3210 1.01711e+07 0
3220 1.1151e+07 0
3230 9.66824e+06 0
3240 1.14323e+07 0
3250 1.05575e+07 0
3260 1.00959e+07 0
3270 8.46164e+06 0
3280 9.2839e+06 0
3290 9.85681e+06 0
3300 9.31688e+06 0
3310 1.09109e+07 0
3320 9.91966e+06 0
3330 1.03535e+07 0
3340 9.82796e+06 0
3350 9.50235e+06 0
3360 1.05101e+07 0
3370 1.05163e+07 0
3380 1.12829e+07 0
3390 9.78674e+06 0
3400 1.04462e+07 0
3410 1.07141e+07 0
3420 9.87226e+06 0
3430 9.17777e+06 0
3440 9.69916e+06 0
3450 8.97788e+06 0
3460 9.93718e+06 0
3470 8.92738e+06 0
3480 1.11798e+07 0
3490 9.82177e+06 0
3500 1.03473e+07 0
3510 1.02772e+07 0
3520 1.03102e+07 0
3530 9.82589e+06 0
3540 9.62806e+06 0
3550 9.69916e+06 0
3560 1.10964e+07 0
3570 1.02308e+07 0
3580 9.82692e+06 0
3590 1.01319e+07 0
3600 9.83311e+06 0
3610 8.76767e+06 0
3620 9.77746e+06 0
3630 1.03081e+07 0
3640 1.12767e+07 0
3650 9.5549e+06 0
3660 9.88050e+06 0
3670 9.88978e+06 0
3680 1.04699e+07 0
3690 9.67649e+06 0
3700 1.05688e+07 0
3710 9.04176e+06 0
3720 1.0168e+07 0
3730 9.73213e+06 0
3740 9.70534e+06 0
3750 8.65227e+06 0
3760 1.00948e+07 0
3770 9.97118e+06 0
3780 9.91966e+06 0
3790 9.24887e+06 0
3800 1.11304e+07 0
3810 1.05348e+07 0
3820 1.08687e+07 0
3830 1.09769e+07 0
3840 9.6126e+06 0
3850 1.08965e+07 0
3860 9.77953e+06 0
3870 8.982e+06 0
3880 1.01814e+07 0
3890 1.06523e+07 0
3900 9.55181e+06 0
3910 1.04647e+07 0
3920 9.9176e+06 0
3930 9.87741e+06 0
3940 9.86093e+06 0
3950 1.00392e+07 0
3960 9.41373e+06 0
3970 9.57654e+06 0
3980 1.0609e+07 0
3990 9.48998e+06 0
4000 9.60745e+06 0
4010 9.31688e+06 0
4020 9.84032e+06 0
4030 1.01268e+07 0
4040 1.01958e+07 0
4050 8.7718e+06 0
4060 9.9887e+06 0
4070 9.3447e+06 0
4080 9.79601e+06 0
4090 9.67958e+06 0
4100 1.01525e+07 0
4110 1.02411e+07 0
4120 9.29215e+06 0
4130 9.55696e+06 0
4140 1.01381e+07 0
4150 9.60951e+06 0
4160 9.93821e+06 0
4170 9.77953e+06 0
4180 9.35191e+06 0
4190 9.5209e+06 0
4200 9.44671e+06 0
4210 9.42507e+06 0
4220 1.01618e+07 0
4230 9.50956e+06 0
4240 9.66103e+06 0
4250 1.00485e+07 0
4260 9.39313e+06 0
4270 1.07048e+07 0
4280 9.67442e+06 0
4290 1.10995e+07 0
4300 9.17262e+06 0
4310 1.03844e+07 0
4320 9.7414e+06 0
4330 8.85114e+06 0
4340 1.01649e+07 0
4350 1.00516e+07 0
4360 1.06152e+07 0
4370 9.71049e+06 0
4380 1.06873e+07 0
4390 1.00485e+07 0
4400 9.88978e+06 0
4410 1.06626e+07 0
4420 9.389e+06 0
4430 1.04493e+07 0
4440 1.00639e+07 0
4450 1.03906e+07 0
4460 1.09511e+07 0
4470 1.14333e+07 0
4480 9.63012e+06 0
4490 1.02319e+07 0
4500 9.98561e+06 0
4510 9.67442e+06 0
4520 9.16438e+06 0
4530 9.84959e+06 0
4540 1.00928e+07 0
4550 1.06286e+07 0
4560 1.0508e+07 0
4570 1.06409e+07 0
4580 1.03102e+07 0
4590 1.00268e+07 0
4600 1.00206e+07 0
4610 1.02463e+07 0
4620 1.08192e+07 0
4630 1.08573e+07 0
4640 1.04287e+07 0
4650 9.99797e+06 0
4660 9.93821e+06 0
4670 9.66206e+06 0
4680 9.58581e+06 0
4690 1.06688e+07 0
4700 1.05575e+07 0
4710 9.91451e+06 0
4720 1.00649e+07 0
4730 1.00732e+07 0
4740 9.40446e+06 0
4750 8.74706e+06 0
4760 9.60436e+06 0
4770 9.58478e+06 0
4780 9.83929e+06 0
4790 1.00361e+07 0
4800 9.80322e+06 0
4810 9.67752e+06 0
4820 9.34367e+06 0
4830 1.03236e+07 0
4840 9.53841e+06 0
4850 1.02813e+07 0
4860 9.89802e+06 0
4870 9.0634e+06 0
4880 9.7785e+06 0
4890 1.03318e+07 0
4900 1.02432e+07 0
4910 9.59818e+06 0
4920 9.83723e+06 0
4930 1.14179e+07 0
4940 1.08089e+07 0
4950 1.03277e+07 0
4960 9.71049e+06 0
4970 1.00412e+07 0
4980 1.02278e+07 0
4990 1.03545e+07 0
5000 1.02648e+07 0
5010 1.12221e+07 0
5020 9.73934e+06 0
5030 9.97221e+06 0
5040 1.05338e+07 0
5050 1.00351e+07 0
5060 9.27669e+06 0
5070 9.25402e+06 0
5080 9.87535e+06 0
5090 1.01505e+07 0
5100 1.01968e+07 0
5110 1.01185e+07 0
5120 1.04009e+07 0
5130 1.00217e+07 0
5140 9.72492e+06 0
5150 8.91502e+06 0
5160 8.83568e+06 0
5170 1.03802e+07 0
5180 1.05369e+07 0
5190 1.07213e+07 0
5200 9.80529e+06 0
5210 1.06172e+07 0
5220 9.95572e+06 0
5230 9.68885e+06 0
5240 9.91863e+06 0
5250 1.07213e+07 0
5260 1.00011e+07 0
5270 1.01927e+07 0
5280 9.694e+06 0
5290 9.80322e+06 0
5300 9.60951e+06 0
5310 9.73007e+06 0
5320 9.69503e+06 0
5330 1.02113e+07 0
5340 9.80632e+06 0
5350 1.0033e+07 0
5360 1.07636e+07 0
5370 1.04854e+07 0
5380 9.91451e+06 0
5390 1.03823e+07 0
5400 9.09019e+06 0
5410 1.01855e+07 0
5420 9.81662e+06 0
5430 9.79601e+06 0
5440 9.79086e+06 0
5450 1.00186e+07 0
5460 9.58375e+06 0
5470 9.65176e+06 0
5480 1.02205e+07 0
5490 1.01608e+07 0
5500 9.81353e+06 0
5510 9.47762e+06 0
5520 1.01577e+07 0
5530 9.69709e+06 0
5540 1.11706e+07 0
5550 9.27875e+06 0
5560 8.54098e+06 0
5570 1.1015e+07 0
5580 1.00382e+07 0
5590 1.00382e+07 0
5600 9.44671e+06 0
5610 9.10255e+06 0
5620 1.08872e+07 0
5630 1.02628e+07 0
5640 1.06925e+07 0
5650 1.05616e+07 0
5660 9.39004e+06 0
5670 9.82589e+06 0
5680 1.071e+07 0
5690 9.78983e+06 0
5700 9.70328e+06 0
5710 1.05018e+07 0
5720 1.00598e+07 0
5730 9.64557e+06 0
5740 9.76922e+06 0
5750 1.01443e+07 0
5760 9.75170e+06 0
5770 9.88978e+06 0
5780 1.04792e+07 0
5790 1.02937e+07 0
5800 1.00237e+07 0
5810 1.02071e+07 0
5820 9.71873e+06 0
5830 1.017e+07 0
5840 1.18084e+07 0
5850 1.04019e+07 0
5860 1.00474e+07 0
5870 9.57345e+06 0
5880 1.1084e+07 0
5890 9.93409e+06 0
5900 1.07234e+07 0
5910 9.30039e+06 0
5920 9.78468e+06 0
5930 1.00794e+07 0
5940 1.10346e+07 0
5950 9.44258e+06 0
5960 1.08326e+07 0
5970 9.46732e+06 0
5980 9.53944e+06 0
5990 1.08336e+07 0
6000 1.03782e+07 0
6010 1.04101e+07 0
6020 1.05956e+07 0
6030 1.06636e+07 0
6040 9.40858e+06 0
6050 1.05709e+07 0
6060 1.00227e+07 0
6070 1.07028e+07 0
6080 1.16085e+07 0
6090 1.01587e+07 0
6100 8.82641e+06 0
6110 9.66103e+06 0
6120 1.07491e+07 0
6130 1.03473e+07 0
6140 1.12169e+07 0
6150 9.62394e+06 0
6160 1.02339e+07 0
6170 1.07965e+07 0
6180 9.20972e+06 0
6190 9.51884e+06 0
6200 1.02298e+07 0
6210 1.01855e+07 0
6220 9.42301e+06 0
6230 8.61208e+06 0
6240 1.01752e+07 0
6250 1.02267e+07 0
6260 9.16747e+06 0
6270 9.71873e+06 0
6280 9.11801e+06 0
6290 9.26536e+06 0
6300 1.05101e+07 0
6310 1.02587e+07 0
6320 1.12396e+07 0
6330 9.42816e+06 0
6340 9.90214e+06 0
6350 1.00917e+07 0
6360 1.03555e+07 0
6370 1.13035e+07 0
6380 9.965e+06 0
6390 1.09243e+07 0
6400 9.69916e+06 0
6410 8.98612e+06 0
6420 1.09665e+07 0
6430 1.06378e+07 0
6440 1.08882e+07 0
6450 1.01247e+07 0
6460 1.02947e+07 0
6470 9.72079e+06 0
6480 1.13385e+07 0
6490 1.03164e+07 0
6500 9.57448e+06 0
6510 1.04668e+07 0
6520 9.80735e+06 0
6530 9.43434e+06 0
6540 9.37252e+06 0
6550 9.50029e+06 0
6560 1.06224e+07 0
6570 1.06708e+07 0
6580 1.07831e+07 0
6590 9.7311e+06 0
6600 1.02978e+07 0
6610 9.61775e+06 0
6620 9.50029e+06 0
6630 9.92893e+06 0
6640 1.00217e+07 0
6650 9.80838e+06 0
6660 8.53996e+06 0
6670 9.61466e+06 0
6680 9.04691e+06 0
6690 9.5549e+06 0
6700 9.5652e+06 0
6710 8.3009e+06 0
6720 1.00052e+07 0
6730 9.65897e+06 0
6740 9.53532e+06 0
6750 9.18498e+06 0
6760 1.10026e+07 0
6770 1.06152e+07 0
6780 1.0135e+07 0
6790 9.67958e+06 0
6800 1.01536e+07 0
6810 1.00052e+07 0
6820 1.02525e+07 0
6830 1.03607e+07 0
6840 9.01188e+06 0
6850 9.88463e+06 0
6860 1.04689e+07 0
6870 1.11098e+07 0
6880 9.59096e+06 0
6890 9.83517e+06 0
6900 9.97324e+06 0
6910 1.03349e+07 0
6920 9.2633e+06 0
6930 9.28802e+06 0
6940 9.30245e+06 0
6950 9.92481e+06 0
6960 1.08841e+07 0
6970 1.00021e+07 0
6980 1.07326e+07 0
6990 1.01288e+07 0
7000 1.07409e+07 0
7010 1.04586e+07 0
7020 9.85784e+06 0
7030 9.56417e+06 0
7040 9.90111e+06 0
7050 1.03514e+07 0
7060 9.12934e+06 0
7070 9.96603e+06 0
7080 9.5312e+06 0
7090 1.07265e+07 0
7100 9.98252e+06 0
7110 9.8836e+06 0
7120 9.7311e+06 0
7130 9.09328e+06 0
7140 9.95263e+06 0
7150 9.999e+06 0
7160 9.72492e+06 0
7170 9.65485e+06 0
7180 9.70843e+06 0
7190 9.32306e+06 0
7200 8.81301e+06 0
7210 1.1082e+07 0
7220 9.05722e+06 0
7230 9.36015e+06 0
7240 9.88875e+06 0
7250 1.03153e+07 0
7260 1.04884e+07 0
7270 9.52811e+06 0
7280 1.07625e+07 0
7290 9.7651e+06 0
7300 9.51471e+06 0
7310 9.17571e+06 0
7320 1.00783e+07 0
7330 9.33645e+06 0
7340 9.88257e+06 0
7350 1.05492e+07 0
7360 9.46732e+06 0
7370 9.50647e+06 0
7380 9.53635e+06 0
7390 9.93615e+06 0
7400 9.98045e+06 0
7410 9.54769e+06 0
7420 9.43228e+06 0
7430 1.04256e+07 0
7440 1.06317e+07 0
7450 1.03864e+07 0
7460 1.15456e+07 0
7470 1.03514e+07 0
7480 9.54253e+06 0
7490 1.00031e+07 0
7500 9.2839e+06 0
7510 1.0405e+07 0
7520 1.09346e+07 0
7530 9.59818e+06 0
7540 1.00165e+07 0
7550 9.30245e+06 0
7560 9.88978e+06 0
7570 9.29421e+06 0
7580 9.04485e+06 0
7590 1.05523e+07 0
7600 9.97118e+06 0
7610 9.52914e+06 0
7620 9.07988e+06 0
7630 9.56829e+06 0
7640 9.99076e+06 0
7650 1.09573e+07 0
7660 9.99694e+06 0
7670 1.01628e+07 0
7680 9.18602e+06 0
7690 1.03081e+07 0
7700 9.49617e+06 0
7710 1.02731e+07 0
7720 1.0644e+07 0
7730 1.03081e+07 0
7740 9.84238e+06 0
7750 1.10583e+07 0
7760 1.03092e+07 0
7770 9.61878e+06 0
7780 1.10191e+07 0
7790 9.93718e+06 0
7800 9.87226e+06 0
7810 9.92378e+06 0
7820 1.09449e+07 0
7830 9.88772e+06 0
7840 9.92893e+06 0
7850 9.19323e+06 0
7860 9.97015e+06 0
7870 9.82589e+06 0
7880 1.08913e+07 0
7890 1.02545e+07 0
7900 9.82486e+06 0
7910 1.01319e+07 0
7920 1.07759e+07 0
7930 9.32615e+06 0
7940 9.7074e+06 0
7950 1.02411e+07 0
7960 1.01577e+07 0
7970 9.77644e+06 0
7980 1.02906e+07 0
7990 9.39106e+06 0
8000 9.48792e+06 0
8010 9.49823e+06 0
8020 9.88875e+06 0
8030 9.58684e+06 0
8040 9.10255e+06 0
8050 1.02968e+07 0
8060 1.02381e+07 0
8070 9.01085e+06 0
8080 1.00103e+07 0
8090 9.5312e+06 0
8100 9.90833e+06 0
8110 1.02278e+07 0
8120 9.91863e+06 0
8130 1.07615e+07 0
8140 1.03174e+07 0
8150 9.7754e+06 0
8160 8.38746e+06 0
8170 1.10521e+07 0
8180 9.98252e+06 0
8190 1.01577e+07 0
8200 9.98458e+06 0
8210 9.52708e+06 0
8220 1.05163e+07 0
8230 9.86299e+06 0
8240 1.02958e+07 0
8250 9.31482e+06 0
8260 9.17468e+06 0
8270 1.04112e+07 0
8280 9.2159e+06 0
8290 9.9042e+06 0
8300 1.02092e+07 0
8310 1.03267e+07 0
8320 1.09975e+07 0
8330 9.8228e+06 0
8340 1.1254e+07 0
8350 1.05183e+07 0
8360 1.03947e+07 0
8370 1.03462e+07 0
8380 9.1922e+06 0
8390 1.04843e+07 0
8400 1.08295e+07 0
8410 9.74655e+06 0
8420 9.7177e+06 0
8430 1.10644e+07 0
8440 1.02411e+07 0
8450 9.81971e+06 0
8460 1.05204e+07 0
8470 9.99797e+06 0
8480 9.90833e+06 0
8490 9.68885e+06 0
8500 1.0777e+07 0
8510 1.02257e+07 0
8520 9.6466e+06 0
8530 9.16953e+06 0
8540 9.5889e+06 0
8550 1.01927e+07 0
8560 1.04606e+07 0
8570 1.11706e+07 0
8580 9.93409e+06 0
8590 9.51059e+06 0
8600 1.15539e+07 0
8610 1.15652e+07 0
8620 9.92069e+06 0
8630 1.02824e+07 0
8640 9.66309e+06 0
8650 9.81044e+06 0
8660 1.07296e+07 0
8670 1.00485e+07 0
8680 1.06502e+07 0
8690 1.06337e+07 0
8700 9.31894e+06 0
8710 1.02504e+07 0
8720 9.88772e+06 0
8730 1.01814e+07 0
8740 1.02793e+07 0
8750 9.76304e+06 0
8760 9.26536e+06 0
8770 1.02298e+07 0
8780 1.03215e+07 0
8790 1.05905e+07 0
8800 1.04586e+07 0
8810 1.0136e+07 0
8820 1.04297e+07 0
8830 1.0235e+07 0
8840 9.9753e+06 0
8850 9.60436e+06 0
8860 1.00783e+07 0
8870 9.53944e+06 0
8880 1.03061e+07 0
8890 9.92687e+06 0
8900 9.70018e+06 0
8910 1.00217e+07 0
8920 8.93563e+06 0
8930 1.03164e+07 0
8940 1.0102e+07 0
8950 9.91657e+06 0
8960 9.38282e+06 0
8970 1.06152e+07 0
8980 9.67958e+06 0
8990 9.48483e+06 0
9000 9.31894e+06 0
9010 9.48483e+06 0
9020 9.58375e+06 0
9030 1.0438e+07 0
9040 1.00856e+07 0
9050 1.05307e+07 0
9060 1.03009e+07 0
9070 1.00299e+07 0
9080 1.00649e+07 0
9090 1.03504e+07 0
9100 9.93924e+06 0
9110 1.02319e+07 0
9120 9.7074e+06 0
9130 9.90833e+06 0
9140 1.0068e+07 0
9150 9.68576e+06 0
9160 1.00031e+07 0
9170 9.79189e+06 0
9180 1.02679e+07 0
9190 1.06842e+07 0
9200 9.92584e+06 0
9210 9.95778e+06 0
9220 1.00196e+07 0
9230 1.08264e+07 0
9240 1.08563e+07 0
9250 1.05874e+07 0
9260 1.04472e+07 0
9270 1.03493e+07 0
9280 1.09696e+07 0
9290 1.0474e+07 0
9300 1.02885e+07 0
9310 1.01391e+07 0
9320 9.75377e+06 0
9330 1.06358e+07 0
9340 1.0913e+07 0
9350 1.01917e+07 0
9360 1.00959e+07 0
9370 1.03442e+07 0
9380 9.44774e+06 0
9390 9.33542e+06 0
9400 9.81662e+06 0
9410 9.41889e+06 0
9420 9.59302e+06 0
9430 1.01968e+07 0
9440 9.78262e+06 0
9450 9.95985e+06 0
9460 1.01165e+07 0
9470 9.18086e+06 0
9480 1.15601e+07 0
9490 1.02288e+07 0
9500 1.05101e+07 0
9510 9.62909e+06 0
9520 1.0438e+07 0
9530 1.04699e+07 0
9540 1.11592e+07 0
9550 9.4158e+06 0
9560 1.00299e+07 0
9570 9.87123e+06 0
9580 9.61981e+06 0
9590 9.69606e+06 0
9600 1.07337e+07 0
9610 9.63733e+06 0
9620 9.49926e+06 0
9630 1.03699e+07 0
9640 1.05482e+07 0
9650 1.06502e+07 0
9660 8.72130e+06 0
9670 9.36221e+06 0
9680 9.93512e+06 0
9690 9.60848e+06 0
9700 1.10758e+07 0
9710 9.39519e+06 0
9720 9.51574e+06 0
9730 1.14694e+07 0
9740 1.06626e+07 0
9750 1.04359e+07 0
9760 9.53738e+06 0
9770 1.09264e+07 0
9780 9.93306e+06 0
9790 9.89184e+06 0
9800 1.04987e+07 0
9810 1.01711e+07 0
9820 1.03741e+07 0
9830 9.81765e+06 0
9840 1.02236e+07 0
9850 1.08769e+07 0
9860 1.02381e+07 0
9870 9.7888e+06 0
9880 1.03143e+07 0
9890 1.1151e+07 0
9900 9.77025e+06 0
9910 1.017e+07 0
9920 9.63527e+06 0
9930 9.46834e+06 0
9940 1.12643e+07 0
9950 1.00114e+07 0
9960 9.93718e+06 0
9970 1.09109e+07 0
9980 8.79756e+06 0
9990 9.3684e+06 0
10000 1.11149e+07 0
10010 9.73419e+06 0
10020 1.06832e+07 0
10030 1.0743e+07 0
10040 9.55181e+06 0
10050 8.75325e+06 0
10060 1.00794e+07 0
10070 9.84444e+06 0
10080 1.01319e+07 0
10090 9.59405e+06 0
10100 1.03967e+07 0
10110 1.05915e+07 0
10120 9.48483e+06 0
10130 1.01742e+07 0
10140 9.80529e+06 0
10150 9.77025e+06 0
10160 9.86402e+06 0
10170 8.84186e+06 0
10180 9.02424e+06 0
10190 1.00134e+07 0
10200 1.07512e+07 0
10210 1.0236e+07 0
10220 9.86505e+06 0
10230 9.71461e+06 0
10240 1.01536e+07 0
10250 1.00536e+07 0
10260 9.45392e+06 0
10270 1.017e+07 0
10280 9.626e+06 0
10290 1.03988e+07 0
10300 1.00124e+07 0
10310 1.00454e+07 0
10320 9.96191e+06 0
10330 1.0846e+07 0
10340 9.56211e+06 0
10350 1.05719e+07 0
10360 1.04009e+07 0
10370 1.00072e+07 0
10380 1.07275e+07 0
10390 9.91142e+06 0
10400 1.11273e+07 0
10410 9.63115e+06 0
10420 9.69812e+06 0
10430 9.95366e+06 0
10440 9.87948e+06 0
10450 1.07059e+07 0
10460 9.82383e+06 0
10470 9.19529e+06 0
10480 9.98045e+06 0
10490 9.91451e+06 0
10500 9.89493e+06 0
10510 1.01958e+07 0
10520 1.06585e+07 0
10530 9.39106e+06 0
10540 9.63012e+06 0
10550 9.6466e+06 0
10560 1.01206e+07 0
10570 9.34573e+06 0
10580 1.09635e+07 0
10590 1.11881e+07 0
10600 1.0439e+07 0
10610 9.88463e+06 0
10620 1.06564e+07 0
10630 1.00814e+07 0
10640 9.11595e+06 0
10650 1.06183e+07 0
10660 1.00134e+07 0
10670 1.04524e+07 0
10680 1.00248e+07 0
10690 9.39622e+06 0
10700 1.07388e+07 0
10710 9.14274e+06 0
10720 9.40446e+06 0
10730 1.03061e+07 0
10740 9.77644e+06 0
10750 9.74964e+06 0
10760 1.10119e+07 0
10770 9.80013e+06 0
10780 9.93924e+06 0
10790 9.8228e+06 0
10800 1.02762e+07 0
10810 1.01062e+07 0
10820 1.02968e+07 0
10830 9.9073e+06 0
10840 1.14168e+07 0
10850 1.02628e+07 0
10860 9.41682e+06 0
10870 9.30451e+06 0
10880 1.01505e+07 0
10890 9.80941e+06 0
10900 1.06749e+07 0
10910 1.0438e+07 0
10920 9.44671e+06 0
10930 1.01288e+07 0
10940 9.58787e+06 0
10950 9.7074e+06 0
10960 9.1211e+06 0
10970 1.01072e+07 0
10980 9.86402e+06 0
10990 1.0879e+07 0
11000 1.04276e+07 0
11010 1.10304e+07 0
11020 9.35706e+06 0
11030 1.1322e+07 0
11040 1.06275e+07 0
11050 1.08511e+07 0
11060 1.01855e+07 0
11070 1.05853e+07 0
11080 1.00351e+07 0
11090 1.02556e+07 0
11100 9.70946e+06 0
11110 9.4261e+06 0
11120 9.31172e+06 0
11130 1.01834e+07 0
11140 9.87535e+06 0
11150 1.02514e+07 0
11160 1.01989e+07 0
11170 1.12324e+07 0
11180 9.08194e+06 0
11190 1.05523e+07 0
11200 9.17674e+06 0
11210 9.97736e+06 0
11220 1.06193e+07 0
11230 9.24887e+06 0
11240 1.02411e+07 0
11250 1.09995e+07 0
11260 1.00299e+07 0
11270 9.44362e+06 0
11280 9.37149e+06 0
11290 9.57242e+06 0
11300 9.84341e+06 0
11310 1.08584e+07 0
11320 1.02329e+07 0
11330 9.77231e+06 0
11340 1.02978e+07 0
11350 9.59508e+06 0
11360 9.68885e+06 0
11370 1.02751e+07 0
11380 1.02123e+07 0
11390 1.04678e+07 0
11400 1.00165e+07 0
11410 1.02628e+07 0
11420 1.02442e+07 0
11430 9.53532e+06 0
11440 8.86762e+06 0
11450 1.05946e+07 0
11460 1.10995e+07 0
11470 1.02576e+07 0
11480 1.03112e+07 0
11490 8.73573e+06 0
11500 9.73316e+06 0
11510 9.56623e+06 0
11520 1.05575e+07 0
11530 9.82589e+06 0
11540 9.91657e+06 0
11550 8.82228e+06 0
11560 9.39725e+06 0
11570 8.9686e+06 0
11580 9.54975e+06 0
11590 1.02401e+07 0
11600 8.99024e+06 0
11610 1.06533e+07 0
11620 9.99488e+06 0
11630 9.25505e+06 0
11640 1.09964e+07 0
11650 9.0057e+06 0
11660 9.90008e+06 0
11670 1.02824e+07 0
11680 9.2736e+06 0
11690 8.2669e+06 0
11700 7.97736e+06 0
11710 8.02269e+06 0
11720 7.65587e+06 0
11730 8.19992e+06 0
11740 8.22053e+06 0
11750 8.16798e+06 0
11760 8.01136e+06 0
11770 8.49668e+06 0
11780 8.1855e+06 0
11790 7.7754e+06 0
11800 8.39982e+06 0
11810 7.53016e+06 0
11820 8.3854e+06 0
11830 7.74346e+06 0
11840 7.99487e+06 0
11850 7.33233e+06 0
11860 8.00518e+06 0
11870 7.69297e+06 0
11880 8.44207e+06 0
11890 7.88153e+06 0
11900 8.6399e+06 0
11910 8.22156e+06 0
11920 8.51832e+06 0
11930 9.31997e+06 0
11940 1.06945e+07 0
11950 1.09542e+07 0
11960 1.0101e+07 0
11970 9.88566e+06 0
11980 9.25299e+06 0
11990 9.08194e+06 0
12000 8.74397e+06 0
12010 9.66927e+06 0
12020 9.79292e+06 0
12030 1.09305e+07 0
12040 1.09408e+07 0
12050 9.65897e+06 0
12060 9.45907e+06 0
12070 8.84598e+06 0
12080 9.48895e+06 0
12090 8.95418e+06 0
12100 1.08748e+07 0
12110 1.00134e+07 0
12120 1.03998e+07 0
12130 1.06564e+07 0
12140 9.59096e+06 0
12150 9.7548e+06 0
12160 9.65176e+06 0
12170 9.83517e+06 0
12180 8.99642e+06 0
12190 1.04544e+07 0
12200 9.83002e+06 0
12210 9.76201e+06 0
12220 1.06069e+07 0
12230 1.01494e+07 0
12240 1.00237e+07 0
12250 1.01134e+07 0
12260 1.04503e+07 0
12270 1.04534e+07 0
12280 1.02525e+07 0
12290 9.97015e+06 0
12300 1.044e+07 0
12310 1.00433e+07 0
12320 9.6466e+06 0
12330 1.09892e+07 0
12340 1.00979e+07 0
12350 1.03967e+07 0
12360 9.97633e+06 0
12370 9.92481e+06 0
12380 9.55593e+06 0
12390 1.06626e+07 0
12400 1.03906e+07 0
12410 1.02463e+07 0
12420 9.76201e+06 0
12430 1.01185e+07 0
12440 1.00217e+07 0
12450 1.11561e+07 0
12460 9.45495e+06 0
12470 1.04143e+07 0
12480 1.13128e+07 0
12490 1.09542e+07 0
12500 1.03184e+07 0
12510 9.931e+06 0
12520 9.74037e+06 0
12530 8.69348e+06 0
12540 8.90369e+06 0
12550 1.05523e+07 0
12560 1.08645e+07 0
12570 9.23650e+06 0
12580 9.75686e+06 0
12590 1.04246e+07 0
12600 1.02257e+07 0
12610 9.55387e+06 0
12620 9.74758e+06 0
12630 9.34161e+06 0
12640 9.63527e+06 0
12650 9.57963e+06 0
12660 1.03988e+07 0
12670 9.49204e+06 0
12680 9.29421e+06 0
12690 1.07471e+07 0
12700 1.16312e+07 0
12710 9.65485e+06 0
12720 9.24681e+06 0
12730 9.32306e+06 0
12740 1.06358e+07 0
12750 9.65073e+06 0
12760 1.0133e+07 0
12770 1.11273e+07 0
12780 9.22002e+06 0
12790 8.91811e+06 0
12800 1.0812e+07 0
12810 1.03184e+07 0
12820 9.95263e+06 0
12830 9.74552e+06 0
12840 1.00279e+07 0
12850 1.00485e+07 0
12860 1.01886e+07 0
12870 9.16541e+06 0
12880 1.01237e+07 0
12890 8.77076e+06 0
12900 1.01123e+07 0
12910 8.93151e+06 0
12920 9.89802e+06 0
12930 1.01515e+07 0
12940 8.77901e+06 0
12950 1.02999e+07 0
12960 1.16013e+07 0
12970 1.044e+07 0
12980 9.78468e+06 0
12990 9.97736e+06 0
13000 9.75068e+06 0
13010 1.00371e+07 0
13020 9.46938e+06 0
13030 1.0881e+07 0
13040 9.69091e+06 0
13050 9.74037e+06 0
13060 9.79189e+06 0
13070 9.36118e+06 0
13080 9.0263e+06 0
13090 9.30657e+06 0
13100 1.01515e+07 0
13110 9.95778e+06 0
13120 9.25093e+06 0
13130 1.02855e+07 0
13140 1.08274e+07 0
13150 9.82589e+06 0
13160 9.7177e+06 0
13170 1.02875e+07 0
13180 1e+07 0
13190 9.13759e+06 0
13200 9.80529e+06 0
13210 9.02836e+06 0
13220 8.35964e+06 0
13230 1.02927e+07 0
13240 9.44568e+06 0
13250 1.04112e+07 0
13260 1.13787e+07 0
13270 9.01497e+06 0
13280 8.38952e+06 0
13290 9.10564e+06 0
13300 1.06657e+07 0
13310 1.04359e+07 0
13320 9.61157e+06 0
13330 8.92532e+06 0
13340 1.01762e+07 0
13350 1.00619e+07 0
13360 9.94748e+06 0
13370 1.0068e+07 0
13380 9.33852e+06 0
13390 9.15304e+06 0
13400 9.83105e+06 0
13410 1.04678e+07 0
13420 9.51162e+06 0
13430 9.98045e+06 0
13440 1.0914e+07 0
13450 9.76613e+06 0
13460 9.8939e+06 0
13470 9.76201e+06 0
13480 1.05843e+07 0
13490 1.00907e+07 0
13500 9.7651e+06 0
13510 1.06574e+07 0
13520 1.07677e+07 0
13530 9.93202e+06 0
13540 9.82177e+06 0
13550 8.92532e+06 0
13560 1.09511e+07 0
13570 1.0271e+07 0
13580 1.01257e+07 0
13590 9.89905e+06 0
13600 1.02319e+07 0
13610 8.9212e+06 0
13620 1.01907e+07 0
13630 1.0676e+07 0
13640 1.03133e+07 0
13650 9.44258e+06 0
13660 1.06636e+07 0
13670 1.06059e+07 0
13680 9.33954e+06 0
13690 1.02514e+07 0
13700 9.47453e+06 0
13710 1.04328e+07 0
13720 1.00371e+07 0
13730 9.999e+06 0
13740 1.10562e+07 0
13750 1.00052e+07 0
13760 1.10995e+07 0
13770 1.09119e+07 0
13780 9.8836e+06 0
13790 1.07409e+07 0
13800 1.03926e+07 0
13810 1.08357e+07 0
13820 9.45083e+06 0
13830 1.06564e+07 0
13840 1.08068e+07 0
13850 9.71564e+06 0
13860 9.38179e+06 0
13870 1.04668e+07 0
13880 9.80322e+06 0
13890 9.47144e+06 0
13900 9.64042e+06 0
13910 1.04513e+07 0
13920 1.03153e+07 0
13930 9.70431e+06 0
13940 9.51059e+06 0
13950 9.31069e+06 0
13960 1.06811e+07 0
13970 9.98767e+06 0
13980 1.05801e+07 0
13990 1.00042e+07 0
14000 9.72388e+06 0
14010 9.5312e+06 0
14020 9.92275e+06 0
14030 1.00021e+07 0
14040 1.00114e+07 0
14050 9.94336e+06 0
14060 1.01989e+07 0
14070 9.74552e+06 0
14080 1.06234e+07 0
14090 1.00732e+07 0
14100 9.62394e+06 0
14110 1.03246e+07 0
14120 9.61775e+06 0
14130 1.06286e+07 0
14140 1.06317e+07 0
14150 1.06049e+07 0
14160 9.76613e+06 0
14170 1.02298e+07 0
14180 1.03411e+07 0
14190 9.999e+06 0
14200 1.08841e+07 0
14210 1.03576e+07 0
14220 9.85372e+06 0
14230 1.09161e+07 0
14240 1.02906e+07 0
14250 9.2839e+06 0
14260 8.49359e+06 0
14270 1.01134e+07 0
14280 1.1017e+07 0
14290 9.02733e+06 0
14300 1.02731e+07 0
14310 1.0777e+07 0
14320 1.00175e+07 0
14330 9.93409e+06 0
14340 1.00691e+07 0
14350 1.01422e+07 0
14360 9.92378e+06 0
14370 1.03741e+07 0
14380 1.00567e+07 0
14390 1.10067e+07 0
14400 9.68679e+06 0
14410 9.45598e+06 0
14420 9.69194e+06 0
14430 9.77437e+06 0
14440 1.09841e+07 0
14450 1.01041e+07 0
14460 9.96912e+06 0
14470 8.82125e+06 0
14480 1.07821e+07 0
14490 9.25711e+06 0
14500 9.63424e+06 0
14510 9.16232e+06 0
14520 1.06461e+07 0
14530 9.70843e+06 0
14540 1.00773e+07 0
14550 9.56417e+06 0
14560 1.04235e+07 0
14570 9.61981e+06 0
14580 9.85784e+06 0
14590 1.01649e+07 0
14600 9.71152e+06 0
14610 1.01597e+07 0
14620 1.14148e+07 0
14630 1.04215e+07 0
14640 1.01804e+07 0
14650 1.06038e+07 0
14660 1.0338e+07 0
14670 1.12695e+07 0
14680 9.51986e+06 0
14690 1.13396e+07 0
14700 1.02947e+07 0
14710 1.05523e+07 0
14720 1.04833e+07 0
14730 1.04338e+07 0
14740 8.71306e+06 0
14750 1.04998e+07 0
14760 1.00175e+07 0
14770 1.09635e+07 0
14780 1.054e+07 0
14790 1.03318e+07 0
14800 9.53532e+06 0
14810 9.33748e+06 0
14820 1.0712e+07 0
14830 9.93821e+06 0
14840 1.05647e+07 0
14850 9.68988e+06 0
14860 9.99694e+06 0
14870 1.04132e+07 0
14880 1.03205e+07 0
14890 9.99591e+06 0
14900 9.83517e+06 0
14910 1.02463e+07 0
14920 9.73728e+06 0
14930 9.08504e+06 0
14940 9.6126e+06 0
14950 9.72285e+06 0
14960 1.05843e+07 0
14970 9.61363e+06 0
14980 9.94954e+06 0
14990 9.80116e+06 0
15000 1.00649e+07 0
15010 9.74346e+06 0
15020 1.02751e+07 0
15030 1.00598e+07 0
15040 9.05825e+06 0
15050 1.01896e+07 0
15060 9.85578e+06 0
15070 1.04854e+07 0
15080 8.90472e+06 0
15090 1.08563e+07 0
15100 9.25093e+06 0
15110 9.40755e+06 0
15120 9.81353e+06 0
15130 1.06482e+07 0
15140 1.02154e+07 0
15150 1.0508e+07 0
15160 9.70018e+06 0
15170 1.06214e+07 0
15180 1.02401e+07 0
15190 9.88257e+06 0
15200 1.04977e+07 0
15210 9.81456e+06 0
15220 9.25093e+06 0
15230 9.27257e+06 0
15240 9.55696e+06 0
15250 9.9887e+06 0
15260 1.04524e+07 0
15270 1.08192e+07 0
15280 1.02422e+07 0
15290 9.24372e+06 0
15300 9.20044e+06 0
15310 1.11716e+07 0
15320 9.7991e+06 0
15330 1.12767e+07 0
15340 9.51677e+06 0
15350 9.69091e+06 0
15360 1.0506e+07 0
15370 1.03009e+07 0
15380 1.00124e+07 0
15390 9.92275e+06 0
15400 1.02082e+07 0
15410 9.95366e+06 0
15420 1.08769e+07 0
15430 9.93924e+06 0
15440 1.19155e+07 0
15450 9.66103e+06 0
15460 1.05492e+07 0
15470 1.04586e+07 0
15480 9.6497e+06 0
15490 1.01649e+07 0
15500 9.28184e+06 0
15510 9.50441e+06 0
15520 1.05832e+07 0
15530 9.94645e+06 0
15540 1.01948e+07 0
15550 1.04812e+07 0
15560 9.48071e+06 0
15570 9.98148e+06 0
15580 1.04421e+07 0
15590 8.47813e+06 0
15600 9.63527e+06 0
15610 1.01876e+07 0
15620 1.02422e+07 0
15630 8.95108e+06 0
15640 1.04328e+07 0
15650 9.98664e+06 0
15660 1.00649e+07 0
15670 1.01556e+07 0
15680 9.95366e+06 0
15690 9.1448e+06 0
15700 1.04483e+07 0
15710 1.08511e+07 0
15720 9.84856e+06 0
15730 9.87844e+06 0
15740 1.01051e+07 0
15750 1.03864e+07 0
15760 1.01556e+07 0
15770 1.02751e+07 0
15780 1.01804e+07 0
15790 1.07203e+07 0
15800 1.02813e+07 0
15810 1.05441e+07 0
15820 1.00732e+07 0
15830 9.7074e+06 0
15840 1.02411e+07 0
15850 9.54872e+06 0
15860 1.09789e+07 0
15870 1.02442e+07 0
15880 1.02968e+07 0
15890 1.00217e+07 0
15900 1.00876e+07 0
15910 1.09923e+07 0
15920 1.01185e+07 0
15930 1.08419e+07 0
15940 1.04668e+07 0
15950 9.38076e+06 0
15960 9.7074e+06 0
15970 1.09789e+07 0
15980 9.96603e+06 0
15990 9.83929e+06 0
16000 1.01196e+07 0
16010 9.01497e+06 0
16020 9.64351e+06 0
16030 9.57242e+06 0
16040 9.59921e+06 0
16050 8.97375e+06 0
16060 1.01587e+07 0
16070 9.40549e+06 0
16080 9.43022e+06 0
16090 1.00536e+07 0
16100 1.10644e+07 0
16110 1.01494e+07 0
16120 9.69297e+06 0
16130 1.05801e+07 0
16140 1.10438e+07 0
16150 1.06605e+07 0
16160 1.03267e+07 0
16170 1.02999e+07 0
16180 1.02958e+07 0
16190 1.01742e+07 0
16200 1.07718e+07 0
16210 1.08522e+07 0
16220 1.05214e+07 0
16230 9.51986e+06 0
16240 1.027e+07 0
16250 1.08037e+07 0
16260 9.80322e+06 0
16270 1.00856e+07 0
16280 1.01226e+07 0
16290 9.86505e+06 0
16300 9.39519e+06 0
16310 9.02836e+06 0
16320 9.10977e+06 0
16330 1.05018e+07 0
16340 9.42507e+06 0
16350 8.81198e+06 0
16360 1.07512e+07 0
16370 1.02793e+07 0
16380 9.59096e+06 0
16390 1.04709e+07 0
16400 1.07533e+07 0
16410 1.04967e+07 0
16420 1.00412e+07 0
16430 9.32512e+06 0
16440 9.69297e+06 0
16450 9.44258e+06 0
16460 1.02741e+07 0
16470 9.70122e+06 0
16480 9.75377e+06 0
16490 9.29318e+06 0
16500 1.02772e+07 0
16510 1.06018e+07 0
16520 1.05513e+07 0
16530 9.49926e+06 0
16540 9.89493e+06 0
16550 1.04472e+07 0
16560 8.86041e+06 0
16570 1.05173e+07 0
16580 1.09902e+07 0
16590 1.1017e+07 0
16600 1.00423e+07 0
16610 1.04761e+07 0
16620 1.05863e+07 0
16630 1.01257e+07 0
16640 9.60333e+06 0
16650 9.99282e+06 0
16660 9.7311e+06 0
16670 1.03813e+07 0
16680 1.07213e+07 0
16690 1.06162e+07 0
16700 9.22414e+06 0
16710 1.14014e+07 0
16720 1.06193e+07 0
16730 1.05987e+07 0
16740 1.12427e+07 0
16750 1.01278e+07 0
16760 1.01742e+07 0
16770 9.3313e+06 0
16780 9.99179e+06 0
16790 9.58272e+06 0
16800 1.09892e+07 0
16810 9.93306e+06 0
16820 1.1491e+07 0
16830 9.86917e+06 0
16840 1.01865e+07 0
16850 9.37458e+06 0
16860 1.06152e+07 0
16870 1.15858e+07 0
16880 1.0271e+07 0
16890 1.04895e+07 0
16900 8.95314e+06 0
16910 1.01556e+07 0
16920 9.90833e+06 0
16930 9.60848e+06 0
16940 9.74243e+06 0
16950 1.04472e+07 0
16960 9.27051e+06 0
16970 1.08223e+07 0
16980 9.27257e+06 0
16990 1.20794e+07 0
17000 1.08779e+07 0
17010 1.02164e+07 0
17020 9.75274e+06 0
17030 9.37561e+06 0
17040 9.33748e+06 0
17050 9.76613e+06 0
17060 1.01412e+07 0
17070 1.08965e+07 0
17080 1.07512e+07 0
17090 1.04637e+07 0
17100 9.86402e+06 0
17110 9.82692e+06 0
17120 9.65897e+06 0
17130 1.03916e+07 0
17140 1.02113e+07 0
17150 9.25608e+06 0
17160 9.79292e+06 0
17170 9.68576e+06 0
17180 9.48071e+06 0
17190 1.01226e+07 0
17200 1.03679e+07 0
17210 1.01865e+07 0
17220 9.53017e+06 0
17230 1.09161e+07 0
17240 1.05709e+07 0
17250 1.00433e+07 0
17260 1.11366e+07 0
17270 8.39261e+06 0
17280 1.18918e+07 0
17290 1.08336e+07 0
17300 1.08171e+07 0
17310 1.04524e+07 0
17320 8.90678e+06 0
17330 1.02339e+07 0
17340 1.02247e+07 0
17350 1.13921e+07 0
17360 9.27257e+06 0
17370 1.04936e+07 0
17380 9.07576e+06 0
17390 1.0777e+07 0
17400 1.04472e+07 0
17410 1.03225e+07 0
17420 1.05843e+07 0
17430 1.01958e+07 0
17440 9.92584e+06 0
17450 9.39519e+06 0
17460 9.16026e+06 0
17470 9.54666e+06 0
17480 9.90008e+06 0
17490 1.12664e+07 0
17500 9.83929e+06 0
17510 1.0101e+07 0
17520 9.94645e+06 0
17530 1.0168e+07 0
17540 8.8635e+06 0
17550 9.23650e+06 0
17560 1.0712e+07 0
17570 1.00546e+07 0
17580 1.13282e+07 0
17590 1.05657e+07 0
17600 9.32409e+06 0
17610 9.84444e+06 0
17620 1.00598e+07 0
17630 9.53429e+06 0
17640 1.04493e+07 0
17650 1.05472e+07 0
17660 1.04627e+07 0
17670 9.91142e+06 0
17680 1.02782e+07 0
17690 9.23754e+06 0
17700 1.0475e+07 0
17710 1.06801e+07 0
17720 9.76613e+06 0
17730 9.56829e+06 0
17740 1.1219e+07 0
17750 9.81456e+06 0
17760 9.53223e+06 0
17770 1.07182e+07 0
17780 9.86814e+06 0
17790 9.28493e+06 0
17800 1.01268e+07 0
17810 9.40961e+06 0
17820 9.99591e+06 0
17830 1.00083e+07 0
17840 9.0737e+06 0
17850 1.02525e+07 0
17860 9.92893e+06 0
17870 1.06111e+07 0
17880 1.06461e+07 0
17890 1.01268e+07 0
17900 9.34985e+06 0
17910 1.00392e+07 0
17920 1.10469e+07 0
17930 8.61002e+06 0
17940 8.60796e+06 0
17950 9.80838e+06 0
17960 1.14343e+07 0
17970 9.82486e+06 0
17980 9.57138e+06 0
17990 1.05224e+07 0
18000 9.25711e+06 0
18010 1.00402e+07 0
18020 1.00196e+07 0
18030 1.00382e+07 0
18040 1.09799e+07 0
18050 1.08542e+07 0
18060 9.55696e+06 0
18070 1.09521e+07 0
18080 9.53944e+06 0
18090 1.04627e+07 0
18100 1.00722e+07 0
18110 1.06615e+07 0
18120 1.06399e+07 0
18130 1.01093e+07 0
18140 1.08326e+07 0
18150 9.14171e+06 0
18160 1.05657e+07 0
18170 9.31894e+06 0
18180 9.6734e+06 0
18190 1.03823e+07 0
18200 1.01453e+07 0
18210 9.73522e+06 0
18220 1.00351e+07 0
18230 9.77953e+06 0
18240 9.53635e+06 0
18250 9.66618e+06 0
18260 1.04915e+07 0
18270 9.63836e+06 0
18280 1.03988e+07 0
18290 1.09243e+07 0
18300 1.01907e+07 0
18310 9.89184e+06 0
18320 1.09532e+07 0
18330 9.65691e+06 0
18340 9.5446e+06 0
18350 8.84083e+06 0
18360 9.81765e+06 0
18370 1.02329e+07 0
18380 1.08037e+07 0
18390 1.05719e+07 0
18400 1.00454e+07 0
18410 9.82383e+06 0
18420 9.56726e+06 0
18430 1.10902e+07 0
18440 9.68576e+06 0
18450 1.00783e+07 0
18460 9.32409e+06 0
18470 1.00155e+07 0
18480 1.09264e+07 0
18490 9.44156e+06 0
18500 1.03215e+07 0
18510 9.53944e+06 0
18520 1.01402e+07 0
18530 1.01567e+07 0
18540 9.68782e+06 0
18550 1.17569e+07 0
18560 1.00835e+07 0
18570 9.92069e+06 0
18580 9.63939e+06 0
18590 9.4601e+06 0
18600 9.66927e+06 0
18610 1.0066e+07 0
18620 9.49926e+06 0
18630 9.66412e+06 0
18640 9.31172e+06 0
18650 1.01659e+07 0
18660 1.05039e+07 0
18670 1.00917e+07 0
18680 1.01247e+07 0
18690 9.61363e+06 0
18700 9.62394e+06 0
18710 1.07306e+07 0
18720 1.09902e+07 0
18730 9.66206e+06 0
18740 1.12406e+07 0
18750 1.04689e+07 0
18760 9.97221e+06 0
18770 1.06214e+07 0
18780 1.02648e+07 0
18790 1.04833e+07 0
18800 1.05101e+07 0
18810 1.00814e+07 0
18820 1.00907e+07 0
18830 8.87793e+06 0
18840 9.88669e+06 0
18850 9.60333e+06 0
18860 1.12314e+07 0
18870 9.91348e+06 0
18880 9.23650e+06 0
18890 1.01093e+07 0
18900 9.90524e+06 0
18910 1.20196e+07 0
18920 9.61157e+06 0
18930 1.06152e+07 0
18940 9.20456e+06 0
18950 1.03916e+07 0
18960 9.87226e+06 0
18970 9.94233e+06 0
18980 1.06585e+07 0
18990 1.06337e+07 0
19000 1.06399e+07 0
19010 8.6636e+06 0
19020 8.89853e+06 0
19030 1.01804e+07 0
19040 1.05719e+07 0
19050 1.00052e+07 0
19060 8.82538e+06 0
19070 1.01319e+07 0
19080 9.8939e+06 0
19090 1.01082e+07 0
19100 9.80838e+06 0
19110 9.44156e+06 0
19120 1.00114e+07 0
19130 9.9887e+06 0
19140 9.50441e+06 0
19150 1.08913e+07 0
19160 1.07697e+07 0
19170 9.23341e+06 0
19180 8.90162e+06 0
19190 9.98664e+06 0
19200 9.2633e+06 0
19210 1.02154e+07 0
19220 9.67752e+06 0
19230 1.05214e+07 0
19240 1.01855e+07 0
19250 9.84856e+06 0
19260 9.64866e+06 0
19270 9.7311e+06 0
19280 1.09841e+07 0
19290 9.4364e+06 0
19300 1.0846e+07 0
19310 9.24372e+06 0
19320 9.46422e+06 0
19330 9.63527e+06 0
19340 1.07378e+07 0
19350 9.93512e+06 0
19360 1.03493e+07 0
19370 9.965e+06 0
19380 9.99591e+06 0
19390 9.26948e+06 0
19400 1.05297e+07 0
19410 1.06719e+07 0
19420 1.00948e+07 0
19430 9.58787e+06 0
19440 9.48586e+06 0
19450 1.05142e+07 0
19460 9.39106e+06 0
19470 9.88772e+06 0
19480 1.00227e+07 0
19490 1.03411e+07 0
19500 9.75068e+06 0
19510 9.63836e+06 0
19520 1.09511e+07 0
19530 9.61981e+06 0
19540 1.06172e+07 0
19550 1.01721e+07 0
19560 1.071e+07 0
19570 9.80838e+06 0
19580 1.00124e+07 0
19590 1.0508e+07 0
19600 1.00979e+07 0
19610 9.74449e+06 0
19620 9.25402e+06 0
19630 1.06049e+07 0
19640 1.1253e+07 0
19650 1.0338e+07 0
19660 9.67752e+06 0
19670 1.03411e+07 0
19680 9.71873e+06 0
19690 1.00835e+07 0
19700 1.0405e+07 0
19710 1.04627e+07 0
19720 1.00443e+07 0
19730 1.03452e+07 0
19740 1.12468e+07 0
19750 9.51368e+06 0
19760 1.00546e+07 0
19770 1.01185e+07 0
19780 1.00042e+07 0
19790 9.58787e+06 0
19800 1.02216e+07 0
19810 1.02855e+07 0
19820 1.21257e+07 0
19830 1.12911e+07 0
19840 1.03256e+07 0
19850 1.06801e+07 0
19860 9.84238e+06 0
19870 1.12571e+07 0
19880 1.08851e+07 0
19890 9.90936e+06 0
19900 9.85165e+06 0
19910 1.00083e+07 0
19920 9.77437e+06 0
19930 1.02648e+07 0
19940 1.00124e+07 0
19950 1.07172e+07 0
19960 9.75377e+06 0
19970 1.05585e+07 0
19980 1.01834e+07 0
19990 9.70225e+06 0
20000 1.01721e+07 0
20010 1.09985e+07 0
20020 9.2262e+06 0
20030 9.95366e+06 0
20040 9.70431e+06 0
20050 1.04699e+07 0
20060 9.47762e+06 0
20070 1.02288e+07 0
20080 9.31378e+06 0
20090 1.08831e+07 0
20100 9.47968e+06 0
20110 9.73007e+06 0
20120 9.96294e+06 0
20130 1.06533e+07 0
20140 9.05e+06 0
20150 9.64764e+06 0
20160 9.29009e+06 0
20170 9.11904e+06 0
20180 1.03833e+07 0
20190 8.65021e+06 0
20200 1.02195e+07 0
20210 1.02978e+07 0
20220 9.75789e+06 0
20230 9.84856e+06 0
20240 1.0269e+07 0
20250 1.01762e+07 0
20260 1.08769e+07 0
20270 9.64145e+06 0
20280 1.06564e+07 0
20290 1.03493e+07 0
20300 1.04617e+07 0
20310 1.03936e+07 0
20320 9.40652e+06 0
20330 9.49514e+06 0
20340 1.09892e+07 0
20350 9.8836e+06 0
20360 1.01515e+07 0
20370 9.47556e+06 0
20380 9.80632e+06 0
20390 9.76922e+06 0
20400 9.80838e+06 0
20410 9.73007e+06 0
20420 9.39106e+06 0
20430 9.06546e+06 0
20440 9.87329e+06 0
20450 9.49617e+06 0
20460 8.87999e+06 0
20470 9.91451e+06 0
20480 1.13385e+07 0
20490 1.01927e+07 0
20500 1.02628e+07 0
20510 9.96912e+06 0
20520 1.06729e+07 0
20530 8.75119e+06 0
20540 9.34779e+06 0
20550 1.09202e+07 0
20560 1.01175e+07 0
20570 1.01845e+07 0
20580 9.37561e+06 0
20590 1.01391e+07 0
20600 1.04792e+07 0
20610 1.01865e+07 0
20620 9.67133e+06 0
20630 9.08813e+06 0
20640 9.33852e+06 0
20650 9.38385e+06 0
20660 1.12046e+07 0
20670 1.07357e+07 0
20680 1.06028e+07 0
20690 9.5549e+06 0
20700 8.98612e+06 0
20710 9.29112e+06 0
20720 8.86762e+06 0
20730 9.7991e+06 0
20740 1.017e+07 0
20750 9.51574e+06 0
20760 9.28906e+06 0
20770 9.85474e+06 0
20780 1.05925e+07 0
20790 9.81456e+06 0
20800 9.23341e+06 0
20810 9.5549e+06 0
20820 1.03772e+07 0
20830 9.74552e+06 0
20840 9.63836e+06 0
20850 1.11654e+07 0
20860 1.04173e+07 0
20870 9.88978e+06 0
20880 1.06976e+07 0
20890 1.00619e+07 0
20900 9.28493e+06 0
20910 9.29215e+06 0
20920 1.00351e+07 0
20930 1.00536e+07 0
20940 8.92223e+06 0
20950 1.06976e+07 0
20960 9.389e+06 0
20970 1.06348e+07 0
20980 9.77025e+06 0
20990 9.78468e+06 0
21000 1.03885e+07 0
21010 9.63218e+06 0
21020 1.06523e+07 0
21030 1.02803e+07 0
21040 9.55696e+06 0
21050 9.91863e+06 0
21060 9.14377e+06 0
21070 9.35603e+06 0
21080 1.00794e+07 0
21090 1.01319e+07 0
21100 1.07646e+07 0
21110 9.89184e+06 0
21120 1.03936e+07 0
21130 1.04318e+07 0
21140 9.69503e+06 0
21150 1.03349e+07 0
21160 1.01371e+07 0
21170 9.24475e+06 0
21180 1.02525e+07 0
21190 9.63321e+06 0
21200 1.00062e+07 0
21210 9.38282e+06 0
21220 1.03906e+07 0
21230 1.06564e+07 0
21240 1.13818e+07 0
21250 1.06018e+07 0
21260 9.51574e+06 0
21270 1.09418e+07 0
21280 1.01237e+07 0
21290 1.0202e+07 0
21300 1.09851e+07 0
21310 1.08347e+07 0
21320 1.16023e+07 0
21330 1.08439e+07 0
21340 9.63939e+06 0
21350 9.99488e+06 0
21360 1.05286e+07 0
21370 1.0203e+07 0
21380 1.054e+07 0
21390 9.52399e+06 0
21400 1.00175e+07 0
21410 1.04915e+07 0
21420 1.01e+07 0
21430 1.10861e+07 0
21440 1.04699e+07 0
21450 1.05389e+07 0
21460 1.0133e+07 0
21470 1.01752e+07 0
21480 1.19939e+07 0
21490 9.25402e+06 0
21500 9.98664e+06 0
21510 1.01865e+07 0
21520 1.01474e+07 0
21530 9.96912e+06 0
21540 9.79601e+06 0
21550 1.07131e+07 0
21560 9.63527e+06 0
21570 1.02484e+07 0
21580 1.05369e+07 0
21590 9.14995e+06 0
