# TimeStamp(s) Sum Stdev
0 6.57807e+06 0
10 6.94801e+06 0
20 6.64161e+06 0
30 6.63967e+06 0
40 6.07115e+06 0
51 4.61402e+06 0
60 7.43078e+06 0
70 6.63784e+06 0
80 7.28985e+06 0
90 8.15216e+06 0
100 5.6076e+06 0
110 8.11747e+06 0
122 6.11308e+06 0
130 7.06982e+06 0
140 6.60932e+06 0
150 6.53237e+06 0
160 6.6707e+06 0
170 6.84644e+06 0
180 6.51461e+06 0
190 6.36739e+06 0
200 6.4516e+06 0
210 6.60614e+06 0
220 6.80429e+06 0
230 6.98695e+06 0
240 7.45703e+06 0
250 7.72643e+06 0
260 6.92733e+06 0
273 6.82945e+06 0
281 5.54423e+06 0
291 7.95807e+06 0
300 8.52383e+06 0
310 7.20868e+06 0
320 6.76664e+06 0
330 6.65746e+06 0
340 6.16005e+06 0
350 6.22788e+06 0
360 7.20449e+06 0
370 6.91642e+06 0
380 6.25384e+06 0
390 6.35307e+06 0
400 6.46008e+06 0
410 6.42276e+06 0
420 5.9759e+06 0
430 4.50226e+06 0
440 7.93851e+06 0
450 5.41919e+06 0
462 6.5768e+06 0
470 7.18042e+06 0
480 5.86601e+06 0
490 5.32210e+06 0
500 5.42852e+06 0
510 5.64268e+06 0
520 5.50351e+06 0
534 5.82534e+06 0
540 5.79368e+06 0
550 5.76637e+06 0
560 6.96653e+06 0
570 8.03343e+06 0
581 6.90564e+06 0
590 8.41514e+06 0
600 6.43505e+06 0
611 5.23934e+06 0
620 6.74851e+06 0
630 5.38075e+06 0
641 5.64584e+06 0
651 6.73136e+06 0
660 6.66178e+06 0
670 6.22568e+06 0
680 6.25982e+06 0
690 6.46863e+06 0
700 6.20818e+06 0
710 6.19393e+06 0
720 6.45918e+06 0
730 6.24423e+06 0
740 5.54698e+06 0
750 4.97116e+06 0
760 5.0694e+06 0
770 5.62049e+06 0
780 5.39246e+06 0
790 6.06314e+06 0
801 5.51363e+06 0
810 7.85347e+06 0
820 4.49701e+06 0
830 7.13534e+06 0
840 6.52377e+06 0
850 6.435e+06 0
860 6.81191e+06 0
872 6.57344e+06 0
880 6.30499e+06 0
890 6.169e+06 0
900 6.23544e+06 0
910 6.23763e+06 0
920 5.76438e+06 0
932 5.41526e+06 0
941 6.44959e+06 0
950 8.56905e+06 0
960 8.12573e+06 0
970 6.76842e+06 0
980 6.85762e+06 0
990 7.81316e+06 0
1000 7.96324e+06 0
1010 7.09384e+06 0
1020 6.63215e+06 0
1030 6.40607e+06 0
1040 6.96923e+06 0
1050 6.67562e+06 0
1060 6.74534e+06 0
1070 7.40707e+06 0
1080 7.01874e+06 0
1090 6.65881e+06 0
1100 6.53868e+06 0
1110 6.07846e+06 0
1120 5.5123e+06 0
1130 5.85434e+06 0
1140 6.29272e+06 0
1150 6.53026e+06 0
1160 6.44481e+06 0
1170 6.53207e+06 0
1180 6.26303e+06 0
1190 6.1063e+06 0
1200 6.12568e+06 0
1210 6.36098e+06 0
1220 6.83265e+06 0
1230 6.57222e+06 0
1240 6.19128e+06 0
1250 6.51096e+06 0
1260 5.84785e+06 0
1270 6.08956e+06 0
1280 5.60922e+06 0
1290 6.26176e+06 0
1300 6.49686e+06 0
1310 6.13908e+06 0
1320 6.57822e+06 0
1333 5.72817e+06 0
1340 6.59542e+06 0
1350 6.1563e+06 0
1360 6.14909e+06 0
1370 4.89078e+06 0
1380 8.328e+06 0
1390 5.92681e+06 0
1400 5.44532e+06 0
1410 6.07035e+06 0
1420 6.42565e+06 0
1430 6.34515e+06 0
1440 5.84911e+06 0
1450 5.99769e+06 0
1460 6.10191e+06 0
1470 6.05053e+06 0
1480 6.39892e+06 0
1490 6.62452e+06 0
1500 6.63858e+06 0
1510 6.45559e+06 0
1521 5.92002e+06 0
1530 6.87077e+06 0
1541 5.31376e+06 0
1550 7.24989e+06 0
1560 6.38728e+06 0
1570 5.55236e+06 0
1580 5.13724e+06 0
1590 5.51533e+06 0
1600 6.12028e+06 0
1612 5.76402e+06 0
1620 7.32735e+06 0
1632 5.72887e+06 0
1640 7.06244e+06 0
1650 6.39982e+06 0
1661 4.75484e+06 0
1670 7.59609e+06 0
1680 6.22568e+06 0
1690 6.64971e+06 0
1700 6.52523e+06 0
1710 6.58705e+06 0
1720 6.42488e+06 0
1730 6.22296e+06 0
1740 6.48516e+06 0
1750 6.25197e+06 0
1763 6.06195e+06 0
1770 6.63034e+06 0
1780 6.54718e+06 0
1790 6.34615e+06 0
1800 6.38514e+06 0
1810 6.46146e+06 0
1820 6.25503e+06 0
1830 4.55469e+06 0
1842 8.24678e+06 0
1850 6.91111e+06 0
1860 6.41635e+06 0
1870 6.29368e+06 0
1880 6.27514e+06 0
1890 6.23598e+06 0
1900 6.12161e+06 0
1910 6.35654e+06 0
1920 6.02475e+06 0
1931 5.50415e+06 0
1940 8.42641e+06 0
1950 6.80504e+06 0
1960 6.61517e+06 0
1970 6.28132e+06 0
1980 6.14428e+06 0
1990 6.39157e+06 0
2000 6.18417e+06 0
2010 6.7273e+06 0
2020 6.63604e+06 0
2030 6.37007e+06 0
2042 6.06296e+06 0
2053 6.8764e+06 0
2060 6.62798e+06 0
2070 6.66154e+06 0
2080 6.71512e+06 0
2090 6.6739e+06 0
2100 6.64964e+06 0
2110 6.43398e+06 0
2123 6.15369e+06 0
2130 6.39028e+06 0
2140 6.32164e+06 0
2152 4.78321e+06 0
2160 7.22881e+06 0
2170 6.2015e+06 0
2180 6.23431e+06 0
2190 6.5964e+06 0
2200 6.31976e+06 0
2210 6.48686e+06 0
2220 6.33098e+06 0
2230 6.74397e+06 0
2240 6.46147e+06 0
2251 5.69235e+06 0
2260 7.85423e+06 0
2270 6.75427e+06 0
2280 6.31841e+06 0
2290 6.20748e+06 0
2300 6.27411e+06 0
2312 5.37799e+06 0
2320 7.84493e+06 0
2330 6.69596e+06 0
2340 6.41844e+06 0
2350 6.3116e+06 0
2360 6.30671e+06 0
2370 6.15726e+06 0
2380 6.68136e+06 0
2390 6.4753e+06 0
2401 5.12038e+06 0
2411 7.02317e+06 0
2420 7.67157e+06 0
2430 6.30914e+06 0
2440 6.36978e+06 0
2450 6.22993e+06 0
2460 6.00324e+06 0
2470 6.7969e+06 0
2480 6.4305e+06 0
2490 6.45426e+06 0
2500 6.77738e+06 0
2510 6.54095e+06 0
2520 6.39606e+06 0
2531 5.61866e+06 0
2540 7.47368e+06 0
2550 6.07982e+06 0
2560 6.31913e+06 0
2570 6.05713e+06 0
2580 6.2002e+06 0
2590 6.53588e+06 0
2600 6.43558e+06 0
2610 6.54986e+06 0
2620 6.50813e+06 0
2630 6.18096e+06 0
2640 5.74504e+06 0
2650 6.17605e+06 0
2660 6.24831e+06 0
2672 6.14314e+06 0
2680 6.73057e+06 0
2690 6.34644e+06 0
2700 6.61228e+06 0
2710 6.73537e+06 0
2720 6.52856e+06 0
2731 5.70474e+06 0
2740 7.44762e+06 0
2753 6.51105e+06 0
2760 6.49046e+06 0
2770 6.98405e+06 0
2780 6.56376e+06 0
2792 5.86129e+06 0
2800 7.46628e+06 0
2810 6.0773e+06 0
2820 6.57498e+06 0
2830 6.70275e+06 0
2840 7.02527e+06 0
2850 6.42947e+06 0
2862 5.21e+06 0
2870 6.91436e+06 0
2880 5.98376e+06 0
2890 6.07646e+06 0
2900 6.36461e+06 0
2910 6.40122e+06 0
2920 6.31328e+06 0
2930 6.09313e+06 0
2942 5.71972e+06 0
2950 7.02139e+06 0
2960 6.51316e+06 0
2970 6.83258e+06 0
2980 6.08966e+06 0
2990 6.23361e+06 0
3000 6.27244e+06 0
3010 5.80117e+06 0
3020 6.11458e+06 0
3030 6.69398e+06 0
3040 6.29594e+06 0
3050 6.29092e+06 0
3060 6.13466e+06 0
3070 6.32804e+06 0
3080 6.14242e+06 0
3090 6.10581e+06 0
3100 6.31046e+06 0
3110 5.75492e+06 0
3120 6.11908e+06 0
3130 6.36285e+06 0
3140 6.40221e+06 0
3150 6.09313e+06 0
3160 5.82438e+06 0
3170 6.19908e+06 0
3180 6.43293e+06 0
3190 6.27248e+06 0
3200 6.4871e+06 0
3210 6.17787e+06 0
3220 4.57222e+06 0
3231 6.30322e+06 0
3240 7.78831e+06 0
3250 5.91293e+06 0
3260 6.29524e+06 0
3270 6.36453e+06 0
3280 6.71852e+06 0
3290 6.68707e+06 0
3302 5.62358e+06 0
3313 6.61705e+06 0
3320 6.57948e+06 0
3330 6.04011e+06 0
3340 5.83566e+06 0
3350 5.93263e+06 0
3360 5.98785e+06 0
3370 5.95071e+06 0
3380 6.17896e+06 0
3390 6.2837e+06 0
3400 6.22036e+06 0
3410 6.34372e+06 0
3420 6.03251e+06 0
3430 6.32996e+06 0
3440 6.17688e+06 0
3450 6.12914e+06 0
3460 6.11914e+06 0
3470 6.48529e+06 0
3480 6.34667e+06 0
3490 6.12915e+06 0
3500 6.17544e+06 0
3510 6.13394e+06 0
3520 6.37733e+06 0
3531 5.80297e+06 0
3541 6.85411e+06 0
3550 6.76585e+06 0
3560 6.45855e+06 0
3570 6.22464e+06 0
3580 6.13674e+06 0
3592 5.48577e+06 0
3600 6.41273e+06 0
3610 6.1113e+06 0
3621 5.28676e+06 0
3630 6.97375e+06 0
3640 6.53686e+06 0
3650 6.39361e+06 0
3660 5.41018e+06 0
3670 5.85819e+06 0
3683 6.22637e+06 0
3692 5.50404e+06 0
3700 6.18661e+06 0
3710 5.54605e+06 0
3720 5.9041e+06 0
3730 5.35921e+06 0
3740 5.9059e+06 0
3753 6.08033e+06 0
3762 6.25762e+06 0
3770 6.65354e+06 0
3780 5.94232e+06 0
3790 5.13036e+06 0
3800 6.6212e+06 0
3810 5.93876e+06 0
3820 4.75374e+06 0
3830 4.79398e+06 0
3840 6.19454e+06 0
3850 5.96658e+06 0
3860 5.77496e+06 0
3870 6.9493e+06 0
3880 7.05743e+06 0
3890 6.56876e+06 0
3900 6.61896e+06 0
3910 6.64561e+06 0
3920 6.50317e+06 0
3930 7.21445e+06 0
3940 6.30375e+06 0
3950 6.26395e+06 0
3960 6.23211e+06 0
3970 6.20466e+06 0
3980 6.1826e+06 0
3990 6.10292e+06 0
4000 6.43756e+06 0
4010 6.48727e+06 0
4020 6.2576e+06 0
4030 5.77729e+06 0
4040 6.11458e+06 0
4050 6.78575e+06 0
4060 6.69039e+06 0
4070 6.44268e+06 0
4080 6.22806e+06 0
4090 6.35485e+06 0
4100 5.67007e+06 0
4110 5.99889e+06 0
4120 5.78304e+06 0
4130 5.79506e+06 0
4140 5.67327e+06 0
4150 6.22382e+06 0
4163 5.97538e+06 0
4170 6.36678e+06 0
4180 6.30843e+06 0
4190 6.43577e+06 0
4200 5.96737e+06 0
4210 5.90421e+06 0
4220 5.59728e+06 0
4230 6.28533e+06 0
4240 6.73677e+06 0
4250 6.87517e+06 0
4260 6.62139e+06 0
4270 6.34243e+06 0
4280 6.39334e+06 0
4290 7.00849e+06 0
4300 6.50051e+06 0
4310 6.60906e+06 0
4320 6.21825e+06 0
4330 6.52563e+06 0
4340 6.80682e+06 0
4350 7.20868e+06 0
4360 7.5992e+06 0
4370 6.7213e+06 0
4380 7.3091e+06 0
4390 6.54239e+06 0
4400 6.85393e+06 0
4410 6.60088e+06 0
4420 6.42858e+06 0
4430 6.91738e+06 0
4440 7.01466e+06 0
4450 6.24091e+06 0
4460 6.50542e+06 0
4470 6.36831e+06 0
4483 6.08459e+06 0
4490 6.00907e+06 0
4500 6.20301e+06 0
4510 5.72033e+06 0
4520 5.9918e+06 0
4530 6.26975e+06 0
4540 6.15096e+06 0
4550 6.21642e+06 0
4560 6.37983e+06 0
4570 6.11405e+06 0
4580 6.31484e+06 0
4590 6.49087e+06 0
4600 6.88054e+06 0
4610 6.86289e+06 0
4620 6.23782e+06 0
4630 6.22703e+06 0
4640 6.25624e+06 0
4650 6.09356e+06 0
4660 6.13212e+06 0
4670 6.11145e+06 0
4682 5.92216e+06 0
4690 6.9107e+06 0
4700 6.27309e+06 0
4712 5.70298e+06 0
4720 6.35976e+06 0
4730 5.85439e+06 0
4742 4.97679e+06 0
4750 6.99473e+06 0
4760 6.27739e+06 0
4770 6.52452e+06 0
4780 6.41115e+06 0
4790 6.32047e+06 0
4800 6.29499e+06 0
4810 5.26712e+06 0
4820 7.62223e+06 0
4830 6.34726e+06 0
4842 5.16216e+06 0
4850 7.64231e+06 0
4860 6.22362e+06 0
4870 6.76629e+06 0
4880 7.89772e+06 0
4890 8.24454e+06 0
4900 7.68019e+06 0
4910 6.33369e+06 0
4920 7.04655e+06 0
4930 7.381e+06 0
4940 6.84837e+06 0
4950 7.54506e+06 0
4960 7.34246e+06 0
4970 6.99466e+06 0
4982 6.59052e+06 0
4990 7.40122e+06 0
5000 6.89956e+06 0
5010 6.69863e+06 0
5020 6.68936e+06 0
5030 6.6601e+06 0
5040 6.55469e+06 0
5051 5.36106e+06 0
5060 7.90805e+06 0
5070 6.25366e+06 0
5080 6.17313e+06 0
5090 6.02921e+06 0
5100 6.35437e+06 0
5113 7.06589e+06 0
5120 6.57855e+06 0
5130 6.40497e+06 0
5140 6.53090e+06 0
5150 6.43445e+06 0
5163 6.23981e+06 0
5170 6.86824e+06 0
5180 6.63469e+06 0
5190 6.21436e+06 0
5200 5.63665e+06 0
5211 4.96354e+06 0
5220 7.26154e+06 0
5230 7.12063e+06 0
5240 4.75329e+06 0
5250 8.93359e+06 0
5260 6.1826e+06 0
5270 6.47315e+06 0
5280 6.94776e+06 0
5290 7.03048e+06 0
5300 7.16359e+06 0
5310 7.44554e+06 0
5320 7.28581e+06 0
5330 6.94849e+06 0
5340 6.47169e+06 0
5350 6.43181e+06 0
5360 6.53156e+06 0
5370 6.62052e+06 0
5380 6.07494e+06 0
5390 6.49542e+06 0
5400 7.3937e+06 0
5410 6.88354e+06 0
5420 7.0265e+06 0
5430 6.94363e+06 0
5440 6.6618e+06 0
5452 6.57474e+06 0
5460 7.55409e+06 0
5470 7.11079e+06 0
5480 6.26834e+06 0
5490 6.4208e+06 0
5501 6.29237e+06 0
5510 8.03283e+06 0
5520 6.33181e+06 0
5530 6.88204e+06 0
5540 6.8738e+06 0
5550 5.75016e+06 0
5560 6.38994e+06 0
5572 6.0121e+06 0
5580 7.2182e+06 0
5591 6.47479e+06 0
5600 8.14276e+06 0
5610 7.5518e+06 0
5620 7.10976e+06 0
5632 7.05775e+06 0
5640 7.51887e+06 0
5650 6.60254e+06 0
5660 7.12552e+06 0
5670 7.14994e+06 0
5680 6.57498e+06 0
5690 6.88204e+06 0
5700 6.75874e+06 0
5710 7.26123e+06 0
5720 7.19837e+06 0
5730 7.35396e+06 0
5740 6.52549e+06 0
5750 6.8423e+06 0
5760 4.75562e+06 0
5770 9.02708e+06 0
5782 6.80289e+06 0
5790 6.70477e+06 0
5800 6.35654e+06 0
5810 6.52936e+06 0
5820 7.24383e+06 0
5830 6.79036e+06 0
5840 6.45752e+06 0
5850 6.69867e+06 0
5860 6.34829e+06 0
5870 6.36695e+06 0
5881 5.31353e+06 0
5890 6.95492e+06 0
5900 6.59353e+06 0
5910 7.16025e+06 0
5920 6.99509e+06 0
5930 7.08249e+06 0
5942 6.04145e+06 0
5950 6.4683e+06 0
5960 6.72753e+06 0
5970 6.62856e+06 0
5980 6.42158e+06 0
5990 6.34897e+06 0
6000 6.2852e+06 0
6011 5.74095e+06 0
6020 7.50877e+06 0
6030 6.40893e+06 0
6040 6.07009e+06 0
6050 5.88082e+06 0
6060 5.91658e+06 0
6070 6.00488e+06 0
6080 6.74198e+06 0
6090 6.06282e+06 0
6100 5.84578e+06 0
6110 6.25164e+06 0
6120 6.25091e+06 0
6130 6.6779e+06 0
6140 7.01943e+06 0
6150 6.73191e+06 0
6160 5.80697e+06 0
6170 5.95034e+06 0
6180 5.79892e+06 0
6190 6.38372e+06 0
6200 6.33147e+06 0
6210 6.81373e+06 0
6220 6.62015e+06 0
6230 6.48377e+06 0
6244 6.8735e+06 0
6250 6.83743e+06 0
6260 7.28497e+06 0
6270 6.56995e+06 0
6280 6.33462e+06 0
6292 5.61836e+06 0
6300 8.1512e+06 0
6310 6.10943e+06 0
6320 5.99894e+06 0
6330 6.13429e+06 0
6340 6.36171e+06 0
6350 6.33297e+06 0
6363 6.18793e+06 0
6370 6.45748e+06 0
6380 6.78058e+06 0
6390 6.40766e+06 0
6402 5.65473e+06 0
6412 6.90042e+06 0
6420 7.4334e+06 0
6430 6.3941e+06 0
6440 5.8079e+06 0
6450 5.22403e+06 0
6460 5.75444e+06 0
6470 5.6454e+06 0
6480 6.19842e+06 0
6490 6.42953e+06 0
6500 6.85393e+06 0
6510 6.25249e+06 0
6520 6.12982e+06 0
6530 5.75684e+06 0
6540 6.46184e+06 0
6551 5.15256e+06 0
6560 9.32457e+06 0
6570 6.85352e+06 0
6580 7.75582e+06 0
6590 7.0974e+06 0
6600 6.7078e+06 0
6610 6.43311e+06 0
6620 5.94093e+06 0
6630 6.41244e+06 0
6640 6.23315e+06 0
6651 5.31458e+06 0
6661 6.5682e+06 0
6670 7.23345e+06 0
6680 5.98788e+06 0
6690 5.92871e+06 0
6700 6.49012e+06 0
6710 6.34571e+06 0
6720 6.12568e+06 0
6730 6.11932e+06 0
6740 5.97956e+06 0
6751 5.47495e+06 0
6760 7.08199e+06 0
6770 6.46901e+06 0
6780 6.37437e+06 0
6790 5.993e+06 0
6800 6.76168e+06 0
6810 7.23328e+06 0
6820 8.02618e+06 0
6830 6.72869e+06 0
6840 6.53142e+06 0
6850 6.72404e+06 0
6860 6.2106e+06 0
6870 6.30127e+06 0
6880 6.30342e+06 0
6890 5.98298e+06 0
6903 5.91345e+06 0
6910 6.16818e+06 0
6920 5.87946e+06 0
6930 6.33994e+06 0
6940 5.63957e+06 0
6950 5.92258e+06 0
6960 6.10306e+06 0
6970 6.06321e+06 0
6980 6.021e+06 0
6990 5.59412e+06 0
7000 6.29878e+06 0
7010 5.74335e+06 0
7020 6.09551e+06 0
7030 6.07022e+06 0
7040 6.12848e+06 0
7050 5.91548e+06 0
7060 6.31116e+06 0
7070 6.5639e+06 0
7080 5.54964e+06 0
7091 5.23256e+06 0
7100 7.57442e+06 0
7110 6.38867e+06 0
7120 7.2413e+06 0
7130 6.32026e+06 0
7140 6.30577e+06 0
7150 6.6185e+06 0
7160 6.62598e+06 0
7170 5.18662e+06 0
7180 7.72767e+06 0
7190 6.30193e+06 0
7201 5.67703e+06 0
7210 7.17957e+06 0
7220 5.37044e+06 0
7230 6.15076e+06 0
7240 5.89595e+06 0
7250 6.30098e+06 0
7260 6.4199e+06 0
7270 6.42584e+06 0
7280 6.35885e+06 0
7290 6.38504e+06 0
7300 6.40417e+06 0
7313 6.54733e+06 0
7320 6.78434e+06 0
7330 6.48018e+06 0
7342 6.69442e+06 0
7350 6.94161e+06 0
7360 7.12522e+06 0
7370 6.16694e+06 0
7380 5.71582e+06 0
7390 6.55924e+06 0
7400 6.50516e+06 0
7410 6.4425e+06 0
7420 7.28458e+06 0
7431 6.15659e+06 0
7440 7.74655e+06 0
7450 6.59044e+06 0
7460 5.59826e+06 0
7470 8.30424e+06 0
7480 6.17144e+06 0
7490 5.5214e+06 0
7500 8.25041e+06 0
7510 6.64887e+06 0
7520 6.93885e+06 0
7530 7.00982e+06 0
7540 6.80399e+06 0
7550 6.83876e+06 0
7560 7.07716e+06 0
7570 6.72799e+06 0
7580 5.96292e+06 0
7590 5.76422e+06 0
7600 5.96002e+06 0
7610 6.02253e+06 0
7620 6.42781e+06 0
7630 6.55283e+06 0
7640 6.70596e+06 0
7650 6.76565e+06 0
7661 6.01548e+06 0
7670 6.70584e+06 0
7680 6.56365e+06 0
7690 7.40548e+06 0
7700 6.92429e+06 0
7710 6.42246e+06 0
7720 6.98128e+06 0
7730 6.67297e+06 0
7740 6.85185e+06 0
7750 6.4773e+06 0
7760 7.13612e+06 0
7771 5.31154e+06 0
7780 7.30541e+06 0
7790 6.18914e+06 0
7800 6.54754e+06 0
7810 6.78193e+06 0
7820 6.73458e+06 0
7830 6.54141e+06 0
7840 6.43834e+06 0
7850 6.30216e+06 0
7860 6.35697e+06 0
7870 6.75422e+06 0
7880 7.14582e+06 0
7891 6.05989e+06 0
7900 7.46525e+06 0
7910 6.66669e+06 0
7920 6.84598e+06 0
7931 6.67984e+06 0
7940 6.67311e+06 0
7950 7.62702e+06 0
7960 7.39003e+06 0
7970 6.34932e+06 0
7980 6.24007e+06 0
7991 6.10678e+06 0
8000 7.46148e+06 0
8010 6.95754e+06 0
8020 6.63165e+06 0
8030 6.18446e+06 0
8040 6.91151e+06 0
8050 6.42129e+06 0
8060 6.25661e+06 0
8070 5.58297e+06 0
8080 5.11093e+06 0
8090 5.91155e+06 0
8100 6.38479e+06 0
8110 6.64228e+06 0
8120 6.60476e+06 0
8130 5.86162e+06 0
8140 7.51766e+06 0
8150 7.07492e+06 0
8160 6.7804e+06 0
8170 6.62246e+06 0
8180 5.82794e+06 0
8191 5.19841e+06 0
8200 8.55851e+06 0
8210 6.89627e+06 0
8220 7.10667e+06 0
8230 6.69461e+06 0
8240 5.85734e+06 0
8250 5.42884e+06 0
8260 5.74828e+06 0
8270 6.45001e+06 0
8280 5.88476e+06 0
8290 5.2219e+06 0
8300 4.93570e+06 0
8310 5.55164e+06 0
8320 6.48426e+06 0
8330 7.14068e+06 0
8340 7.25299e+06 0
8350 6.34436e+06 0
8360 6.49493e+06 0
8370 6.54724e+06 0
8380 6.28012e+06 0
8390 6.31885e+06 0
8400 6.55373e+06 0
8410 6.20247e+06 0
8420 6.15557e+06 0
8430 6.03337e+06 0
8440 6.38011e+06 0
8450 6.21844e+06 0
8460 5.79044e+06 0
8470 5.97247e+06 0
8480 6.38788e+06 0
8491 5.96292e+06 0
8500 6.92222e+06 0
8510 6.95932e+06 0
8520 6.19064e+06 0
8530 5.60847e+06 0
8540 6.2654e+06 0
8550 6.38237e+06 0
8560 6.31026e+06 0
8570 6.26786e+06 0
8580 6.07271e+06 0
8590 6.19115e+06 0
8600 6.29582e+06 0
8610 5.49496e+06 0
8620 5.31828e+06 0
8630 5.61976e+06 0
8640 6.27199e+06 0
8650 6.1686e+06 0
8660 5.10662e+06 0
8670 6.30947e+06 0
8680 6.53698e+06 0
8690 6.08726e+06 0
8700 6.29018e+06 0
8712 5.85828e+06 0
8720 7.80182e+06 0
8730 6.44916e+06 0
8740 5.94154e+06 0
8752 6.55359e+06 0
8760 6.52331e+06 0
8770 6.62287e+06 0
8780 6.62307e+06 0
8790 6.78690e+06 0
8800 6.72918e+06 0
8810 6.52179e+06 0
8821 6.04305e+06 0
8830 6.49692e+06 0
8840 6.5791e+06 0
8850 6.22182e+06 0
8860 6.35596e+06 0
8870 6.42132e+06 0
8880 5.81424e+06 0
8890 6.55431e+06 0
8900 6.70337e+06 0
8910 6.15848e+06 0
8920 6.04543e+06 0
8930 6.09263e+06 0
8941 5.43777e+06 0
8950 7.23929e+06 0
8960 6.26379e+06 0
8970 6.18674e+06 0
8980 4.42772e+06 0
8991 6.38941e+06 0
9000 7.49896e+06 0
9010 6.64047e+06 0
9020 6.55437e+06 0
9030 6.35448e+06 0
9040 5.7842e+06 0
9052 5.91322e+06 0
9060 6.17559e+06 0
9070 6.27204e+06 0
9080 6.14837e+06 0
9090 5.92186e+06 0
9100 5.74982e+06 0
9110 6.00416e+06 0
9121 4.96625e+06 0
9130 7.4129e+06 0
9141 5.18929e+06 0
9150 6.49768e+06 0
9160 5.56004e+06 0
9170 5.7568e+06 0
9180 6.40984e+06 0
9190 5.71546e+06 0
9200 6.62549e+06 0
9210 6.03191e+06 0
9220 5.86342e+06 0
9230 6.14508e+06 0
9240 5.96768e+06 0
9250 5.94335e+06 0
9260 5.92094e+06 0
9270 6.26998e+06 0
9280 6.52346e+06 0
9290 5.89884e+06 0
9302 5.08583e+06 0
9310 6.10145e+06 0
9320 5.47768e+06 0
9333 5.7082e+06 0
9340 6.06743e+06 0
9350 5.96379e+06 0
9360 5.65407e+06 0
9370 6.02507e+06 0
9380 6.42191e+06 0
9390 5.98049e+06 0
9400 6.06229e+06 0
9410 6.14448e+06 0
9420 5.81268e+06 0
9430 6.03288e+06 0
9440 6.03871e+06 0
9450 5.76834e+06 0
9460 5.8831e+06 0
9470 6.23169e+06 0
9480 5.92118e+06 0
9490 6.28436e+06 0
9500 5.75718e+06 0
9511 4.49578e+06 0
9520 6.60687e+06 0
9530 5.85445e+06 0
9540 5.99393e+06 0
9550 5.93899e+06 0
9560 5.95682e+06 0
9570 5.8316e+06 0
9581 5.19663e+06 0
9590 6.96157e+06 0
9600 5.62806e+06 0
9610 5.82972e+06 0
9620 5.97537e+06 0
9630 5.77039e+06 0
9640 5.90506e+06 0
9650 6.07956e+06 0
9661 4.9537e+06 0
9670 8.19157e+06 0
9680 6.29476e+06 0
9691 6.53558e+06 0
9700 6.03014e+06 0
9710 6.40806e+06 0
9720 6.3137e+06 0
9730 6.50045e+06 0
9740 6.33394e+06 0
9752 6.32516e+06 0
9760 6.1514e+06 0
9770 6.28906e+06 0
9780 5.6672e+06 0
9790 5.84116e+06 0
9800 6.14155e+06 0
9810 4.57325e+06 0
9820 5.99693e+06 0
9830 7.50852e+06 0
9840 5.68162e+06 0
9850 5.94382e+06 0
9860 5.66748e+06 0
9870 5.78188e+06 0
9882 5.12088e+06 0
9890 5.80722e+06 0
9900 5.67589e+06 0
9910 6.46851e+06 0
9920 6.55056e+06 0
9930 6.32517e+06 0
9940 6.09393e+06 0
9950 6.20713e+06 0
9960 6.49382e+06 0
9970 6.32982e+06 0
9980 6.43275e+06 0
9990 7.21123e+06 0
10003 6.20848e+06 0
10010 5.40136e+06 0
10020 5.66585e+06 0
10030 5.31136e+06 0
10040 5.90537e+06 0
10050 5.9544e+06 0
10060 5.71842e+06 0
10070 5.93743e+06 0
10080 6.04429e+06 0
10093 5.4569e+06 0
10100 5.77213e+06 0
10110 6.16114e+06 0
10120 6.58838e+06 0
10130 5.82794e+06 0
10140 5.80271e+06 0
10150 5.55127e+06 0
10160 6.21515e+06 0
10170 5.61722e+06 0
10180 5.79638e+06 0
10190 5.96028e+06 0
10200 6.08586e+06 0
10210 6.15181e+06 0
10220 6.40111e+06 0
10230 6.18502e+06 0
10240 5.70557e+06 0
10250 6.24739e+06 0
10260 5.75875e+06 0
10270 6.03730e+06 0
10280 5.68868e+06 0
10290 6.18089e+06 0
10300 6.18236e+06 0
10310 6.29595e+06 0
10320 6.32728e+06 0
10330 5.99791e+06 0
10340 6.05648e+06 0
10350 5.9642e+06 0
10360 6.37443e+06 0
10370 6.25672e+06 0
10383 5.88845e+06 0
10390 6.95921e+06 0
10400 6.21605e+06 0
10410 5.50109e+06 0
10420 5.48973e+06 0
10430 5.75062e+06 0
10440 5.85269e+06 0
10450 5.98089e+06 0
10460 5.70418e+06 0
10470 5.52757e+06 0
10480 5.63692e+06 0
10493 5.4729e+06 0
10500 6.63239e+06 0
10510 6.23681e+06 0
10520 5.83762e+06 0
10530 6.06889e+06 0
10540 6.12218e+06 0
10550 5.82504e+06 0
10560 6.04888e+06 0
10570 5.94628e+06 0
10580 6.21272e+06 0
10590 6.08258e+06 0
10600 6.11599e+06 0
10610 6.35249e+06 0
10622 5.95221e+06 0
10633 6.06077e+06 0
10640 6.75962e+06 0
10650 6.70996e+06 0
10660 6.29265e+06 0
10670 5.85e+06 0
10680 6.34122e+06 0
10690 6.21515e+06 0
10700 5.99816e+06 0
10710 6.26787e+06 0
10720 5.94258e+06 0
10730 5.73825e+06 0
10741 4.78223e+06 0
10750 7.52707e+06 0
10760 6.00525e+06 0
10770 6.14636e+06 0
10780 7.28997e+06 0
10790 7.77564e+06 0
10800 7.46314e+06 0
10810 6.56361e+06 0
10820 6.28517e+06 0
10830 5.4513e+06 0
10840 6.07188e+06 0
10850 6.39926e+06 0
10860 6.2914e+06 0
10870 6.61785e+06 0
10880 6.59234e+06 0
10890 6.49612e+06 0
10900 6.55033e+06 0
10910 6.05519e+06 0
10920 5.3838e+06 0
10930 5.61244e+06 0
10940 5.40199e+06 0
10950 5.60605e+06 0
10960 5.71117e+06 0
10970 6.04403e+06 0
10980 6.03665e+06 0
10990 5.79638e+06 0
11000 6.21492e+06 0
11010 6.61403e+06 0
11020 6.23756e+06 0
11030 6.22528e+06 0
11040 6.60785e+06 0
11050 5.66501e+06 0
11060 5.97563e+06 0
11070 6.3191e+06 0
11080 6.75506e+06 0
11090 6.30273e+06 0
11100 6.14314e+06 0
11110 6.11023e+06 0
11120 5.79724e+06 0
11130 5.74036e+06 0
11140 5.65698e+06 0
11150 5.89256e+06 0
11160 6.00956e+06 0
11170 6.01525e+06 0
11180 6.54931e+06 0
11190 6.54873e+06 0
11200 6.19692e+06 0
11210 6.35188e+06 0
11220 6.06919e+06 0
11230 6.29177e+06 0
11240 6.3245e+06 0
11250 6.37578e+06 0
11260 6.44732e+06 0
11270 6.36523e+06 0
11280 6.62154e+06 0
11290 6.64299e+06 0
11300 6.52964e+06 0
11310 6.28984e+06 0
11320 5.87542e+06 0
11330 6.05592e+06 0
11340 6.20668e+06 0
11350 5.78115e+06 0
11360 6.08054e+06 0
11370 6.13272e+06 0
11380 6.13471e+06 0
11390 6.20333e+06 0
11400 6.14424e+06 0
11410 6.03587e+06 0
11420 5.95874e+06 0
11430 6.12346e+06 0
11440 6.14186e+06 0
11450 6.17858e+06 0
11460 5.87016e+06 0
11470 6.06548e+06 0
11480 5.84012e+06 0
11490 6.05274e+06 0
11500 6.26292e+06 0
11510 6.15058e+06 0
11520 5.9004e+06 0
11530 6.11494e+06 0
11540 6.48191e+06 0
11550 6.45306e+06 0
11560 6.18936e+06 0
11571 4.6018e+06 0
11580 8.20875e+06 0
11590 6.02964e+06 0
11600 6.39886e+06 0
11610 6.43668e+06 0
11620 5.94032e+06 0
11630 5.90039e+06 0
11640 5.97641e+06 0
11650 6.03755e+06 0
11662 6.10804e+06 0
11670 6.88042e+06 0
11680 6.49506e+06 0
11690 6.25212e+06 0
11700 6.34152e+06 0
11710 6.36456e+06 0
11720 5.98803e+06 0
11730 5.74506e+06 0
11740 5.48276e+06 0
11750 5.9141e+06 0
11760 6.15871e+06 0
11770 6.35896e+06 0
11780 6.20469e+06 0
11790 6.0495e+06 0
11800 6.26939e+06 0
11810 6.50354e+06 0
11820 6.25288e+06 0
11830 6.12436e+06 0
11840 6.15496e+06 0
11850 6.43369e+06 0
11860 6.45197e+06 0
11872 6.50435e+06 0
11880 6.99619e+06 0
11890 6.30653e+06 0
11900 6.23289e+06 0
11910 6.48038e+06 0
11920 6.10435e+06 0
11930 5.68511e+06 0
11940 4.99182e+06 0
11950 5.78644e+06 0
11960 5.6862e+06 0
11970 5.68041e+06 0
11980 6.42155e+06 0
11990 6.17654e+06 0
12000 6.21605e+06 0
12010 6.2197e+06 0
12020 6.13677e+06 0
12030 6.29576e+06 0
12040 6.5958e+06 0
12050 6.39169e+06 0
12060 6.20108e+06 0
12070 6.33684e+06 0
12080 6.40907e+06 0
12090 6.67428e+06 0
12100 6.85375e+06 0
12110 6.27321e+06 0
12120 5.93833e+06 0
12130 6.03779e+06 0
12140 5.92737e+06 0
12150 6.01684e+06 0
12160 6.31812e+06 0
12170 6.35311e+06 0
12180 6.04458e+06 0
12190 5.89627e+06 0
12200 5.98858e+06 0
12210 6.10497e+06 0
12220 6.07603e+06 0
12230 5.97737e+06 0
12240 6.04399e+06 0
12251 4.41796e+06 0
12260 7.50411e+06 0
12270 5.32441e+06 0
12280 5.40676e+06 0
12290 5.64382e+06 0
12300 6.10479e+06 0
12310 5.80827e+06 0
12320 6.02647e+06 0
12330 6.0405e+06 0
12340 6.33855e+06 0
12350 6.28098e+06 0
12360 6.6319e+06 0
12370 6.5862e+06 0
12380 6.7663e+06 0
12390 6.54954e+06 0
12400 5.8068e+06 0
12410 5.51951e+06 0
12420 4.41565e+06 0
12430 5.48721e+06 0
12440 5.97009e+06 0
12450 6.18939e+06 0
12460 5.71341e+06 0
12470 5.88711e+06 0
12480 6.06872e+06 0
12490 6.23181e+06 0
12500 5.92366e+06 0
12510 5.74534e+06 0
12520 5.45799e+06 0
12530 5.8127e+06 0
12540 6.0255e+06 0
12550 6.09396e+06 0
12560 6.24177e+06 0
12572 6.05216e+06 0
12580 6.65985e+06 0
12590 5.89348e+06 0
12600 6.0246e+06 0
12610 6.38562e+06 0
12620 6.1743e+06 0
12630 6.12416e+06 0
12640 6.39142e+06 0
12650 6.53570e+06 0
12662 5.99022e+06 0
12670 6.7246e+06 0
12681 5.53732e+06 0
12690 7.26152e+06 0
12701 5.68781e+06 0
12710 6.88316e+06 0
12720 5.81764e+06 0
12730 5.70946e+06 0
12740 5.90536e+06 0
12750 5.60216e+06 0
12760 5.7669e+06 0
12770 5.82088e+06 0
12780 5.9273e+06 0
12790 6.25957e+06 0
12800 6.56325e+06 0
12810 6.23199e+06 0
12820 6.3003e+06 0
12830 6.41012e+06 0
12840 6.82132e+06 0
12850 6.57968e+06 0
12860 6.02135e+06 0
12870 6.03265e+06 0
12880 6.03402e+06 0
12890 5.95674e+06 0
12900 6.15046e+06 0
12910 5.98765e+06 0
12920 5.75135e+06 0
12930 5.59224e+06 0
12940 6.35577e+06 0
12953 5.5676e+06 0
12960 6.43072e+06 0
12970 5.7045e+06 0
12980 5.77583e+06 0
12990 5.71014e+06 0
13000 5.54618e+06 0
13010 5.80348e+06 0
13020 5.79226e+06 0
13031 4.75752e+06 0
13040 7.0723e+06 0
13050 5.35908e+06 0
13063 5.23687e+06 0
13070 6.18502e+06 0
13080 5.8159e+06 0
13090 5.78421e+06 0
13100 5.25287e+06 0
13110 5.13238e+06 0
13120 5.93064e+06 0
13130 5.95543e+06 0
13140 5.42294e+06 0
13150 5.68747e+06 0
13160 5.65607e+06 0
13170 5.55824e+06 0
13180 5.20945e+06 0
13190 5.03917e+06 0
13200 4.88141e+06 0
13210 5.21197e+06 0
13220 5.05905e+06 0
13230 5.28445e+06 0
13240 5.24076e+06 0
13250 5.69596e+06 0
13260 5.71655e+06 0
13270 5.86633e+06 0
13280 5.69444e+06 0
13290 5.75154e+06 0
13300 5.6823e+06 0
13310 5.30671e+06 0
13320 4.86842e+06 0
13330 5.26221e+06 0
13340 5.3184e+06 0
13350 5.66377e+06 0
13360 5.88868e+06 0
13370 6.02593e+06 0
13380 6.17405e+06 0
13390 6.17978e+06 0
13400 5.89285e+06 0
13410 6.22774e+06 0
13420 5.89476e+06 0
13430 5.91851e+06 0
13440 5.85462e+06 0
13450 6.04029e+06 0
13460 6.07004e+06 0
13470 6.02876e+06 0
13480 5.54334e+06 0
13490 5.35671e+06 0
13500 5.24714e+06 0
13510 5.13393e+06 0
13520 5.92324e+06 0
13531 5.27197e+06 0
13540 6.87496e+06 0
13550 6.0284e+06 0
13560 5.87549e+06 0
13570 5.68073e+06 0
13580 5.7445e+06 0
13590 5.98676e+06 0
13600 6.29024e+06 0
13610 6.02108e+06 0
13620 6.27115e+06 0
13630 5.59151e+06 0
13640 5.52079e+06 0
13650 5.90305e+06 0
13660 5.4315e+06 0
13670 5.74504e+06 0
13680 5.69917e+06 0
13690 5.19439e+06 0
13700 5.13402e+06 0
13711 4.54033e+06 0
13720 7.14358e+06 0
13731 5.25513e+06 0
13740 6.74095e+06 0
13750 6.39588e+06 0
13762 5.77062e+06 0
13770 6.56106e+06 0
13782 6.07816e+06 0
13790 6.5922e+06 0
13800 5.91766e+06 0
13810 5.89962e+06 0
13820 5.91566e+06 0
13830 5.62566e+06 0
13840 5.90237e+06 0
13850 6.13277e+06 0
13860 5.85112e+06 0
13870 6.25916e+06 0
13880 5.74978e+06 0
13890 5.60545e+06 0
13900 6.1055e+06 0
13910 6.16861e+06 0
13920 5.9302e+06 0
13930 6.06556e+06 0
13940 5.65813e+06 0
13950 5.97452e+06 0
13960 5.62104e+06 0
13970 5.48611e+06 0
13980 5.62696e+06 0
13990 5.93586e+06 0
14000 6.32381e+06 0
14010 5.97627e+06 0
14020 5.68038e+06 0
14030 6.42273e+06 0
14040 5.71785e+06 0
14050 5.86134e+06 0
14060 5.51479e+06 0
14070 6.05791e+06 0
14080 5.79244e+06 0
14090 6.13569e+06 0
14100 6.19466e+06 0
14110 5.63964e+06 0
14120 5.00498e+06 0
14130 5.02595e+06 0
14140 6.41795e+06 0
14150 6.12519e+06 0
14160 6.47929e+06 0
14170 6.06502e+06 0
14180 5.71873e+06 0
14190 5.37222e+06 0
14200 6.07248e+06 0
14210 6.38097e+06 0
14220 6.04931e+06 0
14230 6.49615e+06 0
14240 5.52738e+06 0
14250 5.87178e+06 0
14260 6.037e+06 0
14270 6.0938e+06 0
14280 6.03485e+06 0
14290 6.46139e+06 0
14300 6.19048e+06 0
14310 5.80068e+06 0
14320 5.60309e+06 0
14330 5.89676e+06 0
14340 6.18122e+06 0
14350 6.467e+06 0
14360 6.19276e+06 0
14370 6.33104e+06 0
14380 5.46841e+06 0
14390 5.83628e+06 0
14400 5.68685e+06 0
14410 5.74674e+06 0
14420 5.54314e+06 0
14430 5.26276e+06 0
14442 5.3358e+06 0
14450 6.81914e+06 0
14460 6.33444e+06 0
14470 6.11791e+06 0
14480 5.98501e+06 0
14490 5.82986e+06 0
14500 5.76157e+06 0
14510 6.02161e+06 0
14520 5.93338e+06 0
14530 5.66915e+06 0
14540 5.61478e+06 0
14550 5.91524e+06 0
14560 5.63018e+06 0
14570 5.81203e+06 0
14580 6.43747e+06 0
14590 6.42667e+06 0
14600 6.58715e+06 0
14610 5.98201e+06 0
14620 5.56587e+06 0
14630 5.69522e+06 0
14640 5.9541e+06 0
14650 6.15033e+06 0
14660 6.31924e+06 0
14671 5.80047e+06 0
14680 6.88652e+06 0
14690 6.57542e+06 0
14700 6.54548e+06 0
14712 5.70988e+06 0
14720 6.91483e+06 0
14730 5.70184e+06 0
14740 6.11023e+06 0
14750 6.46632e+06 0
14762 5.40271e+06 0
14770 6.61004e+06 0
14780 5.82971e+06 0
14790 6.22746e+06 0
14800 6.46784e+06 0
14810 6.62469e+06 0
14820 5.33307e+06 0
14830 5.68614e+06 0
14840 6.29322e+06 0
14850 6.18338e+06 0
14860 6.60295e+06 0
14870 5.48654e+06 0
14880 5.81231e+06 0
14890 6.02404e+06 0
14900 5.8159e+06 0
14911 4.68739e+06 0
14920 7.42909e+06 0
14930 5.93128e+06 0
14940 5.87761e+06 0
14950 6.14246e+06 0
14960 6.21708e+06 0
14970 6.16278e+06 0
14980 5.95403e+06 0
14990 5.61776e+06 0
15000 5.80591e+06 0
15010 5.88289e+06 0
15020 6.20186e+06 0
15030 6.39219e+06 0
15040 5.73311e+06 0
15050 5.68256e+06 0
15060 5.64646e+06 0
15070 5.83858e+06 0
15080 5.97058e+06 0
15090 5.80614e+06 0
15100 5.6935e+06 0
15110 5.73889e+06 0
15120 5.43944e+06 0
15130 5.76578e+06 0
15140 5.91474e+06 0
15150 5.93481e+06 0
15160 6.34685e+06 0
15170 5.5902e+06 0
15180 6.15986e+06 0
15190 6.35036e+06 0
15200 6.19879e+06 0
15210 6.17762e+06 0
15220 5.99185e+06 0
15230 6.06846e+06 0
15240 5.52849e+06 0
15250 5.3261e+06 0
15260 5.71650e+06 0
15270 6.16786e+06 0
15280 6.02846e+06 0
15290 5.65152e+06 0
15300 5.67807e+06 0
15310 5.6417e+06 0
15320 5.85948e+06 0
15330 5.63085e+06 0
15340 5.87967e+06 0
15350 5.55624e+06 0
15360 5.2715e+06 0
15370 4.94199e+06 0
15380 5.74886e+06 0
15390 6.1289e+06 0
15400 5.97004e+06 0
15410 5.78274e+06 0
15420 5.91428e+06 0
15431 5.13226e+06 0
15440 6.67048e+06 0
15450 6.03917e+06 0
15460 5.75887e+06 0
15470 5.88582e+06 0
15480 6.37784e+06 0
15490 3.99973e+06 0
15500 8.32983e+06 0
15510 6.18418e+06 0
15520 5.93813e+06 0
15530 6.41172e+06 0
15540 6.24702e+06 0
15550 6.06385e+06 0
15560 5.82517e+06 0
15570 5.45818e+06 0
15580 5.53147e+06 0
15590 5.80885e+06 0
15600 5.78109e+06 0
15610 5.38436e+06 0
15620 5.91088e+06 0
15630 6.28424e+06 0
15640 6.02162e+06 0
15650 5.72922e+06 0
15660 5.46848e+06 0
15670 5.31495e+06 0
15680 5.61654e+06 0
15690 5.84954e+06 0
15700 5.47588e+06 0
15710 5.21681e+06 0
15720 5.66735e+06 0
15730 5.98749e+06 0
15740 5.70759e+06 0
15750 5.77468e+06 0
15760 5.93628e+06 0
15773 5.87570e+06 0
15780 5.97965e+06 0
15790 5.78749e+06 0
15800 5.66844e+06 0
15810 5.85117e+06 0
15820 5.87965e+06 0
15830 6.09791e+06 0
15840 5.91037e+06 0
15850 5.67297e+06 0
15860 5.815e+06 0
15870 5.48544e+06 0
15880 5.90572e+06 0
15890 5.72359e+06 0
15900 6.08247e+06 0
15910 6.05761e+06 0
15920 5.81645e+06 0
15930 5.65571e+06 0
15940 5.70338e+06 0
15950 5.82155e+06 0
15963 5.37191e+06 0
15970 6.46033e+06 0
15980 6.31401e+06 0
15990 6.22302e+06 0
16000 5.8844e+06 0
16010 6.14119e+06 0
16020 6.09992e+06 0
16030 5.9872e+06 0
16040 6.16646e+06 0
16053 5.03856e+06 0
16060 6.81387e+06 0
16070 6.11743e+06 0
16080 6.07044e+06 0
16090 6.20748e+06 0
16100 5.94518e+06 0
16110 5.93259e+06 0
16120 5.60817e+06 0
16130 5.60388e+06 0
16140 5.8901e+06 0
16150 5.70776e+06 0
16160 5.34472e+06 0
16170 5.88213e+06 0
16180 5.95284e+06 0
16190 5.62569e+06 0
16200 5.97974e+06 0
16210 5.88778e+06 0
16220 5.96203e+06 0
16230 5.84904e+06 0
16240 4.08726e+06 0
16250 7.2758e+06 0
16260 5.92759e+06 0
16270 5.92791e+06 0
16280 6.08584e+06 0
16290 5.98449e+06 0
16300 5.93203e+06 0
16310 6.0961e+06 0
16320 5.77942e+06 0
16330 5.37192e+06 0
16340 5.52963e+06 0
16350 5.77002e+06 0
16360 5.80056e+06 0
16370 4.99807e+06 0
16380 5.5517e+06 0
16390 5.52448e+06 0
16400 5.56648e+06 0
16410 5.19562e+06 0
16420 5.63053e+06 0
16432 4.93570e+06 0
16440 6.9911e+06 0
16450 6.01108e+06 0
16460 5.76449e+06 0
16470 5.762e+06 0
16480 5.5518e+06 0
16492 5.40522e+06 0
16500 6.40142e+06 0
16510 5.7494e+06 0
16520 5.70085e+06 0
16530 5.51812e+06 0
16540 5.32169e+06 0
16550 5.14498e+06 0
16560 5.5943e+06 0
16570 5.74426e+06 0
16580 5.40973e+06 0
16590 5.1686e+06 0
16600 5.26818e+06 0
16610 5.53945e+06 0
16620 5.46072e+06 0
16630 5.57885e+06 0
16640 5.80153e+06 0
16650 5.74754e+06 0
16660 5.55903e+06 0
16670 5.69811e+06 0
16680 5.86761e+06 0
16690 5.86712e+06 0
16704 5.98829e+06 0
16710 5.72049e+06 0
16720 5.35598e+06 0
16730 5.75978e+06 0
16740 5.99194e+06 0
16750 5.83066e+06 0
16760 5.7562e+06 0
16770 5.96797e+06 0
16780 6.08792e+06 0
16790 6.08386e+06 0
16800 5.88652e+06 0
16810 5.68543e+06 0
16820 5.64973e+06 0
16830 5.65292e+06 0
16840 5.43562e+06 0
16850 5.22608e+06 0
16860 5.81054e+06 0
16870 5.86794e+06 0
16880 5.49634e+06 0
16890 5.85106e+06 0
16900 6.02749e+06 0
16910 6.01582e+06 0
16920 6.00299e+06 0
16930 5.89949e+06 0
16940 5.4206e+06 0
16950 5.38967e+06 0
16960 5.62212e+06 0
16970 5.52382e+06 0
16980 5.5589e+06 0
16990 5.51479e+06 0
17000 5.29669e+06 0
17010 5.3298e+06 0
17020 5.68352e+06 0
17030 5.57873e+06 0
17040 5.5937e+06 0
17050 5.49284e+06 0
17060 5.26918e+06 0
17070 5.26937e+06 0
17080 5.48145e+06 0
17090 5.6951e+06 0
17100 5.80602e+06 0
17110 5.83915e+06 0
17120 5.41549e+06 0
17130 5.1406e+06 0
17140 5.50509e+06 0
17150 5.68328e+06 0
17160 5.70013e+06 0
17171 3.71316e+06 0
17180 7.24526e+06 0
17190 5.77806e+06 0
17200 5.89458e+06 0
17210 5.72461e+06 0
17220 5.46005e+06 0
17230 5.30502e+06 0
17240 5.52047e+06 0
17250 5.38082e+06 0
17260 5.39017e+06 0
17270 5.66115e+06 0
17280 5.90556e+06 0
17290 5.79394e+06 0
17300 4.47064e+06 0
17310 7.08408e+06 0
17320 5.76117e+06 0
17330 5.78735e+06 0
17340 5.87088e+06 0
17350 5.71908e+06 0
17360 5.64130e+06 0
17370 5.40397e+06 0
17380 5.31356e+06 0
17391 4.41481e+06 0
17400 7.03805e+06 0
17410 5.6168e+06 0
17420 5.30078e+06 0
17433 5.30044e+06 0
17440 5.763e+06 0
17450 5.69623e+06 0
17460 5.80524e+06 0
17470 5.37689e+06 0
17480 5.60638e+06 0
17490 5.383e+06 0
17500 5.10724e+06 0
17510 5.4732e+06 0
17520 5.5746e+06 0
17530 5.31137e+06 0
17540 5.43877e+06 0
17550 5.54654e+06 0
17560 5.68735e+06 0
17570 5.61206e+06 0
17580 5.30519e+06 0
17590 5.62842e+06 0
17600 5.43728e+06 0
17610 5.01339e+06 0
17620 5.85404e+06 0
17630 5.94923e+06 0
17640 5.77293e+06 0
17650 5.69006e+06 0
17660 5.83875e+06 0
17670 5.33313e+06 0
17680 5.62013e+06 0
17690 5.87171e+06 0
17700 5.70723e+06 0
17710 5.60056e+06 0
17720 5.47713e+06 0
17730 5.32325e+06 0
17740 5.7708e+06 0
17750 6.02818e+06 0
17760 5.6852e+06 0
17770 5.78663e+06 0
17780 5.77844e+06 0
17790 5.51317e+06 0
17800 5.642e+06 0
17810 6.101e+06 0
17820 6.09592e+06 0
17830 5.92632e+06 0
17840 5.73949e+06 0
17850 5.40801e+06 0
17860 5.27388e+06 0
17870 5.13674e+06 0
17880 5.56333e+06 0
17890 5.38236e+06 0
17900 5.61446e+06 0
17910 5.75495e+06 0
17920 5.68129e+06 0
17930 5.59816e+06 0
17940 5.42609e+06 0
17950 5.49578e+06 0
17960 5.38956e+06 0
17970 5.54128e+06 0
17980 5.50944e+06 0
17990 5.72438e+06 0
18000 5.56861e+06 0
18010 5.36863e+06 0
18020 5.59578e+06 0
18030 5.91716e+06 0
18040 5.66716e+06 0
18050 5.48806e+06 0
18060 5.27858e+06 0
18070 5.12746e+06 0
18083 5.41217e+06 0
18090 6.49165e+06 0
18100 5.73727e+06 0
18110 5.39656e+06 0
18120 5.23803e+06 0
18130 5.33528e+06 0
18140 5.70622e+06 0
18150 5.58552e+06 0
18160 5.6588e+06 0
18170 5.64546e+06 0
18181 4.69203e+06 0
18190 6.52888e+06 0
18200 5.74649e+06 0
18210 4.29856e+06 0
18220 7.26324e+06 0
18230 5.77948e+06 0
18240 5.75644e+06 0
18250 5.88928e+06 0
18260 6.02121e+06 0
18270 4.55743e+06 0
18280 7.44362e+06 0
18290 5.76941e+06 0
18300 5.92917e+06 0
18310 5.29782e+06 0
18320 5.48893e+06 0
18330 5.61783e+06 0
18340 5.22306e+06 0
18350 5.20815e+06 0
18360 5.44102e+06 0
18370 5.46393e+06 0
18380 5.8736e+06 0
18390 5.73262e+06 0
18400 6.0566e+06 0
18410 5.85074e+06 0
18420 5.75456e+06 0
18430 5.71012e+06 0
18440 5.60352e+06 0
18450 5.2863e+06 0
18461 4.56147e+06 0
18470 7.75693e+06 0
18480 6.20004e+06 0
18490 6.0889e+06 0
18502 3.97998e+06 0
18510 6.98952e+06 0
18520 5.69516e+06 0
18530 5.38968e+06 0
18540 5.95972e+06 0
18550 6.00858e+06 0
18560 5.85336e+06 0
18570 6.08211e+06 0
18580 6.41038e+06 0
18590 6.43194e+06 0
18600 6.55518e+06 0
18610 6.20181e+06 0
18620 6.507e+06 0
18630 6.21071e+06 0
18640 5.72753e+06 0
18650 5.27599e+06 0
18660 5.45114e+06 0
18670 6.00585e+06 0
18680 5.67213e+06 0
18690 6.05113e+06 0
18700 6.24157e+06 0
18710 6.23716e+06 0
18720 6.20453e+06 0
18730 5.94282e+06 0
18740 5.40344e+06 0
18750 6.17199e+06 0
18760 5.96429e+06 0
18770 6.29357e+06 0
18780 5.97745e+06 0
18790 6.21966e+06 0
18800 6.40292e+06 0
18810 5.94767e+06 0
18820 6.03118e+06 0
18830 5.94370e+06 0
18840 6.55587e+06 0
18850 6.60093e+06 0
18863 5.86736e+06 0
18873 6.01751e+06 0
18880 6.90598e+06 0
18890 6.30406e+06 0
18900 5.98531e+06 0
18910 6.21635e+06 0
18920 6.35328e+06 0
18932 5.34762e+06 0
18940 7.22735e+06 0
18950 6.18854e+06 0
18960 5.97894e+06 0
18970 5.91572e+06 0
18980 6.45711e+06 0
18990 6.64833e+06 0
19000 6.25842e+06 0
19010 6.1508e+06 0
19020 6.18518e+06 0
19030 6.08957e+06 0
19040 6.067e+06 0
19050 6.11805e+06 0
19060 5.93641e+06 0
19070 6.14338e+06 0
19080 6.1127e+06 0
19090 6.12981e+06 0
19100 5.82930e+06 0
19110 6.20679e+06 0
19120 6.17404e+06 0
19130 6.36581e+06 0
19140 6.00532e+06 0
19150 6.36066e+06 0
19163 6.242e+06 0
19170 6.46827e+06 0
19180 6.23544e+06 0
19190 5.96845e+06 0
19201 4.58198e+06 0
19210 8.1698e+06 0
19220 6.31348e+06 0
19230 6.16785e+06 0
19240 6.00482e+06 0
19250 6.34691e+06 0
19260 6.07501e+06 0
19273 5.95987e+06 0
19280 6.35649e+06 0
19290 6.07416e+06 0
19300 6.08642e+06 0
19310 6.29437e+06 0
19320 6.6351e+06 0
19331 5.30077e+06 0
19340 7.16936e+06 0
19350 6.07112e+06 0
19360 5.8247e+06 0
19370 5.98518e+06 0
19380 5.84844e+06 0
19390 5.64013e+06 0
19400 5.67261e+06 0
19410 5.82417e+06 0
19420 5.57914e+06 0
19430 5.43126e+06 0
19440 5.63741e+06 0
19450 6.13932e+06 0
19460 6.49413e+06 0
19470 6.11381e+06 0
19480 6.03397e+06 0
19490 5.60675e+06 0
19500 5.85003e+06 0
19510 5.56582e+06 0
19520 5.61792e+06 0
19530 5.77414e+06 0
19540 5.91507e+06 0
19550 5.82958e+06 0
19560 6.23436e+06 0
19570 6.16702e+06 0
19580 5.94865e+06 0
19590 5.84887e+06 0
19600 5.89093e+06 0
19610 5.94130e+06 0
19620 5.83294e+06 0
19630 5.95524e+06 0
19640 6.22902e+06 0
19650 6.14714e+06 0
19660 6.08041e+06 0
19670 6.12762e+06 0
19680 6.26654e+06 0
19690 6.43341e+06 0
19700 6.13047e+06 0
19710 6.34753e+06 0
19720 5.77547e+06 0
19730 5.77215e+06 0
19740 5.81571e+06 0
19750 6.30901e+06 0
19760 5.26290e+06 0
19770 5.63389e+06 0
19780 5.41004e+06 0
19790 5.73921e+06 0
19800 5.92896e+06 0
19810 6.01788e+06 0
19820 5.89921e+06 0
19830 6.47384e+06 0
19840 5.73062e+06 0
19850 5.78826e+06 0
19860 6.20473e+06 0
19870 4.49893e+06 0
19880 7.4495e+06 0
19890 5.5377e+06 0
19900 5.71837e+06 0
19910 5.42981e+06 0
19920 5.29178e+06 0
19930 5.98943e+06 0
19940 5.91948e+06 0
19950 6.08052e+06 0
19962 5.39596e+06 0
19970 6.86893e+06 0
19980 6.18425e+06 0
19990 5.89607e+06 0
20000 5.54424e+06 0
20010 5.51496e+06 0
20020 5.4555e+06 0
20030 5.87672e+06 0
20040 5.99101e+06 0
20050 6.07639e+06 0
20060 5.74050e+06 0
20070 5.64914e+06 0
20080 5.88458e+06 0
20090 5.72892e+06 0
20100 5.85293e+06 0
20110 6.05435e+06 0
20120 6.24394e+06 0
20130 6.08706e+06 0
20140 5.81354e+06 0
20150 6.01864e+06 0
20160 5.89451e+06 0
20170 5.83112e+06 0
20180 5.52329e+06 0
20190 5.81514e+06 0
20200 5.90658e+06 0
20210 6.01404e+06 0
20220 5.73825e+06 0
20230 5.45042e+06 0
20240 5.53019e+06 0
20250 5.25233e+06 0
20260 5.42914e+06 0
20270 5.84111e+06 0
20280 5.96739e+06 0
20290 6.04232e+06 0
20303 5.85209e+06 0
20310 6.25247e+06 0
20320 5.97306e+06 0
20330 5.98593e+06 0
20340 5.74831e+06 0
20350 5.82850e+06 0
20360 5.86415e+06 0
20370 5.84771e+06 0
20380 5.73624e+06 0
20390 5.6162e+06 0
20401 5.17814e+06 0
20410 7.16231e+06 0
20420 5.98941e+06 0
20430 5.65029e+06 0
20440 5.57995e+06 0
20450 5.51768e+06 0
20460 5.91689e+06 0
20470 5.92137e+06 0
20480 4.60337e+06 0
20490 7.73824e+06 0
20500 5.69473e+06 0
20510 5.87409e+06 0
20520 5.75572e+06 0
20530 5.84378e+06 0
20540 5.92094e+06 0
20550 5.70052e+06 0
20560 5.12788e+06 0
20570 4.90157e+06 0
20580 5.13650e+06 0
20590 5.72167e+06 0
20600 5.80370e+06 0
20610 5.50854e+06 0
20620 5.60873e+06 0
20630 5.86984e+06 0
20640 5.92525e+06 0
20650 5.55582e+06 0
20660 5.44501e+06 0
20670 5.42678e+06 0
20680 5.49672e+06 0
20690 5.62706e+06 0
20703 5.49876e+06 0
20711 4.91334e+06 0
20720 7.26804e+06 0
20730 6.2401e+06 0
20740 6.23628e+06 0
20751 4.96486e+06 0
20760 7.18184e+06 0
20770 6.26395e+06 0
20780 5.97542e+06 0
20790 5.96214e+06 0
20800 5.86276e+06 0
20810 5.98033e+06 0
20820 5.7945e+06 0
20830 5.77379e+06 0
20840 5.58726e+06 0
20850 5.8665e+06 0
20860 5.89306e+06 0
20870 5.8999e+06 0
20880 5.4469e+06 0
20890 5.44883e+06 0
20900 6.00822e+06 0
20910 6.16247e+06 0
20920 6.16872e+06 0
20931 4.34952e+06 0
20940 7.8039e+06 0
20950 6.64912e+06 0
20960 6.41802e+06 0
20970 6.01124e+06 0
20980 6.02858e+06 0
20990 6.06108e+06 0
21000 6.26006e+06 0
21012 5.12936e+06 0
21020 7.53629e+06 0
21032 6.01949e+06 0
21040 7.15021e+06 0
21050 6.93356e+06 0
21060 6.69966e+06 0
21070 6.52964e+06 0
21080 6.18034e+06 0
21090 6.16069e+06 0
21100 6.08502e+06 0
21110 5.70868e+06 0
21120 5.94930e+06 0
21130 6.05428e+06 0
21141 5.40788e+06 0
21150 7.27068e+06 0
21160 6.26879e+06 0
21170 5.91548e+06 0
21180 6.05356e+06 0
21190 6.09023e+06 0
21200 6.21963e+06 0
21210 5.44382e+06 0
21220 5.43791e+06 0
21230 5.10893e+06 0
21240 5.34285e+06 0
21250 5.36754e+06 0
21260 5.89233e+06 0
21270 6.14853e+06 0
21280 6.22424e+06 0
21290 5.85185e+06 0
21300 6.09246e+06 0
21310 6.20668e+06 0
21320 5.97033e+06 0
21333 5.47024e+06 0
21340 6.87598e+06 0
21350 6.20776e+06 0
21360 6.16605e+06 0
21370 6.2369e+06 0
21380 6.19278e+06 0
21391 5.12287e+06 0
21400 7.20851e+06 0
21410 5.95281e+06 0
21420 5.69298e+06 0
21430 6.02471e+06 0
21440 5.99457e+06 0
21450 5.93962e+06 0
21461 4.66756e+06 0
21470 7.25837e+06 0
21480 6.29481e+06 0
21490 6.50917e+06 0
21500 6.33134e+06 0
21510 6.2007e+06 0
21520 6.0463e+06 0
21530 6.24878e+06 0
21540 5.95912e+06 0
21550 5.67874e+06 0
21560 5.90694e+06 0
21570 6.22986e+06 0
21580 6.06549e+06 0
21590 6.43444e+06 0
