# TimeStamp(s) Sum Stdev
0.125 6.44e+06 59402.3
10.125 4.47915e+06 66217.4
23.125 3.95776e+06 41560.9
30.75 1.95054e+06 401375
42 6.80476e+06 411110
51.625 2.35446e+06 334767
60.125 6.9892e+06 435154
70.125 4.5286e+06 218634
82.875 3.57858e+06 284836
91 2.62030e+06 527562
100.875 5.88667e+06 348569
110.5 3.0067e+06 308259
120.25 7.40136e+06 512621
130.125 4.65225e+06 428577
142.375 2.08759e+06 371410
150.375 5.31583e+06 897256
162.5 4.88385e+06 852591
170.5 3.07138e+06 629987
180.25 7.00514e+06 1.12005e+06
190.25 4.48327e+06 571698
201.5 1.54766e+06 198414
210.25 7.49385e+06 907872
220.375 1.12907e+06 304053
230.375 8.1087e+06 928763
240.125 4.70892e+06 432289
253.375 3.84133e+06 312838
260.5 2.0608e+06 388836
271.75 6.31017e+06 559537
280.625 3.94849e+06 692057
290 6.55025e+06 613513
300.75 4.65638e+06 446926
311.375 933538 297733
320.5 7.66799e+06 683751
332.125 2.52963e+06 524188
340 6.13627e+06 823285
350.875 4.49975e+06 250870
360.625 4.26379e+06 407749
371 1.017e+06 300124
382.375 7.9619e+06 531751
392.25 3.28388e+06 533331
400.375 6.23598e+06 427309
410 4.69862e+06 317326
423 1.81659e+06 289331
430.75 5.53118e+06 646441
442.5 4.79111e+06 861882
450.125 2.21354e+06 458074
460 7.70842e+06 898056
471 4.50078e+06 844111
482.125 3.3725e+06 481065
490.375 3.01186e+06 601511
500 7.22722e+06 1.21381e+06
510.875 2.03607e+06 431869
520.5 4.68498e+06 617793
530 6.26301e+06 1.09773e+06
540.125 4.75117e+06 523660
550.625 854197 181806
560.625 8.00105e+06 883315
572.125 3.2777e+06 417675
580.375 3.26842e+06 388145
590 6.86761e+06 895465
600.125 4.51933e+06 516831
612.75 1.59815e+06 215363
620.5 6.00674e+06 1.00372e+06
630.875 2.75553e+06 738425
640.25 8.0116e+06 813556
650.125 4.76972e+06 469534
662.375 3.30758e+06 263160
670.625 2.7625e+06 633329
680.625 7.42609e+06 596783
691.625 1.45595e+06 219333
700 7.48379e+06 843998
710.25 4.59764e+06 547200
723.375 3.78878e+06 389979
730.375 2.10304e+06 431320
741.625 6.23804e+06 781877
751.5 2.9047e+06 424849
760.25 7.73109e+06 1.16258e+06
770 4.5523e+06 480480
781.875 1.92478e+06 283039
790.625 5.75454e+06 292856
801.75 3.67568e+06 691858
810 5.99771e+06 830802
820.5 5.15842e+06 947934
830.5 4.6131e+06 473906
841.125 1.08604e+06 270706
850.125 7.77594e+06 728706
862.375 3.09993e+06 438142
870.25 6.47812e+06 579659
880 4.5183e+06 403973
891.125 2.71098e+06 243891
900.375 3.93509e+06 390770
910.25 4.92531e+06 381446
920.125 4.17002e+06 734595
931 6.93974e+06 988401
942 2.271e+06 510875
951.25 5.90704e+06 1.20602e+06
960.375 5.36252e+06 1.318e+06
972 1.50541e+06 237958
980.125 7.40686e+06 1.61871e+06
991.125 4.46266e+06 743255
1002.25 3.25915e+06 801427
1010.12 2.94179e+06 634304
1020.62 7.11953e+06 1.08595e+06
1031.62 2.57084e+06 595652
1041 4.58528e+06 407952
1050.25 6.17930e+06 1.83519e+06
1060.12 4.39774e+06 525225
1070.25 511075 146056
1080.38 8.44e+06 1.06027e+06
1092.38 4.1556e+06 374097
1100.62 1.45389e+06 641442
1110.38 7.63217e+06 555579
1120 4.56364e+06 593690
1130.62 2.37198e+06 321586
1140.38 3.78647e+06 917992
1150.5 7.33566e+06 873347
1160.12 740855 235064
1170.38 8.09276e+06 871498
1180.25 4.21124e+06 650927
1192 3.0304e+06 116037
1200.38 3.4776e+06 250098
1210.75 5.70944e+06 776971
1220.12 2.24524e+06 448218
1230.5 7.96602e+06 654519
1240.38 4.4606e+06 274874
1251 2.30809e+06 475221
1260.88 5.50827e+06 269235
1272 3.01083e+06 559815
1280.12 7.25529e+06 504151
1290.5 4.37714e+06 412624
1300.38 4.58837e+06 565790
1310.38 830500 182510
1321.25 8.08348e+06 716994
1332.5 3.02319e+06 621449
1340.25 6.12985e+06 998329
1350.12 4.27719e+06 249912
1362.38 3.28285e+06 366262
1370.5 3.16848e+06 542233
1381.12 6.51934e+06 611004
1390.75 2.30991e+06 364857
1400.25 7.58089e+06 606466
1410.62 4.57806e+06 415354
1422.88 2.04225e+06 284972
1430.38 5.18885e+06 664554
1441.5 3.39413e+06 480706
1450.25 7.40057e+06 504253
1460.12 4.57806e+06 411549
1470.25 4.7285e+06 403993
1480.25 844924 192384
1493.88 7.75066e+06 753423
1502.25 3.38668e+06 410444
1510.5 6.04148e+06 560987
1520.5 4.5317e+06 427359
1531.88 1.47038e+06 225551
1540.25 7.08890e+06 838145
1552.25 4.56903e+06 313324
1560.88 1.07883e+06 198626
1570.25 8.03712e+06 692988
1580.62 4.22361e+06 296819
1590.38 2.35446e+06 310241
1600.25 5.14224e+06 298606
1610.38 6.25398e+06 777350
1620.75 879957 163023
1630.25 8.06391e+06 640648
1640.25 4.51933e+06 238963
1651.25 2.28645e+06 228377
1660.25 5.83721e+06 577508
1670 5.44978e+06 501043
1680.62 807832 276539
1690.25 8.06597e+06 649931
1700.25 4.51521e+06 391041
1712.12 3.34570e+06 344407
1720 3.44875e+06 347249
1730.62 6.45854e+06 290057
1740.88 1.70634e+06 489864
1750 7.72078e+06 430487
1760.25 4.48327e+06 402272
1773.12 3.47348e+06 346356
1780.38 3.03143e+06 259644
1790.62 5.22722e+06 450867
1800 5.02089e+06 597213
1810 6.2558e+06 715670
1820.38 4.66256e+06 552861
1830.12 944874 167793
1843.12 8.18859e+06 697333
1851 3.08089e+06 562317
1860 6.0165e+06 978804
1870.12 4.4946e+06 289455
1881.75 1.7455e+06 152198
1890.5 7.09636e+06 673449
1903 4.51521e+06 179507
1910 1.62906e+06 195086
1920.38 7.95572e+06 613093
1930.38 4.61825e+06 415908
1942.62 2.05565e+06 194840
1950 4.46781e+06 593323
1962.88 6.70893e+06 550827
1970.12 898506 180352
1980.12 8.1247e+06 312943
1990.62 4.61516e+06 225949
2002.88 3.54973e+06 230671
2010.62 2.48017e+06 405031
2020.12 7.37972e+06 609627
2031.25 1.68058e+06 186986
2040.38 7.46730e+06 539917
2050.12 4.71923e+06 476346
2063.88 4.41938e+06 394269
2070.12 1.17568e+06 267403
2081.5 7.46628e+06 585234
2091.25 2.20505e+06 570215
2100.12 7.15612e+06 932728
2110.75 4.28955e+06 647913
2122.5 1.51778e+06 121223
2130.25 6.10615e+06 1.10005e+06
2140.25 5.65895e+06 579455
2152.5 3.49202e+06 305433
2160.12 2.4946e+06 313570
2170.62 7.48688e+06 550263
2181.88 3.02834e+06 334447
2190.25 3.62906e+06 293755
2200.25 6.89337e+06 735131
2210.38 4.42968e+06 392134
2220.62 695517 209214
2230.25 8.19992e+06 477485
2242.75 3.62082e+06 200066
2250.75 3.47323e+06 669830
2260 6.95441e+06 911180
2270.25 4.39053e+06 378028
2281.62 1.96291e+06 181236
2290.88 5.71253e+06 964717
2301.25 4.69426e+06 886250
2310 4.61231e+06 1.20575e+06
2320.62 5.79806e+06 648833
2330.62 4.65328e+06 491070
2340.75 843893 194350
2352.75 8.10512e+06 905581
2362.75 2.60382e+06 435050
2370.38 6.87483e+06 882489
2380 4.7182e+06 486945
2391.38 2.62752e+06 195150
2400.62 4.19166e+06 716373
2412.75 4.6211e+06 607593
2420 6.75348e+06 512306
2430.5 4.47399e+06 281187
2440.25 4.4843e+06 442540
2451 808861 257594
2460 7.5384e+06 567226
2471.25 2.30476e+06 747397
2480.38 7.06672e+06 561367
2490.75 4.41629e+06 503926
2500.5 931479 403146
2510.5 8.12629e+06 1.23529e+06
2523.25 4.20038e+06 737109
2530.38 1.50026e+06 243767
2540 7.90199e+06 1.92898e+06
2550.75 4.43587e+06 749688
2561.88 2.77486e+06 443189
2570.25 3.70738e+06 598718
2580.88 6.66155e+06 868716
2592.62 2.19269e+06 707438
2600.38 6.95829e+06 502800
2610.25 4.53685e+06 239829
2620.75 4.2741e+06 223200
2630.38 743947 559415
2642 8.07627e+06 414461
2652.38 2.23081e+06 339994
2660.25 6.57395e+06 665157
2670.12 4.31428e+06 334342
2682.75 3.99795e+06 259461
2690.12 1.92581e+06 273357
2703.25 6.5688e+06 683472
2711.88 2.59248e+06 671694
2720.12 7.27153e+06 308675
2730.25 4.39774e+06 260775
2740.62 2.12056e+06 463738
2751.12 5.60228e+06 311610
2761.12 2.78183e+06 624018
2770.12 7.62726e+06 708575
2780.62 4.50594e+06 525673
2793.12 3.96498e+06 371339
2800.5 1.80938e+06 294449
2811 7.59302e+06 783373
2821.62 2.02164e+06 279475
2830.25 7.37766e+06 623113
2840.12 4.58116e+06 324397
2853.12 3.60949e+06 383288
2861.25 2.63061e+06 278762
2871 6.60898e+06 637586
2881.62 2.20917e+06 318392
2890 7.50749e+06 477925
2900.62 4.52758e+06 507977
2912.5 3.6507e+06 257358
2920.75 2.32252e+06 485977
2930 7.44052e+06 586919
2942 1.52087e+06 184139
2950.25 7.14685e+06 717024
2960.12 5.00671e+06 622532
2973.25 3.80217e+06 279854
2981.25 2.01443e+06 329325
2990.5 7.73109e+06 657029
3001 2.6471e+06 275629
3010.25 4.21409e+06 321259
3020.12 6.55874e+06 785999
3030.12 4.5317e+06 447955
3042 1.42401e+06 298392
3050.62 6.93253e+06 702872
3061 2.29342e+06 499589
3070.25 7.54895e+06 533503
3080.25 4.82845e+06 538825
3093.88 4.38229e+06 488488
3100.25 1.95879e+06 317042
3112 6.28441e+06 795401
3121.12 3.71125e+06 340836
3130.25 6.49691e+06 756362
3140.62 4.45648e+06 343307
3151.5 2.05152e+06 228007
3160.75 4.08347e+06 722799
3172.62 4.82257e+06 767610
3180.38 5.79982e+06 899586
3190.12 5.58373e+06 1.11972e+06
3200 4.59249e+06 266016
3211.62 1.20350e+06 175664
3220.62 7.57035e+06 616562
3230.88 1.46007e+06 363363
3240 7.52295e+06 666708
3250.62 4.41629e+06 309510
3263 3.71562e+06 209543
3270.38 2.10510e+06 505955
3280.25 7.61053e+06 544183
3291.38 1.94642e+06 140515
3300.62 5.80939e+06 1.00798e+06
3310.12 5.87431e+06 920122
3320 4.47812e+06 522321
3331.25 979907 328261
3340.62 7.97426e+06 1.01366e+06
3352.5 3.11799e+06 669110
3360.75 3.10744e+06 732360
3370.62 6.84725e+06 1.11858e+06
3380.25 4.41938e+06 822775
3391.38 2.36167e+06 402943
3400.25 4.177e+06 756549
3412 5.52112e+06 818959
3420.12 3.36734e+06 914576
3430.12 6.84185e+06 881993
3441.38 1.44153e+06 422506
3450 7.4785e+06 1.72718e+06
3460.5 4.41938e+06 1.09358e+06
3470.88 895414 211676
3480.12 8.0863e+06 1.70919e+06
3490 4.42481e+06 1.34882e+06
3503 3.37147e+06 603268
3510.62 2.27512e+06 578413
3520.62 7.80156e+06 1.79187e+06
3530.62 4.41835e+06 507652
3540.62 760432 180451
3550.5 8.28235e+06 703285
3560.12 4.46781e+06 750666
3570.38 451313 142737
3580.12 8.40291e+06 631945
3590.75 4.53994e+06 325380
3601.62 2.8336e+06 488387
3610.62 3.41062e+06 1.06669e+06
3620.62 7.08503e+06 1.06754e+06
3631.38 2.56569e+06 439406
3640.62 4.63783e+06 209447
3650.38 6.22258e+06 1.05886e+06
3660.38 4.4503e+06 351644
3672.25 1.50129e+06 288440
3680.12 7.12291e+06 456654
3693.25 4.17233e+06 557728
3700.62 2.14426e+06 385313
3710.62 7.61980e+06 537871
3720.12 4.50388e+06 416631
3732.25 1.93612e+06 304568
3740.5 4.08323e+06 873193
3751.12 7.27074e+06 1.3143e+06
3760.62 950813 206282
3770.5 8.1301e+06 909909
3780.62 4.46472e+06 512974
3792.38 3.7218e+06 375383
3800.5 2.46780e+06 489235
3810.88 7.1757e+06 698066
3821.12 1.62597e+06 272146
3830.25 7.41372e+06 799177
3840.25 4.4606e+06 574186
3853.5 4.19991e+06 338574
3860.62 1.58063e+06 219921
3872 7.03866e+06 662362
3880.88 2.26276e+06 383339
3890.12 7.39724e+06 711416
3901.12 4.26894e+06 515837
3911.62 3.26843e+06 317627
3920.62 3.02422e+06 767748
3930.38 7.44979e+06 1.17536e+06
3941.12 1.50026e+06 572420
3950.25 7.19425e+06 818860
3960.25 4.44411e+06 577564
3972.25 1.55075e+06 420947
3981.12 7.22958e+06 1.15917e+06
3990.38 4.83772e+06 993057
4000.25 662544 220385
4010.62 8.22259e+06 1.10591e+06
4020.75 4.508e+06 949486
4032.25 4.11129e+06 700462
4040.62 2.13602e+06 533513
4050.88 7.47143e+06 1.10774e+06
4063 3.81454e+06 455348
4071.25 1.30242e+06 333620
4080.25 8.31326e+06 1.18177e+06
4091 4.5523e+06 552671
4100.5 771766 304894
4110.75 7.80012e+06 734226
4120.5 4.77384e+06 869038
4131.12 2.46677e+06 234333
4140.62 4.63164e+06 685773
4150.62 6.19064e+06 605541
4161.12 2.92015e+06 367605
4170.62 3.14478e+06 514963
4180.88 7.15716e+06 731862
4191.88 1.9423e+06 552623
4200.62 7.11648e+06 1.00648e+06
4210.25 4.79081e+06 514353
4221 2.60588e+06 804144
4231.5 4.83978e+06 362283
4240.62 6.02569e+06 1.37712e+06
4252.88 3.30449e+06 322758
4260.62 3.03143e+06 490946
4271.25 7.35048e+06 1.32256e+06
4282.12 3.78878e+06 362967
4290.38 2.24215e+06 240107
4301 7.51986e+06 695853
4312 4.40393e+06 751405
4320.62 1.00773e+06 460518
4330.12 8.09823e+06 684423
4340.5 4.36477e+06 323418
4350.75 1.04379e+06 332763
4360.75 7.61465e+06 1.11286e+06
4370.12 4.915e+06 535918
4381.75 1.96394e+06 335248
4390.88 6.28441e+06 830681
4401 5.26225e+06 525712
4411.75 2.15868e+06 408589
4421 5.69914e+06 1.04198e+06
4431.25 5.8434e+06 921299
4442.12 2.00103e+06 468579
4450.88 6.94077e+06 679223
4460.75 4.6842e+06 247381
4471 2.35961e+06 377373
4480.38 4.62213e+06 975269
4490.62 6.90804e+06 1.10673e+06
4502.38 2.56157e+06 626352
4511 4.05771e+06 1.04497e+06
4520.62 6.47503e+06 538119
4530.25 4.43999e+06 464106
4540.88 1.12828e+06 174807
4550.5 7.67118e+06 1.41154e+06
4560.62 4.53376e+06 550914
4571.25 1.13241e+06 350087
4580.88 7.44979e+06 966520
4591 4.7182e+06 786608
4603 4.31016e+06 501083
4610 1.38485e+06 423436
4621.38 7.41991e+06 802394
4631.5 2.25918e+06 426586
4640.5 7.00823e+06 707344
4650.5 4.59867e+06 620516
4661.25 4.19785e+06 565739
4670.75 698607 315099
4680.62 8.3112e+06 1.10111e+06
4691 1.4825e+06 386521
4700.88 7.32844e+06 957107
4710.75 4.42969e+06 831822
4721.62 4.11438e+06 632643
4730.38 1.78774e+06 337554
4742.5 7.09121e+06 1.00085e+06
4751.38 3.62082e+06 818207
4760.88 5.75787e+06 701267
4770.25 4.68316e+06 515323
4781.62 1.36425e+06 145217
4790.62 7.5858e+06 1.02336e+06
4802.12 4.03607e+06 627548
4810.12 2.9964e+06 376306
4821.38 6.81815e+06 700721
4832.5 3.61773e+06 407896
4841 912932 363080
4852 9.12625e+06 1.0894e+06
4862.5 3.23442e+06 571757
4870.5 2.37713e+06 650356
4880.5 7.40857e+06 783809
4890.12 4.61825e+06 524330
4901 1.20866e+06 503497
4910.25 7.42197e+06 1.21758e+06
4923.25 4.53479e+06 567939
4930.75 967541 434511
4941.12 8.21126e+06 1.10976e+06
4950.75 4.41732e+06 970736
4962 1.23957e+06 313485
4970.25 7.81146e+06 1.14128e+06
4983.5 4.20403e+06 643039
4990.75 2.02782e+06 591373
5000.38 7.74036e+06 1.34941e+06
5010.62 4.64813e+06 610999
5021.12 729520 215544
5030.38 8.21641e+06 1.44949e+06
5042.75 3.48378e+06 748742
5050.38 2.79135e+06 498053
5060.5 7.39415e+06 1.58942e+06
5070.5 4.42763e+06 827836
5081 769705 157182
5090.25 8.41734e+06 1.63281e+06
5101.62 2.55333e+06 369142
5110.62 6.482e+06 1.43033e+06
5120.5 4.61340e+06 1.25007e+06
5133.75 4.47502e+06 803180
5140.62 1.12932e+06 354287
5150.5 8.07127e+06 1.43806e+06
5161.12 1.85884e+06 255127
5170.38 6.19864e+06 1.81785e+06
5180.62 5.5644e+06 991413
5193.12 3.47347e+06 544024
5200.12 2.63746e+06 1.2271e+06
5210.25 7.51751e+06 1.06105e+06
5222.5 1.88254e+06 162509
5230.5 7.13552e+06 1.41481e+06
5240.25 4.42144e+06 1.33496e+06
5252.38 3.30861e+06 217363
5260.12 3.31726e+06 1.25936e+06
5272 6.24731e+06 909527
5280.75 1.79083e+06 373769
5290.75 8.04582e+06 1.57935e+06
5300.75 4.45236e+06 1.39789e+06
5311.75 2.13189e+06 550750
5320.38 5.52088e+06 971269
5332.75 5.35362e+06 1.45182e+06
5340.75 1.0984e+06 260704
5350.88 8.2087e+06 1.99767e+06
5361.12 4.54097e+06 1.63664e+06
5370.5 721277 196944
5381.5 7.90839e+06 1.16137e+06
5391.25 4.71255e+06 1.75366e+06
5400.88 1.41165e+06 1.18118e+06
5410.75 7.63737e+06 1.09343e+06
5420.88 4.39156e+06 906390
5430.88 1.14889e+06 755626
5440.5 7.92186e+06 1.68757e+06
5450.12 4.24215e+06 767145
5460.62 1.57857e+06 842391
5471 7.39002e+06 980369
5480.62 2.86863e+06 797960
5491.12 6.02567e+06 1.583e+06
5500.75 931479 315114
5511 8.19468e+06 1.49391e+06
5521.12 2.0371e+06 758667
5531.12 5.75042e+06 1.97392e+06
5540.25 5.72514e+06 921362
5550.62 4.38744e+06 765916
5561.12 722308 203216
5570.88 8.20301e+06 1.79703e+06
5582 3.11078e+06 485615
5590.75 3.34055e+06 594964
5601 6.91501e+06 1.19973e+06
5611 4.41732e+06 942380
5621.12 516226 281014
5630.12 8.5214e+06 1.2702e+06
5641 4.57759e+06 672064
5650.5 509801 203885
5660.62 8.1301e+06 1.91018e+06
5670.25 4.74602e+06 676364
5681.75 2e+06 587308
5690.88 4.6605e+06 858525
5700.88 6.85718e+06 3.08717e+06
5710.62 1.89181e+06 754627
5721.75 7.19322e+06 642399
5732.12 2.01134e+06 1.43623e+06
5740.12 6.99126e+06 901320
5752.38 4.50903e+06 1.34118e+06
5760.75 2.70583e+06 1.25631e+06
5770.75 5.87401e+06 1.29311e+06
5782.5 2.38331e+06 509879
5790.88 7.28599e+06 2.3805e+06
5800.5 4.51212e+06 970748
5812.62 3.61464e+06 1.15917e+06
5821.88 3.4352e+06 626939
5831.38 6.39696e+06 1.82036e+06
5841.88 1.78568e+06 423047
5850 7.28872e+06 993386
5862 4.48224e+06 1.18617e+06
5871 808861 633025
5880.5 7.57353e+06 1.76781e+06
5890.62 4.67648e+06 857602
5901.38 1.07574e+06 572270
5910.62 7.59816e+06 2.13392e+06
5920.25 4.86967e+06 874876
5931.5 716124 165041
5940.75 8.46267e+06 2.14513e+06
5950.25 4.56673e+06 807754
5961 1.69191e+06 578802
5971 7.40548e+06 2.01409e+06
5982.5 3.97631e+06 1.17981e+06
5990.62 2.61206e+06 482538
6001.38 7.04046e+06 2.6734e+06
6010.75 4.45442e+06 1.31154e+06
6020.5 894385 310956
6032 8.41424e+06 1.60206e+06
6042.62 3.84957e+06 617176
6051.25 1.58475e+06 1.2008e+06
6060.5 7.65381e+06 847311
6071.12 4.54097e+06 684439
6081.12 1.04585e+06 237173
6090.88 8.14634e+06 1.64675e+06
6102.62 4.15148e+06 664961
6110.12 1.0644e+06 288845
6120.88 8.13569e+06 1.68842e+06
6130.62 4.38847e+06 1.27449e+06
6141.75 1.35909e+06 350449
6150 6.99744e+06 767302
6161 5.4455e+06 1.6949e+06
6170.75 1.09119e+06 663839
6180.12 7.86377e+06 777154
6190.88 5.27898e+06 1.53719e+06
6200.75 2.78311e+06 341079
6210.25 5.43433e+06 1.40993e+06
6220 5.68322e+06 616353
6231.75 1.95776e+06 873504
6240.5 5.62756e+06 1.55196e+06
6250.5 5.71433e+06 755605
6262 2.5523e+06 748864
6271.12 4.79396e+06 754234
6280.62 6.18392e+06 1.85758e+06
6290.25 4.60898e+06 650753
6301.75 1.8846e+06 377287
6310.88 6.09688e+06 950528
6321.5 2.69322e+06 549000
6330.12 7.70042e+06 1.03938e+06
6341.12 4.51933e+06 770801
6351.75 2.36992e+06 307070
6360.25 4.37095e+06 1.1842e+06
6372.38 6.72542e+06 650203
6381.12 1.64039e+06 308146
6390.62 8.07833e+06 994743
6400.25 4.3555e+06 553258
6412.38 1.81453e+06 236891
6421 6.11542e+06 1.18007e+06
6432.12 5.19424e+06 628404
6440.25 2.1422e+06 240238
6451.5 7.52089e+06 926831
6460.75 4.64401e+06 1.07742e+06
6471.5 1.54044e+06 203014
6480.5 6.9498e+06 960593
6492 3.80757e+06 677571
6501.25 4.14736e+06 1.48356e+06
6510.75 6.56983e+06 999612
6520.38 4.33283e+06 577239
6531.62 990211 179877
6540.62 7.7383e+06 1.57515e+06
6551.88 3.49408e+06 395723
6560.5 4.35756e+06 1.41691e+06
6570.5 6.01341e+06 798062
6580.75 4.33077e+06 1.1124e+06
6590.25 1.25812e+06 621973
6600.25 8.32379e+06 1.3446e+06
6611.75 1.74652e+06 484383
6620.5 7.29008e+06 1.78745e+06
6630.12 4.63301e+06 692064
6641.75 3.10768e+06 988496
6651 3.27049e+06 1.12909e+06
6660.38 7.19040e+06 1.276e+06
6673.38 2.0134e+06 306120
6680.25 4.90779e+06 1.59568e+06
6691.75 6.17003e+06 927641
6701.12 3.58682e+06 525335
6710.5 2.74498e+06 1.13755e+06
6720.12 7.22104e+06 1.05894e+06
6730.88 1.71355e+06 599112
6740.38 7.55892e+06 1.77342e+06
6750.12 4.84194e+06 619995
6762.25 3.46936e+06 864655
6771.5 3.14836e+06 1.9409e+06
6780.25 7.25195e+06 552054
6791.62 1.38794e+06 262002
6801.62 7.73315e+06 1.7374e+06
6810.75 4.32468e+06 1.2942e+06
6822.12 2.77693e+06 141157
6830.38 4.0505e+06 861900
6842.12 6.6146e+06 1.2127e+06
6851.12 727459 467408
6860.38 7.99708e+06 1.99053e+06
6870.12 4.57212e+06 672732
6881.62 3.14684e+06 986567
6890.75 4.39129e+06 1.39837e+06
6900.62 5.76613e+06 863538
6910.75 1.29624e+06 208043
6921 7.95961e+06 1.61669e+06
6930.75 4.67904e+06 1.64778e+06
6942.5 3.42196e+06 987347
6950.12 2.99125e+06 440559
6961.5 7.07188e+06 2.20194e+06
6970.5 1.41577e+06 439742
6981.5 7.9042e+06 1.52397e+06
6991.38 4.6574e+06 1.87277e+06
7001 1.25193e+06 346317
7011.12 7.52398e+06 849217
7022.62 4.9815e+06 1.54286e+06
7030.75 1.52911e+06 851506
7040.12 7.75582e+06 936111
7051.12 4.37714e+06 502822
7062.12 4.14633e+06 526187
7070.62 1.60639e+06 457976
7080 8.23083e+06 941028
7091.12 2.55848e+06 279916
7101.38 4.93561e+06 763892
7110.38 5.91965e+06 874313
7120 4.53376e+06 349753
7130.12 510045 124899
7140.88 8.24217e+06 402071
7152.25 3.29728e+06 228280
7161 2.73983e+06 742284
7170 7.53428e+06 857525
7181.25 4.4606e+06 328134
7191.12 595566 355250
7200.5 8.24423e+06 855238
7213 4.10408e+06 580064
7220.88 2.50284e+06 412178
7230.88 7.28493e+06 1.24074e+06
7240.62 4.55642e+06 455497
7252.12 1.45286e+06 267800
7260.38 7.1283e+06 579594
7271.25 1.99794e+06 724184
7280.25 7.92686e+06 1.02282e+06
7290.5 4.59043e+06 394171
7302.12 3.51366e+06 318457
7311.38 1.29624e+06 598663
7320.25 8.15046e+06 529696
7332.12 1.98454e+06 280329
7340.38 7.35499e+06 449065
7350.62 4.63886e+06 448140
7361.25 2.47502e+06 395778
7370.62 4.75426e+06 644439
7380.62 6.2061e+06 454016
7391.88 1.48892e+06 591281
7400.38 7.66308e+06 555551
7410.88 4.42556e+06 327996
7421.5 1.85575e+06 407574
7430.38 7.04484e+06 1.14616e+06
7440.62 4.7079e+06 630025
7452.12 1.63009e+06 261347
7460.75 7.51882e+06 1.05202e+06
7470.5 4.34416e+06 1.0996e+06
7481.62 2.85317e+06 538903
7490.75 3.08914e+06 1.14125e+06
7501 7.18292e+06 854006
7511.25 1.62882e+06 362868
7520.62 7.37997e+06 1.65941e+06
7530.88 4.40702e+06 770158
7543.38 3.94643e+06 648092
7550.75 2.21021e+06 691973
7561.62 6.1216e+06 625874
7571.25 3.81351e+06 931583
7580.62 6.47194e+06 993766
7590.5 2.61927e+06 786710
7600.62 4.39465e+06 842094
7610.5 6.33696e+06 1.42709e+06
7621.75 2.83154e+06 543409
7630.75 3.35086e+06 1.17806e+06
7640.5 7.42197e+06 2.23361e+06
7652.75 3.48687e+06 690182
7660.88 3.08604e+06 657260
7671.12 7.07987e+06 1.67066e+06
7682.38 3.30758e+06 741415
7690.5 3.68265e+06 1.56582e+06
7700.62 6.53788e+06 1.17041e+06
7712.75 3.77023e+06 678385
7721 2.06286e+06 624350
7730.12 7.44773e+06 1.4447e+06
7743 4.10408e+06 797370
7750.62 1.89799e+06 427790
7760.5 7.92274e+06 2.10905e+06
7770.12 4.31531e+06 1.19853e+06
7782.25 1.32509e+06 169435
7790.5 7.60538e+06 1.46062e+06
7802.25 4.38641e+06 852500
7810.25 1.20556e+06 695348
7820.38 7.8515e+06 1.4962e+06
7830.5 3.84648e+06 778063
7841.75 2.22978e+06 347897
7850.38 3.77744e+06 658624
7861.38 7.32756e+06 2.62993e+06
7870.62 1.58681e+06 247605
7881.75 7.95984e+06 1.23302e+06
7890.38 4.69012e+06 1.50038e+06
7900.62 775887 141742
7910.5 8.10924e+06 719671
7923.25 4.23e+06 898159
7931 3.09944e+06 1.72563e+06
7940.25 6.63878e+06 445063
7951 4.53582e+06 669942
7961.25 797527 460227
7970.25 8.48431e+06 1.37521e+06
7981.12 2.67403e+06 925306
7991.5 4.69528e+06 526650
8000.25 6.21971e+06 1.90958e+06
8012.5 4.271e+06 773144
8020.5 1.43947e+06 429389
8031 8.09436e+06 1.91519e+06
8041.5 3.05616e+06 259974
8051 3.17054e+06 1.48077e+06
8060.5 6.9816e+06 775401
8072.12 4.38847e+06 702868
8080.38 1.32303e+06 1.10589e+06
8090.5 7.87792e+06 1.07659e+06
8101.88 2.62855e+06 707800
8112.12 4.82384e+06 529323
8121.12 5.84388e+06 2.53418e+06
8130.25 3.21484e+06 559457
8140.62 2.14117e+06 1.05572e+06
8152.38 8.06185e+06 1.01482e+06
8161.12 4.46163e+06 823417
8171 512105 202721
8180.12 7.80322e+06 920429
8190.12 4.83257e+06 654426
8201 760432 223489
8210.75 8.34314e+06 1.03437e+06
8220.25 4.61001e+06 686415
8230.12 810921 271260
8241.12 8.43176e+06 1.21389e+06
8251 4.48945e+06 663213
8260.62 919114 328595
8271.38 8.25556e+06 1.00289e+06
8281.12 4.21021e+06 823373
8290.62 2.22669e+06 547400
8300.88 7.728e+06 948345
8312 4.38126e+06 903215
8320.75 1.3797e+06 749432
8330.25 7.80098e+06 1.04047e+06
8342.88 3.79805e+06 715326
8351.25 2.15559e+06 363420
8360.88 7.51779e+06 1.47143e+06
8370.25 4.72644e+06 622665
8381.38 1.22308e+06 159542
8391 7.44154e+06 1.75757e+06
8401.75 3.74756e+06 416720
8410.88 1.73004e+06 860199
8420.25 7.68987e+06 969853
8430.5 4.24524e+06 642934
8441.75 1.97836e+06 951561
8450.62 6.07936e+06 1.50531e+06
8461.62 5.31274e+06 715056
8470.12 1.41268e+06 384042
8481.5 7.86401e+06 1.91419e+06
8490.25 4.576e+06 1.19783e+06
8501.25 1.27254e+06 331776
8510.12 7.00672e+06 715798
8522 5.13757e+06 1.13566e+06
8531.5 1.25296e+06 772112
8541.25 6.78724e+06 1.69648e+06
8550.38 4.90161e+06 457901
8563.25 3.86709e+06 708250
8571.62 2.08322e+06 272269
8581.75 6.92019e+06 1.47465e+06
8591.5 2.54921e+06 601110
8600.38 5.63398e+06 1.1501e+06
8610 5.67671e+06 1.03349e+06
8623.12 3.66822e+06 707770
8630.62 2.0948e+06 1.31117e+06
8640.75 7.43846e+06 996691
8650.25 2.17208e+06 444966
8660.62 5.24679e+06 1.3772e+06
8671.12 5.77127e+06 1.06197e+06
8680.25 4.63577e+06 1.40425e+06
8690.25 958270 198628
8700 8.22877e+06 1.21012e+06
8711.88 2.74086e+06 980239
8721 4.62855e+06 1.67286e+06
8730.25 6.30822e+06 894426
8743.12 4.37095e+06 820911
8751.75 1.288e+06 811330
8760.5 8.12161e+06 1.43121e+06
8772.75 3.27152e+06 726195
8780.62 3.76278e+06 583455
8790.62 6.73493e+06 2.15995e+06
8800.38 4.49357e+06 689382
8810.5 696548 132606
8821.12 8.37097e+06 1.18199e+06
8832.62 3.77847e+06 402761
8840.88 2.09377e+06 814932
8850.38 7.59198e+06 870648
8861.12 4.47605e+06 595293
8872.75 1.87017e+06 617933
8880.38 6.92944e+06 1.12938e+06
8893.12 3.42505e+06 356906
8900.25 3.17751e+06 761661
8910.38 7.41294e+06 1.86544e+06
8920.62 4.50697e+06 586969
8930.38 703760 200152
8940 7.85886e+06 709226
8952 2.99743e+06 286665
8961.75 3.74962e+06 1.62604e+06
8970.5 6.65741e+06 1.01033e+06
8982.5 4.56158e+06 464862
8991 996393 188281
9000.38 8.08245e+06 1.57975e+06
9012.25 3.34468e+06 341956
9020.5 1.83411e+06 292252
9031.62 8.28544e+06 1.50673e+06
9040.38 4.5197e+06 1.16919e+06
9050.62 989182 166320
9060.25 8.04742e+06 947526
9070.88 4.64504e+06 410474
9080.62 761463 355235
9090.5 8.03918e+06 940920
9100.25 4.44102e+06 496567
9112 1.75168e+06 220923
9120.38 7.31068e+06 1.24366e+06
9132.62 3.98794e+06 631170
9140.5 2.53478e+06 286529
9150.62 7.11079e+06 1.06949e+06
9161.88 4.09481e+06 778830
9171.25 1.16435e+06 670704
9180.38 7.98663e+06 1.01797e+06
9193.25 3.06454e+06 297592
9201.25 4.34598e+06 749971
9210.75 5.95492e+06 1.57966e+06
9220.25 4.3555e+06 414100
9231.75 1.63421e+06 167862
9240.5 5.38178e+06 291377
9250.38 5.27049e+06 914549
9261.62 2.78105e+06 515496
9270.62 5.98662e+06 989733
9280.12 5.37662e+06 783121
9293 4.36683e+06 388273
9301.5 1.01597e+06 515086
9310.88 8.17416e+06 831049
9321.12 2.23287e+06 408146
9330.12 6.13294e+06 634731
9341 4.93973e+06 784829
9352.25 4.0268e+06 586103
9360.5 1.94436e+06 406025
9370.5 7.76509e+06 1.01973e+06
9380.88 2.32877e+06 678702
9390.88 4.71099e+06 1.13862e+06
9400.12 6.4029e+06 1.07127e+06
9411.25 4.60073e+06 472756
9420.38 486346 355005
9430.62 7.90626e+06 1.60234e+06
9440.75 2.31506e+06 476101
9450.5 7.15122e+06 754803
9461 4.40768e+06 1.0856e+06
9471.75 3.23339e+06 359977
9480.25 3.32407e+06 873363
9493.12 6.39385e+06 1.02058e+06
9501.5 1.87199e+06 289017
9510.38 7.65508e+06 1.81793e+06
9520.25 4.237e+06 589855
9531 2.46162e+06 624450
9541.62 5.42299e+06 689274
9551.5 5.16594e+06 994296
9560.5 1.73313e+06 995902
9571.12 7.81249e+06 825556
9581.38 4.44102e+06 683396
9590.62 968571 738694
9600.5 7.97426e+06 1.59526e+06
9613.25 3.93941e+06 858869
9621 2.20069e+06 541351
9630.62 7.5734e+06 2.40163e+06
9640.75 4.43175e+06 808913
9650.75 715094 242789
9661 7.3282e+06 412737
9673.12 5.14169e+06 1.24653e+06
9680.75 314271 129112
9690.25 8.53274e+06 1.0393e+06
9700.12 4.21949e+06 353283
9711.88 3.10459e+06 534024
9721.5 3.78156e+06 1.29366e+06
9730.75 6.66874e+06 581475
9741.5 1.43122e+06 273360
9750 7.51986e+06 421844
9761.25 4.65122e+06 875078
9771.38 2.86966e+06 417355
9780.62 3.51469e+06 1.17068e+06
9790.25 7.14479e+06 421560
9801.75 1.43328e+06 186946
9810.75 6.82718e+06 1.34166e+06
9820.75 4.8967e+06 384140
9830.12 4.43381e+06 400592
9840.62 795466 164968
9851.75 8.00826e+06 618719
9861.5 2.52448e+06 447155
9870.62 5.56519e+06 797388
9880 5.6064e+06 804320
9891.25 4.48842e+06 464255
9900.38 574959 482394
9911 8.12961e+06 760014
9921.12 1.24909e+06 263628
9930.12 7.13552e+06 892980
9940.5 4.85318e+06 946264
9952.25 4.07523e+06 317065
9960.88 1.1458e+06 361117
9970.38 7.9856e+06 743911
9981.75 1.57033e+06 182372
9990.88 6.80324e+06 896049
10000.8 4.72796e+06 337070
10012.9 3.76199e+06 379571
10020.5 1.73828e+06 510896
10030.6 8.10512e+06 973123
10040.6 2.33488e+06 217572
10050.4 5.00259e+06 970154
10060 5.99074e+06 449003
10073 3.79084e+06 401566
10081.1 2.02886e+06 928156
10090.8 7.82485e+06 671081
10101.8 3.12314e+06 356007
10110.1 2.70686e+06 489458
10120.4 7.4704e+06 2.05927e+06
10130.8 4.51521e+06 661062
10140.2 650179 271558
10150.1 8.11955e+06 910133
10163 3.52706e+06 492974
10171 1.87739e+06 650709
10181 7.44979e+06 607829
10190.5 4.51933e+06 392991
10202.1 1.4642e+06 179112
10210.4 7.20662e+06 1.30283e+06
10221.5 2.52139e+06 488951
10230.4 6.66153e+06 222697
10240.5 5.07678e+06 1.23568e+06
10251.4 4.17827e+06 771716
10260.8 916024 339765
10270.2 8.12882e+06 930760
10281.4 2.57703e+06 506844
10290.5 4.52758e+06 765397
10300.6 6.7316e+06 2.26737e+06
10312.9 4.39877e+06 507633
10320.6 717155 203462
10330.6 8.34521e+06 1.15432e+06
10342.5 3.77435e+06 347229
10350.4 2.29264e+06 563323
10360.1 7.3859e+06 692172
10370.5 4.46163e+06 560783
10381 2.37404e+06 308233
10390.4 5.06235e+06 927235
10400.8 6.14427e+06 855860
10410.2 801648 207772
10420.2 7.85886e+06 753139
10430.6 4.30501e+06 427465
10441.6 2.644e+06 177378
10450 4.75014e+06 563910
10461.2 5.20867e+06 839042
10470.2 1.71949e+06 569332
10480.5 8.21974e+06 773568
10491.5 4.58116e+06 555885
10503.1 2.07625e+06 835165
10510.6 4.97168e+06 1.34218e+06
10521.5 5.42299e+06 1.24299e+06
10530 2.47374e+06 642225
10540.4 7.79213e+06 1.77697e+06
10550.2 4.44205e+06 557315
10561.1 2.75322e+06 570579
10570.6 4.28543e+06 650649
10581.8 4.31737e+06 842617
10590.2 5.44414e+06 1.08417e+06
10600.5 5.93353e+06 969451
10613 3.81763e+06 649261
10621.1 1.53736e+06 422076
10630 7.87122e+06 1.01261e+06
10641.6 2.7953e+06 784202
10651.1 3.99795e+06 955064
10660.2 7.15509e+06 1.15289e+06
10673 3.85472e+06 611777
10680.9 2.16281e+06 780029
10690.8 7.72903e+06 814769
10702.4 2.78723e+06 363804
10711.4 4.25815e+06 387252
10720.5 6.46315e+06 1.81637e+06
10730.5 4.62237e+06 319134
10742.4 1.66924e+06 244611
10750.2 4.79602e+06 961128
10761.5 5.34002e+06 976691
10770.8 2.95209e+06 648565
10780.5 7.24989e+06 557577
10790.2 4.63062e+06 346462
10802.4 1.76713e+06 578020
10811 5.51676e+06 528935
10822.2 4.36689e+06 1.01209e+06
10830.6 4.49533e+06 833274
10840.4 5.76224e+06 576945
10851.9 4.46472e+06 1.05171e+06
10860.8 746006 374697
10870.5 8.19786e+06 1.62626e+06
10883 2.03147e+06 338615
10890.9 5.02938e+06 910873
10900.2 6.20506e+06 1.92512e+06
10910.1 4.51727e+06 400559
10921 785161 303959
10930.5 7.87946e+06 1.0879e+06
10941.9 3.24988e+06 539177
10950.4 3.47038e+06 637271
10961.2 6.89543e+06 757835
10972 4.15354e+06 400624
10980.4 1.50129e+06 359231
10990.1 8.32357e+06 720484
11001.8 3.02319e+06 477767
11011 2.7285e+06 496837
11020.8 7.45391e+06 571363
11030.2 4.49975e+06 266758
11040.4 747038 114916
11050.4 8.55953e+06 1.10325e+06
11062.1 3.44359e+06 381621
11070.4 3.55772e+06 602098
11080.9 6.7813e+06 634636
11090.6 4.5554e+06 494040
11102.4 1.70119e+06 309950
11110.4 6.80682e+06 331321
11122.5 4.31943e+06 556996
11130.5 2.09068e+06 445407
11140.4 7.67132e+06 421044
11150.4 4.5523e+06 251914
11161.9 1.43740e+06 272076
11170.8 6.66359e+06 542498
11181.8 4.54509e+06 240699
11190.4 2.21124e+06 139236
11201 7.49513e+06 233079
11210.9 4.39981e+06 548947
11222.1 1.51365e+06 250588
11230.5 7.25814e+06 666918
11243 4.24937e+06 486735
11251.4 1.23957e+06 511508
11260.5 8.19065e+06 1.08842e+06
11270.5 4.57188e+06 615177
11282.6 1.95364e+06 287451
11291.2 4.83979e+06 916065
11301.8 6.29059e+06 1.81904e+06
11310.6 1.27666e+06 295538
11320.2 8.22156e+06 1.2136e+06
11331.5 4.47399e+06 550301
11341.4 1.1355e+06 610698
11350.4 7.57138e+06 1.21611e+06
11361.1 4.5523e+06 539481
11370.9 1.16332e+06 606624
11381 7.76715e+06 766836
11390.1 4.6471e+06 485907
11401.9 2.61309e+06 333967
11411.4 3.74962e+06 616856
11421.1 7.04896e+06 1.22657e+06
11430.9 1.2066e+06 314928
11440.1 7.39621e+06 702409
11450 4.63164e+06 477649
11461.2 3.04483e+06 593273
11470.6 2.85833e+06 672668
11480.4 7.94026e+06 1.49675e+06
11490.4 650179 261130
11501.2 8.42352e+06 819548
11510.8 4.3184e+06 691674
11521 2.66976e+06 326282
11530.5 4.40884e+06 690010
11540.4 6.49588e+06 745447
11552.1 2.30373e+06 679960
11560.5 6.66693e+06 1.02986e+06
11570.4 4.74705e+06 685794
11582.5 3.525e+06 710760
11590.9 1.60639e+06 426263
11600.6 7.87842e+06 1.56557e+06
11611.4 2.58939e+06 328801
11620.4 4.98301e+06 1.39822e+06
11630 5.66308e+06 1.04503e+06
11641.6 4.38023e+06 917738
11650.1 772796 342944
11661.2 7.88565e+06 1.42083e+06
11671.6 2.79887e+06 515274
11680.5 7.07575e+06 1.57923e+06
11690.2 4.58528e+06 1.05035e+06
11702 2.8233e+06 568785
11711.1 3.80708e+06 784646
11722 7.08218e+06 2.49107e+06
11730.4 1.42607e+06 402664
11741.5 7.81249e+06 1.72784e+06
11750.8 4.36683e+06 1.1184e+06
11762.1 1.79289e+06 338705
11770.4 5.58246e+06 1.05506e+06
11780.6 6.10433e+06 1.02501e+06
11790.4 743947 213920
11800.6 8.15876e+06 1.68271e+06
11810.2 4.55333e+06 494401
11823.6 4.28234e+06 393019
11830.9 1.15714e+06 248439
11841.9 7.35705e+06 722905
11851.8 3.41783e+06 426210
11860.4 3.21072e+06 541663
11870.6 7.41888e+06 1.03061e+06
11881 4.49666e+06 754919
11890.8 726428 176433
11900.4 8.11646e+06 981636
11912.5 3.93922e+06 419754
11921.8 2.83154e+06 629035
11930.6 6.63783e+06 1.03174e+06
11940.6 2.41319e+06 286172
11950.4 4.97992e+06 1.52402e+06
11961.2 5.96189e+06 683305
11971.8 2.15044e+06 1.32686e+06
11980.6 5.39633e+06 1.25865e+06
11990.2 5.58839e+06 1.14387e+06
12001 2.80062e+06 1.31289e+06
12010.9 3.87931e+06 1.90238e+06
12020.2 6.76953e+06 995846
12032.5 3.60536e+06 1.00029e+06
12041.2 2.46368e+06 770843
12050.5 7.80919e+06 1.51458e+06
12061.6 4.37817e+06 710189
12071.1 1.03555e+06 322734
12080.5 8.12882e+06 2.18165e+06
12093 3.6404e+06 655572
12100.2 2.26688e+06 267821
12110.9 7.39257e+06 1.88129e+06
12120.8 4.15663e+06 808439
12131.4 2.94591e+06 145887
12140.1 3.16229e+06 497272
12150.9 6.44206e+06 1.40129e+06
12161.1 5.18085e+06 349174
12172.1 3.20454e+06 559401
12180.8 2.66873e+06 854027
12190.4 7.45597e+06 1.25096e+06
12201 2.26585e+06 463273
12211 4.83803e+06 764032
12220.6 6.42424e+06 1.40048e+06
12233.5 4.0402e+06 717426
12240.4 1.74137e+06 439148
12251.2 7.69708e+06 1.37583e+06
12261.2 4.14427e+06 716342
12270.9 564656 189946
12280.2 8.13604e+06 1.24183e+06
12290.8 4.60279e+06 749076
12301.5 2.881e+06 485971
12310.6 4.44411e+06 1.16623e+06
12320.2 6.59662e+06 514122
12331.5 1.0984e+06 171256
12340.5 7.98972e+06 1.20028e+06
12350.6 4.5657e+06 729564
12362.6 2.27718e+06 312134
12370.5 4.98458e+06 625694
12380.6 6.10972e+06 1.09373e+06
12390.5 804739 417891
12400.2 8.12985e+06 1.10532e+06
12410.2 4.77178e+06 443921
12421.6 1.67234e+06 684158
12430.5 6.27513e+06 1.03715e+06
12441.8 5.19321e+06 870077
12450.5 889232 299772
12460.5 8.04433e+06 1.24555e+06
12470.5 4.41732e+06 698323
12482.5 3.47554e+06 257880
12490.8 2.78826e+06 465106
12501 6.68008e+06 644663
12511 1.99073e+06 418738
12520.5 7.88462e+06 733223
12530 4.55643e+06 450470
12541.2 2.65225e+06 579670
12551 2.74759e+06 818723
12560.1 8.37145e+06 1.13219e+06
12571.1 1.94618e+06 443986
12580.4 7.10073e+06 1.2989e+06
12591 4.57703e+06 650799
12601.2 1.15404e+06 493672
12610.1 7.91244e+06 1.22803e+06
12620.4 4.44438e+06 939395
12631 1.44977e+06 770814
12640.1 7.92893e+06 1.17269e+06
12650.4 4.57806e+06 1.00211e+06
12661.5 2.03298e+06 512509
12670.6 5.56476e+06 1.25876e+06
12680.2 5.92886e+06 1.01494e+06
12691.1 926327 266756
12700.4 7.82961e+06 1.87336e+06
12710.9 4.6968e+06 920175
12722.5 3.63422e+06 592601
12730.4 2.01443e+06 359944
12740.1 7.75463e+06 1.84924e+06
12751.6 1.19732e+06 230459
12760.1 7.89286e+06 1.32918e+06
12771 4.48636e+06 664518
12782 3.24473e+06 754752
12791.1 3.05513e+06 1.59037e+06
12800.5 6.98175e+06 543510
12811.9 1.43431e+06 246328
12821.2 7.45494e+06 1.22307e+06
12830.5 4.68023e+06 1.31171e+06
12841.8 2.76868e+06 204500
12850.1 4.20197e+06 735275
12861.2 6.59559e+06 1.07944e+06
12872.4 1.92272e+06 713038
12880.5 6.74499e+06 1.20296e+06
12890.1 4.69553e+06 456482
12902.4 3.22206e+06 808562
12911.1 2.08862e+06 394109
12920.8 7.45082e+06 1.45862e+06
12932.9 2.97579e+06 216497
12940.2 1.79186e+06 352358
12951.2 8.54075e+06 1.7829e+06
12960.9 4.67801e+06 988203
12970.6 614115 244459
12980 7.9722e+06 547622
12990.9 5.30244e+06 1.74987e+06
13000.6 910872 267222
13010.1 8.13294e+06 908282
13021.1 4.35344e+06 500400
13032 1.86708e+06 741510
13040.8 6.4266e+06 715729
13050.2 5.28696e+06 950021
13061.6 1.75374e+06 286235
13071.5 6.6976e+06 1.62623e+06
13081.1 4.9521e+06 990228
13092.4 2.305e+06 407859
13100.2 4.63037e+06 1.43913e+06
13111.5 6.51687e+06 932152
13121.8 1.38049e+06 972619
13130.4 7.61593e+06 1.49049e+06
13140 4.46196e+06 760195
13152.1 2.20093e+06 1.258e+06
13160.8 6.64093e+06 1.43498e+06
13170.2 4.40599e+06 706129
13182 3.30037e+06 911144
13191.2 3.50851e+06 674633
13200.6 6.62753e+06 1.72835e+06
13212.5 4.04638e+06 809313
13220.1 1.69167e+06 410998
13230.9 7.50103e+06 1.81798e+06
13242.2 3.36219e+06 389667
13250.2 3.22412e+06 829389
13261.2 6.95726e+06 1.13661e+06
13271.1 4.39568e+06 984094
13282 1.68676e+06 327044
13290 7.63732e+06 817823
13300.5 4.49048e+06 383499
13310.5 925297 343121
13320.8 7.87947e+06 614950
13330.2 4.56055e+06 496541
13341 2.12365e+06 475458
13350.6 6.83258e+06 1.20412e+06
13363.1 4.76044e+06 836864
13370.1 2.00515e+06 375441
13380.9 7.81455e+06 1.67361e+06
13390.4 4.51109e+06 939507
13400.1 1.06028e+06 260738
13410.8 8.55953e+06 1.01848e+06
13422 3.34665e+06 691798
13430.8 4.01031e+06 1.44869e+06
13440.1 6.48224e+06 427979
13450.8 4.576e+06 550337
13460.6 254506 68742.7
13470.5 8.84907e+06 1.31201e+06
13481.5 2.27992e+06 429848
13490.8 4.44387e+06 614003
13500.5 6.78439e+06 2.13867e+06
13512.4 4.21433e+06 480491
13520.1 1.44565e+06 263492
13530.9 7.88359e+06 1.21416e+06
13541.5 4.29264e+06 698922
13550.9 679032 224182
13560.1 8.35963e+06 774637
13570.8 4.44926e+06 463665
13580.5 1.06131e+06 766463
13590.4 7.99796e+06 1.18567e+06
13600.1 4.74602e+06 413193
13610.1 966512 181314
13620.8 7.96372e+06 932464
13630.2 4.90597e+06 564001
13641.1 1.85163e+06 270086
13650.6 7.2808e+06 1.05184e+06
13660.4 4.74396e+06 428158
13671.9 2.37198e+06 306442
13680.8 6.29574e+06 613123
13690.9 5.28698e+06 333082
13702.4 1.9794e+06 490441
13710.6 7.38075e+06 267003
13720.4 4.55848e+06 512845
13732 1.84544e+06 442721
13740.1 7.34881e+06 368676
13750.9 4.65019e+06 452200
13761.5 1.3931e+06 311321
13770.2 7.60847e+06 616063
13780.4 4.45957e+06 298806
13792.1 1.67852e+06 841994
13800.2 7.13037e+06 1.08126e+06
13810.4 4.78620e+06 720278
13822.4 1.88357e+06 296225
13830.4 7.18498e+06 1.37917e+06
13840.2 4.46369e+06 778592
13851.9 1.51881e+06 259587
13860.1 7.3045e+06 1.03099e+06
13870.9 4.34519e+06 851548
13881.2 2.63988e+06 323453
13890.5 3.90212e+06 949621
13900.6 6.8975e+06 904340
13912.2 1.8475e+06 553617
13920.4 5.7566e+06 806297
13930.4 5.63651e+06 1.48851e+06
13942.8 4.37816e+06 703615
13950.4 1.05719e+06 309071
13961.5 7.81455e+06 1.34209e+06
13972 1.51159e+06 251265
13980.4 7.76612e+06 1.67207e+06
13990.1 4.3215e+06 474490
14001.1 2.85318e+06 737597
14010.5 3.9557e+06 797707
14020.6 5.63835e+06 435531
14031 1.45595e+06 324168
14040 8.36272e+06 1.53992e+06
14050.4 4.5554e+06 1.00025e+06
14060.5 2.51417e+06 329606
14070.5 5.13139e+06 1.09384e+06
14080.1 5.7012e+06 617279
14090.4 1.01494e+06 178193
14100.1 8.08452e+06 941715
14110.6 4.51933e+06 522868
14122 1.89696e+06 318009
14130.5 5.26588e+06 810379
14140 6.19834e+06 793952
14150.6 1.11077e+06 567693
14160.4 7.8671e+06 931602
14170.5 4.52448e+06 474005
14182.2 2.11953e+06 708339
14190.4 5.4176e+06 1.016e+06
14200.4 5.76327e+06 1.32206e+06
14210.2 1.11077e+06 294279
14220.4 8.00518e+06 1.37018e+06
14230.6 4.67183e+06 1.28261e+06
14241.5 1.51366e+06 411866
14250.1 7.12006e+06 883888
14261.6 5.12422e+06 1.18328e+06
14270.8 696548 423165
14280.4 8.02784e+06 1.58501e+06
14290.8 4.44308e+06 845518
14302.9 1.60845e+06 293070
14310.5 5.90395e+06 928679
14320.6 5.70242e+06 1.53528e+06
14331.1 1.23236e+06 645940
14340.2 8.09079e+06 1.69448e+06
14351 4.57806e+06 707181
14360.6 2.54612e+06 1.02659e+06
14370.6 4.30103e+06 1.99393e+06
14380.2 6.97514e+06 567360
14391.1 1.90108e+06 311328
14400.8 6.4776e+06 1.81605e+06
14410.2 5.20774e+06 1.18263e+06
14423.2 3.91036e+06 881088
14431.4 1.6033e+06 390341
14441.1 7.89182e+06 2.09378e+06
14451.6 3.20042e+06 312283
14460.6 2.85369e+06 1.30553e+06
14470.6 7.29523e+06 1.25261e+06
14481.6 4.60486e+06 1.58319e+06
14491.5 1.22308e+06 550629
14500.1 7.70692e+06 1.29144e+06
14513.2 4.32281e+06 1.21219e+06
14521 2.98506e+06 1.64146e+06
14530.2 6.69067e+06 1.1313e+06
14542.4 4.62443e+06 1.07991e+06
14551.2 1.38279e+06 1.15222e+06
14560.5 7.67438e+06 1.55711e+06
14572.9 3.70494e+06 983679
14581.5 2.89516e+06 681039
14590.4 7.17982e+06 1.95853e+06
14600.1 4.51212e+06 900947
14611 896446 136665
14620.5 8.27411e+06 1.71382e+06
14632.9 3.60228e+06 745390
14640.6 2.90778e+06 739376
14650.9 7.19479e+06 2.02492e+06
14660.2 4.53685e+06 589261
14671 1.03864e+06 346922
14680.1 6.93253e+06 899475
14692.1 3.12393e+06 503042
14700.6 6.85137e+06 1.53842e+06
14710.2 4.60486e+06 662181
14723.4 3.79908e+06 597965
14730.9 2.41319e+06 1.08389e+06
14740.6 7.4333e+06 1.10471e+06
14751.5 1.6373e+06 393631
14760 7.3756e+06 1.15022e+06
14770.6 4.62855e+06 1.13357e+06
14782.8 3.44565e+06 383104
14790.5 3.1829e+06 702664
14800.9 6.39291e+06 969920
14811.1 1.72282e+06 419090
14820.6 7.84649e+06 1.75932e+06
14830.2 4.39671e+06 667058
14841.9 1.80629e+06 156053
14852.1 6.71178e+06 1.02429e+06
14861.4 3.59943e+06 848460
14871.5 2.99307e+06 1.24064e+06
14880.2 7.34905e+06 658057
14892.1 4.46884e+06 878582
14902.1 1.86811e+06 1.01548e+06
14910.1 7.14821e+06 1.28337e+06
14921.1 4.57048e+06 1.14683e+06
14931.8 1.96859e+06 1.03009e+06
14941 5.72519e+06 1.84787e+06
14950.2 5.22125e+06 1.02226e+06
14963.1 3.76611e+06 1.24021e+06
14971.2 3.56875e+06 1.61308e+06
14980.6 5.96267e+06 1.05657e+06
14992.5 2.72747e+06 594755
15000.2 4.25246e+06 696085
15010.9 6.32141e+06 2.39579e+06
15023.6 4.08553e+06 1.07531e+06
15030.1 1.60021e+06 331678
15041.1 7.683e+06 2.19829e+06
15052.4 3.68754e+06 754849
15060.2 1.50129e+06 321411
15070.5 8.42455e+06 2.30097e+06
15080.8 4.50182e+06 1.00838e+06
15090.5 667697 141889
15100.4 7.46318e+06 671393
15111.1 5.3239e+06 1.99902e+06
15121.5 1.19732e+06 386898
15130.1 7.61465e+06 1.04833e+06
15141.2 4.57394e+06 638047
15151.2 2.82845e+06 629365
15160.4 4.3161e+06 1.07648e+06
15170.2 6.737e+06 984418
15181.8 1.44153e+06 346246
15190.8 7.69458e+06 1.73472e+06
15200.2 4.41629e+06 587230
15212.5 3.72695e+06 765233
15221.1 2.8573e+06 957238
15230.8 6.27719e+06 708067
15240.1 2.46059e+06 724164
15250.6 7.91244e+06 1.24173e+06
15261.1 4.61928e+06 1.21578e+06
15270.9 1.26224e+06 283525
15280.2 7.28183e+06 962224
15292.2 3.00234e+06 412078
15300.4 6.19500e+06 1.58208e+06
15310.5 4.62031e+06 754015
15320.2 4.58012e+06 639067
15331.1 896442 199625
15342 7.67544e+06 1.23164e+06
15350.6 569808 196320
15360.1 8.5925e+06 1.2234e+06
15370 4.40186e+06 797106
15382 3.36631e+06 255240
15391 2.50696e+06 842880
15400.2 7.8568e+06 636353
15412.1 1.48584e+06 242295
15420.6 7.41682e+06 1.01407e+06
15430.4 4.55127e+06 503802
15443 3.93922e+06 452184
15450.9 2.14735e+06 651088
15460.5 7.38281e+06 720964
15471.2 1.78156e+06 303045
15480 7.50749e+06 1.04971e+06
15490.4 4.19888e+06 671051
15502.8 3.83102e+06 512782
15510.5 2.0845e+06 700771
15522.9 6.65741e+06 950141
15531.6 2.83051e+06 497608
15540.1 6.79033e+06 1.50705e+06
15550.4 4.37405e+06 648337
15562.9 2.01031e+06 316816
15570.4 4.23494e+06 1.02854e+06
15581.2 6.86967e+06 1.04607e+06
15592.4 1.95854e+06 442518
15600.5 6.97684e+06 760688
15610.1 4.58243e+06 438860
15621.5 4.60794e+06 468162
15630.1 513136 209709
15640 8.46885e+06 884127
15652.1 2.87172e+06 296548
15660.4 4.63989e+06 577624
15670.6 5.96807e+06 995675
15680.6 4.4709e+06 440746
15690.2 768675 261310
15700 8.3586e+06 699655
15712.2 2.39671e+06 329959
15720.5 4.98689e+06 919361
15730.1 6.18985e+06 788949
15740.9 4.29883e+06 342914
15750.9 2.29573e+06 180746
15760.8 5.62907e+06 484355
15772 3.59894e+06 724381
15780.5 7.07187e+06 643288
15790.1 4.49769e+06 390389
15802.1 3.45287e+06 449265
15811.1 3.23648e+06 528793
15821 7.31068e+06 831793
15831.5 1.06337e+06 319875
15840.1 7.56622e+06 873572
15850 4.16178e+06 440099
15863.2 3.74756e+06 508628
15870.4 3.07059e+06 808703
15880.9 5.79497e+06 533669
15891.1 3.06186e+06 524917
15900.5 7.37918e+06 1.39984e+06
15911.8 3.10459e+06 718792
15920 3.20969e+06 776751
15930.6 7.28286e+06 1.3379e+06
15941.6 1.73416e+06 281293
15950.5 7.22516e+06 1.66532e+06
15960.9 4.79342e+06 771606
15972.8 3.6878e+06 788846
15981.1 2.92015e+06 587482
15990.5 7.15591e+06 1.54374e+06
16001.5 1.46832e+06 142490
16010.1 6.96192e+06 1.30312e+06
16020.4 4.87634e+06 936592
16032.6 3.50645e+06 579305
16040.6 2.41422e+06 740053
16050.6 7.47452e+06 919931
16061.1 4.19476e+06 679791
16070.4 1.2035e+06 360163
16080.2 8.24683e+06 1.12616e+06
16090.9 4.42556e+06 249133
16101.8 1.87532e+06 246104
16110.4 6.66335e+06 681078
16120.4 5.22334e+06 560687
16131 1.13859e+06 427643
16140.1 7.61980e+06 504593
16150.2 5.0809e+06 1.09902e+06
16163 3.57342e+06 398633
16170.2 2.89027e+06 685590
16180.8 7.58889e+06 887288
16191.1 1.51159e+06 308553
16200.1 7.30347e+06 1.0384e+06
16210.1 4.7419e+06 634132
16220.2 4.83154e+06 413770
16230.1 671818 225449
16241.4 8.02269e+06 752336
16252.1 2.09892e+06 459824
16260.2 7.27462e+06 727801
16270.1 4.6605e+06 622657
16281.6 2.77486e+06 408007
16290.5 4.23906e+06 563980
16300.8 5.03556e+06 404913
16310.6 3.45905e+06 499897
16320.1 6.46266e+06 945453
16331.9 2.85936e+06 586473
16340.8 4.07705e+06 524593
16350.6 6.47788e+06 1.59359e+06
16361 1.88151e+06 215473
16370.1 7.13424e+06 1.57015e+06
16380.6 4.70369e+06 903666
16391.6 2.84699e+06 426842
16400.1 2.96755e+06 657001
16410.1 7.73376e+06 1.87113e+06
16421.4 2.99434e+06 313088
16430.5 2.93561e+06 810466
16440.8 7.62805e+06 1.47194e+06
16450.5 4.40702e+06 587862
16462.6 1.39928e+06 211349
16470.6 6.96344e+06 401432
16481.8 4.53479e+06 484232
16491.2 1.52062e+06 334218
16500.6 7.95287e+06 908260
16510.5 4.42763e+06 230069
16520.8 2.47296e+06 394435
16530.6 4.76972e+06 371733
16541.1 5.19733e+06 363990
16550.9 1.77022e+06 576431
16560.2 7.92789e+06 349513
16570.1 4.55333e+06 239846
16581.9 2.26688e+06 342892
16590.8 5.25813e+06 799590
16602.8 5.87534e+06 936975
16610 1.69706e+06 297839
16621 8.04948e+06 692829
16630.6 4.64607e+06 468350
16641.9 845955 202646
16650.1 7.70121e+06 496981
16661.8 4.09275e+06 313882
16670.5 734672 202962
16680.6 8.24114e+06 705151
16690.6 4.55952e+06 407389
16702.1 1.92375e+06 151717
16710.8 5.27668e+06 475298
16720.4 6.13088e+06 781646
16730.2 921173 215429
16740 8.33181e+06 872695
16750.5 4.56158e+06 614407
16761.8 2.08347e+06 159255
16770.5 5.46602e+06 864507
16782.9 5.7169e+06 975111
16790.5 1.5796e+06 412870
16800.9 7.98869e+06 850321
16810.6 4.72438e+06 615390
16821.4 1.06749e+06 345397
16830 7.73291e+06 1.02671e+06
16842.6 4.13524e+06 533618
16851 2.80887e+06 519783
16860.1 7.1551e+06 1.18941e+06
16870.6 4.65637e+06 827231
16880.8 618238 175447
16890.8 8.40085e+06 1.06627e+06
16902.4 3.45905e+06 570179
16911 4.29986e+06 1.15289e+06
16920.2 6.05978e+06 715110
16930.2 4.48945e+06 898479
16941.8 1.19011e+06 229055
16950.4 7.64866e+06 1.28099e+06
16963.2 3.44256e+06 805049
16970.4 3.08708e+06 439253
16980.4 7.00788e+06 2.10254e+06
16991.4 4.203e+06 1.07277e+06
17000.2 1.59609e+06 221221
17010.6 7.50028e+06 1.61324e+06
17020.8 2.50387e+06 1.06081e+06
17030.6 5.68574e+06 1.82357e+06
17040.1 5.41063e+06 630865
17053.1 4.19579e+06 818977
17062.2 1.12519e+06 344369
17070.8 8.21002e+06 2.31369e+06
17080.6 2.44514e+06 197713
17090.2 3.44232e+06 430755
17100.4 7.94938e+06 2.58082e+06
17113.6 3.96807e+06 737353
17121.1 2.75941e+06 287999
17130.5 6.98199e+06 2.0346e+06
17141.2 1.88872e+06 661243
17150.4 7.44052e+06 1.50827e+06
17160.6 4.65843e+06 833510
17173 3.4302e+06 587160
17181.1 2.14735e+06 893199
17190.2 7.15004e+06 1.44446e+06
17200.6 2.73983e+06 306034
17210.5 4.46472e+06 694364
17220.6 6.56682e+06 1.82589e+06
17230.5 4.71614e+06 1.15143e+06
17241.5 1.09944e+06 350911
17250.2 8.06327e+06 1.77656e+06
17261.9 2.49229e+06 339498
17270.6 6.31556e+06 1.75856e+06
17280.5 5.18004e+06 758865
17290.5 2.50284e+06 953449
17300.6 4.6685e+06 1.31626e+06
17310.9 6.4413e+06 1.0355e+06
17321.8 1.91242e+06 587483
17330.2 6.64092e+06 1.99015e+06
17340.2 4.71202e+06 569448
17350.8 4.77384e+06 851151
17360.1 546108 198479
17370.6 8.14016e+06 1.27645e+06
17382.1 3.63422e+06 527012
17390.6 3.30861e+06 815654
17400.5 6.91604e+06 1.20333e+06
17412 4.4472e+06 649917
17420.6 1.24472e+06 692495
17430.6 7.82692e+06 961191
17440.8 4.55642e+06 585899
17450.6 1.27872e+06 311066
17460.6 7.65278e+06 991107
17470.5 4.87276e+06 638468
17481.1 1.34776e+06 349544
17490.5 7.61671e+06 731471
17500.2 4.39156e+06 824611
17510.9 808861 135633
17520.5 8.38333e+06 799684
17530.5 4.63577e+06 530859
17542 1.47862e+06 426738
17550.4 7.08297e+06 973022
17560.9 4.93974e+06 403530
17570.2 1.22205e+06 233516
17580.6 7.91347e+06 1.46214e+06
17590.4 4.56158e+06 488311
17601.6 1.6033e+06 271838
17610.8 7.44773e+06 876470
17622 3.2043e+06 831631
17630.6 3.92273e+06 1.34538e+06
17640.6 6.72978e+06 768919
17651.9 4.52551e+06 671261
17660.6 415248 320052
17670 8.0093e+06 1.72637e+06
17682 2.46162e+06 448507
17691.1 6.79652e+06 1.18171e+06
17700 4.5615e+06 1.47529e+06
17713.4 3.97734e+06 799848
17721 2.71613e+06 391633
17731.4 5.49615e+06 1.87664e+06
17740.5 4.84597e+06 878917
17750.5 5.85916e+06 1.21765e+06
17760.9 4.18136e+06 706014
17770.1 775889 432458
17780.1 8.14428e+06 1.66275e+06
17792 2.46677e+06 378872
17800.4 6.60977e+06 1.29046e+06
17810.5 4.91319e+06 699614
17823.5 4.2607e+06 632566
17831.6 1.64633e+06 399154
17840.4 7.97625e+06 1.88679e+06
17851.5 1.53529e+06 191493
17860.1 7.61259e+06 1.17348e+06
17871.2 4.51212e+06 792379
17881.6 2.83669e+06 536488
17890.4 4.35756e+06 782015
17900.1 6.79548e+06 731604
17911.4 1.65276e+06 802684
17920.8 7.75066e+06 1.14196e+06
17930.4 4.48842e+06 410244
17942.1 3.23339e+06 660292
17950.2 2.73571e+06 692756
17960.9 6.73984e+06 423275
17971.5 1.21587e+06 248657
17980 8.51445e+06 1.36823e+06
17990.5 4.47812e+06 883473
18002.1 2.06183e+06 206365
18010.9 5.16024e+06 422205
18020.5 6.21537e+06 600791
18031 956208 234565
18040.1 7.90832e+06 860651
18050.4 4.40702e+06 411678
18061.6 2.5863e+06 345221
18070.1 4.5317e+06 567580
18081 6.4637e+06 428023
18090.5 621326 409490
18100.5 8.29472e+06 754305
18110.1 4.53994e+06 274368
18121.1 2.46059e+06 567879
18130.2 4.78208e+06 799881
18140.6 6.24113e+06 767731
18150.4 1.1775e+06 277650
18160.2 8.1538e+06 366283
18170.1 4.53582e+06 388461
18182.1 3.34777e+06 257338
18190.8 2.23906e+06 681871
18200.4 8.42249e+06 1.02625e+06
18210.6 756310 261603
18220 8.27926e+06 689654
18230.6 4.67492e+06 673871
18241.1 2.76765e+06 297754
18250.1 4.37198e+06 718358
18261.4 4.51109e+06 655808
18270.5 6.57062e+06 828124
18280.5 4.46599e+06 755624
18290.8 2.2813e+06 386769
18300.2 5.57652e+06 1.20088e+06
18310 5.86606e+06 1.35654e+06
18320.2 850077 227158
18330.2 8.39554e+06 1.70208e+06
18340.6 4.59146e+06 936668
18352.1 3.559e+06 747443
18360.5 2.67182e+06 500926
18370.2 7.35499e+06 1.34476e+06
18381.2 2.67388e+06 373036
18390.4 5.20867e+06 817300
18400.9 6.01547e+06 1.20378e+06
18410.4 4.61001e+06 867215
18420.2 761464 216280
18432 8.44619e+06 1.18115e+06
18440.8 2.87663e+06 639733
18450.2 6.34854e+06 1.05712e+06
18461 2.52757e+06 326833
18470.2 4.69553e+06 811523
18480.1 6.35138e+06 1.07547e+06
18491.6 1.4745e+06 360762
18500.4 7.51470e+06 1.05783e+06
18510.2 4.45957e+06 799576
18521.5 2.95724e+06 337776
18530.4 4.19063e+06 724246
18540.4 6.74294e+06 632043
18551.6 1.42504e+06 325833
18560.2 7.48894e+06 846030
18570.6 4.39980e+06 459648
18582.1 3.24266e+06 426372
18591.1 2.01546e+06 577562
18600.4 8.02578e+06 1.31624e+06
18611.6 1.92169e+06 341685
18620.1 7.29729e+06 731765
18630.4 4.7419e+06 439155
18642.6 3.70840e+06 258149
18650.4 3.18702e+06 560880
18661.1 5.66308e+06 408704
18671.1 2.91294e+06 505718
18680.4 7.01702e+06 1.03335e+06
18690.4 4.56467e+06 620776
18700.9 1.07986e+06 297941
18710.8 8.20198e+06 786923
18721.2 2.32434e+06 512230
18730.2 6.88101e+06 936793
18740.5 5.02756e+06 471175
18752.6 4.46884e+06 921943
18760.8 1.5219e+06 523250
18770.2 8.1618e+06 1.27776e+06
18781.8 1.7084e+06 591401
18790.4 7.71357e+06 1.55822e+06
18800.4 4.1927e+06 866115
18811.4 2.4235e+06 381451
18821 3.28285e+06 589919
18830.9 7.68781e+06 2.38694e+06
18842 2.5966e+06 507591
18850.1 6.27077e+06 647257
18862.4 4.88331e+06 918735
18871 2.10053e+06 1.46865e+06
18880.2 7.22001e+06 1.16859e+06
18892 3.32247e+06 947436
18901 2.18935e+06 624080
18910.2 8.04473e+06 2.91493e+06
18920.1 4.52551e+06 1.19131e+06
18930.4 1.38691e+06 388461
18940.8 7.39774e+06 2.49356e+06
18950.4 5.00877e+06 669001
18960 1.95054e+06 897377
18973.1 7.01805e+06 962138
18981.5 2.26948e+06 585140
18990.2 6.74101e+06 1.65539e+06
19001.8 2.71649e+06 965885
19011.9 4.17415e+06 756766
19021.1 6.22876e+06 2.32896e+06
19030.8 985059 521397
19040.2 7.81335e+06 1.42808e+06
19050.1 4.01238e+06 798617
19061.8 2.90572e+06 1.01549e+06
19071.6 3.05489e+06 600593
19081.6 6.16134e+06 1.13257e+06
19091.5 3.66822e+06 1.51203e+06
19101.2 6.20198e+06 589880
19110.9 4.62237e+06 1.77001e+06
19121.6 2.04225e+06 233425
19131.2 7.57138e+06 1.10605e+06
19142 2.76353e+06 856351
19150.6 4.5657e+06 1.88261e+06
19160.1 6.32457e+06 783202
19173.1 4.29986e+06 1.03103e+06
19180.6 969604 871813
19190.1 8.2445e+06 1.56922e+06
19201.2 2.41628e+06 1.2441e+06
19210.5 6.02529e+06 1.65503e+06
19220.5 4.59916e+06 874693
19232.6 3.7352e+06 1.18972e+06
19241.2 2.02679e+06 509994
19252 7.51856e+06 2.68202e+06
19261.6 1.62185e+06 436870
19272.5 7.33625e+06 1.9577e+06
19280.9 4.67286e+06 2.21626e+06
19293.5 4.1319e+06 1.18099e+06
19302.4 3.09841e+06 531242
19310.9 6.85733e+06 2.58567e+06
19321.8 1.91242e+06 262794
19330.1 7.34939e+06 1.7541e+06
19342.9 4.28234e+06 901305
19350.8 2.644e+06 1.13555e+06
19360.5 5.99177e+06 1.80216e+06
19370 4.9166e+06 701552
19382.2 2.25657e+06 1.18735e+06
19390.6 4.96858e+06 1.25532e+06
19400.6 6.44309e+06 1.50255e+06
19412.6 2.04431e+06 390708
19420.6 6.77797e+06 1.43034e+06
19430.4 5.15715e+06 702705
19441.2 2.54818e+06 959785
19450.8 4.43229e+06 1.01592e+06
19460.4 6.79391e+06 1.02422e+06
19470 4.38435e+06 606227
19480.6 713034 135371
19490.2 8.30296e+06 1.68461e+06
19502.6 3.67234e+06 385579
19510.4 2.84081e+06 202026
19521.2 7.05927e+06 904645
19530.6 4.45339e+06 1.0104e+06
19540.9 806800 221401
19550.4 7.68472e+06 584687
19562.9 4.42144e+06 771617
19571.5 1.89593e+06 336664
19580.6 7.57756e+06 1.5354e+06
19590.2 4.69656e+06 531395
19601.2 1.55693e+06 390227
19610.9 6.94283e+06 1.51979e+06
19622.1 3.41371e+06 429793
19631 4.81893e+06 478338
19641.4 5.96959e+06 1.20293e+06
19650.5 4.75426e+06 1.52315e+06
19660.4 905718 291104
19670.1 7.90523e+06 772940
19683.2 4.81556e+06 1.1689e+06
19690.6 1.72955e+06 892765
19700.4 7.1597e+06 1.26826e+06
19710.1 4.52654e+06 722121
19721.6 1.75065e+06 805772
19730.4 6.89326e+06 1.75312e+06
19743.6 4.18033e+06 861092
19750.1 2.08656e+06 213113
19761.4 7.42831e+06 1.92824e+06
19770.9 4.56055e+06 1.55218e+06
19780.5 952087 235766
19790 7.65278e+06 937192
19802.2 4.93974e+06 1.48712e+06
19810.5 1.53838e+06 991565
19820.1 7.86092e+06 979409
19830 4.16075e+06 727348
19842.5 1.73622e+06 841241
19850.9 6.94798e+06 1.36806e+06
19860.5 4.54097e+06 768574
19870.6 499739 175743
19881.4 8.31636e+06 1.53191e+06
19890.8 4.47399e+06 1.57275e+06
19901.2 2.62443e+06 360354
19910.1 3.12932e+06 549368
19921 7.9921e+06 2.59182e+06
19930.2 839773 319631
19940.1 8.23186e+06 1.23607e+06
19951.4 4.70489e+06 1.15357e+06
19961.2 2.35961e+06 453392
19970.4 4.52654e+06 1.07118e+06
19980.2 6.60883e+06 1.01834e+06
19991.6 1.45595e+06 201716
20000.2 7.85552e+06 1.9345e+06
20010.2 4.78336e+06 706101
20021.5 3.15714e+06 859272
20030.8 3.68986e+06 1.02504e+06
20040.5 7.29147e+06 1.43871e+06
20050.4 856259 240728
20061.5 8.35036e+06 1.57802e+06
20070.6 4.7522e+06 1.32717e+06
20082.1 2.33591e+06 372540
20090.9 5.2517e+06 861256
20101.4 6.27641e+06 1.82594e+06
20111 926327 253625
20120.1 8.03506e+06 1.11846e+06
20132.1 4.55436e+06 779131
20141.4 2.80681e+06 434594
20150.9 3.74344e+06 1.52056e+06
20160.8 5.44513e+06 770653
20170.4 2.62958e+06 867109
20181.9 7.36736e+06 1.50867e+06
20191.2 2.79238e+06 773780
20200.5 6.48533e+06 1.46625e+06
20211.2 5.0475e+06 1.50372e+06
20222.4 2.1319e+06 682585
20230.5 6.80167e+06 1.92784e+06
20240 4.71614e+06 1.08976e+06
20251.6 2.25554e+06 789444
20261 5.28904e+06 1.44442e+06
20270.5 5.90522e+06 1.60784e+06
20280.6 4.40496e+06 748423
20291.5 1.02628e+06 331856
20300.4 7.98658e+06 1.71065e+06
20313.2 4.09481e+06 849352
20321.2 1.12726e+06 381392
20330.9 7.97323e+06 1.73425e+06
20340.4 4.34416e+06 1.32244e+06
20351.8 2.61618e+06 453959
20361 4.35859e+06 1.15405e+06
20373.5 6.70547e+06 810352
20380.6 1.23545e+06 948388
20390.4 8.01342e+06 1.02417e+06
20400.9 4.35447e+06 633286
20411.9 1.26636e+06 427431
20420.6 7.21754e+06 1.6779e+06
20432.2 4.06596e+06 672899
20440.2 2.05565e+06 248136
20451.6 7.63938e+06 1.33723e+06
20460.9 4.60073e+06 1.34478e+06
20471.8 1.39928e+06 295672
20480.1 6.16361e+06 1.06419e+06
20491.8 6.18876e+06 1.45721e+06
20501 1.41886e+06 715038
20510.6 7.47395e+06 1.76032e+06
20521.5 4.39774e+06 1.20219e+06
20530.1 768675 233934
20541.1 8.10306e+06 2.11645e+06
20550.4 4.51574e+06 1.01568e+06
20560.9 777949 536450
20570.6 7.63263e+06 1.42864e+06
20581.2 5.04769e+06 1.68333e+06
20590.8 2.31737e+06 518610
20600.6 3.14066e+06 1.00511e+06
20610.1 7.52631e+06 960061
20622 2.96858e+06 735074
20630.5 3.49693e+06 946938
20640.4 7.27383e+06 1.05305e+06
20650.5 4.5997e+06 577808
20660.4 1.16847e+06 764164
20670.5 7.99281e+06 1.21659e+06
20682.4 2.84699e+06 294712
20690.9 4.42017e+06 508514
20700.5 6.38151e+06 1.76265e+06
20710.8 4.43381e+06 774906
20720.2 828439 249174
20730.5 8.15973e+06 1.19236e+06
20742.9 3.79084e+06 756248
20750.9 2.07189e+06 951677
20760.2 7.5087e+06 1.19657e+06
20770 4.56364e+06 677454
20781.4 1.38382e+06 729002
20790.6 7.68345e+06 1.29663e+06
20800.1 4.36018e+06 413943
20812 1.42092e+06 264489
20821.1 7.14756e+06 1.19527e+06
20830.4 5.12624e+06 597468
20841.4 4.60383e+06 347769
20851.1 1.15611e+06 197572
20861.1 8.47504e+06 1.31796e+06
20871.8 2.34725e+06 412574
20880 6.90368e+06 998609
20890.9 4.7893e+06 1.11713e+06
20902.9 3.52294e+06 605051
20910.2 2.85420e+06 262020
20922.6 7.23444e+06 1.40289e+06
20931.2 1.39001e+06 1.06455e+06
20940.2 7.99281e+06 1.51186e+06
20950 4.35242e+06 653173
20962.4 3.22927e+06 871302
20970.6 3.06956e+06 1.19473e+06
20980.5 6.30295e+06 640647
20991 2.16487e+06 754164
21000.5 7.69708e+06 1.00561e+06
21011.4 4.169e+06 1.02611e+06
21021.8 3.53118e+06 403087
21030.6 1.09943e+06 328350
21040.2 8.56365e+06 1.56107e+06
21052 1.69536e+06 327662
21061 6.71281e+06 1.14442e+06
21070.8 4.69165e+06 806691
21082.8 3.64555e+06 682225
21090.2 2.33901e+06 493857
21102.1 7.46421e+06 1.54876e+06
21111.2 2.40598e+06 628504
21120.6 5.03326e+06 1.69233e+06
21130.6 6.25889e+06 697073
21141.9 4.55849e+06 1.30058e+06
21150.8 416278 196895
21160 8.88443e+06 1.16166e+06
21171.6 1.78774e+06 1.17611e+06
21180.8 6.47252e+06 1.607e+06
21190.2 5.20297e+06 850211
21202.6 3.48996e+06 1.01038e+06
21211.5 2.79753e+06 991593
21220.8 7.45391e+06 1.75004e+06
21231.9 2.16281e+06 395939
21240.5 6.65741e+06 790345
21250.6 5.33335e+06 2.33461e+06
21262.4 4.00001e+06 897654
21270.2 2.33798e+06 382046
21281.6 7.18292e+06 1.43328e+06
21292.1 1.67234e+06 1.11199e+06
21300.8 5.64016e+06 1.19394e+06
21310.1 5.76898e+06 1.45884e+06
21323.1 4.56467e+06 910248
21330.6 1.05822e+06 718905
21340.8 8.19786e+06 1.67721e+06
21352.4 3.22721e+06 845119
21360.4 3.22491e+06 484869
21370.9 7.14458e+06 2.49813e+06
21380.8 4.51315e+06 733348
21390.6 932510 363965
21401.2 7.98457e+06 1.15475e+06
21411.4 2.42738e+06 519578
21420.6 5.65714e+06 1.90035e+06
21430.2 4.82021e+06 726073
21442 3.07677e+06 800425
21450.5 3.47657e+06 963013
21461.5 6.67699e+06 1.71278e+06
21470.8 1.37249e+06 615375
21480.4 8.02372e+06 1.47526e+06
21490.9 4.46334e+06 849971
21501.1 3.46214e+06 527818
21510.5 2.73571e+06 608057
21521.4 6.97477e+06 1.02771e+06
21531.1 1.53735e+06 510367
21540.8 8.30502e+06 883489
21550.4 4.59146e+06 960801
21560.8 2.36683e+06 533135
21571.1 5.06932e+06 1.28362e+06
21580.6 6.21561e+06 698575
21590.8 1.00155e+06 358920
