# TimeStamp(s) Sum Stdev
0 1.71108e+07 1.21099e+06
10 1.57064e+07 1.3295e+06
20.375 1.68779e+07 1.83433e+06
30 1.73447e+07 2.13713e+06
40 1.72798e+07 1.3815e+06
50 1.69068e+07 2.22287e+06
60 1.52211e+07 908002
70 1.58733e+07 2.03283e+06
80 1.78084e+07 2.47924e+06
90 1.66224e+07 1.89908e+06
100.125 1.45225e+07 1.13447e+06
111 1.24977e+07 3.07506e+06
120.875 1.43257e+07 3.91613e+06
130.25 1.65234e+07 4.23146e+06
140.25 1.51992e+07 2.61527e+06
150.125 1.59614e+07 2.47421e+06
160 1.70023e+07 1.60454e+06
170.375 1.54246e+07 2.29699e+06
180 1.48537e+07 1.11073e+06
190.375 1.5023e+07 1.00166e+06
200.125 1.58684e+07 1.50582e+06
210 1.66842e+07 1.60199e+06
220 1.30418e+07 1.26307e+06
230.875 1.06912e+07 2.33346e+06
240 2.0657e+07 5.26244e+06
250.25 1.78723e+07 3.84674e+06
260 1.8371e+07 2.1616e+06
270 1.7828e+07 1.09058e+06
280.5 1.68324e+07 2.45966e+06
290 1.56870e+07 3.7384e+06
300 1.41206e+07 2.07236e+06
310 1.43298e+07 1.87663e+06
320.25 1.42082e+07 3.53635e+06
330.125 1.45753e+07 3.37488e+06
340.25 1.37051e+07 2.36859e+06
350.375 1.50251e+07 2.13173e+06
360.875 1.43761e+07 2.19566e+06
370.25 1.7998e+07 2.93783e+06
380.125 1.72376e+07 2.06492e+06
390 1.52139e+07 2.27006e+06
400.25 1.31876e+07 1.97387e+06
410.25 1.60547e+07 3.31901e+06
420.25 1.88368e+07 5.15834e+06
430 1.63581e+07 1.77509e+06
440 1.61268e+07 1.89913e+06
450 1.53767e+07 2.15162e+06
460 1.52633e+07 969899
470.25 1.36369e+07 2.54426e+06
480.375 1.4201e+07 3.16397e+06
490 1.47607e+07 2.46276e+06
500.25 1.35776e+07 1.9951e+06
510.875 1.52906e+07 4.07504e+06
521 1.33099e+07 2.59709e+06
530.625 1.04746e+07 1.47136e+06
540 1.90776e+07 2.25801e+06
550.125 1.25688e+07 1.12482e+06
562.25 1.26471e+07 1.56691e+06
570.25 1.49893e+07 3.79223e+06
580.125 1.81471e+07 3.13676e+06
590 1.73779e+07 1.63347e+06
600 1.53705e+07 1.27287e+06
611 1.25698e+07 2.87361e+06
621.375 1.42646e+07 2.57999e+06
630.25 1.42566e+07 2.5881e+06
640.125 1.26834e+07 2.17318e+06
650.75 1.27979e+07 1.9595e+06
660.25 1.62952e+07 1.99675e+06
670.25 1.60266e+07 1.55175e+06
680 1.44477e+07 1.30918e+06
690 1.40495e+07 1.87296e+06
700 1.27079e+07 2.19195e+06
710.125 1.37517e+07 4.05189e+06
723.25 1.22411e+07 2.50701e+06
730.75 1.30314e+07 3.38395e+06
740.25 1.18457e+07 4.09025e+06
750.125 1.2112e+07 2.84545e+06
760 1.42216e+07 2.08808e+06
771.125 1.41562e+07 2.08093e+06
780.375 1.4363e+07 2.26915e+06
790.75 1.27033e+07 1.16774e+06
800.75 1.41448e+07 1.95598e+06
810.25 1.58131e+07 2.52349e+06
820.375 1.34233e+07 2.26378e+06
830.25 1.46031e+07 3.07137e+06
840.625 1.64932e+07 3.79016e+06
850.25 1.71564e+07 2.81958e+06
860 1.65709e+07 2.34327e+06
870.125 1.80807e+07 1.70607e+06
880 1.72293e+07 1.34625e+06
890 1.6879e+07 902218
900 1.42278e+07 1.20005e+06
910 1.2709e+07 2.4597e+06
920.75 8.63735e+06 1.05057e+06
930.375 1.73885e+07 2.85455e+06
940.625 1.33978e+07 1.96329e+06
950.75 1.43712e+07 1.86146e+06
960.375 1.23001e+07 1.37468e+06
970.25 1.20513e+07 1.40445e+06
981 1.40874e+07 2.16311e+06
990 1.40479e+07 2.26902e+06
1001.12 1.01525e+07 1.97236e+06
1010.12 1.69573e+07 3.55516e+06
1020.5 1.35864e+07 2.29643e+06
1030.38 1.41757e+07 1.82e+06
1040.25 1.44831e+07 3.18488e+06
1050.12 1.31613e+07 2.43247e+06
1061.88 1.26018e+07 1.94605e+06
1070.5 1.56484e+07 1.98566e+06
1080.5 1.36446e+07 1.92533e+06
1090.62 1.33916e+07 2.41833e+06
1100 1.32015e+07 1.75879e+06
1110.12 1.42484e+07 4.28126e+06
1120.25 1.4863e+07 3.59647e+06
1130.75 1.35325e+07 1.60237e+06
1140 1.57859e+07 2.93106e+06
1150 1.3423e+07 2.01121e+06
1160.88 1.53378e+07 2.48953e+06
1170.75 1.34954e+07 2.736e+06
1180.88 1.48978e+07 2.65291e+06
1192 1.11296e+07 3.08415e+06
1200.75 1.65687e+07 5.76194e+06
1210.25 1.48636e+07 5.09998e+06
1221.25 9.35112e+06 1.8714e+06
1230.5 1.44089e+07 2.67608e+06
1240.62 1.41546e+07 3.44578e+06
1250.88 1.12497e+07 1.46377e+06
1260.5 1.9193e+07 2.80683e+06
1270.12 1.45603e+07 1.19679e+06
1280.25 1.11778e+07 1.95944e+06
1290.88 7.71872e+06 1.06689e+06
1300.5 1.61613e+07 1.96668e+06
1310.62 1.36729e+07 1.58774e+06
1320.12 1.60255e+07 1.8655e+06
1330 1.5278e+07 1.74364e+06
1340.25 1.43501e+07 2.98332e+06
1350.62 1.4454e+07 3.54445e+06
1360.12 1.48187e+07 2.98616e+06
1370.75 1.36781e+07 1.89664e+06
1380.25 1.58128e+07 2.66517e+06
1390.5 1.59372e+07 2.21191e+06
1400.62 1.60841e+07 1.69091e+06
1410 1.48612e+07 1.48941e+06
1420 1.50356e+07 1.52397e+06
1430.12 1.36064e+07 1.68895e+06
1440 1.44555e+07 4.00921e+06
1450.12 1.34918e+07 2.65615e+06
1461.5 9.15098e+06 1.60774e+06
1470.5 1.6133e+07 3.87055e+06
1480.25 1.81891e+07 3.81881e+06
1490 1.51582e+07 2.32776e+06
1500.12 1.48635e+07 3.4277e+06
1510.88 1.3575e+07 3.60841e+06
1520.12 1.57474e+07 2.79185e+06
1530 1.67829e+07 2.52367e+06
1540.25 1.44601e+07 1.16349e+06
1550 1.67308e+07 1.85153e+06
1560 1.49627e+07 1.31939e+06
1570 1.54405e+07 1.35392e+06
1580 1.68615e+07 950522
1590.38 1.60557e+07 1.50267e+06
1600 1.43782e+07 1.11196e+06
1610.12 1.32324e+07 2.59023e+06
1620.25 1.4394e+07 3.62275e+06
1630 1.46664e+07 2.35656e+06
1640.12 1.17115e+07 1.35473e+06
1650.38 1.29509e+07 2.36138e+06
1660.12 1.63424e+07 2.44759e+06
1670 1.57509e+07 2.3094e+06
1680 1.70284e+07 1.83337e+06
1690 1.8236e+07 1.14441e+06
1700.12 1.86428e+07 2.83766e+06
1710 1.63362e+07 912829
1720.12 1.44658e+07 1.17246e+06
1730 1.44256e+07 1.56252e+06
1740 1.43009e+07 1.16304e+06
1750.25 1.70902e+07 1.63001e+06
1760 1.80598e+07 2.19907e+06
1770 1.56538e+07 1.56546e+06
1780.38 1.6607e+07 1.61482e+06
1790 1.57455e+07 805963
1800.12 1.46788e+07 935344
1811 1.29094e+07 2.4039e+06
1820.5 1.44073e+07 3.32224e+06
1830.5 1.28746e+07 2.85155e+06
1841.5 1.00863e+07 1.34651e+06
1850 1.49022e+07 2.67259e+06
1860 1.02473e+07 1.60817e+06
1870.25 1.12134e+07 1.23964e+06
1881.25 1.32902e+07 1.26388e+06
1890.12 1.48578e+07 3.29455e+06
1900 1.24617e+07 2.50052e+06
1910.38 1.07413e+07 2.0591e+06
1920.75 1.52597e+07 3.9433e+06
1932.75 1.01896e+07 2.2085e+06
1940.12 1.25346e+07 2.11454e+06
1952.75 1.01198e+07 1.64191e+06
1960.75 1.47466e+07 1.89444e+06
1970.12 1.32803e+07 1.75793e+06
1980.62 1.35413e+07 2.57464e+06
1990.38 1.41556e+07 2.13455e+06
2000.12 1.48885e+07 1.83552e+06
2010.62 1.37183e+07 1.75939e+06
2020.12 1.66085e+07 2.45096e+06
2030.25 1.69952e+07 2.2936e+06
2040 1.69987e+07 762919
2050 1.56003e+07 853021
2060 1.4506e+07 2.13902e+06
2071.5 1.37659e+07 2.86335e+06
2080.12 2.03989e+07 5.04648e+06
2090.12 1.66801e+07 2.26661e+06
2100.25 1.55008e+07 2.23463e+06
2110 1.58656e+07 2.58288e+06
2120.38 1.46811e+07 1.40987e+06
2130 1.80825e+07 1.157e+06
2140 1.59094e+07 1.06648e+06
2150.25 1.7116e+07 1.6592e+06
2160 1.63411e+07 1.16421e+06
2170.12 1.36793e+07 2.29587e+06
2180.62 1.27149e+07 2.1444e+06
2190.62 1.57837e+07 1.80355e+06
2200 1.856e+07 1.92306e+06
2210 1.75745e+07 1.1153e+06
2220 1.45472e+07 1.08034e+06
2230.5 1.31178e+07 2.03655e+06
2242.12 1.22321e+07 2.49215e+06
2250.25 1.50495e+07 3.34459e+06
2260.88 1.43184e+07 3.20124e+06
2270.25 1.45325e+07 1.32021e+06
2280.25 1.50644e+07 1.6446e+06
2290.38 1.59089e+07 1.7901e+06
2300.12 1.63501e+07 2.08201e+06
2310.38 1.53867e+07 1.63648e+06
2320 1.69493e+07 1.32959e+06
2330.25 1.43597e+07 2.16573e+06
2340 1.51582e+07 2.969e+06
2350 1.66028e+07 2.04252e+06
2360 1.62389e+07 1.80582e+06
2370 1.44114e+07 1.99372e+06
2380 1.56466e+07 2.13582e+06
2390 1.1288e+07 1.90015e+06
2401 1.42635e+07 2.92873e+06
2410.62 1.44315e+07 2.64407e+06
2421 1.31201e+07 1.39954e+06
2430.5 1.46538e+07 1.48166e+06
2440.12 1.62494e+07 1.23319e+06
2450.12 1.23913e+07 1.10482e+06
2460.25 1.51909e+07 1.88281e+06
2470.12 1.30379e+07 1.0633e+06
2480.88 1.40307e+07 3.27427e+06
2490.5 1.33645e+07 3.94014e+06
2500.5 1.48608e+07 3.43685e+06
2510.25 1.59202e+07 3.75247e+06
2520.62 1.48519e+07 3.696e+06
2530 1.34655e+07 2.30707e+06
2542.62 1.27119e+07 2.48063e+06
2550.12 1.61703e+07 2.4127e+06
2560 1.72888e+07 1.94227e+06
2570.75 1.52837e+07 1.51339e+06
2580 1.65835e+07 1.17562e+06
2590.12 1.33488e+07 1.19694e+06
2600.38 1.2788e+07 2.29826e+06
2610.38 1.4161e+07 3.53891e+06
2620.25 1.51464e+07 3.35301e+06
2630.25 1.37169e+07 2.33756e+06
2640.5 1.39444e+07 3.65755e+06
2650.25 1.20979e+07 2.79806e+06
2660.38 1.63442e+07 2.77804e+06
2670.5 1.10477e+07 1.07705e+06
2680 1.61335e+07 1.44145e+06
2690.38 1.47515e+07 1.62872e+06
2700.5 1.53934e+07 1.68353e+06
2710 1.30134e+07 1.46004e+06
2720.12 1.21379e+07 2.25516e+06
2730.25 1.28079e+07 2.08926e+06
2740 1.98684e+07 2.49175e+06
2750 1.67347e+07 1.16195e+06
2760 1.49326e+07 1.30689e+06
2770 1.66121e+07 1.81925e+06
2780 1.57517e+07 1.16161e+06
2790 1.47564e+07 1.61194e+06
2800 1.71438e+07 2.93769e+06
2810.25 1.92579e+07 2.02809e+06
2820.12 1.94717e+07 2.736e+06
2830 1.7965e+07 1.56361e+06
2840 1.57146e+07 1.28009e+06
2850 1.63267e+07 892039
2860 1.35765e+07 1.72503e+06
2870.12 1.6853e+07 2.1227e+06
2880.25 1.48339e+07 2.66932e+06
2890.12 1.42607e+07 3.09559e+06
2900.25 1.55712e+07 1.80991e+06
2910 1.65423e+07 1.22824e+06
2920.25 1.51695e+07 1.17954e+06
2930.5 1.45266e+07 2.5357e+06
2940 1.62844e+07 5.5102e+06
2950.12 1.22471e+07 3.60849e+06
2960.75 1.02362e+07 2.86708e+06
2970.88 1.75959e+07 2.81633e+06
2980.12 1.85662e+07 2.88909e+06
2990.38 1.48767e+07 2.45981e+06
3000.75 1.25175e+07 1.90348e+06
3010.25 1.13496e+07 2.68021e+06
3020.25 1.2372e+07 2.68114e+06
3030.12 1.02599e+07 1.52087e+06
3040.12 1.92641e+07 2.05075e+06
3050.12 1.45379e+07 1.32643e+06
3060.12 1.48305e+07 1.48081e+06
3070.12 1.42522e+07 890786
3080.12 1.39817e+07 2.38151e+06
3090 1.26628e+07 1.84361e+06
3101.12 1.56423e+07 2.14483e+06
3110 1.66174e+07 2.18786e+06
3120.38 1.59308e+07 1.38609e+06
3130 1.33243e+07 1.32598e+06
3140.25 9.90808e+06 1.20124e+06
3150.5 1.9633e+07 2.59924e+06
3160 1.62244e+07 1.69402e+06
3170.12 1.44755e+07 1.58236e+06
3180.88 1.47286e+07 3.10487e+06
3190 1.8169e+07 4.01394e+06
3200.25 1.7082e+07 1.3019e+06
3210 1.80444e+07 1.78418e+06
3220 1.32149e+07 1.31281e+06
3230.12 1.36082e+07 2.23647e+06
3240 1.4194e+07 1.94611e+06
3250.5 1.49537e+07 3.97831e+06
3260.25 1.47496e+07 2.39964e+06
3270 1.88769e+07 1.7496e+06
3280 1.56425e+07 550517
3290.25 1.39988e+07 3.02537e+06
3300 1.39259e+07 4.66316e+06
3310.38 1.23012e+07 2.16787e+06
3320.62 1.21784e+07 2.18288e+06
3330.25 1.79338e+07 2.36546e+06
3340.25 1.60573e+07 2.82423e+06
3350.38 1.4161e+07 2.00611e+06
3360.12 1.37872e+07 3.36789e+06
3370.75 1.04153e+07 2.21648e+06
3380.75 1.74994e+07 2.70563e+06
3390.62 1.92036e+07 3.41674e+06
3400.38 1.72154e+07 1.94327e+06
3410.12 1.35539e+07 882509
3420 1.57417e+07 850606
3430 1.21762e+07 645130
3441 1.38131e+07 3.58926e+06
3450.25 1.81309e+07 5.06241e+06
3460 1.74985e+07 2.511e+06
3470 1.61041e+07 1.42197e+06
3480.12 1.41082e+07 1.0451e+06
3490 1.47749e+07 1.06618e+06
3500 1.45307e+07 2.13746e+06
3510 1.59691e+07 2.23094e+06
3520 1.62432e+07 1.38627e+06
3530 1.40753e+07 1.47794e+06
3540.12 1.3627e+07 1.15996e+06
3553 1.28408e+07 2.36001e+06
3561.88 1.20268e+07 2.39122e+06
3570.12 1.48689e+07 4.12297e+06
3581.62 1.24287e+07 2.75739e+06
3590 1.50829e+07 1.88951e+06
3600.12 1.28718e+07 1.60842e+06
3611.88 9.66412e+06 1.41153e+06
3621.12 1.52703e+07 3.13734e+06
3630.38 1.30518e+07 2.00157e+06
3640.38 1.2771e+07 1.29908e+06
3652.12 1.14119e+07 1.94247e+06
3660.5 1.29704e+07 2.38024e+06
3670.75 1.2533e+07 1.22561e+06
3680.62 1.23926e+07 356665
3690.38 1.31206e+07 1.43285e+06
3701 1.42584e+07 1.58646e+06
3711.75 1.30557e+07 1.46507e+06
3720.38 1.28614e+07 2.91676e+06
3731 1.35193e+07 2.87136e+06
3740.88 1.4203e+07 3.45636e+06
3750 1.57383e+07 3.99139e+06
3760.25 1.23308e+07 1.36536e+06
3770.5 1.19425e+07 1.22622e+06
3780.25 1.44549e+07 1.54195e+06
3790.38 1.43015e+07 956516
3800 1.39923e+07 1.70211e+06
3810.88 1.11559e+07 1.42819e+06
3820.12 1.82216e+07 1.63051e+06
3830 1.69493e+07 1.76395e+06
3840.12 1.58043e+07 1.72955e+06
3850 1.43761e+07 2.87865e+06
3860 1.70603e+07 5.57312e+06
3870 1.71634e+07 2.72953e+06
3880 1.4675e+07 2.6675e+06
3890.12 1.4439e+07 3.15023e+06
3900.38 1.31462e+07 2.62749e+06
3910.5 1.21806e+07 1.60923e+06
3920.25 1.45101e+07 2.08701e+06
3930 1.04166e+07 1.44825e+06
3940.12 8.86762e+06 1.51772e+06
3950.38 1.64687e+07 2.66942e+06
3960.75 1.37790e+07 2.34285e+06
3971.25 8.95981e+06 975443
3981.25 1.50627e+07 2.17841e+06
3990.75 1.41082e+07 2.01049e+06
4000 1.1194e+07 821084
4010.12 7.56932e+06 664743
4021.12 1.40608e+07 1.35156e+06
4030.75 1.12927e+07 1.07523e+06
4040 1.13833e+07 1.25782e+06
4051 6.39236e+06 840086
4060.38 1.67564e+07 1.94564e+06
4070 1.77726e+07 2.451e+06
4080.5 1.83205e+07 2.20492e+06
4090.5 1.59408e+07 1.87204e+06
4100 1.7475e+07 1.24394e+06
4110 1.59619e+07 963940
4120 1.67852e+07 2.45652e+06
4130 1.52953e+07 2.07168e+06
4140.38 1.34133e+07 3.89366e+06
4150.38 1.27105e+07 3.4272e+06
4160.38 1.24637e+07 3.18359e+06
4170.38 1.11338e+07 1.76957e+06
4182 1.32816e+07 1.97004e+06
4190.25 1.35467e+07 1.8734e+06
4200 1.20755e+07 1.99347e+06
4210.62 1.0913e+07 1.36977e+06
4220.38 1.47295e+07 1.41561e+06
4232.12 1.02244e+07 817788
4240.38 1.60359e+07 1.74436e+06
4250.12 1.51855e+07 1.77187e+06
4260.12 1.1558e+07 1.92556e+06
4270.75 8.76664e+06 2.1914e+06
4280 1.39048e+07 4.02246e+06
4290.5 1.14843e+07 2.98691e+06
4301 9.63575e+06 1.81631e+06
4310 1.38403e+07 1.86493e+06
4324.25 9.90111e+06 1.182e+06
4330.12 1.0235e+07 886490
4340.38 9.78649e+06 1.04624e+06
4351.12 1.36088e+07 744698
4360.62 1.51229e+07 1.05784e+06
4370.25 1.66994e+07 2.00471e+06
4380.12 1.51512e+07 2.44781e+06
4390 1.45938e+07 2.0099e+06
4400.25 1.29975e+07 1.46704e+06
4411.88 1.41652e+07 2.68832e+06
4420.12 1.31494e+07 2.49877e+06
4430.75 1.40119e+07 2.85261e+06
4440.12 1.79591e+07 3.61638e+06
4450 1.71742e+07 2.223e+06
4460 1.91623e+07 2.83203e+06
4470 1.57332e+07 2.34088e+06
4480.88 1.46884e+07 6.46167e+06
4490.75 1.41345e+07 4.24972e+06
4500.75 1.1898e+07 2.23483e+06
4511.62 1.14011e+07 1.901e+06
4520.38 1.52002e+07 3.14453e+06
4530 1.38042e+07 2.42484e+06
4542.25 1.06325e+07 1.49075e+06
4550.75 1.84363e+07 2.1635e+06
4560.12 1.62713e+07 953376
4570 1.54168e+07 1.25966e+06
4580.12 1.75456e+07 1.50571e+06
4590 1.749e+07 2.11194e+06
4600 1.58002e+07 1.85524e+06
4610 1.70902e+07 1.34676e+06
4620 1.31252e+07 867390
4631 1.2081e+07 3.39765e+06
4640.62 1.25713e+07 3.42692e+06
4650.88 1.18366e+07 3.65385e+06
4660.38 1.74274e+07 5.24914e+06
4670 1.42857e+07 2.54451e+06
4680.62 1.2937e+07 1.67214e+06
4690.25 1.62553e+07 1.69016e+06
4700 1.44555e+07 2.01559e+06
4710.12 1.34261e+07 1.89831e+06
4720.25 1.5327e+07 3.1474e+06
4730 1.31873e+07 3.10876e+06
4740 1.46768e+07 2.75339e+06
4750.12 1.42682e+07 2.51497e+06
4761.12 7.95984e+06 1.80009e+06
4770.25 1.69914e+07 3.6845e+06
4780 1.48542e+07 2.83846e+06
4792.25 1.20299e+07 1.60996e+06
4800.62 1.35488e+07 1.98891e+06
4810 1.59773e+07 2.58243e+06
4820 1.56136e+07 2.28585e+06
4830.5 1.26796e+07 2.13592e+06
4840.62 1.57752e+07 2.87418e+06
4850.62 1.64431e+07 2.49792e+06
4860 1.45592e+07 1.99694e+06
4870 1.42412e+07 1.27624e+06
4880 1.36095e+07 2.27833e+06
4890.12 9.95675e+06 3.6389e+06
4900.25 9.6434e+06 2.85831e+06
4910.75 1.10402e+07 3.34861e+06
4920.12 1.39969e+07 4.23205e+06
4930.38 1.56412e+07 2.21253e+06
4940 1.41713e+07 2.04591e+06
4950.88 1.1498e+07 1.41814e+06
4960.38 1.29594e+07 2.94489e+06
4970.62 1.54089e+07 3.56866e+06
4980.62 1.7718e+07 2.76329e+06
4990 1.53042e+07 1.89244e+06
5000.12 1.15302e+07 1.88191e+06
5010.38 7.18601e+06 1.90095e+06
5020.62 1.62024e+07 3.83487e+06
5030.12 1.28421e+07 3.29466e+06
5040.5 1.17391e+07 2.6374e+06
5050.75 1.92143e+07 4.50339e+06
5060 1.30541e+07 2.283e+06
5070.62 1.1505e+07 1.61956e+06
5080.62 8.58372e+06 1.61732e+06
5092.5 1.29027e+07 2.84126e+06
5101 1.31507e+07 3.42049e+06
5110 1.01198e+07 2.67972e+06
5120.88 1.08872e+07 1.84473e+06
5131.12 1.20815e+07 1.75164e+06
5140.38 1.89269e+07 2.97156e+06
5150 1.5271e+07 1.96448e+06
5160.12 1.48903e+07 2.12183e+06
5170 1.36487e+07 1.07589e+06
5180.25 1.3395e+07 2.14566e+06
5190.25 1.21479e+07 2.70689e+06
5200 1.42604e+07 2.78469e+06
5210.5 1.17891e+07 1.93698e+06
5220.5 1.30935e+07 2.7677e+06
5230 1.40686e+07 3.26609e+06
5240.75 1.42422e+07 2.31621e+06
5250 1.63226e+07 1.46019e+06
5260.88 1.37069e+07 1.63605e+06
5270.25 1.26441e+07 2.83079e+06
5281.88 1.07072e+07 2.55717e+06
5290.38 1.56626e+07 3.69629e+06
5300.12 1.31801e+07 2.13816e+06
5312.25 9.7754e+06 2.46602e+06
5320.25 1.37424e+07 3.7509e+06
5333.38 1.09867e+07 1.65738e+06
5340.88 1.15302e+07 1.51873e+06
5351 1.16765e+07 1.90535e+06
5360.38 9.94487e+06 1.22619e+06
5371.12 1.59032e+07 2.25989e+06
5380 1.92953e+07 3.01672e+06
5390.75 1.61567e+07 1.30512e+06
5400.38 1.38691e+07 4.26466e+06
5411.25 1.15299e+07 4.44594e+06
5421 1.56587e+07 2.45918e+06
5430.5 1.55103e+07 3.65421e+06
5440 1.60899e+07 2.03293e+06
5450 1.29088e+07 1.36168e+06
5460.25 1.33352e+07 2.23249e+06
5470.5 1.33526e+07 3.56507e+06
5480.12 1.48325e+07 5.14059e+06
5490.88 1.21368e+07 2.72944e+06
5500.62 1.24264e+07 1.76376e+06
5511.12 1.44235e+07 2.07462e+06
5520.5 1.59351e+07 3.12618e+06
5530.38 1.53091e+07 3.8258e+06
5540.88 1.0785e+07 2.2714e+06
5550.25 1.5585e+07 3.23547e+06
5560.38 1.24377e+07 2.25385e+06
5570.62 1.36595e+07 2.16714e+06
5580.25 1.89011e+07 2.36158e+06
5590 1.85289e+07 1.61463e+06
5600 1.62546e+07 2.19913e+06
5610.5 1.6055e+07 4.2972e+06
5620.12 1.45706e+07 2.04992e+06
5630.75 1.2464e+07 795613
5640 1.8583e+07 2.71852e+06
5650.38 1.37814e+07 1.20121e+06
5663 1.0872e+07 2.39101e+06
5672.38 9.21115e+06 2.32318e+06
5681.38 1.30266e+07 2.94466e+06
5690.12 1.56247e+07 3.06981e+06
5700.38 1.26902e+07 1.47703e+06
5710.62 1.14862e+07 1.85915e+06
5720.75 1.94357e+07 4.9005e+06
5730.25 1.3559e+07 2.29142e+06
5740.38 1.51289e+07 1.332e+06
5750.62 1.65969e+07 1.48662e+06
5760.25 1.64805e+07 2.23022e+06
5770 1.43009e+07 1.48725e+06
5780.5 1.08179e+07 1.62045e+06
5792.12 1.06896e+07 2.11219e+06
5800 1.39197e+07 2.47476e+06
5810.12 1.37638e+07 2.40769e+06
5820.25 1.37911e+07 1.92431e+06
5832.62 1.14137e+07 1.15768e+06
5840.38 1.42906e+07 1.86513e+06
5850 1.65493e+07 2.36855e+06
5860.25 1.78291e+07 1.7435e+06
5870 1.61494e+07 1.18825e+06
5880.25 1.36569e+07 2.02545e+06
5890.38 1.38566e+07 4.34628e+06
5900.75 1.77973e+07 4.82207e+06
5910 1.68566e+07 2.77623e+06
5920 1.56889e+07 1.18273e+06
5930.75 1.48233e+07 1.60016e+06
5940 1.51232e+07 2.07223e+06
5950.12 1.13519e+07 962613
5960.5 1.31786e+07 1.49071e+06
5970.62 1.77706e+07 2.11418e+06
5980 1.71468e+07 1.77041e+06
5990 1.69903e+07 1.62261e+06
6000 1.68955e+07 1.62233e+06
6010.12 1.93581e+07 2.25634e+06
6020 1.41381e+07 2.79041e+06
6030.12 1.32177e+07 3.83924e+06
6040.12 1.45328e+07 2.671e+06
6050 1.49521e+07 2.04037e+06
6060 1.49699e+07 2.56682e+06
6070 1.3083e+07 2.89691e+06
6081 1.08063e+07 2.43714e+06
6090.88 1.46949e+07 3.998e+06
6100.88 1.33782e+07 3.36657e+06
6110 1.47568e+07 1.95968e+06
6120 1.36023e+07 1.24989e+06
6130 1.28993e+07 2.5697e+06
6140.12 1.52615e+07 5.4748e+06
6151.25 1.31196e+07 2.98055e+06
6160.5 1.47046e+07 2.86195e+06
6170 1.43861e+07 2.1787e+06
6180.12 1.54941e+07 1.8933e+06
6190.25 1.49581e+07 2.28804e+06
6200 1.31554e+07 1.5747e+06
6210.12 1.39485e+07 1.54701e+06
6221 1.21436e+07 2.59837e+06
6230.62 1.21448e+07 2.32681e+06
6241.5 1.25026e+07 1.78723e+06
6250.62 1.79815e+07 2.80374e+06
6260.12 1.69246e+07 1.71351e+06
6270.25 1.49936e+07 1.70951e+06
6280.5 1.23491e+07 1.32801e+06
6290.25 1.17321e+07 2.47542e+06
6301 1.72709e+07 3.52912e+06
6310.75 1.5262e+07 2.73057e+06
6320.62 1.54632e+07 2.00903e+06
6330.25 1.67643e+07 2.09183e+06
6340.38 1.66539e+07 2.08397e+06
6350 1.73061e+07 2.0055e+06
6360.12 1.90356e+07 1.07227e+06
6370 1.67162e+07 1.43552e+06
6380 1.76569e+07 3.31833e+06
6390.12 1.35062e+07 1.32604e+06
6401.25 1.20322e+07 3.25244e+06
6410.5 1.21137e+07 2.73199e+06
6421.38 1.56207e+07 4.40607e+06
6430.25 1.25023e+07 2.67661e+06
6440.88 1.4726e+07 2.26614e+06
6450 1.59902e+07 3.47438e+06
6460.12 1.1456e+07 1.58449e+06
6472 9.87844e+06 2.31011e+06
6480.38 1.38702e+07 2.67056e+06
6490.25 1.13937e+07 2.10241e+06
6500.38 1.61103e+07 2.57123e+06
6510.12 1.6931e+07 2.47348e+06
6520.5 1.54916e+07 2.08581e+06
6530.25 1.73298e+07 2.64707e+06
6540 1.56724e+07 3.01194e+06
6550.12 1.29016e+07 1.5648e+06
6560.62 1.30186e+07 1.93776e+06
6570.38 1.58687e+07 2.09912e+06
6580 1.66945e+07 1.4678e+06
6590 1.60884e+07 1.49416e+06
6600 1.69081e+07 1.51574e+06
6610 1.59197e+07 1.19629e+06
6620 1.82267e+07 937096
6630 1.63391e+07 487512
6640.38 1.20423e+07 1.94851e+06
6650.38 7.92892e+06 1.76628e+06
6660.88 1.26591e+07 2.50272e+06
6670.5 1.52571e+07 3.29259e+06
6680.62 1.14529e+07 2.1559e+06
6690.38 1.04754e+07 1.62838e+06
6700.75 1.20224e+07 1.46688e+06
6710.25 1.47656e+07 2.22014e+06
6720.62 1.24313e+07 2.00048e+06
6730.38 8.87556e+06 2.18703e+06
6741.25 1.18769e+07 2.66741e+06
6750.25 1.31898e+07 2.64542e+06
6760.88 8.93538e+06 1.01485e+06
6771 1.56729e+07 1.33848e+06
6781.38 1.22993e+07 1.00446e+06
6790.5 1.56021e+07 1.76686e+06
6800.5 1.88256e+07 3.13322e+06
6810 1.81116e+07 1.32106e+06
6820 1.69614e+07 1.80186e+06
6830 1.55838e+07 1.35796e+06
6840.38 1.3872e+07 2.61363e+06
6850.5 1.55681e+07 3.61616e+06
6860.62 1.64071e+07 2.96987e+06
6870.5 1.72206e+07 2.58146e+06
6880.25 1.77731e+07 1.90294e+06
6890 1.40755e+07 1.2035e+06
6900.5 1.24617e+07 2.3429e+06
6910.5 1.26389e+07 2.19436e+06
6920 1.26512e+07 2.3348e+06
6930 1.44581e+07 1.4951e+06
6940.12 1.64905e+07 3.52776e+06
6950.38 1.49176e+07 3.66701e+06
6960.5 1.5896e+07 3.0935e+06
6970.5 1.64132e+07 1.98543e+06
6980.12 1.60593e+07 1.79646e+06
6990.12 1.61628e+07 2.23125e+06
7000.25 1.70284e+07 1.37577e+06
7010 1.85317e+07 1.827e+06
7020 1.79238e+07 1.41297e+06
7030 1.60031e+07 2.25211e+06
7040.12 1.52376e+07 5.11749e+06
7050 1.59011e+07 2.19786e+06
7060 1.42958e+07 1.19095e+06
7070.12 1.54251e+07 1.85808e+06
7080 1.62793e+07 1.55449e+06
7090 1.31706e+07 1.51429e+06
7100.12 1.47393e+07 4.50806e+06
7111.38 1.57425e+07 3.38845e+06
7120.12 1.55379e+07 3.98819e+06
7130.25 1.47067e+07 3.99164e+06
7140.38 1.33125e+07 1.59105e+06
7150.12 1.35201e+07 3.00884e+06
7160.62 1.52177e+07 3.61425e+06
7170.12 1.451e+07 1.86274e+06
7180.25 1.46634e+07 1.41133e+06
7190.62 1.3027e+07 3.29242e+06
7200.25 1.32335e+07 4.01198e+06
7210 1.24277e+07 2.65454e+06
7220.38 1.27118e+07 2.64067e+06
7230.25 1.31504e+07 4.19761e+06
7241.25 1.28171e+07 3.52189e+06
7250.25 1.45874e+07 4.05614e+06
7260.38 1.59279e+07 2.33644e+06
7270.12 1.29853e+07 1.54857e+06
7280.12 1.22862e+07 2.03586e+06
7290.38 1.45505e+07 2.58837e+06
7301 1.31607e+07 1.66672e+06
7310.25 1.25607e+07 2.00716e+06
7320.38 1.23898e+07 2.20307e+06
7330.75 1.39199e+07 3.43298e+06
7340.75 1.66643e+07 4.3382e+06
7350.5 1.44573e+07 4.85798e+06
7360.88 1.43597e+07 2.439e+06
7370.62 1.83458e+07 3.29071e+06
7380.5 1.64645e+07 1.99752e+06
7390.12 1.39003e+07 1.36783e+06
7400.25 1.27213e+07 2.94087e+06
7410.12 1.15335e+07 3.78865e+06
7420.38 1.16913e+07 3.95915e+06
7430.12 1.73851e+07 5.61285e+06
7440.12 1.54501e+07 3.79169e+06
7450.12 1.69398e+07 3.15588e+06
7460 1.50129e+07 1.84727e+06
7470 1.32015e+07 1.17409e+06
7480.12 1.4923e+07 2.0006e+06
7490.75 1.18071e+07 2.45358e+06
7500.5 1.73607e+07 3.47461e+06
7510.5 1.60734e+07 2.43656e+06
7520 1.55319e+07 1.7603e+06
7530.5 1.35375e+07 1.0395e+06
7540.25 1.71474e+07 3.00287e+06
7550.38 1.94874e+07 2.01483e+06
7560.25 1.76322e+07 1.6176e+06
7570 1.58558e+07 1.88227e+06
7580 1.39197e+07 2.53065e+06
7590.5 1.34403e+07 3.19637e+06
7600.75 1.58453e+07 4.61602e+06
7610.25 1.90155e+07 4.04494e+06
7620 1.76984e+07 1.86234e+06
7630 1.81155e+07 1.61021e+06
7640 1.88522e+07 2.88225e+06
7650 1.64555e+07 1.99871e+06
7660 1.66523e+07 3.20529e+06
7670 1.61618e+07 1.5929e+06
7680 1.49707e+07 2.51322e+06
7690.12 1.45202e+07 1.79993e+06
7700.25 1.44122e+07 2.39186e+06
7710.5 1.79318e+07 3.62792e+06
7720.38 1.73347e+07 3.48071e+06
7730 1.62115e+07 2.28505e+06
7740.12 1.3184e+07 2.4614e+06
7752.12 1.35297e+07 2.07669e+06
7760.25 1.47371e+07 3.73022e+06
7770 1.77622e+07 5.09534e+06
7780 1.3422e+07 2.72322e+06
7790.25 1.40387e+07 2.18785e+06
7800.25 1.62674e+07 2.44791e+06
7810.12 1.66399e+07 1.81202e+06
7820 1.47605e+07 1.03543e+06
7830.12 1.43143e+07 2.65642e+06
7840.5 1.64787e+07 4.25154e+06
7850.25 1.47893e+07 4.34437e+06
7860.25 1.63955e+07 3.15103e+06
7870 1.38573e+07 1.81449e+06
7880.62 1.42381e+07 3.35308e+06
7890.75 1.34571e+07 3.31179e+06
7900.62 1.43543e+07 3.811e+06
7910.25 1.40879e+07 3.18099e+06
7921.12 1.34832e+07 3.71151e+06
7930.38 1.47496e+07 4.19541e+06
7941 1.40668e+07 2.02995e+06
7950.88 1.72651e+07 2.9059e+06
7960.38 1.43189e+07 2.01125e+06
7970.38 1.31018e+07 1.42656e+06
7981.5 1.41745e+07 3.22759e+06
7990.38 1.7574e+07 3.92402e+06
8000.38 1.4373e+07 2.90038e+06
8010.25 1.78656e+07 3.16317e+06
8020.12 1.67393e+07 2.5751e+06
8030 1.31943e+07 3.63656e+06
8040 1.68553e+07 2.95464e+06
8050 1.74045e+07 2.62328e+06
8060 1.76188e+07 1.31736e+06
8070.25 1.71541e+07 1.56312e+06
8080 1.65225e+07 2.03739e+06
8090 1.6947e+07 1.24898e+06
8100.12 1.25276e+07 1.54562e+06
8110 1.47862e+07 3.32014e+06
8120 1.28316e+07 2.0053e+06
8131.75 1.1135e+07 2.51778e+06
8141 1.59297e+07 4.40129e+06
8150 1.53431e+07 3.84252e+06
8162.62 1.31167e+07 1.37763e+06
8170.75 1.33525e+07 2.61228e+06
8180.5 1.28565e+07 2.21844e+06
8192.5 1.36553e+07 1.79842e+06
8200.25 1.4472e+07 2.62194e+06
8210 1.26801e+07 2.49205e+06
8220.25 1.27048e+07 1.72142e+06
8230.12 1.41505e+07 1.44975e+06
8240.75 1.23295e+07 882136
8250.38 1.35683e+07 1.74983e+06
8260.5 1.4286e+07 2.46614e+06
8270.88 1.54024e+07 2.06022e+06
8280 1.2484e+07 1.9528e+06
8291.62 1.10541e+07 2.32673e+06
8300.62 1.47991e+07 3.66068e+06
8310.5 1.52931e+07 2.60825e+06
8320.5 1.55567e+07 2.54842e+06
8330.38 1.31463e+07 2.20824e+06
8340.25 1.25295e+07 3.09383e+06
8350.5 9.31613e+06 2.22986e+06
8360.5 1.56144e+07 3.9776e+06
8370 1.38488e+07 1.64834e+06
8380.25 1.43563e+07 1.81135e+06
8391 1.62427e+07 2.08163e+06
8400 1.36628e+07 1.47292e+06
8410 1.45286e+07 1.93581e+06
8420 1.54787e+07 1.9139e+06
8430 1.60207e+07 1.68262e+06
8440.12 1.5626e+07 3.22712e+06
8450 1.5118e+07 2.12543e+06
8460.12 1.35639e+07 2.17414e+06
8470 1.63465e+07 4.02845e+06
8480.25 1.55662e+07 2.21098e+06
8490 1.40825e+07 1.40464e+06
8500.5 1.52134e+07 2.58363e+06
8510 1.77767e+07 3.28018e+06
8520 1.58323e+07 1.57373e+06
8530.12 1.34344e+07 3.2331e+06
8540.38 1.34241e+07 3.72178e+06
8550.88 1.0412e+07 2.92468e+06
8560.25 1.18578e+07 3.54813e+06
8570.75 1.11979e+07 2.73866e+06
8580.75 1.32942e+07 1.7984e+06
8591.12 1.18501e+07 1.38274e+06
8600.38 1.25943e+07 1.84675e+06
8610.12 1.21002e+07 1.7939e+06
8620.25 1.14931e+07 1.83747e+06
8630.25 1.20536e+07 1.68278e+06
8640.12 1.41482e+07 1.81555e+06
8650.62 1.34096e+07 1.60662e+06
8660.5 1.27365e+07 1.29677e+06
8670.25 1.40302e+07 1.01341e+06
8681 9.30269e+06 700917
8690.25 2.06616e+07 2.85093e+06
8700.38 1.19019e+07 1.55287e+06
8710.38 1.06373e+07 1.97707e+06
8720 2.00001e+07 4.6172e+06
8730.88 1.8294e+07 3.47244e+06
8741.12 1.40654e+07 2.47099e+06
8751 1.50113e+07 3.30106e+06
8760.88 1.02556e+07 2.05727e+06
8770.5 1.79656e+07 3.62841e+06
8780.12 1.39964e+07 2.01138e+06
8791.38 9.64454e+06 1.54132e+06
8802.38 1.47286e+07 2.29151e+06
8810.75 1.45096e+07 3.27826e+06
8820.38 1.19271e+07 1.93386e+06
8830 1.33617e+07 1.58504e+06
8840.62 1.4574e+07 2.71769e+06
8850.62 1.4905e+07 2.28829e+06
8860.38 1.63955e+07 1.99311e+06
8870 1.4788e+07 1.82429e+06
8880.5 1.13092e+07 1.58857e+06
8890.62 1.63561e+07 3.09253e+06
8900.5 1.70036e+07 1.99177e+06
8910.38 1.96518e+07 4.95047e+06
8920.25 1.49243e+07 1.29204e+06
8930.12 1.29853e+07 1.63518e+06
8940.38 1.25495e+07 2.76287e+06
8950.38 1.39687e+07 3.07717e+06
8960.62 1.19854e+07 1.89685e+06
8971 8.64378e+06 879497
8982.5 1.47744e+07 1.65734e+06
8990.25 1.24884e+07 1.32298e+06
9000.5 1.57718e+07 1.63212e+06
9010.62 1.56008e+07 1.1401e+06
9020 1.78465e+07 2.19108e+06
9030 1.65554e+07 1.21509e+06
9040 1.65791e+07 2.30644e+06
9050 1.84524e+07 2.55978e+06
9060.25 1.44328e+07 1.54353e+06
9070 1.52015e+07 2.77163e+06
9080.12 1.29828e+07 2.77795e+06
9090.75 1.34447e+07 1.9317e+06
9100.12 1.33921e+07 3.14493e+06
9110 1.37437e+07 2.2041e+06
9120.38 8.54589e+06 1.15926e+06
9130.38 1.52334e+07 1.74793e+06
9140.75 1.9692e+07 1.82757e+06
9150.12 1.56466e+07 921738
9160 1.42939e+07 1.46281e+06
9170 1.40691e+07 1.77929e+06
9180 1.26162e+07 2.55011e+06
9190.12 1.2515e+07 1.19709e+06
9200.75 1.36214e+07 873750
9210.12 1.49712e+07 873056
9220.25 1.50709e+07 1.43469e+06
9230 1.68563e+07 2.92626e+06
9240.38 1.27146e+07 909352
9250.38 1.26824e+07 1.20821e+06
9260.12 1.60961e+07 2.46809e+06
9270.38 1.02082e+07 2.50878e+06
9280.5 1.67311e+07 4.58147e+06
9290.25 1.29722e+07 2.83466e+06
9300.38 9.31275e+06 1.61292e+06
9310.75 1.44911e+07 3.05614e+06
9320.12 1.54243e+07 3.30674e+06
9330.38 1.46265e+07 2.3063e+06
9340 1.32831e+07 1.81958e+06
9350.25 1.32136e+07 1.73118e+06
9360.12 1.33079e+07 1.6605e+06
9370.62 1.46837e+07 1.85149e+06
9380.12 1.42983e+07 2.50989e+06
9390.25 1.571e+07 2.34509e+06
9400.12 1.72741e+07 2.63714e+06
9410.12 1.34887e+07 1.67537e+06
9420.12 1.45299e+07 2.01339e+06
9430.12 1.64707e+07 3.44495e+06
9440.12 1.5348e+07 3.08072e+06
9450 1.70438e+07 2.19732e+06
9460 1.70037e+07 1.32302e+06
9470 1.44544e+07 1.28037e+06
9480 1.48068e+07 1.94274e+06
9490.25 1.60833e+07 2.72997e+06
9500.25 1.92221e+07 2.9906e+06
9510 1.8126e+07 2.81361e+06
9520 1.37517e+07 2.33893e+06
9530.75 1.41127e+07 2.47075e+06
9540 1.56731e+07 2.20102e+06
9550 1.65884e+07 2.07558e+06
9560 1.73571e+07 2.25343e+06
9570.12 1.38712e+07 2.51015e+06
9580.12 1.47056e+07 4.04387e+06
9590 1.5956e+07 2.37395e+06
9600 1.61752e+07 1.75886e+06
9610.25 1.39545e+07 2.70283e+06
9620 1.14387e+07 2.7598e+06
9633.62 1.04586e+07 1.81448e+06
9640.88 1.33151e+07 2.03896e+06
9650 1.52061e+07 2.15216e+06
9660.5 1.46525e+07 1.73068e+06
9670.25 1.38658e+07 2.02934e+06
9680 1.32146e+07 2.00538e+06
9690 1.46919e+07 2.18245e+06
9700.75 1.39153e+07 1.43031e+06
9710.25 1.47878e+07 4.04047e+06
9720.25 1.26989e+07 3.28305e+06
9730.38 1.05049e+07 1.89533e+06
9740 1.69109e+07 1.58386e+06
9750.12 1.29983e+07 1.59114e+06
9760.62 7.77461e+06 969847
9772.88 1.26595e+07 2.27542e+06
9780.12 1.39071e+07 2.49106e+06
9790 1.33295e+07 1.63953e+06
9800.5 1.50189e+07 1.93594e+06
9810.38 1.77494e+07 1.93032e+06
9820.12 1.64426e+07 1.18634e+06
9830 1.62515e+07 1.12362e+06
9840.62 1.56054e+07 954813
9850.25 1.37185e+07 2.54495e+06
9860 1.25804e+07 2.00644e+06
9870.25 1.20418e+07 1.88107e+06
9880.38 1.47465e+07 2.03174e+06
9890.5 1.47808e+07 1.27445e+06
9900.5 1.29511e+07 2.00656e+06
9910 1.69318e+07 1.32145e+06
9920 1.52448e+07 953460
9930 1.46451e+07 1.20207e+06
9940 1.61793e+07 3.02528e+06
9950 1.96126e+07 2.68346e+06
9960.12 1.86327e+07 2.06883e+06
9970 1.7963e+07 1.43314e+06
9980 1.63504e+07 1.88207e+06
9990.12 1.79042e+07 2.78675e+06
10000 1.77177e+07 1.70137e+06
10010 1.80598e+07 2.41235e+06
10020 1.89089e+07 1.51174e+06
10030 1.85111e+07 1.22401e+06
10040 1.84813e+07 2.57277e+06
10050 1.87368e+07 730237
10060 1.75024e+07 1.2454e+06
10070 1.82535e+07 2.09465e+06
10080 1.9931e+07 3.46253e+06
10090 1.83298e+07 2.59293e+06
10100.1 1.85214e+07 1.47775e+06
10110 1.36353e+07 1.20969e+06
10120 1.42576e+07 2.94254e+06
10130 1.37888e+07 1.88244e+06
10140.2 1.20576e+07 2.4213e+06
10150.4 1.13361e+07 2.62806e+06
10163.2 9.15819e+06 2.40239e+06
10170.5 1.28725e+07 3.27826e+06
10180.9 1.35887e+07 2.52635e+06
10190.5 1.68478e+07 2.88369e+06
10200.5 2.09277e+07 3.02367e+06
10210.1 1.92308e+07 2.27397e+06
10220 1.71747e+07 1.38165e+06
10230 1.55446e+07 1.64977e+06
10240 1.69903e+07 1.97422e+06
10250 1.70109e+07 1.455e+06
10260 1.43813e+07 1.98269e+06
10270.6 1.38932e+07 2.54431e+06
10280.5 1.14588e+07 1.95065e+06
10290.5 1.28527e+07 2.81977e+06
10300.8 1.45068e+07 3.34705e+06
10310.5 1.76479e+07 3.32902e+06
10320.1 1.74892e+07 3.29229e+06
10330 1.74109e+07 1.31863e+06
10340 1.83277e+07 1.02636e+06
10350 1.71098e+07 1.55068e+06
10360 1.86502e+07 1.17833e+06
10370 1.78136e+07 980676
10380 1.70727e+07 1.34706e+06
10390.4 1.54408e+07 2.11416e+06
10400 1.5704e+07 2.05502e+06
10410.5 1.61142e+07 2.05256e+06
10420 1.42012e+07 2.37466e+06
10430 1.37053e+07 3.18969e+06
10440 1.58032e+07 3.34131e+06
10450.4 1.2676e+07 2.40535e+06
10460.4 1.4078e+07 4.04285e+06
10470.5 1.27391e+07 3.91582e+06
10480.4 1.53751e+07 2.7242e+06
10490.8 1.68878e+07 2.43538e+06
10500 1.80904e+07 3.02807e+06
10510.2 1.76e+07 1.06195e+06
10520.2 1.59102e+07 1.06343e+06
10530 1.52102e+07 2.61826e+06
10540 1.5932e+07 2.41003e+06
10550 1.78733e+07 1.36179e+06
10560.1 1.51922e+07 2.24061e+06
10570 1.34931e+07 2.03347e+06
10580.4 1.35325e+07 2.87328e+06
10590 1.67406e+07 3.21552e+06
10600.2 1.36866e+07 1.43184e+06
10610 1.68996e+07 3.52095e+06
10620.6 1.78376e+07 2.29846e+06
10630 1.49881e+07 2.16171e+06
10640.4 1.44949e+07 2.18394e+06
10650 1.7569e+07 2.46253e+06
10660 1.42947e+07 1.428e+06
10670.5 1.39439e+07 2.67501e+06
10680 1.76809e+07 1.66871e+06
10690 1.80549e+07 1.08042e+06
10700 1.90243e+07 1.27615e+06
10710 1.6303e+07 2.46411e+06
10720 1.80536e+07 3.91406e+06
10730 1.93468e+07 3.83285e+06
10740 1.77291e+07 3.07268e+06
10750 1.81041e+07 4.50106e+06
10760 1.68491e+07 2.50538e+06
10770 1.78537e+07 2.74447e+06
10780 2.08069e+07 2.05896e+06
10790.1 1.92309e+07 1.85948e+06
