# TimeStamp(s) Sum Stdev
0.875 7.24165e+06 154044
11.375 7.06854e+06 327353
21.75 4.02783e+06 670870
32.25 7.52992e+06 861791
40.75 8.60408e+06 419289
51 6.49152e+06 388735
60.875 3.06132e+06 538224
71.25 9.29833e+06 803872
81.5 2.13395e+06 300716
91.125 9.14274e+06 681893
101.25 6.2741e+06 374733
111.375 2.23803e+06 310777
121.125 1.0474e+07 612879
131.625 3.4199e+06 503895
141 9.63321e+06 753461
151.375 6.18034e+06 582435
160.625 4.02140e+06 772493
173.25 8.40109e+06 907565
181 4.00801e+06 343886
190.75 9.0894e+06 793040
203.625 5.99796e+06 559079
211.5 7.91965e+06 665841
221.125 6.21949e+06 556826
231.125 3.52912e+06 727110
241 9.03557e+06 1.33091e+06
251.125 5.491e+06 627050
261.125 2.7285e+06 295845
271.375 6.92635e+06 689602
281.375 7.87922e+06 675752
291.375 6.02396e+06 500768
302.75 4.24215e+06 458121
311.25 8.09894e+06 731554
321.875 4.67595e+06 1.18764e+06
330.875 9.05927e+06 740002
344.5 5.79909e+06 874449
350.875 7.0026e+06 1.32613e+06
362 6.55715e+06 1.30828e+06
371.25 3.34364e+06 799206
381.125 8.66051e+06 1.60002e+06
390.75 6.30811e+06 1.35452e+06
400.75 4.3184e+06 834514
414 8.10409e+06 1.2099e+06
421 7.28802e+06 1.13577e+06
430.875 5.32923e+06 626800
444.5 5.70223e+06 610951
451.25 4.855e+06 887742
463.125 6.1507e+06 830550
470.625 7.68575e+06 755267
481.125 6.42042e+06 627627
491.375 3.17569e+06 336532
500.875 8.82434e+06 624537
512.625 5.39105e+06 507419
520.75 3.39571e+06 586683
530.625 8.74755e+06 755776
541.375 5.89698e+06 580751
550.75 2.89027e+06 521680
560.875 9.1551e+06 891983
571.375 4.34828e+06 508003
581.375 8.2061e+06 837163
593.125 5.83103e+06 756860
601.25 3.97116e+06 547847
613.375 6.60389e+06 659508
621 7.76812e+06 1.22865e+06
631 5.87122e+06 624473
641.5 3.45493e+06 323206
651.5 7.17983e+06 800843
660.875 5.74036e+06 697247
671.125 6.77694e+06 831413
683.5 5.46318e+06 411928
691.5 5.18267e+06 785007
701.125 4.56497e+06 1.01575e+06
710.875 9.03655e+06 490169
721 6.15561e+06 588079
731.875 3.23751e+06 416638
744.875 8.86453e+06 629427
751 5.21897e+06 647920
760.875 7.49204e+06 668819
774.25 5.43536e+06 397766
781.125 6.93768e+06 497857
794.125 5.17776e+06 497982
801 7.55901e+06 482079
810.875 6.64711e+06 454136
821.625 3.29316e+06 257958
830.875 9.33645e+06 583642
841.875 5.07059e+06 493304
851 7.48276e+06 779340
861.125 6.20919e+06 506749
873.125 4.93561e+06 467547
880.75 7.30426e+06 930085
891.125 7.43664e+06 802557
903.625 4.78105e+06 543207
910.875 8.11749e+06 994188
923.375 5.8063e+06 677362
931.125 5.61877e+06 1.04003e+06
941.25 7.22619e+06 902593
954 5.16333e+06 692823
961.25 5.9802e+06 477105
973.25 5.99511e+06 896829
980.625 7.76715e+06 633393
990.75 6.25865e+06 537647
1002 4.19991e+06 262406
1010.88 8.711e+06 518014
1021.38 3.6301e+06 175494
1030.88 9.00672e+06 772720
1041.38 6.16385e+06 559696
1051.25 3.70428e+06 435507
1061.38 9.53841e+06 782634
1071 3.30861e+06 430729
1080.88 1.00072e+07 1.04774e+06
1090.75 5.51779e+06 624808
1101.12 3.16436e+06 503810
1110.62 9.64042e+06 991714
1121.38 3.38692e+06 286987
1130.88 8.9686e+06 1.05246e+06
1141.25 6.29986e+06 645181
1151.38 3.23236e+06 328368
1161.12 9.90214e+06 784887
1170.88 2.56363e+06 279331
1180.88 1.01628e+07 679285
1190.88 6.19373e+06 541271
1201 3.32819e+06 317526
1210.75 9.62393e+06 845181
1221.25 2.59558e+06 363480
1230.75 9.87226e+06 1.23436e+06
1241.62 6.55849e+06 719194
1250.88 3.41474e+06 274341
1260.75 8.3112e+06 725204
1271.12 2.92015e+06 442134
1280.88 9.44361e+06 764515
1294.38 5.91243e+06 403198
1301 4.56521e+06 416858
1311.25 8.94951e+06 544765
1321.12 4.1659e+06 183549
1330.88 8.88205e+06 809031
1345 6.38435e+06 383552
1351 5.33310e+06 313105
1363 6.93483e+06 325137
1371.12 8.14404e+06 563750
1381 6.77409e+06 515090
1391.5 4.18651e+06 299637
1401 9.11286e+06 721679
1411.62 3.45287e+06 297821
1421 9.09431e+06 822510
1430.88 6.16694e+06 644764
1441.75 2.64503e+06 224378
1450.75 9.51368e+06 752144
1460.88 2.71407e+06 280991
1471.12 1.00969e+07 809769
1481.25 6.27101e+06 422614
1490.75 3.81096e+06 476919
1500.75 8.95157e+06 607858
1511 3.09017e+06 340513
1521 1.00114e+07 854653
1531.5 6.89131e+06 589594
1541 2.92221e+06 444388
1551 8.81816e+06 899616
1561.88 2.2316e+06 209591
1570.62 1.00899e+07 913163
1580.5 6.25246e+06 591366
1591 2.75941e+06 434970
1600.88 9.60023e+06 700348
1611 3.21484e+06 268447
1620.75 9.72388e+06 798669
1630.88 5.8537e+06 456125
1641.12 3.68265e+06 235409
1652.5 6.80348e+06 737021
1660.88 7.33875e+06 490452
1670.75 5.5487e+06 417833
1682.25 3.86194e+06 413677
1690.88 8.26381e+06 803583
1701.25 3.00567e+06 419698
1711 9.60282e+06 1.2224e+06
1720.88 6.18264e+06 830177
1731.38 2.97785e+06 285641
1741.38 9.5312e+06 1.07475e+06
1751.25 2.4472e+06 290541
1760.88 1.0134e+07 1.11115e+06
1771 6.07008e+06 574638
1781 3.08295e+06 226130
1790.88 9.01394e+06 531944
1801 2.61079e+06 260009
1811 9.52011e+06 551179
1821 6.06081e+06 322480
1831.12 2.74601e+06 319751
1842.25 8.32563e+06 491459
1850.88 8.13397e+06 391367
1860.88 6.01032e+06 352549
1872.25 4.09893e+06 231410
1880.88 8.45958e+06 621931
1891.62 3.79575e+06 498446
1900.75 8.45879e+06 1.06333e+06
1914 6.46988e+06 595531
1921 3.63216e+06 838721
1934.5 9.02012e+06 1.35799e+06
1941 7.5281e+06 874865
1950.88 7.06442e+06 790990
1961.25 3.48378e+06 396127
1971 9.8805e+06 868823
1982.38 3.91964e+06 286703
1990.88 8.1381e+06 779395
2001 6.18446e+06 514583
2011.38 3.64452e+06 282564
2020.75 9.18807e+06 759195
2031.38 3.37559e+06 237498
2040.62 8.58117e+06 599727
2050.62 6.25968e+06 458971
2061.12 2.44307e+06 291255
2070.75 9.39003e+06 481245
2084.25 4.58012e+06 321204
2091 6.70069e+06 624529
2101 6.3215e+06 642650
2113.25 4.64916e+06 379341
2121.5 7.41736e+06 588852
2133.75 5.60586e+06 419793
2141 7.86813e+06 693012
2151 5.91449e+06 388399
2163.62 4.96549e+06 258093
2171.38 4.75014e+06 821220
2183 6.25016e+06 635492
2191 7.76018e+06 606454
2201.12 5.84237e+06 593166
2214.5 5.67956e+06 744323
2221.12 3.19527e+06 746136
2231.62 4.98198e+06 983105
2240.88 9.48987e+06 1.21611e+06
2251 6.15045e+06 765497
2261.12 3.58682e+06 442690
2271.12 9.09637e+06 964867
2281.12 2.86245e+06 248866
2290.88 9.81662e+06 1.02075e+06
2300.88 6.28647e+06 742454
2311.12 2.62236e+06 365734
2321 9.30451e+06 703699
2331 3.27358e+06 377102
2340.5 8.86247e+06 822910
2352.38 6.2061e+06 318394
2361 3.04174e+06 598307
2370.88 9.05721e+06 496164
2381.5 2.75116e+06 182225
2391 9.58684e+06 800095
2401 6.16488e+06 539924
2411.75 2.30706e+06 286634
2421.25 1.05101e+07 852819
2431 4.66516e+06 640186
2441.38 8.05203e+06 874245
2453 6.18652e+06 552021
2461.75 2.89312e+06 576851
2470.88 8.89671e+06 885179
2481.25 3.69604e+06 543973
2490.88 9.24371e+06 1.23318e+06
2501.5 6.5688e+06 810350
2511.12 3.91449e+06 431920
2520.88 8.50492e+06 1.0384e+06
2531 3.43947e+06 376599
2541 8.70997e+06 921528
2551.25 6.17518e+06 615166
2561.12 2.69964e+06 514727
2570.88 9.4261e+06 690396
2581 2.50284e+06 315114
2590.75 9.03042e+06 670738
2601.12 5.80012e+06 511751
2611.25 2.42968e+06 372762
2621 9.33645e+06 651633
2631.62 2.75735e+06 131213
2640.88 8.88308e+06 638901
2650.88 6.16694e+06 577840
2661 3.15817e+06 185406
2670.62 9.74861e+06 625820
2681 2.34519e+06 180358
2691 9.97118e+06 559711
2700.88 6.19991e+06 376468
2710.88 2.31016e+06 270726
2720.88 9.17777e+06 304922
2733 4.48739e+06 461302
2740.88 7.66102e+06 683437
2751 6.16076e+06 509283
2762.88 4.22464e+06 330901
2770.5 8.20816e+06 469995
2781.12 3.62494e+06 281791
2790.88 9.11182e+06 695893
2800.88 5.77745e+06 437102
2812 2.77383e+06 213101
2820.88 9.11698e+06 450856
2831.62 2.67492e+06 263299
2841 9.42197e+06 790621
2851.25 5.89182e+06 498037
2861.38 3.77538e+06 342074
2870.88 8.73239e+06 799982
2881.62 4.0899e+06 501810
2891.25 9.30039e+06 1.2096e+06
2901.25 5.97735e+06 755749
2912.12 2.99022e+06 366949
2921.88 8.1484e+06 867586
2931.38 4.03607e+06 504344
2941 8.19374e+06 883431
2952.12 3.97734e+06 583768
2960.88 7.97941e+06 1.17075e+06
2971.5 6.05743e+06 933071
2981.38 5.04793e+06 667570
2991.12 7.49822e+06 1.64086e+06
3001 5.76302e+06 720472
3011.5 2.9861e+06 503464
3020.88 8.63063e+06 653683
3030.88 3.33952e+06 382256
3040.75 9.39003e+06 1.06833e+06
3054.38 4.50491e+06 362955
3060.88 7.4547e+06 616980
3073.5 6.17130e+06 585701
3081 4.25324e+06 318667
3090.75 8.10331e+06 856063
3104.38 5.6775e+06 457500
3111.12 3.30243e+06 794717
3124.25 8.33696e+06 942435
3130.88 7.47452e+06 650013
3140.75 6.13294e+06 488855
3154.38 5.28492e+06 424051
3161.12 3.3931e+06 473432
3174 8.00105e+06 957612
3180.88 5.57858e+06 555101
3190.75 7.3045e+06 974552
3204.12 5.53428e+06 523881
3211.25 5.00956e+06 439782
3224.62 6.96678e+06 390016
3231.12 3.31376e+06 454274
3241 9.0129e+06 480392
3253.12 4.66771e+06 334586
3260.88 7.88771e+06 456290
3274.12 5.54973e+06 273683
3280.88 4.64995e+06 319426
3290.75 8.01572e+06 622589
3304.25 5.09636e+06 147717
3311.12 4.92222e+06 222358
3324.5 7.3416e+06 413918
3330.88 7.74345e+06 468439
3340.88 6.59868e+06 466404
3352.88 4.07317e+06 258618
3361 8.25041e+06 511831
3374.75 5.42505e+06 448842
3381.25 3.61130e+06 796206
3390.75 8.12907e+06 1.19222e+06
3400.5 5.6198e+06 476236
3410.88 2.00722e+06 363105
3421 9.12213e+06 624831
3431.12 2.80887e+06 162625
3440.62 9.81971e+06 812091
3450.88 6.57601e+06 521733
3461.38 2.88821e+06 386912
3471.25 9.47246e+06 764143
3481.25 2.25863e+06 225316
3491 9.2262e+06 770293
3500.88 5.17054e+06 319689
3511 2.70377e+06 165301
3523.62 8.75943e+06 603436
3530.88 4.69426e+06 610345
3540.75 8.33308e+06 867237
3554.62 5.75787e+06 399585
3561 6.97993e+06 434867
3572.88 4.51727e+06 411616
3581 8.38745e+06 460498
3591 6.00929e+06 379195
3600.88 2.2813e+06 335796
3612.88 8.58838e+06 751701
3620.75 7.42197e+06 535953
3630.62 6.31635e+06 468268
3643.25 4.8336e+06 256227
3651.12 6.95417e+06 495989
3662.12 4.60176e+06 347893
3670.88 8.43176e+06 391024
3681.12 5.76508e+06 458402
3691.88 3.98662e+06 226477
3700.88 8.84701e+06 675627
3712.38 3.96498e+06 297516
3720.75 8.24423e+06 825707
3730.88 6.11542e+06 601147
3742 3.80629e+06 314813
3751 8.72233e+06 680750
3763.62 4.2844e+06 392767
3770.75 7.24371e+06 645862
3780.88 6.31841e+06 476297
3793.62 4.56467e+06 416092
3801.12 4.08553e+06 628736
3814.38 7.30965e+06 542208
3821.62 4.01007e+06 838512
3830.88 9.42737e+06 781571
3841.38 6.15664e+06 579405
3850.88 2.23596e+06 417519
3861.12 9.27463e+06 1.01045e+06
3871 1.60536e+06 315446
3881 9.25917e+06 957492
3891.12 6.0639e+06 572758
3902 2.04328e+06 437228
3911 9.30863e+06 751910
3921.38 2.41216e+06 416954
3931.25 8.98406e+06 675709
3941 6.43794e+06 551926
3951.25 3.21072e+06 463206
3961 9.6806e+06 712384
3971.12 2.82329e+06 362859
3980.75 9.04382e+06 828785
3990.75 6.33284e+06 641249
4001.12 3.3962e+06 268861
4011 8.22465e+06 687247
4021.5 3.0304e+06 227099
4030.88 8.66875e+06 815790
4040.88 6.36169e+06 617162
4051 2.82845e+06 298874
4061.12 9.44567e+06 860603
4071.12 3.07059e+06 285344
4080.88 9.00878e+06 698171
4091.25 6.14427e+06 610547
4101.25 1.99588e+06 255146
4111 9.82898e+06 554575
4123.5 4.45751e+06 245494
4130.75 7.00441e+06 635707
4141.12 5.82303e+06 404906
4153.5 4.4266e+06 308886
4161.38 7.63732e+06 473760
4171.88 3.80836e+06 445488
4181.25 9.15716e+06 602674
4191.38 5.87019e+06 316829
4201 3.03968e+06 256496
4211.25 9.71152e+06 726774
4221.5 3.22309e+06 259219
4230.88 9.82589e+06 734002
4241 6.25246e+06 456375
4251.12 2.21948e+06 205806
4261 9.85783e+06 660724
4271.25 2.71922e+06 211664
4281.38 8.62341e+06 599235
4290.88 6.51109e+06 430042
4301.12 3.03452e+06 296004
4311.5 8.94593e+06 457775
4321.12 3.23854e+06 287360
4331 8.37715e+06 421751
4340.88 6.01135e+06 429497
4351 3.08192e+06 197269
4360.88 9.87123e+06 621379
4373 4.90161e+06 573575
4381 7.49306e+06 762619
4390.88 5.77848e+06 528927
4403.75 4.6842e+06 452161
4411.12 6.48018e+06 760728
4423.62 5.17364e+06 547415
4430.75 7.16334e+06 602135
4441.12 5.93201e+06 357084
4451 2.59454e+06 272458
4462.75 8.52346e+06 609088
4470.62 7.06751e+06 517950
4480.88 6.0299e+06 455372
4494.25 5.25092e+06 296683
4501.12 4.41732e+06 393312
4513 4.881e+06 653906
4521.12 8.41012e+06 402317
4531 5.78672e+06 309079
4541.12 3.29522e+06 121314
4553.38 8.36994e+06 313736
4561 4.82639e+06 859819
4571 7.58992e+06 867063
4582.12 3.04071e+06 545101
4591.12 8.372e+06 1.11645e+06
4604.75 5.01416e+06 948108
4610.88 5.02605e+06 883399
4621 7.68676e+06 1.45836e+06
4634.25 4.91191e+06 977939
4641 6.85319e+06 1.14299e+06
4654.25 5.82176e+06 773687
4660.62 6.30604e+06 513042
4670.75 6.69657e+06 1.17561e+06
4683.12 4.70892e+06 756089
4691.25 6.52655e+06 944946
4704 5.83103e+06 437552
4711.12 3.31376e+06 591531
4720.88 8.28235e+06 513782
4734.25 5.17054e+06 688794
4741.38 5.44851e+06 732466
4751.12 7.4624e+06 488068
4761.25 4.31531e+06 548113
4770.62 8.47607e+06 852060
4783.38 6.12057e+06 569203
4791.12 3.62700e+06 188205
4801.38 7.2445e+06 1.05267e+06
4811.25 7.28311e+06 775426
4823.25 4.39053e+06 826338
4831.12 6.35123e+06 1.51955e+06
4844.88 6.77718e+06 849317
4851.12 3.44153e+06 915724
4860.88 9.01703e+06 1.82869e+06
4874.25 5.23649e+06 836266
4880.88 5.14582e+06 766832
4891.25 7.57568e+06 1.40254e+06
4901.38 3.44335e+06 614151
4910.62 9.22438e+06 1.75308e+06
4924.12 5.63216e+06 1.03166e+06
4931 5.54227e+06 518093
4944 6.93792e+06 796867
4950.75 4.35035e+06 497458
4961 8.14943e+06 1.04723e+06
4973.5 4.51109e+06 369487
4980.88 8.23496e+06 571867
4993 4.84082e+06 265595
5001.12 7.30141e+06 560800
5010.75 5.8877e+06 386285
5023.12 4.37198e+06 257888
5030.75 7.3416e+06 450128
5042.12 5.56931e+06 597964
5051.12 3.91527e+06 298264
5061 8.20016e+06 1.03103e+06
5074.5 5.63422e+06 595904
5081 5.0098e+06 477694
5094.75 7.27359e+06 761471
5100.75 7.41785e+06 754193
5110.75 6.1453e+06 595500
5121.25 3.79599e+06 363946
5130.88 9.03454e+06 682635
5142.62 3.75683e+06 259423
5151 8.27205e+06 677433
5160.75 5.54355e+06 478764
5173.75 3.9454e+06 285106
5180.88 4.68832e+06 809058
5194 6.40805e+06 1.07306e+06
5200.75 7.96808e+06 610239
5211 5.69811e+06 711716
5223.12 4.19166e+06 337767
5231.12 6.83361e+06 635470
5242.62 4.48842e+06 559628
5250.62 8.05566e+06 408087
5260.75 6.10924e+06 451425
5272.12 2.22566e+06 110421
5280.75 9.25196e+06 606152
5291.25 2.21639e+06 255187
5301.25 9.93408e+06 583178
5311.12 6.01547e+06 369449
5321.12 3.04174e+06 361969
5331 8.76355e+06 287400
5343.38 4.88409e+06 441649
5350.88 7.36014e+06 437223
5361 6.42351e+06 646960
5371.12 3.83618e+06 331171
5380.75 9.02218e+06 632997
5390.75 5.88564e+06 429184
5401.12 3.32304e+06 420703
5413.88 8.70585e+06 578954
5420.88 6.68317e+06 541974
5430.75 6.57704e+06 492634
5443.5 5.26225e+06 376340
5451 6.54976e+06 862014
5462.12 5.2751e+06 902024
5471 8.82744e+06 726619
5481 5.66926e+06 505238
5491.25 3.15096e+06 275086
5500.88 8.86556e+06 602156
5511 2.90572e+06 272879
5521 9.17468e+06 748712
5530.88 6.31944e+06 413774
5541 2.54818e+06 243128
5551.62 1.00845e+07 510074
5560.88 6.18627e+06 586453
5571 6.79676e+06 641707
5581.12 6.39569e+06 300758
5590.88 2.93252e+06 434389
5601.25 6.76663e+06 562901
5611 7.32796e+06 448907
5620.88 5.90855e+06 285795
5633.5 4.80887e+06 349656
5641 5.82563e+06 940972
5652.5 5.91655e+06 699394
5660.75 8.15276e+06 783386
5670.75 5.84958e+06 505743
5680.88 2.99125e+06 170409
5691.25 6.72645e+06 465029
5700.88 9.55902e+06 682305
5710.88 6.30501e+06 506340
5721.5 2.69243e+06 142873
5730.88 9.06442e+06 598781
5741.38 2.69758e+06 294170
5750.88 9.14686e+06 616937
5760.75 5.81764e+06 443840
5771 2.71304e+06 264483
5781.38 1.02514e+07 420651
5791 3.7321e+06 269034
5800.75 9.9019e+06 585634
5810.88 6.18058e+06 249929
5821 2.73468e+06 237277
5831.25 7.17776e+06 664140
5840.75 8.19065e+06 738860
5850.75 6.42351e+06 643504
5863.75 5.12624e+06 633303
5870.88 7.32099e+06 826095
5881 6.53376e+06 924978
5891.12 5.88049e+06 591968
5901.75 3.51572e+06 353204
5911 8.75324e+06 809297
5921.5 3.31685e+06 316543
5930.88 9.91657e+06 908045
5940.75 5.94540e+06 495154
5952.12 2.68213e+06 248460
5961 9.39931e+06 769179
5971.25 3.50748e+06 390065
5980.88 9.1077e+06 1.01249e+06
5990.88 5.80115e+06 723927
6001.5 3.20969e+06 360127
6010.5 8.18962e+06 825216
6021.88 3.72077e+06 395918
6030.88 7.68987e+06 841305
6040.88 5.49203e+06 581426
6052.38 3.94643e+06 393601
6060.75 8.11130e+06 738636
6071.88 3.6641e+06 434250
6080.88 8.52346e+06 788390
6090.75 6.43794e+06 633943
6101.62 2.93045e+06 328761
6111.12 9.77025e+06 733999
6121 2.68728e+06 223599
6131 1.00886e+07 996030
6141 5.62392e+06 662677
6151.25 2.76971e+06 532052
6161 9.78365e+06 832911
6172 3.96395e+06 347938
6181 8.47194e+06 810828
6190.5 5.91655e+06 565459
6201.25 3.4168e+06 287118
6210.88 9.10358e+06 744973
6221.38 3.53015e+06 128678
6230.88 9.84238e+06 654492
6240.88 6.48121e+06 492181
6251.62 3.17545e+06 199377
6260.88 1.01394e+07 556950
6271.62 2.7208e+06 299521
6281 9.14528e+06 989716
6291.12 5.00877e+06 353999
6301 2.12777e+06 228332
6312.75 8.42661e+06 710142
6321 6.45133e+06 586189
6330.75 5.8774e+06 778914
6341.38 2.09068e+06 393188
6351.12 9.18422e+06 1.59487e+06
6361.75 3.19733e+06 803212
6370.88 8.56468e+06 1.61679e+06
6380.88 6.71305e+06 1.49726e+06
6391.38 3.46935e+06 669667
6401.12 9.93773e+06 1.52077e+06
6411 2.94123e+06 533327
6421.25 9.87947e+06 1.30155e+06
6431 5.86194e+06 1.15341e+06
6441 3.66925e+06 225176
6451 9.50956e+06 1.17869e+06
6461 3.14684e+06 250596
6471.12 8.89647e+06 1.00077e+06
6480.88 6.40084e+06 553997
6491.12 4.60049e+06 581992
6501.62 8.1064e+06 606539
6511.12 3.11387e+06 194376
6520.88 8.84907e+06 812956
6534.75 5.46215e+06 401285
6540.88 4.48224e+06 208868
6550.75 9.03248e+06 793601
6561 5.59767e+06 613566
6570.88 8.11282e+06 805775
6583.25 5.10872e+06 489725
6591.12 5.95031e+06 423753
6600.88 6.59583e+06 496741
6611.38 2.94154e+06 305428
6621.12 9.26044e+06 431840
6632.88 6.54922e+06 324781
6641 4.54612e+06 646409
6653.25 7.65793e+06 857160
6660.88 8.85422e+06 477244
6670.88 6.43072e+06 554205
6683.5 4.57703e+06 448996
6691 7.15897e+06 898814
6701.88 3.91988e+06 374527
6710.75 9.15201e+06 815337
6721 6.21228e+06 614746
6731.5 2.09892e+06 256737
6741 9.70946e+06 850992
6752.5 3.50748e+06 315319
6761 4.23367e+06 451027
6770.62 8.08373e+06 960922
6785 5.39517e+06 494300
6790.75 4.13911e+06 375878
6803.5 8.46989e+06 570259
6811 3.33437e+06 314459
6820.88 8.32666e+06 566884
6832.88 5.97838e+06 441699
6841 3.21382e+06 673805
6851 8.65639e+06 739259
6861.25 3.13859e+06 307280
6870.88 8.74809e+06 778582
6881 5.99383e+06 645054
6891.88 2.2947e+06 362101
6901 9.74964e+06 955281
6911.12 3.40728e+06 405866
6920.88 8.97193e+06 898529
6931.12 5.96704e+06 647718
6941 2.03092e+06 187300
6951.25 9.65072e+06 850139
6961.12 4.2844e+06 626925
6971 8.65742e+06 788006
6983.5 6.19991e+06 581537
6991.38 3.56106e+06 646898
7000.75 8.67287e+06 707841
7011.12 2.61697e+06 278686
7021 9.96833e+06 1.01986e+06
7031.12 5.95983e+06 483564
7041.38 2.76662e+06 408207
7054 9.52810e+06 1.17258e+06
7061.25 5.38487e+06 955826
7071.38 7.80837e+06 957970
7082.5 4.474e+06 600071
7091 9.06649e+06 593486
7101.88 4.19991e+06 290130
7110.62 9.58581e+06 621130
7120.88 7.06545e+06 515774
7131.12 3.50336e+06 414385
7141.5 1.01711e+07 474482
7151.75 4.42350e+06 660024
7160.75 7.17055e+06 801611
7171.38 3.02888e+06 466272
7180.75 1.01242e+07 2.157e+06
7192.75 4.47399e+06 888443
7201 8.78789e+06 1.76854e+06
7210.88 6.25968e+06 660783
7221.38 2.01546e+06 180523
7231 9.46731e+06 957393
7241 5.63216e+06 652079
7251.38 1.9423e+06 314386
7260.88 9.5755e+06 1.2177e+06
7274.38 5.5147e+06 516889
7281.12 5.98844e+06 1.08429e+06
7291.12 6.67105e+06 831200
7303.88 5.31583e+06 584682
7310.88 6.90265e+06 1.12452e+06
7322.38 4.87791e+06 560072
7331 8.00724e+06 971458
7341 5.90625e+06 627008
7351 2.58836e+06 330053
7361.38 9.86402e+06 907954
7371.25 3.40753e+06 373735
7380.88 8.01857e+06 492475
7390.62 5.864e+06 567102
7402.5 3.79496e+06 329203
7410.75 8.17107e+06 469262
7421.62 4.22464e+06 434309
7430.75 8.04227e+06 605623
7443.75 4.93973e+06 404940
7450.88 7.47094e+06 727371
7465 5.65017e+06 430052
7471 4.00722e+06 505798
7480.88 7.71666e+06 895056
7494.12 6.13809e+06 427597
7501.12 4.11954e+06 723211
7514.38 7.65793e+06 562289
7521.25 3.91552e+06 435268
7530.88 8.39054e+06 641612
7543.62 4.54097e+06 397169
7550.88 4.73056e+06 284575
7560.88 8.48225e+06 577027
7571.12 3.6301e+06 353465
7580.88 8.75324e+06 754510
7591 5.92789e+06 523092
7601 1.90006e+06 176008
7611 9.18395e+06 645187
7621.38 1.593e+06 220894
7630.62 8.54304e+06 623422
7640.5 5.67441e+06 559348
7651.12 2.87148e+06 393006
7660.75 9.47168e+06 764051
7673.38 4.90367e+06 387390
7680.88 6.35629e+06 506341
7690.88 6.805e+06 879948
7701.38 2.71304e+06 265117
7710.75 9.76201e+06 747883
7721 5.73005e+06 344102
7731.12 2.69837e+06 249330
7741.75 7.67569e+06 486338
7751.12 8.52140e+06 548281
7761 5.06853e+06 439606
7773.62 4.65843e+06 449922
7781.5 3.83618e+06 664374
7791.62 5.79036e+06 1.24295e+06
7800.88 8.48686e+06 861193
7811.38 5.98765e+06 459153
7821 2.42556e+06 270474
7831 9.69709e+06 752181
7841.12 3.62288e+06 310299
7850.88 8.711e+06 471175
7864.25 5.15921e+06 449071
7871.12 6.15742e+06 599005
7880.88 6.31041e+06 325171
7891 3.00774e+06 399934
7900.62 9.5415e+06 707982
7910.88 6.1824e+06 522459
7921 3.83411e+06 344146
7931 8.43382e+06 511414
7941.75 3.18187e+06 347017
7951.25 9.26099e+06 756460
7960.62 6.38254e+06 496017
7971.12 2.40289e+06 229291
7981.38 1.00402e+07 816517
7991 3.70325e+06 478181
8000.88 9.01703e+06 867243
8012.88 5.59404e+06 569215
8021.12 3.07986e+06 496146
8030.88 8.97684e+06 935249
8041.62 2.55024e+06 268422
8051.25 9.44258e+06 1.16363e+06
8060.75 6.36684e+06 824662
8071.62 2.64194e+06 509468
8080.88 8.711e+06 1.10861e+06
8091.12 2.66976e+06 484313
8101.25 9.32306e+06 1.25707e+06
8111.75 6.43794e+06 893738
8121.62 2.63885e+06 444764
8131 9.50441e+06 1.23137e+06
8141.75 3.07883e+06 365762
8150.88 8.86659e+06 1.23362e+06
8160.88 6.19167e+06 937065
8171.88 2.64812e+06 172707
8180.62 9.40961e+06 1.07113e+06
8192.38 4.16796e+06 404237
8201.25 7.75273e+06 809698
8210.62 6.03917e+06 572578
8224.25 5.16436e+06 576013
8231.62 3.98225e+06 616048
8243.38 7.37997e+06 1.00116e+06
8250.88 7.91862e+06 847271
8261.12 6.12263e+06 670127
8272.25 2.86348e+06 150685
8280.88 9.11904e+06 738793
8292.62 3.94746e+06 249333
8300.62 7.76612e+06 393695
8310.75 5.91037e+06 446317
8322.38 3.7929e+06 293657
8330.5 8.17416e+06 364179
8342.38 4.05256e+06 191499
8351.25 7.89286e+06 389428
8360.88 6.10512e+06 367453
8371.62 2.80784e+06 301084
8381.38 9.28493e+06 315713
8391.38 6.12469e+06 438830
8401.12 3.55876e+06 313566
8411.25 8.59481e+06 840794
8421.5 5.96395e+06 483944
8430.88 2.42247e+06 419818
8441.5 8.63063e+06 871758
8452.62 4.11517e+06 564124
8461 8.26096e+06 1.10454e+06
8474.38 5.00774e+06 506251
8481.25 4.90446e+06 941509
8491.75 7.73133e+06 848365
8500.88 2.56672e+06 326814
8511 8.90059e+06 877516
8521.38 5.89904e+06 535309
8531.12 2.57084e+06 310602
8541.38 9.36324e+06 908493
8550.62 2.56363e+06 398516
8560.75 9.21898e+06 699332
8574 4.88821e+06 457373
8581.12 6.54049e+06 916815
8590.75 6.84234e+06 501938
8602.25 3.7795e+06 372224
8611 8.101e+06 1.09872e+06
8620.62 6.23495e+06 805305
8631.12 2.59764e+06 203103
8641 9.54356e+06 1.27522e+06
8650.88 6.21434e+06 891533
8661.12 3.02398e+06 691001
8670.88 9.07703e+06 933101
8681.25 3.58064e+06 608154
8690.62 8.63269e+06 1.18566e+06
8701 5.66410e+06 508522
8712.62 2.74395e+06 549091
8720.88 9.17056e+06 913551
8731.38 3.25915e+06 277172
8741.25 9.28596e+06 852978
8751 6.40187e+06 749982
8761.62 2.7388e+06 378287
8771 9.44876e+06 414620
8782.38 4.08838e+06 586692
8790.5 8.25787e+06 911094
8801 5.99383e+06 777072
8814.12 4.65122e+06 583097
8821 5.60616e+06 768299
8833 5.05435e+06 633134
8841.25 8.15767e+06 1.10265e+06
8851 5.81558e+06 557316
8862.25 3.97116e+06 399348
8871 8.08658e+06 784258
8883.12 4.21227e+06 407616
8890.88 7.66102e+06 838166
8900.75 6.24525e+06 807226
8914.38 4.78002e+06 415384
8921.12 4.38617e+06 719278
8934.25 7.39542e+06 884490
8941 4.31634e+06 340758
8950.88 7.95778e+06 931333
8963.12 4.542e+06 336750
8971.12 7.70739e+06 707051
8981 6.30501e+06 713646
8991.25 2.81917e+06 424852
9000.75 9.39621e+06 975270
9011 6.00723e+06 591912
9020.88 3.18908e+06 364157
9032.12 7.41785e+06 947703
9041 7.75273e+06 637254
9051 6.19064e+06 615627
9064.38 5.64144e+06 531253
9071 4.54818e+06 665108
9081.62 4.8076e+06 567984
9090.88 8.67827e+06 908548
9100.75 5.74757e+06 658384
9111.88 2.84287e+06 195040
9120.75 9.06855e+06 528649
9131.75 2.37198e+06 273174
9141 8.75943e+06 597250
9151 5.58683e+06 623145
9160.75 3.24267e+06 365553
9170.88 9.01703e+06 939876
9181.75 3.12211e+06 327215
9190.88 8.64917e+06 1.07908e+06
9201.25 5.3488e+06 747656
9211.75 3.35189e+06 371262
9223.25 8.51419e+06 1.04929e+06
9231 4.16281e+06 674667
9241.25 7.86813e+06 873372
9252.75 3.97837e+06 381479
9261.12 7.59404e+06 936554
9274 5.42505e+06 683591
9280.88 7.06957e+06 712208
9290.75 5.61774e+06 682262
9303 4.74087e+06 495721
9310.88 6.92634e+06 864552
9324.12 6.14942e+06 647673
9331.5 4.80839e+06 578668
9340.75 7.88407e+06 1.12216e+06
9354.12 5.40341e+06 662963
9361.5 5.24988e+06 694548
9370.62 7.25092e+06 614853
9381.12 2.29264e+06 314593
9391.38 9.85783e+06 1.03773e+06
9400.88 5.61259e+06 478910
9411.12 2.15147e+06 279992
9422.88 8.76767e+06 692784
9431.25 2.86142e+06 369169
9441.75 9.22517e+06 701835
9450.88 2.61721e+06 437781
9461.25 9.87432e+06 1.70176e+06
9471.62 6.34211e+06 1.30368e+06
9481.5 4.25864e+06 724172
9490.88 8.21641e+06 1.76977e+06
9501.38 1.9794e+06 235750
9511.38 9.44604e+06 1.71632e+06
9521 5.8537e+06 1.07167e+06
9531.25 3.33437e+06 855525
9541 9.83207e+06 1.16447e+06
9553.62 4.576e+06 534745
9560.88 7.98251e+06 731520
9570.88 6.44927e+06 509816
9581.38 2.49769e+06 344921
9591 1.01134e+07 821082
9603.25 4.57909e+06 385243
9611 7.58992e+06 481764
9620.88 6.47709e+06 316475
9631.75 3.78956e+06 273102
9641 8.36812e+06 432412
9652.88 5.74242e+06 452168
9661.25 3.77617e+06 669107
9671.25 8.37636e+06 681636
9681 6.08245e+06 449182
9691.12 2.13292e+06 642814
9703.12 9.51059e+06 861180
9711 3.40753e+06 520893
9721.12 8.86762e+06 1.05534e+06
9733.5 5.82588e+06 402906
9741.25 2.62958e+06 541285
9753.25 9.37355e+06 892577
9761.25 4.0742e+06 546803
9770.88 7.95262e+06 479670
9782.62 4.32252e+06 263347
9791.25 7.84031e+06 367362
9800.88 6.05050e+06 459457
9811.5 3.08914e+06 431561
9820.75 9.09431e+06 1.0261e+06
9831 6.41114e+06 803290
9841 2.85008e+06 401167
9850.88 9.19735e+06 1.18281e+06
9862.5 4.38435e+06 491274
9870.75 7.23134e+06 758762
9880.88 5.85473e+06 700206
9893.88 4.65534e+06 473105
9900.88 5.26122e+06 725300
9914.25 7.48895e+06 671157
9921 4.9027e+06 514134
9930.62 7.6249e+06 1.03769e+06
9944.12 5.12727e+06 546258
9951 7.05927e+06 869979
9964.12 5.47966e+06 496888
9970.62 7.12806e+06 711499
9980.75 6.19294e+06 567151
9994.38 5.16642e+06 385683
10001 4.0008e+06 632251
10013.5 8.05488e+06 605170
10020.9 4.47145e+06 581366
10030.9 7.93766e+06 821574
10044.2 5.31995e+06 582128
10051 4.59225e+06 567010
10063.5 7.67981e+06 679844
10071.1 3.35498e+06 363803
10080.8 8.6059e+06 675999
10093.9 5.68162e+06 568444
10101.1 4.43278e+06 546520
10115.1 7.82795e+06 547793
10121 4.90343e+06 643172
10131.1 7.36348e+06 795978
10143 4.29161e+06 241795
10150.9 8.17519e+06 609888
10163 5.98971e+06 431864
10171.1 3.65252e+06 165301
10180.8 8.53814e+06 679783
10191.2 5.75375e+06 424292
10201.4 2.57084e+06 399361
10211.6 8.86556e+06 821663
10221 3.00258e+06 417623
10230.8 8.78519e+06 784974
10241.1 5.86709e+06 579157
10251 2.53169e+06 282128
10263 7.64866e+06 764207
10270.9 7.83104e+06 677272
10280.9 6.31017e+06 572459
10293.2 4.55230e+06 375591
10301.9 8.32357e+06 738181
10311.2 4.78208e+06 368983
10321 7.30141e+06 1.12815e+06
10331 3.3488e+06 667805
10340.9 9.50544e+06 935894
10354 5.25504e+06 578236
10360.9 4.75711e+06 1.20283e+06
10371 8.00026e+06 781225
10381.6 3.12417e+06 526572
10390.9 8.04742e+06 900174
10400.9 6.51934e+06 898422
10411.5 2.70274e+06 403615
10420.9 1.01041e+07 1.1997e+06
10433.6 4.72953e+06 754284
10440.9 7.83928e+06 907609
10450.8 6.28956e+06 728285
10462.2 3.92788e+06 384948
10470.9 8.47194e+06 742237
10483.1 4.25143e+06 343625
10491 7.65381e+06 848705
10501.4 5.6301e+06 608275
10512.4 4.48224e+06 393903
10521 6.76766e+06 625538
10530.9 6.44e+06 937485
10540.9 3.27182e+06 682449
10550.8 9.25784e+06 897591
10561 5.75787e+06 687350
10571.6 1.31376e+06 254180
10582.5 8.84701e+06 951085
10590.6 7.18498e+06 785333
10600.9 6.17209e+06 570980
10613.6 5.07678e+06 458977
10620.8 7.73727e+06 758054
10632.6 4.93664e+06 475188
10641 7.77334e+06 698165
10651.4 3.49305e+06 394711
10660.9 8.75737e+06 1.03914e+06
10674 5.11387e+06 935899
10681 5.34522e+06 665884
10690.9 7.58515e+06 1.41521e+06
10703.9 4.51212e+06 534434
10711.1 5.25273e+06 527946
10723.5 7.83952e+06 896958
10730.9 3.80732e+06 527658
10741 8.26071e+06 961867
10754.6 5.74757e+06 628445
10761 3.33746e+06 807220
10771.1 8.86762e+06 1.03094e+06
10781 3.19218e+06 482522
10790.8 8.70378e+06 1.0916e+06
10805 5.7352e+06 501943
10811 5.04174e+06 691975
10820.9 7.47761e+06 371594
10831.1 2.26378e+06 337188
10841 9.04485e+06 698319
10850.9 6.01135e+06 389354
10861 2.83566e+06 721002
10871.2 1.01463e+07 227764
10881.5 3.36322e+06 340805
10891 8.40060e+06 813266
10900.8 5.90237e+06 543793
10913.9 4.68007e+06 501182
10921 5.36117e+06 594602
10931.4 3.64634e+06 400021
10940.6 9.30578e+06 778896
10950.9 6.15252e+06 665584
10961.2 2.68522e+06 230163
10973.4 9.26741e+06 914462
10980.8 7.20764e+06 614127
10990.9 6.14118e+06 626667
11004.2 5.22413e+06 378297
11011 3.98946e+06 926750
11021.6 9.05334e+06 807686
11031.1 2.47605e+06 499673
11040.6 8.77385e+06 1.06372e+06
11051.1 5.17260e+06 581001
11061 2.64091e+06 329603
11072.2 7.67029e+06 574651
11081.1 7.72388e+06 714055
11090.6 6.1587e+06 508860
11101.1 2.3895e+06 253422
11111.4 9.97633e+06 1.34815e+06
11121.9 3.50233e+06 461434
11130.9 8.101e+06 1.18074e+06
11141.1 5.18188e+06 740555
11153.2 3.67749e+06 494829
11161.4 4.20815e+06 588888
11172.9 7.14994e+06 1.99918e+06
11181 7.51676e+06 428100
11191 6.3452e+06 380916
11203.1 4.92634e+06 417244
11211 6.79033e+06 558581
11222.5 4.10772e+06 617161
11230.9 8.71252e+06 745379
11241.1 6.5688e+06 403458
11251 3.23339e+06 355474
11262 8.14737e+06 627149
11271 6.96138e+06 795222
11280.9 6.77797e+06 986083
11292.5 3.81866e+06 258771
11301.1 8.04821e+06 536421
11312.2 4.09196e+06 302037
11320.9 8.57086e+06 536796
11331 6.11233e+06 312176
11341.2 3.06235e+06 231962
11350.9 8.95417e+06 447252
11361.8 3.77641e+06 195833
11371 8.13397e+06 439627
11380.6 6.15148e+06 414320
11392.2 3.99486e+06 251658
11401 5.79654e+06 1.15079e+06
11412.6 7.46985e+06 821578
11421.1 3.1149e+06 286952
11431 9.09843e+06 993893
11444.4 6.17724e+06 562868
11451.1 4.41835e+06 703597
11463.2 7.30862e+06 839915
11471.1 7.47530e+06 515064
11480.9 6.2321e+06 330067
11493 4.38435e+06 366270
11500.9 7.6332e+06 513497
11513.2 4.65534e+06 332245
11521.9 7.23959e+06 582714
11530.6 5.63113e+06 552879
11540.9 5.91758e+06 529279
11550.9 3.12314e+06 557153
11561.4 5.80733e+06 637571
11570.6 9.48689e+06 1.05583e+06
11580.8 6.37611e+06 682773
11591.8 3.5456e+06 369169
11600.8 8.00723e+06 657384
11611.9 3.31249e+06 482366
11621 8.8792e+06 815244
11631.5 6.27307e+06 474105
11641 2.83050e+06 488287
11651.9 9.51986e+06 756003
11660.9 2.50078e+06 317717
11670.9 8.80064e+06 367210
11681.1 5.72387e+06 174256
11690.9 2.50181e+06 307460
11701.4 8.8635e+06 406152
11711 1.80835e+06 218337
11720.9 9.88359e+06 662336
11731.4 5.95262e+06 454796
11741.5 2.79135e+06 201394
11751.5 9.70327e+06 697203
11761.2 2.8202e+06 243495
11770.8 9.54974e+06 911202
11780.8 6.24834e+06 675386
11791.4 2.19475e+06 301869
11801 9.7991e+06 775409
11811 2.90882e+06 290483
11821 9.31790e+06 849147
11831 6.38642e+06 666173
11841 3.6301e+06 364217
11851.2 8.69348e+06 980887
11861.5 3.25091e+06 367236
11870.8 8.10512e+06 987567
11881 6.29471e+06 707302
11891 3.64658e+06 649914
11903 8.65845e+06 926141
11911.2 2.75916e+06 525399
11921.1 8.90599e+06 1.2685e+06
11933.2 4.69038e+06 424892
11941.2 4.08426e+06 952457
11950.8 8.60202e+06 1.21696e+06
11961.1 3.16126e+06 272634
11971 8.62341e+06 584603
11980.9 5.9217e+06 369763
11991.2 3.06647e+06 381326
12002.8 8.9212e+06 543513
12011.1 4.50933e+06 667833
12020.8 8.44176e+06 471509
12031 5.87843e+06 621415
12041.9 1.64554e+06 300637
12050.8 1.03864e+07 1.21309e+06
12061.4 3.33746e+06 580454
12071.4 9.38076e+06 1.14029e+06
12080.9 6.18343e+06 714960
12091.2 3.27667e+06 446500
12101.1 8.48534e+06 664779
12111 2.48944e+06 339701
12121 9.4941e+06 1.16019e+06
12131.5 6.05978e+06 642450
12141 3.21690e+06 425204
12151 8.87895e+06 887706
12161.2 3.38177e+06 338830
12170.6 8.75427e+06 1.01199e+06
12182.2 5.8166e+06 582528
12191.6 3.65767e+06 580965
12200.9 8.5165e+06 1.07997e+06
12211.4 2.05849e+06 260832
12221 9.44901e+06 873679
12230.9 6.26277e+06 727019
12241.9 2.38434e+06 289829
12250.8 8.04639e+06 739932
12263.8 3.44772e+06 410127
12270.9 7.18188e+06 768218
12281.1 6.21434e+06 749906
12293.2 4.1793e+06 476673
12301 7.4096e+06 1.0471e+06
12311.6 4.75529e+06 509775
12321.4 7.68369e+06 1.03113e+06
12333.4 6.10821e+06 695240
12341.1 3.79599e+06 594529
12351.9 6.23082e+06 726709
12360.9 6.72748e+06 1.17234e+06
12371 6.27822e+06 877051
12381.4 1.41886e+06 348343
12391.1 9.64351e+06 1.84218e+06
12402.1 3.35498e+06 365651
12410.8 8.60548e+06 2.11355e+06
12421 6.4266e+06 1.60515e+06
12431.8 2.53581e+06 233558
12441 9.83104e+06 1.79694e+06
12451.1 3.32304e+06 488632
12460.9 9.4364e+06 1.45681e+06
12471.4 6.12263e+06 584835
12481.2 2.37919e+06 415342
12490.9 1.02597e+07 1.17349e+06
12501.8 2.3627e+06 160570
12510.8 8.91399e+06 947411
12521 6.508e+06 362167
12531.5 3.25194e+06 194323
12541 1.01103e+07 482287
12551.4 2.21924e+06 295740
12560.8 9.06673e+06 619416
12570.9 6.27513e+06 535855
12581.1 2.84596e+06 336406
12591 9.58581e+06 595517
12601.1 2.86245e+06 188429
12610.8 9.20456e+06 604679
12621 6.21949e+06 431269
12631 3.0675e+06 385853
12644.9 8.70173e+06 686448
12650.9 5.29625e+06 846987
12660.9 7.28596e+06 535143
12673.9 6.09584e+06 468042
12680.9 3.96292e+06 749944
12692 5.05568e+06 700211
12700.9 8.64348e+06 660982
12710.8 5.18497e+06 341956
12721.2 3.41577e+06 253353
12734.1 8.29987e+06 359368
12740.9 7.08297e+06 382970
12750.8 5.75478e+06 342559
12760.8 6.65123e+06 695557
12771.4 3.6301e+06 832985
12784.5 8.78931e+06 1.18723e+06
12791.2 5.69684e+06 1.2418e+06
12800.8 6.78748e+06 1.27114e+06
12813.1 6.34932e+06 1.23209e+06
12821 4.67801e+06 805071
12833.8 7.25401e+06 1.30269e+06
12840.8 7.9722e+06 1.33786e+06
12850.8 6.44515e+06 1.18188e+06
12861.8 3.18496e+06 458153
12871.2 9.13552e+06 1.25448e+06
12884.2 5.14272e+06 643304
12891 7.34057e+06 1.14527e+06
12900.8 6.53995e+06 759768
12913.1 4.41011e+06 420202
12920.9 7.18164e+06 940648
12934.1 5.14503e+06 218039
12940.9 5.00804e+06 875508
12950.9 7.97396e+06 980851
12961.4 3.31891e+06 455079
12971.4 9.57756e+06 709046
12981 5.64762e+06 755245
12992.6 3.95158e+06 472404
13001 7.94129e+06 1.10023e+06
13013 4.45338e+06 616046
13020.9 8.10203e+06 1.11859e+06
13031.1 6.19888e+06 912692
13042.1 3.82278e+06 472718
13050.9 7.65072e+06 965202
13061.5 5.75993e+06 650127
13071.2 2.79856e+06 389799
13080.9 8.19065e+06 1.05628e+06
13090.9 5.0098e+06 523776
13100.6 2.78929e+06 360916
13111 8.80683e+06 845820
13121 2.56751e+06 276554
13130.9 9.54278e+06 1.01745e+06
13141 6.11439e+06 633978
13151.1 2.43071e+06 199112
13160.8 9.88153e+06 898334
13171.5 2.22875e+06 192957
13181 8.98508e+06 866990
13191.5 5.7012e+06 701564
13202.4 4.06286e+06 393611
13210.8 7.85989e+06 913558
13224.5 5.78981e+06 784234
13230.9 6.08736e+06 1.06397e+06
13240.9 6.93689e+06 998431
13252.6 5.8774e+06 765311
13261 3.69089e+06 748042
13272.9 7.69915e+06 1.2619e+06
13280.9 7.96499e+06 884778
13290.9 6.3349e+06 567794
13303.2 4.34725e+06 387860
13310.9 8.13397e+06 598886
13321.6 3.61464e+06 237735
13330.9 8.6533e+06 738847
13340.6 6.05257e+06 447921
13351.4 2.49047e+06 194429
13360.8 9.57757e+06 582643
13370.9 5.52088e+06 269629
13381.5 2.32767e+06 381479
13390.9 9.46319e+06 749679
13402.2 3.88048e+06 335084
13410.9 7.74448e+06 701995
13420.8 5.88667e+06 480465
13432.8 4.05874e+06 290832
13441 7.73187e+06 644330
13453.4 4.55976e+06 314210
13460.9 7.88874e+06 589560
13470.8 5.80218e+06 609703
13483.5 4.76869e+06 426424
13491.2 7.3179e+06 658379
13503.1 3.91861e+06 376475
13510.9 7.35087e+06 664495
13521 6.16076e+06 662482
13531.8 3.08604e+06 299341
13540.9 8.95314e+06 638332
13553.1 5.60434e+06 427862
13561 4.59661e+06 647857
13570.8 8.135e+06 647694
13584.1 5.37662e+06 268264
13591.2 2.7808e+06 792117
13600.9 1.06597e+07 1.19545e+06
13611 3.06235e+06 333789
13620.8 9.4261e+06 919657
13631 6.19579e+06 795997
13641.4 2.96343e+06 259289
13654.5 8.29987e+06 807761
13661 3.46214e+06 622194
13670.9 9.01394e+06 1.46384e+06
13682 3.55282e+06 542345
13691.2 7.95468e+06 1.23131e+06
13703.9 5.01067e+06 679683
13711.2 4.92428e+06 1.42893e+06
13720.9 8.01445e+06 1.33297e+06
13730.9 5.76921e+06 1.10316e+06
13741.4 2.30603e+06 388431
13753 9.38694e+06 1.73655e+06
13761 3.21794e+06 363151
13770.9 8.80992e+06 1.80394e+06
13782.9 3.8877e+06 596273
13790.6 7.36942e+06 966770
13800.8 5.82485e+06 858668
13811.1 2.52448e+06 204065
13820.8 9.39724e+06 1.30343e+06
13830.9 5.95056e+06 963667
13841 2.13499e+06 253867
13851 1.01319e+07 1.09045e+06
13861.4 2.60382e+06 423276
13870.9 9.8331e+06 925918
13881 6.08142e+06 467887
13890.9 2.94694e+06 469804
13901 9.44876e+06 800289
13911 3.60615e+06 326959
13920.8 9.0791e+06 855517
13930.9 5.78672e+06 771918
13941.1 2.72643e+06 274488
13953 8.85628e+06 953907
13961 4.44308e+06 482624
13971.5 8.08761e+06 869127
13981.5 5.92170e+06 603208
13991.5 2.7017e+06 610492
14001 9.09431e+06 864483
14011.1 2.58424e+06 331347
14021 8.70688e+06 893461
14033.2 5.81764e+06 689219
14041.2 4.11438e+06 401077
14050.9 8.47607e+06 758508
14061 2.98816e+06 501933
14070.9 8.78725e+06 882658
14084 6.07317e+06 524976
14091.6 2.59224e+06 593602
14100.9 9.43252e+06 624231
14111.1 3.15508e+06 222474
14121 9.34572e+06 922427
14130.8 6.29368e+06 654975
14141.4 3.56209e+06 258392
14151 8.52862e+06 640307
14162 3.37353e+06 335306
14171 8.61929e+06 647842
14180.9 5.8774e+06 360722
14191.1 3.84648e+06 370692
14201 6.69402e+06 872007
14210.8 8.90005e+06 456957
14224.1 5.3488e+06 645515
14231.4 5.14121e+06 816978
14241 7.56886e+06 999078
14251.4 6.33647e+06 1.41117e+06
14260.9 6.75991e+06 1.06477e+06
14275.1 5.23649e+06 1.03037e+06
14280.8 5.07035e+06 717426
14290.8 8.28156e+06 1.21528e+06
14301 3.75453e+06 640473
14310.9 8.88023e+06 1.54222e+06
14321 5.94128e+06 993541
14331.1 3.30243e+06 557054
14341.1 9.23238e+06 1.27222e+06
14351.2 3.72077e+06 577342
14360.9 8.50801e+06 1.13347e+06
14373.6 5.27976e+06 656346
14381.1 6.75633e+06 616817
14395 6.05669e+06 938340
14401 4.44593e+06 571819
14411 8.06312e+06 818831
14424 4.52345e+06 476869
14431.1 4.73214e+06 801136
14442.9 7.95311e+06 990178
14451 2.96652e+06 335256
14461.1 8.70997e+06 618482
14471.8 5.82485e+06 493345
14481.2 2.72747e+06 743588
14490.8 8.87071e+06 1.00336e+06
14501.5 3.96601e+06 422882
14511 7.78158e+06 635454
14521.5 3.7558e+06 380765
14530.9 8.97066e+06 1.26456e+06
14540.8 5.81590e+06 614772
14552 2.98428e+06 271622
14561.1 9.70121e+06 790538
14571.6 3.75580e+06 279381
14580.5 8.58529e+06 624610
14591 5.88358e+06 578090
14602.1 3.90418e+06 283889
14611 7.71563e+06 519532
14621.6 3.72695e+06 503587
14630.6 8.73161e+06 720675
14640.9 6.32768e+06 536406
14651.4 2.73571e+06 234010
14661.1 9.17674e+06 706596
14671.5 3.27049e+06 183398
14681.1 8.41218e+06 794727
14690.8 5.42918e+06 389894
14701.4 3.44153e+06 220477
14710.9 8.94696e+06 621397
14722.8 4.80681e+06 325364
14730.9 7.39208e+06 634708
14741.1 5.59507e+06 551359
14751 6.14324e+06 474525
14760.9 4.22361e+06 374915
14771.1 5.20455e+06 622904
14781 8.89029e+06 1.297e+06
14791 5.57961e+06 452289
14801.2 2.49666e+06 467644
14811.5 6.75839e+06 516298
14820.6 8.53892e+06 701434
14831.2 5.8063e+06 540491
14844.1 4.88924e+06 520221
14851.1 5.98662e+06 751919
14863.2 4.52964e+06 713083
14871 8.71409e+06 1.20805e+06
14881.1 6.53479e+06 814372
14890.6 2.95724e+06 291241
14901.1 9.76922e+06 751590
14910.9 2.29676e+06 267201
14920.9 9.60951e+06 877366
14931 5.9351e+06 396323
14941.2 2.11747e+06 304696
14951.4 9.38179e+06 604967
14961.1 2.08965e+06 291675
14970.9 9.82589e+06 675916
14981.2 5.9454e+06 408986
14992.2 2.53478e+06 253257
15001.1 9.28184e+06 449181
15011 2.51417e+06 270004
15020.9 1.00124e+07 798200
15031 6.41527e+06 558881
15041 3.30037e+06 256828
15051.1 9.5755e+06 784110
15061.2 3.38692e+06 373404
15071 9.00982e+06 627808
15084.1 4.9655e+06 384076
15091 8.03712e+06 506800
15100.9 6.1216e+06 544761
15112.1 2.19681e+06 199307
15121.6 8.86762e+06 796493
15131 6.08451e+06 604604
15141.2 2.22051e+06 447181
15151.2 1.01092e+07 854692
15162.6 4.33901e+06 641099
15170.5 7.81867e+06 862517
15181.1 5.58374e+06 619621
15192.6 3.54354e+06 284277
15200.6 7.8197e+06 879563
15212.8 3.55282e+06 596359
15220.8 7.98972e+06 501494
15230.8 6.1247e+06 524993
15241.8 3.50439e+06 327892
15255 8.26999e+06 656181
15261.5 4.43381e+06 472493
15271 7.2468e+06 784473
15285 5.87019e+06 530384
15291.1 4.58218e+06 315364
15302.1 6.9055e+06 289862
15311 7.788e+06 1.05798e+06
15323.5 5.97632e+06 372552
15331.1 4.80578e+06 505692
15341 7.26122e+06 529654
15351 2.39259e+06 236232
15360.9 9.09328e+06 501181
15371.1 5.68987e+06 488991
15381.2 1.8135e+06 256911
15391.1 9.34676e+06 878096
15401.2 1.9794e+06 160288
15411 9.46319e+06 701423
15421.2 6.38023e+06 487868
15431.1 1.6981e+06 345435
15441.1 9.4261e+06 807088
15452.2 3.63834e+06 344607
15460.9 7.70842e+06 813783
15471.1 6.16797e+06 659708
15483.4 4.25143e+06 431547
15491.2 7.11879e+06 655131
15504.2 4.75039e+06 422039
15511.4 4.79754e+06 479387
15521.2 7.23134e+06 703240
15533 5.30862e+06 511848
15541.2 3.78363e+06 437456
15551 8.21538e+06 713955
15561.9 3.19939e+06 298530
15570.9 7.48482e+06 754184
15581.1 6.2875e+06 413684
15592 3.69501e+06 347887
15601 8.05463e+06 661607
15612.1 3.90934e+06 225480
15620.8 8.22465e+06 605701
15631.1 5.79909e+06 439636
15642.2 2.34519e+06 344755
15650.9 8.5482e+06 562410
15664.4 5.52088e+06 929520
15670.9 3.61876e+06 354278
15681 8.66566e+06 639007
15691 6.37302e+06 729579
15701.6 4.10099e+06 781709
15711.1 7.63732e+06 661639
15721.4 3.36607e+06 540402
15730.6 8.54329e+06 624272
15744.4 4.90676e+06 360274
15751 4.07214e+06 382580
15760.9 8.61311e+06 428786
15770.9 2.6574e+06 351893
15781.1 9.7651e+06 656807
15790.6 5.92068e+06 383178
15802.4 3.45262e+06 365951
15811.5 8.31866e+06 621252
15823.9 5.07575e+06 640859
15831.2 6.02244e+06 775436
15841.4 6.60716e+06 930003
15853.6 5.28183e+06 786043
15861.2 5.87406e+06 671108
15872.5 4.4789e+06 830322
15880.9 8.28799e+06 1.05291e+06
15891.1 5.91552e+06 755718
15903.5 4.33283e+06 537656
15910.9 7.1917e+06 901531
15922.8 4.07262e+06 516770
15930.8 8.15355e+06 803842
15940.9 6.3215e+06 718144
15951.1 3.34777e+06 444649
15961.4 8.92532e+06 638405
15971.1 3.1829e+06 342162
15981 8.25762e+06 717757
15991 5.61774e+06 489907
16002 2.74086e+06 350300
16011 9.12934e+06 574524
16022.1 3.78157e+06 200681
16031.2 8.05979e+06 579795
16041.1 5.83103e+06 327135
16054 4.84391e+06 443189
16061.4 4.54691e+06 672841
16071.9 4.93561e+06 1.46062e+06
16081 9.02345e+06 642641
16091.1 6.05875e+06 568181
16102.2 2.94385e+06 193091
16110.9 8.8975e+06 1.11973e+06
16121.9 3.21896e+06 222390
16130.8 8.38642e+06 879392
16140.9 5.88461e+06 700662
16151.8 3.44978e+06 272474
16160.9 8.5451e+06 655585
16172 3.15508e+06 464057
16181.1 8.82228e+06 615706
16190.9 5.82588e+06 558880
16202 3.04277e+06 531903
16210.9 8.84186e+06 670723
16221.6 3.77435e+06 388319
16231.2 8.16592e+06 947635
16240.5 5.9825e+06 691827
16252.1 3.83618e+06 395260
16261 7.82073e+06 726179
16273.1 4.65122e+06 282043
16280.8 7.50646e+06 747588
16291.2 5.18291e+06 588225
16303.8 5.0232e+06 365549
16311.2 6.26252e+06 599998
16323.1 4.58012e+06 786708
16331 7.86734e+06 976055
16341.5 5.99796e+06 607298
16350.9 2.40186e+06 233030
16361 8.6636e+06 1.46984e+06
16371.4 6.99229e+06 512053
16381 2.89954e+06 515529
16391 9.09843e+06 1.00294e+06
16401.6 3.11077e+06 414932
16410.8 8.95726e+06 887693
16420.8 5.89904e+06 726086
16433 4.60073e+06 490313
16441.1 5.01986e+06 977887
16453.5 6.92762e+06 893887
16461.2 6.65741e+06 965258
16470.8 5.83309e+06 1.04648e+06
16483.9 4.169e+06 620560
16490.9 5.23522e+06 765681
16501.1 7.65714e+06 1.08581e+06
16511.1 2.33592e+06 342235
16520.8 9.35912e+06 1.24284e+06
16530.9 6.18446e+06 733578
16541.2 2.83051e+06 475201
16551 9.35809e+06 1.00774e+06
16561.1 2.95518e+06 411737
16571 9.1685e+06 876046
16581.5 5.78878e+06 470514
16591 3.05101e+06 314157
16601 9.10976e+06 626631
16610.8 2.87045e+06 206991
16621.4 9.33979e+06 700166
16631.2 5.80939e+06 348027
16641.8 2.75528e+06 219757
16653.8 8.51419e+06 718317
16660.6 7.0263e+06 596351
16670.8 5.67338e+06 522025
16684 5.52912e+06 436384
16690.9 4.30501e+06 342452
16701 4.26149e+06 411891
16710.9 9.52938e+06 720826
16721.2 5.94437e+06 400266
16730.9 2.76868e+06 224799
16741.6 7.2231e+06 737786
16750.8 7.86504e+06 442526
16760.9 5.74654e+06 429437
16771.4 3.44566e+06 284592
16780.6 8.4771e+06 449979
16792.6 3.95467e+06 254092
16801 7.98251e+06 660082
16811.1 6.30811e+06 584379
16821.5 3.46111e+06 290352
16830.9 8.41733e+06 582818
16843.9 4.34495e+06 350086
16850.8 6.49667e+06 903717
16861 6.01881e+06 413628
16871.9 5.69708e+06 501159
16881.2 3.75787e+06 395240
16891.6 5.12314e+06 588146
16901 8.74809e+06 705899
16911.2 6.12676e+06 390576
16921 2.42659e+06 146106
16931.2 9.29008e+06 249093
16942.1 3.86091e+06 200682
16951.1 7.23031e+06 641676
16961.1 6.25143e+06 439948
16973.1 4.78826e+06 507351
16981.1 5.43433e+06 531159
16992.5 5.67623e+06 554456
17000.6 8.27435e+06 569503
17010.9 6.26277e+06 499645
17021.2 2.77796e+06 262693
17031.2 1.00217e+07 440052
17041 3.09841e+06 275410
17050.9 9.34676e+06 570792
17061.6 5.9722e+06 360814
17071 3.71562e+06 402299
17081.9 8.90162e+06 746530
17091 4.73135e+06 1.0851e+06
17100.9 8.15689e+06 772506
17111 5.64041e+06 429626
17120.9 3.43741e+06 425307
17132.2 6.28131e+06 453619
17140.9 7.40445e+06 669451
17151 6.05050e+06 514344
17162.4 4.35962e+06 261533
17170.9 7.72466e+06 441476
17182.9 4.36811e+06 291386
17190.8 7.62599e+06 571382
17200.9 5.39517e+06 443932
17213.6 4.21742e+06 396928
17220.6 6.99126e+06 585852
17232.6 4.53685e+06 469548
17240.8 7.57756e+06 642566
17251.1 5.85061e+06 528793
17263.8 4.55849e+06 505276
17271 7.23031e+06 795335
17282.8 4.79754e+06 625769
17291.2 8.43691e+06 802542
17301.1 6.34829e+06 616183
17312.4 4.39156e+06 477498
17320.9 7.94129e+06 859532
17332.2 4.20403e+06 505184
17340.6 7.86092e+06 930615
17351 5.86194e+06 732053
17361.9 2.75529e+06 301627
17370.9 9.38488e+06 905023
17383.1 4.69347e+06 475556
17390.9 7.76715e+06 883359
17401.1 6.04329e+06 600713
17413.2 4.54303e+06 484786
17420.9 6.19555e+06 1.04855e+06
17433.5 7.09454e+06 1.04657e+06
17440.6 7.15509e+06 804448
17450.6 6.12572e+06 558727
17463.6 4.90573e+06 316568
17470.9 5.0912e+06 402209
17482.4 5.60822e+06 476832
17491 8.12700e+06 509586
17501 6.36993e+06 272773
17512.8 3.98868e+06 231684
17521.1 6.60074e+06 428001
17532.6 5.25195e+06 615404
17540.6 8.14016e+06 918363
17550.9 6.2638e+06 631586
17561.4 2.7285e+06 345269
17571.2 8.13088e+06 1.16357e+06
17580.8 7.51676e+06 713474
17591.1 6.06596e+06 866246
17601.1 2.5626e+06 579493
17610.8 9.48586e+06 1.87978e+06
17621 5.90213e+06 616269
17631 2.61309e+06 140377
17641 9.70430e+06 889300
17651.1 3.16126e+06 438398
17660.8 9.16747e+06 735264
17671 6.28544e+06 606669
17681.4 3.07471e+06 169969
17690.8 9.28699e+06 684750
17701.2 2.42556e+06 179738
17710.8 9.38694e+06 821297
17720.6 5.46112e+06 618197
17731.5 2.83851e+06 421396
17741 9.33978e+06 1.05494e+06
17753.2 4.49975e+06 424988
17761 6.64196e+06 724688
17771 6.85112e+06 967567
17783.2 4.50696e+06 445094
17791.2 7.3045e+06 665880
17804.6 6.1484e+06 763376
17811 4.53067e+06 692134
17820.9 7.61053e+06 760438
17834 5.38384e+06 560796
17841.8 1.7661e+06 546939
17850.9 9.78674e+06 1.01581e+06
17863.1 4.08347e+06 497854
17871 7.26329e+06 842520
17881 6.00002e+06 805972
17893.4 4.60279e+06 415520
17901.2 5.47324e+06 848363
17913.8 6.73081e+06 1.39039e+06
17920.6 7.51574e+06 531550
17930.9 5.76096e+06 490513
17943.5 4.47296e+06 376631
17951.1 6.2821e+06 509115
17963.9 5.54688e+06 612615
17970.8 7.02733e+06 478472
17981.2 6.26071e+06 410076
17991.1 2.69449e+06 152780
18001 9.80631e+06 510332
18013.2 4.25143e+06 243801
18020.9 7.33954e+06 368229
18030.6 5.99796e+06 249603
18044.4 4.79857e+06 250933
18051.1 4.67183e+06 660552
18064.1 6.44e+06 746198
18070.9 7.70533e+06 628485
18080.9 6.01753e+06 545003
18091 2.51932e+06 141078
18102 8.49976e+06 604502
18111 7.64454e+06 604059
18120.8 5.39105e+06 448507
18134.1 4.77487e+06 296167
18140.9 4.37586e+06 727541
18153.2 6.69475e+06 766955
18160.9 7.46215e+06 562404
18171 6.12779e+06 531958
18183.1 3.95673e+06 299388
18190.6 7.98123e+06 651283
18202.5 3.99407e+06 383728
18210.8 8.29987e+06 758680
18220.9 6.09481e+06 519154
18232 3.49202e+06 369392
18240.6 8.49256e+06 589945
18251.6 3.99177e+06 306432
18261.5 8.06494e+06 707640
18271.2 5.82691e+06 636786
18284.1 4.81918e+06 509695
18291.2 6.68523e+06 633149
18303.1 4.71614e+06 785030
18310.9 7.61053e+06 910461
18321.1 5.31068e+06 809450
18332.8 3.89491e+06 457975
18341.1 6.7924e+06 614032
18353 5.94128e+06 1.06065e+06
18361.1 3.7669e+06 948902
18370.5 8.00542e+06 936811
18383.6 5.15303e+06 554523
18391.6 3.92558e+06 786097
18403.6 8.37636e+06 768834
18411.5 3.07162e+06 449370
18420.8 8.38745e+06 778290
18431 5.525e+06 615731
18441.4 1.57239e+06 271079
18451 9.55799e+06 883424
18461 2.37507e+06 246773
18470.9 9.0974e+06 910260
18481.4 5.79290e+06 503329
18491.2 2.18135e+06 203795
18501.1 9.67648e+06 1.08548e+06
18511.1 2.51623e+06 229983
18520.9 9.46216e+06 1.00766e+06
18531.1 5.66205e+06 728514
18541 2.3627e+06 161724
18551.1 9.48071e+06 808991
18561.4 2.94179e+06 193806
18570.9 8.09585e+06 724941
18581.1 5.64659e+06 517265
18592.5 3.96704e+06 321946
18601 7.80734e+06 680892
18612.5 2.79396e+06 384413
18621.1 9.26069e+06 853941
18630.8 5.96704e+06 433082
18640.9 2.28645e+06 268118
18651.9 9.02424e+06 596207
18661 6.779e+06 671135
18671.1 2.84184e+06 450658
18681.1 9.88978e+06 1.25043e+06
18692.8 4.09584e+06 553559
18701 8.11131e+06 1.08212e+06
18710.8 6.24113e+06 890810
18722.5 3.69913e+06 394181
18730.9 8.3823e+06 800748
18742.4 3.80011e+06 368754
18751 7.1551e+06 869537
18760.9 6.31017e+06 669915
18773.1 4.19991e+06 521177
18781.1 5.02732e+06 736549
18791.4 7.37766e+06 933188
18801.1 2.8336e+06 266086
18811.1 8.6502e+06 926119
18821.4 6.02681e+06 405023
18831.2 2.22772e+06 355769
18841.6 9.22311e+06 533965
18851.2 2.52114e+06 287416
18861 9.44283e+06 949247
18872 5.9722e+06 500951
18880.8 2.74498e+06 221897
18891.4 8.43691e+06 599666
18901.1 5.2911e+06 678388
18911 7.62393e+06 802020
18921.9 6.1927e+06 608122
18931.5 3.07471e+06 533259
18942.1 6.28028e+06 634270
18951.1 8.32254e+06 814905
18961.1 5.54664e+06 425103
18972.5 3.77126e+06 330368
18981.6 8.2772e+06 545617
18991.8 4.49642e+06 299238
19001.5 7.83128e+06 763926
19011 5.9588e+06 381491
19021.1 2.94488e+06 401974
19031 9.11904e+06 618050
19041.1 2.58527e+06 405920
19050.9 9.46319e+06 619258
19061.2 6.08554e+06 456877
19071 2.36889e+06 377329
19080.8 8.36272e+06 561603
19091.4 2.08038e+06 297709
19101.4 8.39109e+06 535209
19110.9 6.44460e+06 418154
19121.9 3.58373e+06 365770
19131 8.2772e+06 750798
19141.8 3.18084e+06 374276
19150.9 8.78107e+06 699536
19161.2 5.98044e+06 494517
19171.2 2.58115e+06 188033
19181.4 7.81249e+06 909034
19191.2 2.66873e+06 252276
19200.9 9.51162e+06 1.16731e+06
19211.4 5.92068e+06 742438
19221.1 2.10613e+06 440286
19231.6 9.74346e+06 1.16166e+06
19241.1 2.0371e+06 363254
19251.2 9.06443e+06 1.29134e+06
19260.9 4.89234e+06 489745
19271.1 1.95054e+06 469711
19280.8 9.46834e+06 742856
19293 4.36992e+06 354255
19300.9 6.61104e+06 642405
19310.9 6.09354e+06 599664
19323.9 6.1744e+06 568040
19331.6 4.47066e+06 630047
19343.2 8.19501e+06 891281
19351.1 5.07550e+06 833274
19361.2 7.15122e+06 723119
19374.4 5.9588e+06 675276
19381.4 2.915e+06 725551
19391.2 8.80889e+06 956435
19400.9 3.19939e+06 416795
19410.8 9.11388e+06 730260
19420.9 5.85576e+06 413693
19431.1 2.06904e+06 422439
19443.1 8.05257e+06 801071
19451 6.97168e+06 694619
19461 5.5621e+06 368269
19474.4 4.7522e+06 356143
19481.6 5.09714e+06 717262
19492.6 4.80681e+06 1.11021e+06
19501 8.55256e+06 583483
19511 6.21949e+06 540825
19522.6 4.39156e+06 514038
19531.1 7.28286e+06 878987
19542.2 3.84212e+06 628877
19551.2 8.66075e+06 921450
19560.9 6.14221e+06 556768
19571 3.08398e+06 514194
19582.1 8.2906e+06 810741
19591.9 4.4449e+06 647094
19601 8.27126e+06 787091
19611 6.15148e+06 765791
19622.1 2.71304e+06 410129
19631 9.67751e+06 1.22321e+06
19641.1 2.21742e+06 370331
19651.4 9.85886e+06 1.36523e+06
19661 5.55076e+06 710266
19671.1 2.24936e+06 349439
19681 8.90574e+06 1.00672e+06
19692.5 3.81144e+06 382855
19700.9 7.55592e+06 704108
19710.8 5.64762e+06 630482
19724.1 5.02114e+06 397183
19730.6 6.7419e+06 934963
19743.9 5.3725e+06 509555
19750.9 6.27495e+06 717917
19760.6 6.67305e+06 808985
19775 5.16745e+06 492312
19781.1 3.98843e+06 536490
19794 7.6829e+06 833269
19801.5 3.69168e+06 606329
19810.6 8.48249e+06 1.22784e+06
19822.6 4.02062e+06 301493
19831.1 8.07215e+06 535076
19841.4 5.92892e+06 329414
19851.1 3.06338e+06 430456
19861 9.21796e+06 891949
19873 6.00105e+06 387187
19881.2 3.17054e+06 484599
19892.1 7.52064e+06 837152
19901.2 2.47938e+06 489379
19910.9 9.24784e+06 1.05894e+06
19920.9 6.02887e+06 651640
19931.6 2.51829e+06 242540
19941.4 9.99178e+06 978951
19951.1 3.01083e+06 351926
19960.8 8.8635e+06 838386
19972.6 5.81558e+06 574717
19981 3.39207e+06 561690
19990.9 8.6636e+06 900449
20001.4 1.86605e+06 265367
20011 8.83671e+06 696563
20021.4 5.86297e+06 395657
20031.4 2.45029e+06 317897
20040.9 9.42404e+06 662651
20051.2 1.6744e+06 170078
20060.9 9.53017e+06 572601
20071.1 5.8877e+06 275835
20081.1 2.15353e+06 264685
20091.1 9.63733e+06 473685
20104.6 5.78157e+06 517912
20111.1 3.27643e+06 539762
20121.1 8.93999e+06 827636
20130.9 6.10512e+06 784782
20141.4 3.00876e+06 644528
20150.9 9.30657e+06 1.13136e+06
20160.6 2.00516e+06 185281
20170.8 9.61157e+06 1.19211e+06
20181 6.02372e+06 657838
20191.1 2.81093e+06 280863
20200.9 9.19632e+06 939736
20211 2.52757e+06 157202
20221 9.30245e+06 640376
20230.9 5.796e+06 313575
20241.6 2.46162e+06 269811
20253.1 8.9789e+06 692532
20261.4 3.04174e+06 477835
20270.9 9.90111e+06 899765
20281.4 6.16694e+06 354186
20291.1 3.50439e+06 187383
20302 6.08839e+06 366736
20311.1 7.88692e+06 560590
20320.6 5.75066e+06 118732
20332.2 2.34725e+06 218710
20340.9 1.00268e+07 444577
20351.8 3.71562e+06 319838
20360.9 8.2378e+06 865131
20371.5 6.38254e+06 571702
20382 3.525e+06 338338
20391.1 8.28338e+06 746545
20402.6 4.24628e+06 338820
20410.5 7.8568e+06 705247
20420.9 5.88255e+06 543675
20432 3.932e+06 320326
20441 7.18601e+06 576044
20452.9 4.34004e+06 622950
20461 8.26896e+06 696537
20470.8 6.10099e+06 778288
20483.5 4.72129e+06 513573
20491.2 5.38978e+06 769617
20501.8 4.36271e+06 768449
20511.1 8.82974e+06 1.05472e+06
20521.2 5.91655e+06 675571
20531 2.95828e+06 403523
20544.1 8.16798e+06 803417
20550.8 6.96241e+06 665241
20560.8 5.82897e+06 637548
20571.4 5.71047e+06 551257
20581.1 2.88409e+06 541691
20591.4 6.04638e+06 633707
20601.4 7.68369e+06 780004
20610.9 5.39311e+06 667431
20621.8 3.27461e+06 311064
20630.9 7.92274e+06 1.04007e+06
20641.9 3.51984e+06 459221
20651.1 8.65433e+06 969146
20660.8 6.06905e+06 848842
20671.2 3.33231e+06 425860
20683.4 8.58735e+06 692059
20691 6.91271e+06 800314
20700.9 6.42890e+06 520491
20712.9 4.34622e+06 286450
20721.4 6.88204e+06 673674
20733 4.43999e+06 395446
20741 7.92686e+06 613530
20751.2 6.06287e+06 607263
20763.4 4.39259e+06 283161
20771.2 7.32408e+06 855430
20783.1 4.27719e+06 324968
20790.6 7.91347e+06 687650
20801.1 6.18034e+06 532779
20811.6 3.254e+06 252436
20820.9 9.34366e+06 527815
20833.4 5.14375e+06 446309
20840.9 7.23753e+06 663021
20851.5 6.23701e+06 627495
20864.1 4.64092e+06 463429
20871.6 5.44438e+06 314564
20881.4 4.51727e+06 839665
20891 8.23932e+06 581299
20901.1 5.95365e+06 641090
20912.1 3.41165e+06 425395
20921.1 7.94747e+06 888796
20932.2 2.50799e+06 426988
20940.9 9.36736e+06 900823
20950.9 6.34314e+06 605761
20961.1 3.14787e+06 336761
20972.6 8.31017e+06 713389
20981.1 3.51057e+06 627427
20991.5 8.67802e+06 692626
21000.9 5.80115e+06 387323
21011 2.54715e+06 455966
21023 9.03145e+06 994408
21030.8 3.60949e+06 661606
21041 8.60075e+06 836191
21053.4 4.6842e+06 306033
21061 7.28905e+06 525449
21074.1 5.20558e+06 374338
21081 5.49282e+06 508405
21090.9 7.74782e+06 539916
21102.5 4.40393e+06 132571
21111.1 8.65948e+06 250457
21123.6 4.97168e+06 321908
21130.9 7.44567e+06 593356
21141 5.9959e+06 317072
21153.4 4.2947e+06 323877
21161 7.87534e+06 566413
21172.9 3.77435e+06 165188
21180.9 8.27823e+06 694488
21190.9 6.25865e+06 564098
21201.5 3.01804e+06 438172
21214.6 8.43382e+06 663774
21221.5 4.0482e+06 553979
21231 7.37687e+06 530941
21240.9 5.44154e+06 369739
21251.2 2.02576e+06 256218
21262.4 8.27514e+06 654902
21271 6.19579e+06 1.06e+06
21281 6.80579e+06 843574
21293.9 4.7759e+06 400970
21301 6.21434e+06 662260
21314.1 5.32819e+06 490325
21320.9 7.31893e+06 811314
21330.6 5.87946e+06 581094
21341.8 3.96085e+06 352279
21351 9.03248e+06 875729
21361.5 2.34725e+06 277075
21371.2 9.89184e+06 1.01668e+06
21381.4 6.00208e+06 527769
21390.6 3.71253e+06 289310
21401 8.86556e+06 907955
21411.6 2.58939e+06 330508
21421.5 9.36324e+06 887683
21430.5 6.64814e+06 803881
21441.5 2.74704e+06 332913
21451.1 9.59199e+06 1.20117e+06
21462 2.72747e+06 326458
21471.4 9.00672e+06 1.2583e+06
21481 5.94438e+06 752730
21492.2 3.62288e+06 415810
21501.4 8.04124e+06 963097
21512.2 3.61258e+06 339080
21521 7.82898e+06 743675
21530.9 6.17415e+06 668599
21541.6 3.27564e+06 404808
21550.8 8.96757e+06 740255
21563 6.00208e+06 697885
21571.6 4.23367e+06 403790
21581 8.11155e+06 1.10963e+06
21594.6 5.81351e+06 724832
