# TimeStamp(s) Latency-avg(ms) Stdev
0 -510.201 19.052
10 -512.933 6.393
20 -513.257 5.892
30 -512.437 7.685
40 -512.319 7.65
50 -513.249 6.443
60 -512.236 7.414
70 -512.551 7.624
80 -512.834 7.459
90 -513.966 6.529
100 -513.867 7.06
110 -513.483 7.482
120 -514.733 6.453
130 -513.827 7.548
140 -512.442 8.442
150 -513.087 7.887
160 -513.033 8.128
170 -514.761 6.487
180 -512.8 8.454
190 -513.051 8.608
200 -514.292 7.824
210 -514.205 8.04
220 -515.493 7.182
230 -517.549 4.778
240 -515.407 7.608
250 -514.348 8.393
260 -515.597 7.214
270 -516.047 7.008
280 -516.002 7.17
290 -515.86 7.448
300 -515.791 7.774
310 -516.243 7.932
320 -515.86 8.38
330 -517.12 7.404
340 -517.755 6.533
350 -518.854 5.252
360 -516.673 7.899
370 -516.044 7.865
380 -515.49 8.281
390 -518.689 6.643
400 -517.616 7.559
410 -518.587 6.739
420 -519.085 6.984
430 -517.841 9.063
440 -517.777 7.792
450 -517.401 8.398
460 -519.496 6.663
470 -519.033 7.824
480 -518.823 7.944
490 -518.559 8.281
500 -519.27 8.051
510 -519.493 7.945
520 -519.483 8.518
530 -520.594 6.767
540 -519.757 7.603
550 -518.657 8.43
560 -519.718 8.192
570 -520.482 7.27
580 -521.169 6.788
590 -521.255 7.326
600 -520.448 8.313
610 -520.865 7.939
620 -522.663 6.253
630 -522.112 6.744
640 -522.098 6.237
650 -522.002 6.75
660 -521.536 7.558
670 -521.737 7.523
680 -522.828 7.144
690 -522.031 8.779
700 -523.13 7.157
710 -523.624 7.115
720 -524.958 5.689
730 -522.666 7.542
740 -523.042 6.974
750 -524.446 6.196
760 -525.251 5.625
770 -524.758 6.383
780 -524.803 6.543
790 -523.226 9.561
800 -524.542 7.293
810 -525.346 6.646
820 -524.621 7.426
830 -525.234 6.525
840 -525.847 6.386
850 -524.385 7.565
860 -523.442 9.149
870 -524.784 8.071
880 -527.298 5.537
890 -526.43 6.935
900 -526.238 7.266
910 -526.818 6.801
920 -526.734 6.606
930 -525.528 7.747
940 -525.354 7.992
950 -525.611 7.915
960 -525.152 8.351
970 -526.605 7.775
980 -527.394 7.071
990 -526.995 7.935
1000 -527.964 7.347
1010 -527.306 7.839
1020 -526.067 8.082
1030 -527.497 7.447
1040 -528.149 6.951
1050 -528.984 6.171
1060 -527.934 7.772
1070 -529.425 6.363
1080 -528.45 7.486
1090 -529.788 6.616
1100 -529.149 7.076
1110 -528.666 7.312
1120 -528.435 7.712
1130 -527.065 8.739
1140 -529.517 6.629
1150 -528.284 8.187
1160 -528.642 8.53
1170 -529.487 7.809
1180 -529.432 7.614
1190 -531.018 6.945
1200 -531.187 6.944
1210 -530.674 7.185
1220 -531.996 5.678
1230 -530.075 7.471
1240 -530.173 7.801
1250 -531.331 7.182
1260 -532.199 6.383
1270 -531.923 6.705
1280 -531.77 7.009
1290 -532.726 6.987
1300 -533.396 5.913
1310 -532.417 6.489
1320 -532.996 5.999
1330 -532.772 6.715
1340 -533.112 6.466
1350 -532.484 7.521
1360 -533.758 6.33
1370 -534.707 5.603
1380 -533.809 7.032
1390 -534.991 6.575
1400 -534.231 6.516
1410 -533.202 7.702
1420 -533.158 7.796
1430 -532.637 9.236
1440 -532.289 9.022
1450 -534.146 7.557
1460 -533.191 9.061
1470 -534.583 7.662
1480 -534.215 8.178
1490 -534.51 7.908
1500 -534.53 7.367
1510 -534.324 7.735
1520 -534.421 7.885
1530 -534.611 7.919
1540 -536.804 6.079
1550 -534.921 7.877
1560 -536.751 7.087
1570 -536.243 7.341
1580 -536.615 7.023
1590 -536.384 8.58
1600 -536.15 7.183
1610 -536.888 7.234
1620 -537.106 6.777
1630 -537.626 6.692
1640 -536.883 8.075
1650 -538.11 6.728
1660 -537.182 8.012
1670 -537.658 9.393
1680 -537.284 8.414
1690 -538.329 7.199
1700 -538.008 7.112
1710 -537.987 7.669
1720 -537.481 7.965
1730 -537.462 8.404
1740 -538.758 7.514
1750 -539.237 7.362
1760 -539.087 7.81
1770 -538.523 7.871
1780 -540.22 6.892
1790 -538.828 7.955
1800 -539.568 7.23
1810 -539.341 7.325
1820 -539.239 8.38
1830 -541.513 5.445
1840 -540.779 7.474
1850 -540.913 7.28
1860 -540.841 7.773
1870 -540.869 7.878
1880 -540.855 7.979
1890 -539.668 8.328
1900 -539.937 8.047
1910 -542.042 6.37
1920 -541.888 7.41
1930 -541.267 7.968
1940 -541.765 8.01
1950 -542.374 7.523
1960 -542.568 7.161
1970 -543.6 6.74
1980 -542.451 7.283
1990 -542.514 7.276
2000 -542.872 6.479
2010 -541.434 8.084
2020 -544.546 5.841
2030 -542.714 8.23
2040 -543.236 7.296
2050 -542.932 7.524
2060 -544.869 6.488
2070 -543.862 7.906
2080 -545.228 5.728
2090 -545.287 5.98
2100 -544.884 6.852
2110 -544.572 7.096
2120 -544.513 7.853
2130 -544.936 7.286
2140 -544.602 7.709
2150 -544.374 7.976
2160 -545.413 7.791
2170 -546.475 6.823
2180 -545.589 7.07
2190 -546.433 6.385
2200 -544.732 8.302
2210 -546.995 6.108
2220 -544.997 8.076
2230 -545.778 8.335
2240 -547.084 6.551
2250 -547.327 7.023
2260 -546.92 7.545
2270 -547.227 7.542
2280 -546.057 7.907
2290 -547.975 6.6
2300 -547.683 6.933
2310 -547.345 7.044
2320 -547.86 7.263
2330 -547.779 7.756
2340 -549.96 5.397
2350 -549.587 5.914
2360 -548.935 7.129
2370 -548.473 7.408
2380 -548.617 7.195
2390 -547.852 8.142
2400 -548.89 7.197
2410 -549.072 7.406
2420 -550.089 6.761
2430 -550.232 6.876
2440 -548.908 7.861
2450 -550.337 7.405
2460 -549.209 9.055
2470 -549.415 7.878
2480 -550.236 7.212
2490 -550.531 7.48
2500 -550.19 7.603
2510 -549.956 8.106
2520 -550.869 7.996
2530 -551.392 6.998
2540 -551.18 8.139
2550 -551.845 7.413
2560 -550.216 8.503
2570 -550.871 8.13
2580 -551.347 7.498
2590 -552.435 6.567
2600 -550.071 9.193
2610 -551.33 8.534
2620 -553.272 6.8
2630 -552.809 7.655
2640 -552.147 8.393
2650 -554.724 6.228
2660 -551.56 8.404
2670 -552.957 7.33
2680 -552.61 7.414
2690 -553.574 7.605
2700 -553.107 8.448
2710 -553.157 8.095
2720 -553.978 7.488
2730 -555.079 6.953
2740 -554.229 8.082
2750 -555.962 6.17
2760 -555.219 6.297
2770 -553.992 7.446
2780 -554.609 7.706
2790 -554.827 7.699
2800 -554.677 7.861
2810 -554.281 8.225
2820 -555.923 7.093
2830 -556.68 6.785
2840 -556.6 7.099
2850 -555.733 7.314
2860 -554.481 8.737
2870 -557.083 5.878
2880 -556.056 7.395
2890 -557.181 6.546
2900 -555.585 8.156
2910 -555.92 8.413
2920 -557.187 7.72
2930 -557.791 7.089
2940 -557.91 7.019
2950 -557.094 7.496
2960 -557.004 7.797
2970 -557.122 7.637
2980 -557.371 8.106
2990 -558.242 7.206
3000 -557.573 8.207
3010 -559.352 7.191
3020 -559.434 7.096
3030 -558.977 7.586
3040 -559.81 6.372
3050 -559.083 7.058
3060 -559.997 6.189
3070 -558.004 8.83
3080 -558.748 7.526
3090 -560.334 6.722
3100 -561.69 5.373
3110 -560.307 6.959
3120 -560.163 8.006
3130 -560.791 7.368
3140 -559.134 8.126
3150 -560.396 7.243
3160 -559.336 8.152
3170 -560.448 7.623
3180 -560.296 8.034
3190 -561.499 6.653
3200 -561.696 7.374
3210 -561.419 7.734
3220 -562.204 6.943
3230 -561.757 7.874
3240 -561.268 7.894
3250 -560.371 8.716
3260 -561.259 7.67
3270 -563.274 6.446
3280 -563.401 6.308
3290 -562.923 7.251
3300 -562.794 7.484
3310 -562.901 7.568
3320 -564.373 6.473
3330 -563.692 6.875
3340 -564.052 6.357
3350 -562.313 8.303
3360 -562.981 8.196
3370 -564.917 6.168
3380 -564.291 7.646
3390 -563.431 7.978
3400 -563.857 8.081
3410 -564.764 7.858
3420 -565.186 7.087
3430 -565.631 6.076
3440 -565.189 6.745
3450 -566.122 5.979
3460 -565.297 6.741
3470 -565.541 7.414
3480 -564.904 8.148
3490 -565.225 7.884
3500 -566.347 7.214
3510 -565.715 7.788
3520 -566.51 7.013
3530 -566.241 6.969
3540 -564.339 8.491
3550 -565.353 8.031
3560 -566.11 7.935
3570 -566.958 7.316
3580 -567.097 7.225
3590 -567.604 7.095
3600 -567.986 7.178
3610 -567.807 7.925
3620 -567.084 8.248
3630 -567.263 7.227
3640 -566.591 7.976
3650 -568.345 6.605
3660 -567.324 8.168
3670 -567.813 8.183
3680 -568.101 7.877
3690 -568.459 7.992
3700 -568.771 7.279
3710 -569.564 6.803
3720 -569.564 5.917
3730 -569.871 5.68
3740 -568.774 8.064
3750 -568.295 8.181
3760 -570.329 6.888
3770 -569.737 7.355
3780 -569.923 7.783
3790 -570.758 7.04
3800 -571.322 6.471
3810 -570.833 7.1
3820 -570.5 6.989
3830 -569.897 7.792
3840 -570.269 8.111
3850 -570.644 7.729
3860 -570.435 8.188
3870 -571.191 7.521
3880 -571.724 7.428
3890 -571.136 7.862
3900 -571.036 8.084
3910 -571.263 7.408
3920 -571.125 7.892
3930 -570.372 8.44
3940 -571.499 7.873
3950 -571.656 7.68
3960 -572.575 7.793
3970 -573.017 7.627
3980 -572.734 7.954
3990 -572.521 8.277
4000 -572.968 7.939
4010 -572.964 7.311
4020 -572.259 8.06
4030 -573.137 7.991
4040 -573.185 7.913
4050 -573.873 7.41
4060 -574.614 6.733
4070 -574.772 7.079
4080 -574.173 7.704
4090 -574.053 8.508
4100 -574.365 7.292
4110 -575.252 6.317
4120 -573.377 8.562
4130 -574.398 7.962
4140 -576.334 5.906
4150 -575.404 7.555
4160 -574.872 8.079
4170 -576.416 7.27
4180 -573.878 9.063
4190 -575.652 7.498
4200 -575.588 7.658
4210 -575.702 8.004
4220 -576.367 7.493
4230 -577.06 7.003
4240 -577.656 6.545
4250 -576.751 7.543
4260 -576.332 8.215
4270 -576.334 8.37
4280 -577.146 7.902
4290 -577.707 6.937
4300 -577.516 7.055
4310 -577.707 7.627
4320 -578.392 6.758
4330 -578.668 6.439
4340 -577.989 7.678
4350 -579.206 6.785
4360 -578.793 6.935
4370 -577.942 7.99
4380 -579.747 6.536
4390 -578.032 8.553
4400 -579.284 6.991
4410 -579.221 6.915
4420 -578.811 7.57
4430 -579.479 7.54
4440 -578.833 7.895
4450 -578.883 8.232
4460 -580.381 7.381
4470 -580.324 7.743
4480 -580.12 8.37
4490 -578.95 7.935
4500 -579.655 7.663
4510 -581.106 6.605
4520 -579.806 8.203
4530 -581.662 6.652
4540 -580.648 7.681
4550 -582.315 6.711
4560 -581.802 7.62
4570 -583.556 5.408
4580 -581.531 7.763
4590 -582.598 5.713
4600 -581.371 7.821
4610 -582.421 6.749
4620 -581.873 7.392
4630 -581.836 8.01
4640 -583.387 6.395
4650 -581.757 8.312
4660 -582.808 7.591
4670 -583.807 6.974
4680 -584.199 5.78
4690 -582.887 7.521
4700 -584.019 6.593
4710 -584.052 7.131
4720 -582.929 8.279
4730 -583.965 7.345
4740 -583.926 7.283
4750 -585.107 6.686
4760 -585.29 7.009
4770 -584.835 7.528
4780 -584.262 7.535
4790 -585.519 6.787
4800 -584.884 7.255
4810 -585.355 7.271
4820 -584.429 7.682
4830 -585.408 7.379
4840 -585.856 7.281
4850 -585.756 8.148
4860 -586.285 7.378
4870 -585.479 7.513
4880 -584.487 8.235
4890 -585.529 7.77
4900 -586.436 7.257
4910 -586.678 6.933
4920 -586.902 6.994
4930 -587.565 6.978
4940 -586.175 8.343
4950 -588.343 6.205
4960 -587.994 7.303
4970 -586.681 7.651
4980 -588.036 7.388
4990 -588.253 6.767
5000 -588.889 6.431
5010 -588.324 7.102
5020 -588.044 7.393
5030 -589.463 6.206
5040 -588.413 7.779
5050 -589.746 6.676
5060 -589.814 6.4
5070 -589.385 6.873
5080 -587.725 8.268
5090 -588.392 8.011
5100 -587.535 8.653
5110 -588.642 8.576
5120 -588.401 8.491
5130 -589.489 7.952
5140 -589.766 7.822
5150 -592.365 5.783
5160 -591.604 6.227
5170 -590.282 7.432
5180 -590.242 7.21
5190 -590.835 7.24
5200 -592.513 5.977
5210 -592.117 6.049
5220 -590.267 8.36
5230 -590.839 7.976
5240 -592.909 6.623
5250 -592.212 7.363
5260 -592.441 6.259
5270 -592.12 7.383
5280 -591.513 8
5290 -592.587 6.999
5300 -593.252 6.366
5310 -593.325 6.34
5320 -592.482 7.845
5330 -593.095 7.759
5340 -592.845 7.939
5350 -592.537 8.616
5360 -590.698 9.029
5370 -592.842 8.043
5380 -593.427 7.318
5390 -594.753 5.767
5400 -594.209 7.702
5410 -593.955 8.162
5420 -595.927 6.154
5430 -594.488 7.368
5440 -596.554 5.762
5450 -595.518 6.698
5460 -595.168 6.952
5470 -594.233 8.402
5480 -594.863 7.687
5490 -595.514 7.156
5500 -594.617 8.271
5510 -596.371 7.409
5520 -595.839 7.635
5530 -596.67 7.102
5540 -596.632 7.362
5550 -596.468 6.961
5560 -597.022 6.771
5570 -595.667 7.894
5580 -596.683 7.663
5590 -597.058 7.605
5600 -597.667 6.702
5610 -598.291 6.085
5620 -598.547 6.987
5630 -596.643 8.294
5640 -597.192 8.261
5650 -597.457 7.475
5660 -597.38 7.994
5670 -598.057 7.847
5680 -598.106 7.468
5690 -598.636 7.759
5700 -598.072 8.402
5710 -599.92 7.116
5720 -598.263 8.17
5730 -599.341 7.699
5740 -600.201 7.085
5750 -599.92 6.844
5760 -599.27 7.163
5770 -598.429 8.485
5780 -599.432 8.069
5790 -601.588 6.032
5800 -601.522 5.8
5810 -600.3 9.301
5820 -601.75 6.209
5830 -601.292 7.041
5840 -600.632 7.841
5850 -600.288 7.227
5860 -601.618 6.62
5870 -601.39 7.494
5880 -601.749 7.327
5890 -602.773 6.22
5900 -602.124 7.515
5910 -601.325 8.202
5920 -602.97 6.788
5930 -602.293 7.574
5940 -602.477 6.638
5950 -602.851 7.117
5960 -602.13 7.387
5970 -603.518 6.998
5980 -602.114 8.073
5990 -603.393 7.43
6000 -604.221 6.809
6010 -604.724 6.705
6020 -604.362 7.304
6030 -604.37 6.949
6040 -604.525 6.718
6050 -604.219 7.176
6060 -604.885 6.749
6070 -603.854 7.824
6080 -603.641 8.174
6090 -604.318 8.043
6100 -604.688 7.853
6110 -605.564 7.283
6120 -605.028 8.181
6130 -605.638 6.858
6140 -605.659 7.454
6150 -605.269 7.627
6160 -605.892 7.582
6170 -605.765 7.955
6180 -606.038 7.58
6190 -605.961 7.682
6200 -605.719 8.623
6210 -606.242 8.514
6220 -606.065 8.508
6230 -606.012 8.594
6240 -606.176 8.408
6250 -606.309 8.151
6260 -607.695 7.408
6270 -607.479 7.645
6280 -607.096 7.941
6290 -607.92 7.333
6300 -609.324 6.554
6310 -608.671 7.154
6320 -609.621 5.804
6330 -607.592 7.904
6340 -609.007 6.707
6350 -609.279 6.792
6360 -607.135 8.521
6370 -609.129 7.363
6380 -609.218 7.986
6390 -609.947 7.174
6400 -610.08 7.643
6410 -609.908 7.546
6420 -609.657 7.721
6430 -609.42 8.113
6440 -609.409 7.903
6450 -610.182 7.462
6460 -609.227 8.94
6470 -610.4 7.703
6480 -611.714 6.59
6490 -610.544 7.924
6500 -611.247 7.352
6510 -610.736 7.495
6520 -611.019 7.562
6530 -609.519 8.863
6540 -612.666 6.032
6550 -613.037 6.35
6560 -611.491 7.881
6570 -611.597 8.029
6580 -612.778 8.176
6590 -612.896 7.661
6600 -613.484 7.524
6610 -613.363 6.612
6620 -612.347 7.672
6630 -612.818 7.597
6640 -614.572 6.074
6650 -614.73 6.289
6660 -614.263 6.836
6670 -612.003 9.178
6680 -614.562 7.298
6690 -614.846 6.792
6700 -615.606 6.661
6710 -614.078 6.943
6720 -613.91 7.777
6730 -615.04 7.08
6740 -614.095 8.446
6750 -613.966 8.5
6760 -616.147 6.689
6770 -615.998 7.495
6780 -615.1 8.031
6790 -616.528 6.551
6800 -616.586 6.212
6810 -614.894 7.884
6820 -616.201 6.742
6830 -615.28 8.21
6840 -616.274 7.456
6850 -617.124 7.187
6860 -615.889 7.99
6870 -616.476 7.866
6880 -616.952 7.582
6890 -618.142 7.007
6900 -616.537 7.754
6910 -617.637 6.719
6920 -617.393 7.569
6930 -618.759 6.33
6940 -618.561 6.689
6950 -618.578 7.64
6960 -617.358 8.023
6970 -618.163 8.002
6980 -619.224 7.593
6990 -619.406 6.877
7000 -618.138 7.659
7010 -618.827 6.996
7020 -618.674 7.548
7030 -619.376 7.381
7040 -619.907 7.346
7050 -619.424 8.123
7060 -619.293 8.374
7070 -620.731 7.113
7080 -619.8 7.936
7090 -619.731 7.873
7100 -620.708 7.498
7110 -621.307 6.351
7120 -620.393 7.831
7130 -619.274 8.687
7140 -621.713 6.842
7150 -622.022 6.715
7160 -621.663 7.197
7170 -621.629 7.731
7180 -621.443 8.22
7190 -621.613 7.28
7200 -621.716 7.448
7210 -623.063 5.732
7220 -622.937 6.81
7230 -622.293 7.821
7240 -622.267 7.988
7250 -622.78 7.908
7260 -623.074 7.741
7270 -622.069 8.874
7280 -622.378 8.266
7290 -623.801 6.48
7300 -622.808 7.837
7310 -623.286 7.935
7320 -624.059 7.28
7330 -624.486 7.312
7340 -624.258 7.679
7350 -623.84 7.995
7360 -626.537 5.671
7370 -626.898 5.163
7380 -624.95 6.679
7390 -624.618 7.105
7400 -624.502 7.783
7410 -625.184 7.45
7420 -626.313 6.695
7430 -625.085 8.354
7440 -626.593 6.551
7450 -626.446 7.011
7460 -627.025 7.067
7470 -627.025 6.823
7480 -626.67 6.937
7490 -624.755 8.918
7500 -627.154 6.915
7510 -625.365 8.375
7520 -627.814 6.301
7530 -627.872 6.835
7540 -628.377 6.554
7550 -628.417 6.782
7560 -627.732 7.557
7570 -627.063 7.552
7580 -626.415 8.118
7590 -627.416 7.775
7600 -627.233 8.423
7610 -628.457 7.718
7620 -629.07 7.029
7630 -629.602 6.666
7640 -629.31 7.32
7650 -629.247 7.551
7660 -629.82 7.068
7670 -627.721 8.4
7680 -629.817 6.865
7690 -628.49 9.45
7700 -629.07 7.893
7710 -628.566 8.528
7720 -630.995 6.653
7730 -630.639 7.242
7740 -629.53 8.037
7750 -630.823 7.698
7760 -630.713 7.735
7770 -630.803 7.066
7780 -631.664 6.688
7790 -630.306 8.093
7800 -630.259 8.039
7810 -630.855 8.358
7820 -632.674 6.275
7830 -630.896 8.333
7840 -632.189 7.61
7850 -632.272 7.284
7860 -632.627 7.011
7870 -632.365 7.539
7880 -631.84 8.308
7890 -632.348 7.784
7900 -633.117 7.006
7910 -632.291 7.631
7920 -633.407 7.248
7930 -632.428 8.849
7940 -633.723 7.299
7950 -634.331 7.257
7960 -634.208 6.377
7970 -633.811 6.738
7980 -633.068 7.788
7990 -634.544 7.146
8000 -634.957 7.274
8010 -635.37 7.541
8020 -635.098 7.517
8030 -634.666 8.012
8040 -635.267 7.337
8050 -634.256 8.147
8060 -633.654 8.514
8070 -634.412 9.214
8080 -636.289 6.908
8090 -635.581 8.714
8100 -635.628 7.76
8110 -635.166 7.886
8120 -635.934 7.674
8130 -635.795 8.144
8140 -637.353 7.318
8150 -636.603 7.339
8160 -635.701 9.154
8170 -635.894 8.356
8180 -637.431 7.046
8190 -637.685 7.09
8200 -638.898 6.56
8210 -638.953 6.677
8220 -638.939 7.467
8230 -638.549 6.913
8240 -638.509 7.244
8250 -638.407 6.709
8260 -638.259 7.496
8270 -637.681 7.874
8280 -638.68 7.433
8290 -639.981 6.328
8300 -639.294 7.193
8310 -639.585 7.445
8320 -639.005 8.369
8330 -641.109 5.885
8340 -639.171 8.136
8350 -638.316 8.464
8360 -638.876 8.42
8370 -639.796 7.224
8380 -639.866 6.958
8390 -640.48 7.616
8400 -640.712 7.304
8410 -642.179 6.124
8420 -642.266 6.522
8430 -641.402 7.884
8440 -639.863 8.284
8450 -639.742 8.394
8460 -639.877 8.504
8470 -641.551 7.415
8480 -641.666 7.56
8490 -641.283 8.114
8500 -641.705 7.989
8510 -642.431 7.641
8520 -641.959 9.036
8530 -643.085 6.813
8540 -641.654 7.891
8550 -643.485 6.618
8560 -643.818 6.066
8570 -643.01 7.742
8580 -642.28 8.141
8590 -642.932 7.601
8600 -643.736 7.468
8610 -644.345 6.668
8620 -645.182 6.758
8630 -643.294 7.583
8640 -642.739 8.967
8650 -644.453 7.503
8660 -644.848 8.011
8670 -645.197 6.389
8680 -644.789 7.811
8690 -645.579 7.02
8700 -645.323 7.279
8710 -645.309 7.892
8720 -644.219 8.459
8730 -645.783 6.829
8740 -645.292 7.55
8750 -645.822 7.111
8760 -645.747 8.266
8770 -645.253 7.877
8780 -646.313 7.249
8790 -646.484 8.085
8800 -646.771 8.035
8810 -647.959 7.066
8820 -647.63 6.784
8830 -647.619 6.923
8840 -646.987 7.56
8850 -647.345 7.36
8860 -648.639 6.646
8870 -647.337 8.095
8880 -648.445 7.745
8890 -648.248 7.942
8900 -647.751 9.712
8910 -648.956 7.449
8920 -648.648 6.766
8930 -648.426 7.427
8940 -647.741 8.363
8950 -648.7 7.865
8960 -649.558 6.96
8970 -650.063 6.761
8980 -649.113 7.963
8990 -650.244 7.317
9000 -648.839 8.546
9010 -648.843 8.6
9020 -650.409 6.807
9030 -649.744 7.531
9040 -649.292 8.412
9050 -650.453 7.56
9060 -650.778 7.378
9070 -651.495 7.032
9080 -650.505 7.87
9090 -651.407 7.558
9100 -652.504 7.074
9110 -650.329 8.424
9120 -651.848 7.168
9130 -651.284 7.787
9140 -651.705 7.586
9150 -652.399 7.326
9160 -651.779 8.492
9170 -652.905 7.561
9180 -651.91 8.233
9190 -651.657 8.427
9200 -653.264 7.775
9210 -653.496 6.794
9220 -652.413 7.861
9230 -653.953 6.998
9240 -652.73 8.183
9250 -654.148 7.042
9260 -653.445 7.831
9270 -653.156 8.547
9280 -655.279 6.437
9290 -656.053 6.112
9300 -654.986 7.101
9310 -654.404 7.618
9320 -654.81 6.808
9330 -655.099 6.689
9340 -653.862 8.3
9350 -655.698 6.961
9360 -656.264 6.615
9370 -654.724 8.315
9380 -655.552 7.71
9390 -656.424 8.246
9400 -656.442 6.661
9410 -656.641 6.484
9420 -655.572 7.526
9430 -655.973 8.147
9440 -657.988 6.147
9450 -656.925 7.305
9460 -656.984 8.077
9470 -656.686 8.144
9480 -657.263 8.24
9490 -657.582 7.854
9500 -656.888 8.294
9510 -656.975 7.584
9520 -657.505 7.353
9530 -658.326 6.727
9540 -658.219 7.532
9550 -658.467 7.275
9560 -658.687 7.323
9570 -659.512 6.391
9580 -658.981 7.576
9590 -658.701 7.753
9600 -659.588 6.806
9610 -659.882 6.624
9620 -660.061 6.201
9630 -660.452 6.138
9640 -659.098 7.915
9650 -660.708 6.664
9660 -660.591 6.853
9670 -660.098 7.847
9680 -661.756 6.502
9690 -658.943 10.325
9700 -659.369 8.308
9710 -661.064 7.338
9720 -660.913 7.454
9730 -660.563 8.893
9740 -662.354 6.454
9750 -661.411 7.863
9760 -662.934 5.524
9770 -662.563 7.311
9780 -661.952 7.888
9790 -661.362 7.753
9800 -662.085 7.328
9810 -660.851 8.706
9820 -662.156 8.172
9830 -663.138 6.964
9840 -663.11 7.208
9850 -662.461 7.934
9860 -663.453 7.664
9870 -664.278 6.893
9880 -663.962 6.925
9890 -662.714 7.209
9900 -663.409 7.828
9910 -663.942 6.968
9920 -663.998 7.138
9930 -664.339 7.425
9940 -665.53 6.275
9950 -664.279 7.886
9960 -663.314 8.471
9970 -664.888 7.398
9980 -664.513 7.267
9990 -664.986 6.969
10000 -664.906 7.401
10010 -664.49 8.191
10020 -666.323 6.843
10030 -666.667 6.814
10040 -665.962 7.939
10050 -667.273 6.348
10060 -666.425 7.274
10070 -667.483 6.642
10080 -665.134 7.955
10090 -667.676 5.88
10100 -667.481 7.318
10110 -666.975 7.419
10120 -667.15 7.533
10130 -666.603 8.245
10140 -668.639 6.592
10150 -669.646 5.63
10160 -668.677 6.579
10170 -667.668 7.496
10180 -669.396 5.548
10190 -669.935 4.893
10200 -668.889 7.243
10210 -667.67 8.369
10220 -668.483 8.224
10230 -670.066 6.074
10240 -669.678 6.824
10250 -670.242 6.859
10260 -670.071 7.224
10270 -668.326 8.237
10280 -668.572 8.134
10290 -668.158 8.586
10300 -670.389 6.612
10310 -670.573 7.235
10320 -670.941 6.795
10330 -669.293 8.739
10340 -671.059 7.15
10350 -671.645 7.069
10360 -672.031 6.64
10370 -671.182 6.958
10380 -671.695 6.939
10390 -670.682 8.229
10400 -670.762 8.137
10410 -670.797 8.533
10420 -671.993 7.511
10430 -673.005 6.437
10440 -672.735 7.17
10450 -673.25 6.84
10460 -672.837 7.292
10470 -672.692 7.566
10480 -672.459 7.101
10490 -674.29 5.317
10500 -673.529 6.978
10510 -673.187 7.479
10520 -674.061 6.883
10530 -673.688 7.39
10540 -673.591 7.693
10550 -675.124 6.325
10560 -674.462 6.444
10570 -674.515 6.516
10580 -673.856 7.505
10590 -673.656 8.2
10600 -675.264 7.174
10610 -674.493 8.073
10620 -676.06 5.961
10630 -675.558 7.05
10640 -675.229 7.547
10650 -675.15 7.795
10660 -676.419 6.001
10670 -675.205 7.594
10680 -676.025 7.341
10690 -675.407 8.356
10700 -675.453 8.049
10710 -677.873 5.848
10720 -677.863 6.189
10730 -677.152 7.57
10740 -678.35 6.302
10750 -676.621 7.603
10760 -676.966 7.301
10770 -677.968 6.389
10780 -677.963 6.667
10790 -678.08 6.728
