# TimeStamp(s) Sum Stdev
0.375 2.63576e+06 53217.8
11.125 2.41216e+06 37773.5
20.5 2.58939e+06 175473
31.25 2.92221e+06 165770
41.75 1.81453e+06 296542
52 19577 14420.9
61.625 2.76971e+06 479704
71 4.95622e+06 580600
81.625 1.64864e+06 294691
92.5 1.45286e+06 486630
100.75 1.04149e+06 271380
111.75 5.96832e+06 288312
121 2.20299e+06 223108
130.875 1.99794e+06 239922
142.5 1.35394e+06 307356
152.25 0 0
161 1.80938e+06 586339
171.875 3.92376e+06 842167
181.375 2.86554e+06 727001
192.25 540959 297255
201 1.54123e+06 465365
211.375 4.42557e+06 459323
221.5 2.80602e+06 786257
231.25 1.98455e+06 336834
241.375 1.91242e+06 361631
252.875 1.31788e+06 110165
262.375 0 0
270.5 2.5626e+06 579895
281.25 4.29367e+06 890735
291.625 1.85781e+06 447689
302.625 1.14065e+06 647514
312.75 1.22824e+06 596651
321.25 1.83981e+06 392717
331 5.35959e+06 784186
340.5 2.11644e+06 288548
351.375 2.79547e+06 451236
362.625 1.73083e+06 419685
372.125 722552 450688
381 3.18909e+06 755062
390.375 4.38263e+06 1.07262e+06
401.625 3.66743e+06 306549
410.875 3.05513e+06 435060
421.25 180317 46183.1
430.875 3.53221e+06 1.03741e+06
440.5 5.3488e+06 723039
451.375 2.85317e+06 267061
462.5 2.41628e+06 436565
471.75 27818 15485.5
480.875 5.21588e+06 1.24976e+06
491.625 4.60073e+06 890939
501.875 2.08759e+06 445997
511.625 2.12135e+06 884398
520.125 6.14864e+06 362183
530.375 2.94797e+06 211711
541.25 2.48944e+06 265591
551.875 1.68161e+06 310583
561.375 7210 1746.45
570.75 4.3184e+06 343627
582.75 3.95879e+06 563761
593 0 0
602.625 2.2316e+06 500200
610.75 5.42220e+06 616602
620.625 3.31067e+06 229661
631 3.36632e+06 366969
641.75 1.40546e+06 229671
651.125 1.70943e+06 456766
661.875 4.37356e+06 637346
671.75 3.21121e+06 990625
681.375 725156 287792
692.375 1.08216e+06 544209
701.625 5.8063e+06 645665
711 3.03762e+06 453189
720.25 2.60794e+06 236673
732 2.2473e+06 464257
740.625 1.4642e+06 370904
751 5.55179e+06 646272
761.125 3.97322e+06 692545
772.75 1.07882e+06 313141
780.875 880989 319189
791.625 4.79936e+06 734018
801.25 3.28e+06 762650
810.875 3.0438e+06 279357
824 2.59351e+06 414149
832.75 7210 963.477
841.375 2.67698e+06 575089
850.375 5.48276e+06 466555
861 670788 268252
872.375 2.67904e+06 505535
881.25 3.65974e+06 515748
890.875 3.44796e+06 579890
901.125 2.39052e+06 374448
911.625 1.85575e+06 494696
922.125 1.48996e+06 444150
931.125 559504 236707
941.75 4.86967e+06 1.21599e+06
950.75 4.39877e+06 1.08078e+06
962.25 2.44926e+06 575776
972.25 31941 15520
981.75 2.89233e+06 827303
990.75 4.49666e+06 1.00008e+06
1001.12 2.48738e+06 655384
1012 2.49975e+06 446333
1022 106128 44137.1
1030.88 4.0371e+06 658493
1041.25 4.16384e+06 684145
1051 2.81584e+06 702316
1060.62 3.38407e+06 475338
1072.25 1.18265e+06 319506
1081.12 2.14862e+06 433673
1092.25 4.94489e+06 831216
1101.5 2.61e+06 755815
1111.25 2.57066e+06 922765
1121.38 2.58218e+06 383137
1132.75 1.55487e+06 419569
1141.75 28848 20400.4
1151.25 2.75323e+06 910785
1160.88 5.9485e+06 1.58044e+06
1171 2.51053e+06 682922
1182.62 1.43122e+06 265719
1192.25 2060 1261.49
1201.62 2.48738e+06 758586
1211.5 6.47091e+06 970554
1221.38 2.63267e+06 453268
1232.25 2.6914e+06 429263
1242.75 334877 159382
1251.12 1.71870e+06 557321
1261.5 4.06286e+06 1.05611e+06
1271.12 3.83721e+06 938889
1282.38 1.66203e+06 360292
1292.75 588357 416546
1301.75 2.16668e+06 513302
1310.88 4.88512e+06 808299
1320.75 2.42168e+06 442551
1330.62 2.64606e+06 423433
1342.75 2.35652e+06 511891
1353.12 18546 8589.46
1360.38 2.27615e+06 562716
1371.38 5.08708e+06 852449
1382.38 1.52775e+06 512816
1392.88 1.98867e+06 387726
1401.12 5.19448e+06 1.09534e+06
1410.5 2.58939e+06 555991
1421 3.7826e+06 593461
1432.62 1.5796e+06 349133
1440.62 158679 73060
1450.75 4.32871e+06 821898
1462.88 4.39616e+06 749003
1473.5 371972 179557
1481.5 2.87996e+06 970051
1490.88 4.76972e+06 676829
1500.62 2.30706e+06 380937
1511.88 2.31324e+06 492688
1521.88 1.30345e+06 215688
1531.25 5150 1410.39
1541.75 2.72231e+06 1.04303e+06
1550.88 6.15149e+06 1.24984e+06
1562.75 2.49959e+06 380989
1570.62 113341 60902.2
1580.88 4.4946e+06 1.15435e+06
1590.88 4.99560e+06 1.31984e+06
1600.25 2.72231e+06 418857
1612.38 1.82793e+06 292303
1621.75 24729 15421.2
1631.12 1.22617e+06 299113
1642.25 3.85139e+06 844270
1650.5 3.68598e+06 779636
1662.38 2.08965e+06 340094
1673.25 559504 251541
1681.25 60791 51394.6
1691.12 3.81351e+06 885618
1700 4.97982e+06 669952
1711 2.36683e+06 420808
1722.12 1.12804e+06 431578
1730.62 363973 291044
1740.88 4.9444e+06 966384
1750.38 4.68571e+06 814748
1761.25 2.46780e+06 558245
1773.25 1.57136e+06 446628
1782 12364 9443.82
1792 3.87945e+06 1.01897e+06
1801 4.94592e+06 625592
1813.25 2.54406e+06 439475
1823.5 31941 27703.2
1831.75 3.17751e+06 801487
1840.5 4.6842e+06 728596
1851.38 3.00592e+06 603016
1861.75 2.58939e+06 417121
1871.88 424523 202284
1881.25 1.38279e+06 474570
1891 3.17569e+06 714608
1900.5 4.29986e+06 609504
1913 2.22154e+06 307643
1922.38 82429 49157.1
1931.5 3.64452e+06 770590
1940.5 4.91397e+06 600351
1951.12 3.14272e+06 382992
1963.38 2.48326e+06 284893
1973.12 12364 8742.67
1981 2.11541e+06 517359
1991.38 4.29858e+06 565402
2001 2.99458e+06 814948
2012.38 1.72901e+06 566299
2021.62 107158 60416.5
2031.62 4.27204e+06 1.06554e+06
2040.5 4.35447e+06 638131
2051.38 2.47502e+06 239731
2063.75 1.88563e+06 553064
2073.75 13395 12529.9
2080.5 2.62752e+06 429613
2092.75 5.72593e+06 1.05799e+06
2102.5 944873 406137
2112.88 2.1082e+06 711892
2121 5.07241e+06 800017
2130.75 3.11617e+06 694055
2141.12 2.46059e+06 536114
2152.12 2.1659e+06 401591
2162.62 198865 142407
2171.38 2.45853e+06 550524
2182.88 6.00723e+06 628012
2192.88 323299 155580
2202.38 4.07341e+06 819388
2211 3.55694e+06 933430
2221.25 3.08295e+06 431805
2231.25 2.26791e+06 352901
2242 45336 15626.9
2251.88 2.55333e+06 401459
2261.12 5.31662e+06 694443
2273.25 1.23672e+06 335168
2283 897476 401264
2290.38 1.33388e+06 385644
2300.5 6.52292e+06 1.10427e+06
2311 2.94132e+06 326447
2321.38 2.40289e+06 197062
2332.5 761463 290996
2341.5 3.77332e+06 804877
2351.75 5.59099e+06 902752
2362.88 2.07007e+06 537354
2372.5 681092 362062
2381.25 2.95518e+06 748667
2390.38 3.9928e+06 1.11998e+06
2401.62 3.11696e+06 635339
2411.25 2.3524e+06 411876
2422.62 1.13447e+06 384457
2432.12 10303 8589.55
2441.62 4.56467e+06 752022
2450.88 4.07935e+06 711942
2461.12 618236 201738
2471.75 1.48456e+06 632002
2480.62 3.07598e+06 642413
2492 4.28028e+06 1.14809e+06
2501.25 2.53684e+06 457323
2511.88 1.44152e+06 375851
2522 20607 13355.1
2531 3.21072e+06 745322
2540.88 3.92582e+06 643366
2553 2.29985e+06 718546
2562.25 1.51444e+06 375891
2571 5.6458e+06 443337
2580.5 2.89851e+06 270463
2590.75 2.73983e+06 263686
2601.25 1.87636e+06 312057
2611.12 537866 279733
2621.12 4.06493e+06 267473
2631.75 4.20094e+06 549372
2640.88 920145 240774
2651.88 1.11774e+06 412933
2661.62 1.55511e+06 786083
2670.62 5.24164e+06 788296
2680.62 2.16978e+06 358821
2692.25 3.01107e+06 682625
2702.38 760433 299071
2710.38 1.35267e+06 137195
2720.5 6.49382e+06 1.02716e+06
2731.5 3.74711e+06 723892
2742.62 1.47553e+06 432245
2752.75 0 0
2761.62 1.96394e+06 404549
2770.75 4.85215e+06 987643
2780.75 3.07986e+06 741158
2792 2.31506e+06 325843
2801.75 1.46341e+06 284717
2811.12 434583 263811
2821.5 4.7679e+06 577933
2831.25 4.26688e+06 1.01275e+06
2841.25 2.41422e+06 294422
2853.38 917052 465147
2862.12 36063 22048.2
2872 3.32176e+06 758688
2881.38 5.16564e+06 869224
2890.88 1.98043e+06 401077
2902.5 1.87223e+06 359081
2912.62 122617 109294
2921.75 1.7978e+06 358182
2931.38 6.67208e+06 1.20975e+06
2940.62 2.56278e+06 461362
2951.5 2.29676e+06 445848
2963 2.17311e+06 281799
2973.12 10304 9638.51
2981.38 1.62803e+06 424397
2990.75 6.47297e+06 751393
3002.62 3.04277e+06 431228
3012.25 26788 16662.5
3021.25 2.16693e+06 498873
3031.25 6.72336e+06 1.08341e+06
3040.75 3.51263e+06 399207
3053.88 1.55281e+06 260176
3061.12 212259 126833
3071.62 4.88718e+06 417721
3080.75 4.15251e+06 619898
3091.88 2.59351e+06 380034
3102.75 1.23442e+06 375224
3111.12 997180 248330
3120.75 4.79548e+06 652970
3131.25 3.60561e+06 596594
3141.62 2.59661e+06 375283
3151.25 2.78208e+06 347134
3161.5 225655 102895
3171.62 1.64967e+06 472938
3180.88 4.211e+06 426079
3191.38 3.18418e+06 652601
3201.12 1.78519e+06 562885
3211.38 2.13444e+06 802481
3221.75 2.92712e+06 1.11247e+06
3231.25 5.23546e+06 1.10915e+06
3241.38 2.81322e+06 737640
3250.75 2.85445e+06 478345
3262.5 1.61360e+06 398475
3270.62 2.17311e+06 538579
3281.5 6.11027e+06 1.08673e+06
3291.75 2.52979e+06 702431
3301.88 323542 178950
3311.25 3.20557e+06 590234
3320.75 4.56673e+06 668548
3331.5 2.29941e+06 598033
3341 2.63473e+06 555459
3351.62 1.74422e+06 304489
3361.88 283602 263086
3371.62 2.81996e+06 664841
3381.12 5.56955e+06 604058
3390.5 2.1976e+06 416837
3400.62 3.41189e+06 559989
3412.38 1.51881e+06 401686
3421.88 4120 2060
3430.75 3.94952e+06 679753
3441.38 4.45442e+06 692042
3452.75 674909 203996
3462.88 1.06749e+06 443694
3471.38 2.24215e+06 656087
3481.12 5.04174e+06 1.22151e+06
3491.75 2.24936e+06 408557
3500.62 1.93715e+06 413482
3512 1.58372e+06 429450
3522.12 10302 4550.06
3530.75 3.39516e+06 590752
3541.12 4.52758e+06 937666
3552.25 1.77744e+06 402759
3562.38 359608 113409
3570.62 2.32124e+06 781475
3580.75 6.83179e+06 1.18767e+06
3591.75 2.53169e+06 415134
3601.75 2.7862e+06 305565
3612.62 391549 170959
3620.62 2.95106e+06 451924
3631 4.3881e+06 951925
3642.5 1.82999e+06 504863
3652.62 2.56054e+06 556889
3661.5 4.25967e+06 906439
3671.12 3.4879e+06 385461
3681.25 2.40392e+06 468977
3692.38 2.30603e+06 332114
3702.88 22668 13958.1
3712.12 2.97246e+06 547279
3721.38 5.51597e+06 913766
3731.25 2.27512e+06 401113
3742.38 517240 234874
3750.75 338999 177901
3761.75 4.6945e+06 649450
3771 4.4029e+06 574626
3781 2.4946e+06 345542
3791.5 2.20196e+06 533438
3802.5 1.07676e+06 373633
3811.25 675940 263859
3821 4.64274e+06 792092
3831.62 3.53039e+06 675831
3841 2.89954e+06 522037
3852.88 659454 186146
3862.25 2.42144e+06 679133
3871.25 5.17672e+06 867484
3881 2.78826e+06 390281
3890.88 3.00361e+06 386025
3902.5 509014 259198
3911.25 324575 198008
3920.75 4.61904e+06 933792
3931.12 4.19912e+06 879950
3941.5 2.25657e+06 474624
3952.38 181349 73223.5
3961.25 31940 13780.7
3972.5 4.08941e+06 533675
3980.88 4.57316e+06 1.35999e+06
3991.62 2.64812e+06 422338
4001.75 1.288e+06 224844
4012 0 0
4021.12 2.73674e+06 714102
4031.75 5.69399e+06 399285
4041.38 2.00206e+06 409777
4052.12 1.30448e+06 241820
4061.88 263781 244545
4071.38 2.87584e+06 538463
4081.12 4.53479e+06 543714
4091.75 2.90985e+06 643797
4101.38 2.65946e+06 525374
4112.5 402884 159119
4121.75 2.23803e+06 536801
4132 5.90934e+06 758829
4141.12 1.80629e+06 459522
4151.75 2.40495e+06 670380
4161.88 490224 296193
4171.75 2.33925e+06 611171
4181.5 6.05232e+06 1.05381e+06
4191.62 2.20323e+06 415913
4202.12 2.6337e+06 488263
4212.25 381246 191808
4222.5 865533 272291
4231.62 4.51703e+06 863454
4241.88 3.7891e+06 932006
4250.5 2.12262e+06 597744
4261.25 1.77229e+06 582150
4272.25 46367 14198.4
4281.25 153283 95112.8
4291.62 2.82148e+06 812771
4301.12 5.48379e+06 1.67834e+06
4312.12 2.2274e+06 714053
4323 1.01803e+06 368212
4331.12 796497 263335
4341.62 4.79214e+06 1.37188e+06
4351.38 2.7648e+06 345552
4361.25 1.95260e+06 378364
4371.75 2.28645e+06 473827
4383 753218 482913
4392.25 873266 798284
4402.25 2.23390e+06 670076
4411 5.15406e+06 1.36238e+06
4421.75 1.92478e+06 387586
4430.88 2.07419e+06 924460
4442.25 215350 93527.9
4452.12 1.17259e+06 323880
4461.62 4.21718e+06 1.11481e+06
4471.75 3.97552e+06 543190
4481 2.36793e+06 526507
4492.25 487375 145220
4502.12 6180 1926.95
4512.12 3.17569e+06 1.51018e+06
4521.88 3.72489e+06 785084
4531 2.73468e+06 614680
4542 2.68419e+06 303739
4552.25 62850 13270.5
4561.75 3.33643e+06 458441
4571.38 4.84494e+06 1.04655e+06
4581.25 2.34725e+06 506722
4592.25 919114 565856
4601.25 111281 63967.8
4611 5.88873e+06 1.10778e+06
4620.75 3.47966e+06 590425
4630.5 2.72231e+06 601674
4640.75 1.40649e+06 369762
4652.62 1.34443e+06 579512
4661.25 3.69398e+06 599865
4671.38 4.96804e+06 686644
4681.88 1.7661e+06 365037
4691.75 26789 13414.5
4701.75 4.5871e+06 674876
4711.62 5.43972e+06 717397
4721.88 2.95622e+06 360531
4732.75 2.39774e+06 472648
4742.38 57699 16291.7
4751.12 217411 165891
4761.25 3.62907e+06 633058
4771.12 4.77075e+06 573555
4782.5 1.66306e+06 217689
4792.25 110251 57590.7
4801 2.05977e+06 490216
4811.12 6.14942e+06 580054
4820.75 2.5389e+06 369113
4830.75 2.36374e+06 267443
4841.62 311178 153503
4851.5 1.22102e+06 451866
4861.88 4.6708e+06 574364
4872.5 3.27358e+06 669080
4881.88 727461 300021
4891.12 635511 338855
4901.12 3.50051e+06 439403
4912.25 4.76148e+06 426954
4921.75 2.14735e+06 361519
4931.75 2.14117e+06 460474
4942.5 1.98867e+06 312453
4952.88 38123 14712.1
4962.12 1.60948e+06 313941
4971.25 5.41578e+06 761515
4981 1.83617e+06 429163
4991.75 1.36734e+06 320010
5002.62 495620 427556
5012.62 2.00206e+06 517294
5021.5 3.73289e+06 1.09898e+06
5031.12 4.34647e+06 660354
5041.5 2.57497e+06 440092
5053 1.10252e+06 494205
5061.38 276144 166784
5071.38 4.68498e+06 917675
5081 4.08887e+06 515141
5091.38 2.31325e+06 666996
5101.88 465737 250049
5111.62 1.62082e+06 491808
5121.5 4.38386e+06 1.131e+06
5131.75 2.83202e+06 727556
5141 1.92375e+06 495645
5151.88 2.00928e+06 402294
5162.12 742917 384954
5171.25 417310 218954
5181.25 5.75351e+06 736972
5192.88 2.37325e+06 723495
5201.88 1.91836e+06 891855
5213.12 3.178e+06 901129
5220.88 2.92736e+06 608771
5232.88 737763 424872
5241.25 1.06845e+06 352814
5250.75 5.55258e+06 1.11538e+06
5260.62 2.86292e+06 562693
5272.88 2.28439e+06 812531
5282.5 30911 14626.2
5291.25 2.61927e+06 698974
5301.75 3.79804e+06 1.33255e+06
5312.25 2.80074e+06 931769
5321.12 2.14092e+06 934525
5332 325847 136609
5341.62 606903 316401
5351.12 3.50018e+06 914514
5362.12 3.71071e+06 1.02824e+06
5370.75 3.29522e+06 1.04666e+06
5382.12 2.14735e+06 529327
5392.38 182379 140327
5401.62 14424 11357.1
5411.25 3.02457e+06 469837
5421 3.73083e+06 866338
5431.38 2.51133e+06 552190
5442.88 1.36734e+06 395390
5452.12 484288 447528
5461.12 3.20969e+06 823017
5471.12 5.2674e+06 953240
5481.25 2.92633e+06 638496
5492.75 1.74962e+06 377052
5502.75 4121 3854.84
5510.88 2.52139e+06 535160
5520.75 3.95855e+06 790224
5530.75 3.40468e+06 883686
5542.62 2.61412e+06 646207
5553 50489 14457.6
5561 666666 254942
5571.62 4.47399e+06 1.06541e+06
5582 4.23143e+06 1.55108e+06
5590.75 1.62402e+06 343259
5600.88 1.87945e+06 515606
5611.62 1.13653e+06 873838
5621.25 515198 289511
5630.88 2.76353e+06 635151
5640.5 3.88048e+06 524941
5651.88 3.11386e+06 679077
5661.88 2.38331e+06 402578
5671.88 504891 294877
5682 362699 294734
5690.88 2.19269e+06 588333
5701.88 5.59301e+06 1.27344e+06
5711 2.34706e+06 481329
5721.38 1.96521e+06 613855
5731.38 47395 24109.9
5740.88 3.83721e+06 756492
5751.88 4.12881e+06 530284
5761.75 1.94848e+06 376213
5771.12 2.04328e+06 465523
5783 999486 391117
5793.38 105887 97951.7
5802 1.22745e+06 345539
5810.5 3.61979e+06 728510
5821.12 3.85408e+06 821873
5831.5 2.20917e+06 472730
5841.88 1.20968e+06 222150
5851.25 34002 18571.9
5861.38 3.90727e+06 833733
5871 4.84068e+06 1.007e+06
5881.12 2.37301e+06 592110
5892.38 1.79805e+06 560359
5902.75 19577 17237.9
5911.38 1.49717e+06 474573
5921.25 2.96834e+06 778297
5931.25 4.56491e+06 1.53507e+06
5940.75 2.25055e+06 626053
5952.62 770736 184715
5962.38 3090 1410.39
5971.75 2.46265e+06 638951
5981.25 5.27462e+06 1.2718e+06
5991.62 2.81917e+06 690691
6000.88 2.12365e+06 352044
6012.5 1.69192e+06 346336
6022.62 22668 11725.4
6033 1.45492e+06 551149
6041.5 5.47966e+06 1.2078e+06
6051 2.45956e+06 399370
6062.25 1.27254e+06 368552
6071.75 533747 488352
6081 3.53403e+06 791152
6091.38 5.18212e+06 954370
6101 2.23390e+06 544707
6111.62 2.96961e+06 421819
6122.62 434826 326530
6131.62 473982 288372
6142.62 4.23391e+06 763737
6153.25 3.42608e+06 1.16118e+06
6162.12 1.39207e+06 806396
6171.12 2.13808e+06 743057
6182 3.92764e+06 781616
6190.88 3.47887e+06 1.06252e+06
6201 2.61412e+06 472129
6211.12 2.56363e+06 529196
6222.12 181348 59602.9
6231.5 413188 314238
6241.5 4.48533e+06 1.03548e+06
6251.88 3.52293e+06 884514
6262.25 697579 329405
6271.38 862442 539179
6281.38 5.38668e+06 1.05174e+06
6291.75 2.99767e+06 608838
6302.25 1.68676e+06 449006
6312.5 1.13344e+06 493080
6322.25 407007 374155
6332.38 340031 316970
6342.38 3.66616e+06 886448
6351.25 4.42041e+06 795664
6360.75 2.18523e+06 530797
6371.75 2.77511e+06 674994
6381.25 1.67852e+06 557051
6393 659453 384371
6402.5 702732 657346
6411.25 2.90366e+06 669953
6421.12 3.88592e+06 1.38499e+06
6431.25 2.71098e+06 529250
6441.12 2.31428e+06 633164
6452 722307 189420
6461.62 800618 315593
6471.25 3.54972e+06 1.18012e+06
6480.88 3.85678e+06 630562
6491.38 2.38228e+06 520049
6501.62 1.03143e+06 460099
6510.75 102009 68812.5
6520.88 2.74910e+06 995896
6531.38 5.12294e+06 803073
6541.25 2.29882e+06 699273
6550.75 2.32355e+06 704850
6563 865533 296045
6571.62 18545 9963.32
6581.5 3.71356e+06 737177
6590.62 3.91139e+06 1.1455e+06
6601.75 1.54972e+06 550116
6612.12 572900 312243
6622.38 1.74216e+06 789907
6631.5 4.07959e+06 1.10692e+06
6641.38 3.09635e+06 760988
6651.38 1.86399e+06 495824
6660.88 1.90418e+06 414651
6672.75 1.63112e+06 761782
6682.88 15456 14457.8
6692.25 2.20608e+06 639811
6701.12 4.76341e+06 776905
6712.25 2.7048e+06 876849
6721.12 729276 217499
6731.38 1.18986e+06 626570
6741.5 4.99768e+06 1.04085e+06
6751.5 3.19513e+06 473887
6761.12 2.26585e+06 530740
6771.88 1.82381e+06 369291
6782.75 34000 16384.9
6791.12 3.07368e+06 651797
6802.12 4.97477e+06 761903
6811.88 2.01546e+06 555865
6821.5 1.1221e+06 276068
6831.12 22668 12343.4
6841.62 2.41938e+06 589880
6851.62 5.14375e+06 1.13999e+06
6861.12 2.52345e+06 458732
6871.88 2.30088e+06 466665
6881.75 409067 249046
6891.62 2060 1261.49
6901.25 3.77744e+06 645307
6910.88 4.58425e+06 1.16609e+06
6921.38 2.39568e+06 308101
6932 1.99073e+06 255203
6942.38 53578 17486.2
6951.88 6180 1926.95
6961.5 3.89388e+06 811360
6972.12 4.46884e+06 639215
6980.75 2.96734e+06 545105
6993.25 1.71252e+06 380079
7001.75 2060 1261.49
7011 2.9624e+06 533387
7021.5 5.15818e+06 1.00056e+06
7031.5 2.37919e+06 383976
7041.5 2.96652e+06 474166
7052.62 581143 279103
7060.88 668728 363035
7071.62 4.98459e+06 1.15853e+06
7081.75 3.80472e+06 672338
7091.75 1.34982e+06 467168
7101.62 28849 19604.5
7111.5 4.83772e+06 678850
7121 4.27616e+06 701870
7131.62 2.22154e+06 291754
7141.38 2.17311e+06 365573
7151.88 1.32097e+06 431949
7161.75 187532 175420
7172 3.04071e+06 701736
7181.38 2.78414e+06 514812
7191.5 3.96807e+06 1.16648e+06
7201 1.78671e+06 598092
7211.88 817103 355338
7221.88 1.52396e+06 784279
7231.38 4.22052e+06 857498
7241.12 3.97013e+06 752133
7251.5 2.1422e+06 417559
7262.12 564412 99880.5
7271.75 92977 46116.2
7281 3.35292e+06 958874
7291.25 5.0912e+06 1.00948e+06
7301.75 2.49562e+06 495413
7311.62 2.55745e+06 368886
7322.75 603810 233606
7331.25 793162 232224
7341.75 3.04816e+06 626191
7351.38 4.85318e+06 983029
7361.75 2.26894e+06 254931
7371 2.16384e+06 303938
7381.75 1.54148e+06 205590
7391.12 687030 373561
7401.5 5.06544e+06 754387
7411.38 3.79005e+06 418993
7422.5 1.88872e+06 244400
7432.62 34001 18855.6
7441.38 3.24266e+06 624011
7450.75 4.54921e+06 662748
7461.62 3.11902e+06 469482
7472.5 2.09171e+06 241851
7482.88 63882 38767
7491.5 2.72746e+06 608436
7501.38 4.72644e+06 675878
7511.88 2.88821e+06 481859
7521.75 1.14786e+06 325374
7531.25 1030 963.477
7542.12 4.18136e+06 484279
7551.5 3.93794e+06 684432
7561.88 2.40313e+06 316322
7571.88 1.82999e+06 247364
7582 6182 5782.73
7591.5 1.75374e+06 359087
7601 4.60898e+06 601255
7611.25 3.39929e+06 570949
7623.12 2.73365e+06 504854
7632.25 810679 413856
7641.75 2.05358e+06 514406
7651.12 6.28259e+06 237034
7661.62 2.93354e+06 266076
7670.88 2.66049e+06 353187
7682.88 662544 150790
7691.25 1.39516e+06 358720
7701.62 5.39699e+06 556044
7711.25 2.85548e+06 397853
7721.75 875838 320322
7731.38 742916 329446
7741.25 6.12651e+06 839518
7751 3.1646e+06 429067
7760.75 2.39877e+06 405784
7771.75 2.4235e+06 305815
7782.75 629571 274473
7790.88 5150 2027.56
7801.25 3.40547e+06 786442
7811.5 4.53067e+06 1.16339e+06
7822 663574 231801
7832.25 2.75426e+06 742030
7841.12 2.70067e+06 792262
7851.25 3.5456e+06 954864
7861.25 2.61721e+06 531788
7871.5 1.27769e+06 464826
7880.5 1.356e+06 420769
7890.88 6.17828e+06 932098
7901.5 2.60176e+06 496385
7911.88 2.01649e+06 508431
7921 4.99332e+06 816857
7931.12 2.62443e+06 1.00136e+06
7942.62 706851 252402
7951.5 1.79289e+06 232702
7961.12 5.64638e+06 1.21732e+06
7971.12 2.23904e+06 789792
7982.5 1.57857e+06 403809
7993.12 274085 166598
8002.75 1.97678e+06 768122
8012.88 4.78105e+06 694297
8021 2.69243e+06 1.01624e+06
8032.25 1.83514e+06 335024
8042.25 129585 95526.3
8051.12 4.09115e+06 807514
8061.12 4.13856e+06 990448
8071.25 2.64781e+06 988944
8082.75 2.68958e+06 453316
8092.75 900565 798413
8101 1.38073e+06 281901
8111.88 5.91836e+06 1.08554e+06
8121.12 2.69551e+06 811944
8132.75 1.87223e+06 239675
8143.5 34002 25004
8150.62 851107 243011
8160.75 6.59044e+06 1.45069e+06
8171.25 2.7388e+06 601986
8181.75 3.0304e+06 766812
8192.38 222564 119517
8201.75 871716 284553
8211 5.10951e+06 979709
8222 3.93637e+06 769553
8232.75 1.99176e+06 491774
8242.5 7212 3697
8252.12 5.14066e+06 1.34005e+06
8261.62 4.30349e+06 1.18912e+06
8272.38 2.86475e+06 398520
8283.25 1.43432e+06 730829
8291.12 1.03246e+06 303256
8301.75 4.73778e+06 956239
8312.25 3.88976e+06 610116
8320.75 2.81402e+06 504898
8331.5 487375 299821
8341.88 1.75786e+06 647693
8352.62 5.13242e+06 1.04842e+06
8361.5 3.58373e+06 1.33257e+06
8371.75 2.64606e+06 685041
8382.38 892323 392339
8391.62 217413 164114
8401.5 4.08608e+06 1.36276e+06
8410.5 4.01698e+06 819443
8421 2.39568e+06 568629
8432.75 1.02524e+06 243959
8440.75 148375 111636
8451.88 6.13166e+06 709743
8461.75 3.49742e+06 835714
8472.88 1.92272e+06 445690
8480.88 126736 53658.5
8490.62 3.49305e+06 1.07187e+06
8501.25 5.07987e+06 454734
8511.25 2.98197e+06 354789
8521.5 1.67646e+06 314652
8531.75 22668 13572.2
8540.88 4.1556e+06 796418
8551 4.34004e+06 911919
8561.25 3.21691e+06 818701
8571.62 66974 28309.9
8581.5 2.56878e+06 1.15638e+06
8591.5 5.61053e+06 1.11901e+06
8600.62 3.30758e+06 432411
8612.62 2.63267e+06 544166
8623 545080 339668
8631.38 1.60845e+06 585774
8640.25 6.27616e+06 840256
8651 3.18908e+06 464728
8662.12 1.35806e+06 473017
8671.12 2.36889e+06 1.17917e+06
8680.25 4.62704e+06 903575
8691.62 3.41214e+06 541074
8702 2.28749e+06 498350
8712.88 806800 337258
8722.25 1.30527e+06 591062
8731.62 5.08217e+06 858692
8741 2.41319e+06 1.02916e+06
8751.75 2.75735e+06 650006
8761.88 2.1525e+06 782737
8771.38 1.61876e+06 434494
8781.25 41213 18489.9
8791.38 3.40626e+06 1.53008e+06
8800.12 5.08835e+06 893476
8811.88 2.63061e+06 448163
8822.88 963422 585386
8831.75 1.95545e+06 469118
8840.75 5.17333e+06 1.50155e+06
8851 3.3274e+06 516013
8862.25 2.76353e+06 324963
8871 51518 19373.2
8881 3.5827e+06 1.64665e+06
8891.12 5.06647e+06 344504
8901.62 2.30191e+06 292647
8911.88 924267 442867
8921.88 730553 683370
8931.12 6.09996e+06 668291
8941.5 3.81145e+06 560058
8951.75 3.09635e+06 476290
8961.38 358577 128309
8971 3.12623e+06 1.0427e+06
8980.88 5.5384e+06 722477
8992.5 1.87327e+06 532648
9001.88 241898 125149
9011.88 4.35938e+06 972146
9021.12 4.01365e+06 843300
9032 2.52963e+06 332833
9041.5 2.89978e+06 493182
9051 2.30912e+06 526853
9062.88 616177 234935
9071.25 1.40134e+06 297848
9081.25 4.57679e+06 770027
9092 3.11308e+06 699608
9101.75 360637 141512
9111 3.75374e+06 1.07733e+06
9120.88 4.99847e+06 793397
9130.75 2.56157e+06 347482
9141.38 2.62752e+06 547952
9152.38 904689 519211
9160.88 2.37301e+06 440316
9171.12 4.99022e+06 745928
9182 1.65758e+06 442441
9192.75 824318 405682
9201 3.6064e+06 1.19633e+06
9211.38 4.08862e+06 851328
9221.62 2.12468e+06 254989
9232 2.03092e+06 552984
9242.25 627512 197076
9250.62 1.37146e+06 268533
9261.75 4.21615e+06 802553
9271 3.40984e+06 333070
9282.12 1.31351e+06 184684
9291.75 639089 338239
9302.12 910872 474047
9311.12 4.81196e+06 1.09121e+06
9320.88 3.14375e+06 455544
9330.62 2.20814e+06 512434
9341.25 2.61206e+06 261114
9351.62 197835 116029
9361.75 520350 342162
9372.62 4.40393e+06 675554
9380.62 3.66101e+06 1.10887e+06
9391.38 895415 353882
9402.25 1.89132e+06 346481
9411.25 5.04635e+06 1.03166e+06
9421.38 2.43896e+06 587441
9432.25 2.40083e+06 415014
9442.25 2.305e+06 599588
9451.75 22667 13805.2
9461 3.02216e+06 753572
9470.88 4.9047e+06 840333
9481.88 1.52705e+06 421736
9492.25 848015 370151
9501.75 1.13756e+06 1.06079e+06
9511.38 3.72902e+06 1.42618e+06
9522.62 4.51006e+06 775620
9530.75 2.61206e+06 555953
9542 1.95776e+06 377453
9552.75 631390 277596
9562.5 411371 347961
9571.75 2.57806e+06 520056
9581.75 4.82184e+06 1.02207e+06
9590.5 2.34931e+06 554916
9600.88 2.07419e+06 507397
9612.62 1.76507e+06 259748
9623 17515 8673.71
9631 2.33385e+06 664358
9641.75 6.02681e+06 998832
9651.25 2.26997e+06 238238
9663 1.04997e+06 310166
9671.5 3090 1410.39
9681.5 4.3318e+06 364415
9690.38 4.53788e+06 904728
9701.75 2.15971e+06 461345
9711 1.87017e+06 367235
9722 335908 129024
9731.25 28848 13513.2
9740.88 2.95828e+06 880310
9752.12 4.65431e+06 678800
9761.25 2.33282e+06 489511
9771.38 2.01443e+06 283915
9781.75 266871 141903
9791.75 337970 161586
9801.75 4.89828e+06 942427
9812.25 4.81427e+06 1.64958e+06
9821.75 2.80352e+06 465721
9831.75 299844 239115
9841 2.22257e+06 574032
9851.62 6.12366e+06 501978
9860.75 2.52757e+06 460576
9871.12 2.33591e+06 447981
9882.12 1.06234e+06 411935
9891.25 1.00773e+06 467914
9901 4.29858e+06 777860
9911.38 4.45569e+06 893855
9921.25 1.83205e+06 362884
9932.12 1.74034e+06 445959
9942.25 324571 166549
9951.12 347242 221368
9962.25 3.04998e+06 709002
9971.12 4.6234e+06 967849
9981.62 2.30809e+06 420037
9991 2.1999e+06 345694
10001.9 904687 280317
10012.2 252446 174475
10020.4 1.54766e+06 616370
10031.2 6.23804e+06 1.13407e+06
10040.8 2.70789e+06 697402
10051.2 2.20093e+06 408652
10060.9 2.78414e+06 594879
10071.6 117462 38601.8
10080.6 2.20918e+06 451837
10091 4.76148e+06 1.0371e+06
10102.8 2.21536e+06 359859
10112.1 1.49796e+06 621037
10120.4 1.75938e+06 530647
10131.5 5.27898e+06 933771
10140.9 2.46574e+06 354777
10150.5 2.2947e+06 480087
10161.6 1.66512e+06 330281
10171.6 18547 17349.1
10180.4 3.13963e+06 744347
10191 4.06389e+06 948349
10202.2 1.64967e+06 266997
10212.6 1.01446e+06 295088
10223.1 1.29776e+06 806706
10231.4 4.34004e+06 994930
10240.4 3.525e+06 719061
10251 2.74601e+06 482831
10262.6 2.31943e+06 381869
10272.8 24728 15002.7
10281.4 2.9964e+06 643626
10291.6 4.83257e+06 1.36408e+06
10302 2.50799e+06 312372
10312.6 1.10768e+06 668784
10321.4 22668 20125.5
10331.4 3.49511e+06 672524
10340.2 5.11902e+06 1.08068e+06
10351.2 2.12056e+06 469328
10360.9 1.84647e+06 311358
10372.5 917052 233484
10380.9 122615 63591.5
10390.8 4.24318e+06 1.14934e+06
10401.4 3.33334e+06 472107
10411 2.86863e+06 245092
10421.8 1.88975e+06 620412
10432.8 336940 196141
10442.8 716125 294807
10451.8 2.82432e+06 852516
10461.4 4.62031e+06 1.53147e+06
10472.5 2.0371e+06 393360
10482.8 2.05668e+06 533300
10492.1 12364 10507.7
10502.2 852138 304427
10511.5 3.32098e+06 1.19017e+06
10521.2 5.17879e+06 1.33353e+06
10532.5 2.4575e+06 384043
10544 857291 315097
10551.2 10301 2821.41
10560.6 3.15096e+06 692024
10571.5 4.23974e+06 1.28385e+06
10581.2 3.66949e+06 1.09749e+06
10593.2 965483 577966
10601.8 197836 172092
10611.6 3.61621e+06 1.06296e+06
10622.1 5.08036e+06 1.11019e+06
10631.6 2.40392e+06 633043
10640.6 2.20505e+06 556632
10652.2 386397 124541
10662.2 1030 963.477
10671.9 2.94282e+06 582624
10682.1 5.29625e+06 1.69095e+06
10692 2.96137e+06 596915
10703 1.03452e+06 260081
10712.1 1.80114e+06 617257
10721.4 5.33104e+06 619049
10730.9 2.89463e+06 788537
10741.5 2.83566e+06 543333
10752.8 1.54148e+06 336870
10760.5 873776 344948
10771.5 5.74011e+06 917289
10781.9 3.36862e+06 948841
10792.6 1.41989e+06 451380
10800.8 179287 108576
10811.4 2.76147e+06 701856
10821.8 5.66592e+06 1.44518e+06
10830.4 3.18418e+06 741089
10841.4 2.4812e+06 448263
10853.2 778979 312848
10862.9 6180 1926.95
10872 2.36683e+06 273917
10881.2 3.6824e+06 407976
10890.9 3.34801e+06 568860
10901.6 1.58269e+06 398217
10912.6 65943 24985.6
10921.4 414218 252344
10932.1 4.28313e+06 994539
10941.9 4.05074e+06 912772
10951.2 1.82071e+06 346556
10961.2 2.56157e+06 262057
10972.2 905719 328358
10981.1 11333 7421.26
10990.8 1.97734e+06 593258
11000.9 6.02886e+06 1.37423e+06
11011 2.44926e+06 643590
11022.1 1.32715e+06 566216
11032.4 59762 40820.6
11042.1 1.71870e+06 364217
11051 5.86709e+06 1.05685e+06
11061.6 3.08708e+06 684512
11072.9 2.26275e+06 274821
11082.8 47397 24932.4
11091.5 2.2576e+06 506302
11101.1 5.35705e+06 772596
11111.1 2.3524e+06 376856
11120.6 1.88769e+06 429831
11132.4 444099 175195
11141.9 9273 7632.78
11151.4 3.54766e+06 876012
11160.5 5.35396e+06 1.26712e+06
11171.1 2.47193e+06 358815
11181.8 345181 135092
11191.8 1.91963e+06 188518
11201.2 5.15715e+06 884066
11211.2 3.14272e+06 599730
11221.5 2.56957e+06 377707
11232 357787 165234
11242.2 2.04122e+06 565101
11252 4.74372e+06 1.21592e+06
11261.2 4.0425e+06 1.15918e+06
11272 2.7728e+06 615778
11281.1 30911 17409.8
11291.1 1.93921e+06 855804
11302 5.9485e+06 1.29449e+06
11311.4 2.06389e+06 395858
11321.5 2.24627e+06 289526
11330.9 2.28852e+06 558825
11342.5 553323 143336
11351.4 24728 18775
11361.5 3.84854e+06 642777
11371.4 3.70301e+06 935284
11381.8 2.27113e+06 568093
11391.4 403913 166848
11401.4 1.09325e+06 697989
11411.8 5.05102e+06 946440
11421 2.90263e+06 803386
11431.2 2.25451e+06 445331
11442.5 1.56827e+06 294326
11451.1 10302 4310.59
11461.9 4.45545e+06 1.17315e+06
11471.2 4.45854e+06 1.18512e+06
11481.5 2.12468e+06 386114
11492.2 580112 234229
11502.5 943600 289755
11511.5 3.50978e+06 628098
11520.5 4.5657e+06 806390
11531.2 2.29264e+06 607017
11541.9 3.3828e+06 524586
11552.5 919113 467808
11561.6 342877 157908
11572.1 4.22233e+06 1.01328e+06
11581.5 4.1973e+06 1.19987e+06
11591.4 2.45390e+06 559024
11601.5 1.76919e+06 344958
11611.5 227717 132957
11621.4 2.35961e+06 826543
11631.5 4.15663e+06 1.02345e+06
11640.9 2.84352e+06 782988
11652 2.08862e+06 515602
11662.2 1.55487e+06 457114
11672.8 435858 395730
11681.9 1.78568e+06 496725
11691 5.39208e+06 1.02778e+06
11701 2.40907e+06 604807
11711.6 2.53478e+06 553568
11721.8 292630 94133.6
11731.4 478103 226692
11742 2.45441e+06 1.05604e+06
11751.1 5.70017e+06 1.85796e+06
11761.6 2.77575e+06 548388
11771.6 2.11644e+06 666243
11782.2 1.28181e+06 248653
11791.2 1.18702e+06 394076
11801.5 6.45545e+06 1.08968e+06
11813 1.41577e+06 453830
11821.4 1.97064e+06 585226
11831.4 5.24449e+06 957674
11840.8 2.47526e+06 554614
11852.2 2.4946e+06 235468
11861.4 2.48223e+06 724403
11872 551260 205023
11881.4 6181 2821.59
11891.8 4.2504e+06 718525
11901.4 3.99979e+06 865200
11911.5 1.60742e+06 230160
11920.5 1.28388e+06 357237
11932 2.76662e+06 698542
11942.9 1.02215e+06 684609
11952.9 1.08683e+06 393660
11961.2 6.18274e+06 987454
11971.5 2.69552e+06 409926
11981.2 2.95931e+06 500673
11992.8 589387 176382
12001.1 725398 432397
12012.2 6.43278e+06 746723
12020.6 2.96961e+06 759509
12032.5 1.10665e+06 205045
12041.5 2.13911e+06 563801
12051.5 5.20249e+06 1.0593e+06
12061.6 2.65328e+06 578461
12072.2 1.52656e+06 336091
12082.6 1.58554e+06 389760
12091.5 1.52857e+06 348315
12102.6 4.85652e+06 615632
12111 2.97785e+06 1.03747e+06
12121.6 2.2473e+06 356232
12131 2.02473e+06 300548
12142.8 761463 303882
12152.4 136011 110382
12162.1 2.91706e+06 971769
12171 5.33128e+06 1.51965e+06
12181.9 2.01031e+06 394662
12192.8 2.46596e+06 832253
12203.1 23698 15924.9
12211.1 3.14993e+06 746530
12220.4 5.16848e+06 1.13028e+06
12231.5 2.38827e+06 683240
12241 1.86478e+06 450203
12251.4 144498 77480.1
12261.1 3.04586e+06 1.32222e+06
12270.8 4.3998e+06 692477
12280.4 2.84081e+06 568462
12292.6 2.37404e+06 386134
12302.9 35032 23121.1
12311.5 6180 1261.49
12320.6 3.4199e+06 887081
12331.1 5.31995e+06 1.36291e+06
12340.5 2.46780e+06 629563
12352.5 540957 207522
12361 398761 197750
12371 3.70532e+06 1.0525e+06
12381.1 4.847e+06 925507
12390.9 2.12365e+06 409721
12402.2 1.43019e+06 276950
12413.2 29881 18312.8
12421.4 1.91345e+06 693607
12431.2 3.96292e+06 762209
12441.5 3.37971e+06 937558
12450.9 2.30294e+06 303200
12462 696547 271967
12471.8 669757 441710
12482 5.4856e+06 762220
12491.4 4.1342e+06 364767
12502.1 1.94539e+06 263658
12511.4 336938 192513
12521.5 5.48251e+06 1.15628e+06
12531.9 3.88794e+06 721600
12541.5 2.22566e+06 507013
12551.9 1.15302e+06 333857
12561.6 410883 260185
12571 3.86939e+06 655107
12581.1 4.99847e+06 613362
12591.8 2.42556e+06 475158
12602.1 1.87017e+06 469879
12611 34000 16320.6
12622.1 3.70841e+06 459271
12631.8 4.59431e+06 1.12753e+06
12641.2 3.6087e+06 633738
12652.2 2.3998e+06 356531
12662.2 11334 9548.61
12671.2 3.66307e+06 762066
12680.6 4.69156e+06 854847
12691.5 2.14205e+06 222711
12701.6 1.49202e+06 529044
12711.6 18544 10879.8
12721.1 3.65895e+06 479829
12731.1 3.98534e+06 658073
12740.9 2.46496e+06 462507
12751.6 1.02627e+06 248363
12762.5 418341 213821
12771.8 2.32458e+06 427198
12781.6 4.52836e+06 758360
12792.5 2.52678e+06 460699
12801.8 2.09274e+06 282981
12811.9 1.15404e+06 377390
12821.8 332818 305829
12831.4 3.99074e+06 952848
12841.8 4.28337e+06 855543
12851.4 2.76456e+06 421349
12862.5 1.69913e+06 377597
12871.9 402882 212574
12881 5.01907e+06 1.33931e+06
12892.1 4.33099e+06 758146
12901 2.61412e+06 540165
12911.5 2.18341e+06 433144
12921.9 260687 125243
12930.2 1.09531e+06 468356
12941.1 5.45803e+06 1.21816e+06
12951.5 3.13653e+06 457491
12961.8 1.97115e+06 392725
12972.6 269963 128554
12981.9 1.31479e+06 898773
12991.8 5.74757e+06 957846
13001.1 2.40576e+06 719257
13010.8 2.53787e+06 662473
13022.8 1.17362e+06 371756
13031 46367 41188.5
13041.4 3.70428e+06 768169
13051.2 2.97785e+06 872398
13061.6 2.7189e+06 1.14324e+06
13072.2 903659 436639
13081.4 1.10871e+06 527007
13091.1 5.14684e+06 955327
13101.4 1.75374e+06 416653
13111.1 1.98043e+06 574750
13122.2 2.20299e+06 423382
13132 41213 12534.7
13140.9 1.34776e+06 738252
13151.8 2.89645e+06 686736
13163 4.62482e+06 1.32614e+06
13171.5 374034 241795
13183.1 1.86193e+06 594283
13191 1.017e+06 445622
13201.8 5.5208e+06 760165
13211.1 1.94848e+06 330747
13221.8 1.82586e+06 325607
13232.2 2.10408e+06 465051
13241.2 45334 19331.5
13251.4 1.2983e+06 528869
13261 3.44335e+06 768648
13272.5 4.85754e+06 839111
13282.9 1.08913e+06 320259
13293.5 651210 555677
13301.6 4.55515e+06 653780
13311 3.60458e+06 712782
13321.4 2.20505e+06 450315
13331.4 2.12262e+06 243493
13342.2 974754 667532
13351 21637 18079.3
13361 3.92479e+06 688829
13372 4.67396e+06 1.05934e+06
13382 965482 382617
13391.9 396215 128209
13401.8 2.10662e+06 711450
13411.8 4.75837e+06 634500
13421.5 2.54405e+06 684389
13431.8 2.09377e+06 421316
13440.9 2.12159e+06 432613
13452.5 334877 146069
13460.5 449252 374556
13471.5 3.95982e+06 984154
13481.9 4.13182e+06 626043
13491.4 1.21896e+06 318710
13502.8 1.66203e+06 690758
13512.2 2.04304e+06 664439
13520.9 4.74626e+06 728994
13531.5 2.69449e+06 485141
13541.1 2.22463e+06 295488
13552.2 1.55487e+06 246785
13561.9 7210 1746.45
13571.6 5.02526e+06 888018
13582 3.3961e+06 688106
13591.9 2.08141e+06 485707
13602 3.45905e+06 1.26043e+06
13612 3.41165e+06 1.01399e+06
13621.9 3.74011e+06 906008
13632.6 2.10947e+06 590333
13642.9 552293 344233
13651.9 4.48121e+06 1.36767e+06
13662.2 3.932e+06 1.13751e+06
13671.1 3.00568e+06 654862
13681.9 1.34158e+06 365392
13691.2 936631 578688
13700.9 2.36477e+06 756954
13711.1 5.59610e+06 1.06945e+06
13721.9 2.39362e+06 563798
13731.1 2.20711e+06 615403
13742.1 1.32818e+06 502111
13751.9 5150 1410.39
13762.1 4.33592e+06 824560
13771.1 4.10384e+06 1.13648e+06
13781.5 927601 183690
13791.8 2.13086e+06 997858
13800.9 5.64247e+06 896784
13810.6 2.30397e+06 592555
13821 2.76868e+06 511640
13833.2 773826 182444
13841.1 76247 43246.2
13851 3.57858e+06 977687
13860.8 5.2808e+06 1.44164e+06
13871.9 1.72179e+06 362418
13883.4 1.25503e+06 499421
13891.8 277176 188216
13901.8 2.59224e+06 861975
13911.8 5.63732e+06 1.23243e+06
13920.9 2.82601e+06 442478
13931.2 2.43277e+06 262247
13941.6 1.29521e+06 403344
13951.8 190624 178312
13961.6 2.50696e+06 621672
13971.4 5.30965e+06 966241
13982.1 2.45029e+06 653638
13993.1 1.62474e+06 439971
14001 2060 1261.49
14012 4.24294e+06 504621
14021.2 4.18779e+06 739035
14031.4 2.50078e+06 318745
14041 2.48532e+06 347234
14051.8 433795 167927
14061.4 2.69965e+06 717580
14072.2 5.59095e+06 779331
14080.9 892325 427261
14091.6 2.5183e+06 601815
14101.9 5.2334e+06 783332
14110.6 2.0031e+06 457201
14121.5 2.7996e+06 415980
14132.9 2.12262e+06 477279
14143 214322 124589
14150.9 802681 692962
14161.8 4.77978e+06 1.2498e+06
14171 3.12132e+06 1.07604e+06
14181.6 1.97297e+06 636153
14191.1 2.99974e+06 671276
14200.4 2.50284e+06 440295
14212.5 864502 196212
14221.5 21637 12273.2
14231.6 3.39207e+06 819164
14241 4.52396e+06 957853
14251.4 1.47244e+06 424385
14261.6 590174 239912
14271.4 947179 404560
14281.1 4.2978e+06 624045
14291.6 3.94128e+06 1.21571e+06
14300.4 2.15353e+06 244462
14311.5 2.23906e+06 301810
14322.8 738794 311886
14331 1.08295e+06 292539
14341.4 5.73211e+06 1.14564e+06
14351.6 3.60949e+06 410292
14361.9 829431 284083
14370.9 53579 45757.2
14381.5 5.09017e+06 702677
14391.6 3.79702e+06 697047
14400.6 2.79959e+06 298051
14412.4 1.8372e+06 230977
14422.4 34003 19897
14431.1 1.63524e+06 446241
14442.2 4.13063e+06 416134
14452 3.54688e+06 511648
14463.2 792376 357376
14471.6 1.31788e+06 473933
14481 6.42454e+06 625066
14491.1 2.47811e+06 251131
14500.4 2.34003e+06 427884
14511.5 2.9964e+06 593362
14522.4 1.57548e+06 261735
14531.9 1030 963.477
14541.5 3.33952e+06 1.34567e+06
14551.9 5.20661e+06 577793
14562.6 2.14941e+06 364609
14572.8 34002 22311
14581.2 2.82742e+06 1.22971e+06
14591.6 3.16848e+06 617372
14601.4 3.95879e+06 614621
14610.9 2.17723e+06 350325
14622.1 1.30139e+06 679217
14631 22666 11451.1
14641.6 5.33953e+06 679945
14651.4 3.79805e+06 611597
14662.2 1.99588e+06 579049
14671.5 35032 19537.2
14682.4 5.71435e+06 708262
14691.1 3.86877e+06 735852
14701.2 2.60460e+06 471287
14712.6 2.38665e+06 527576
14722.4 79339 44173.7
14731.8 2.35549e+06 477905
14740.5 5.80424e+06 1.10821e+06
14751.8 2.54612e+06 635757
14762 854200 486165
14772.8 3.50748e+06 849404
14781.2 3.72798e+06 1.24398e+06
14791 2.89851e+06 743667
14802.8 2.50799e+06 419910
14812.4 52549 19051.7
14821 2.71819e+06 531618
14831.5 5.05926e+06 1.29937e+06
14841.6 2.3864e+06 619706
14853.1 854199 238510
14862.9 116191 97138.6
14871.1 3.07125e+06 667199
14881 5.7169e+06 687366
14891.8 2.26584e+06 356883
14901.1 2.22051e+06 414013
14912.8 1.54972e+06 283572
14923.4 30911 15609.2
14930.6 2.09377e+06 628133
14941.6 4.72438e+06 701218
14951.6 3.0304e+06 912231
14961.8 366577 184441
14970.8 2.4812e+06 504622
14981.5 6.30732e+06 1.19574e+06
14991.5 2.37816e+06 471903
15001.8 2.48944e+06 162562
15012.4 790313 261374
15021.8 920144 277917
15031.8 4.04638e+06 526173
15041.1 3.72386e+06 488876
15051.5 947966 223813
15062 1.84235e+06 658807
15071 4.38229e+06 457191
15081.6 3.3117e+06 651552
15090.9 2.67079e+06 444909
15101.5 2.56878e+06 400565
15112.5 239049 133460
15121.4 85520 42080.7
15131.4 3.77514e+06 598630
15141.1 4.47321e+06 1.12446e+06
15151.6 2.77899e+06 674389
15162.6 87581 28737.9
15171.2 1.50129e+06 398509
15181 5.91346e+06 1.1564e+06
15192.5 2.41732e+06 538987
15201.2 2.02886e+06 394175
15212.4 2.02782e+06 274183
15222.5 39153 16977.8
15231.2 3.29728e+06 541720
15241.5 3.88987e+06 1.24122e+06
15252.9 2.17311e+06 559036
15262 846988 369888
15271.8 1.74137e+06 709002
15281.2 5.66616e+06 764029
15291.4 2.48223e+06 452732
15302.1 2.72438e+06 681385
15313.1 935600 312213
15320.9 676968 409587
15330.8 4.67595e+06 901871
15343 3.34983e+06 683973
15353.5 707883 324559
15362.1 1.02937e+06 384874
15371.1 3.90085e+06 1.04645e+06
15380.4 3.28103e+06 1.34886e+06
15392.5 2.26894e+06 430514
15401.4 2.26791e+06 594641
15412.9 539927 247836
15421 786193 538729
15431.9 3.6301e+06 701660
15440.6 3.95158e+06 617024
15452 1.52911e+06 265703
15462.4 800619 256474
15472.1 639877 584341
15481.9 3.76793e+06 619052
15490.6 4.8153e+06 869083
15501.1 2.89336e+06 354412
15511 3.0304e+06 373428
15521.5 399792 300866
15530.9 844926 438207
15540.9 4.71486e+06 961625
15552.4 3.40983e+06 1.15876e+06
15562.9 1.45591e+06 463951
15571.6 927356 452379
15581.4 4.96549e+06 774553
15590.9 3.51572e+06 909884
15601.1 2.42659e+06 300520
15612 1.86399e+06 336269
15622.8 6182 4777.75
15630.9 1.77538e+06 423816
15641.1 3.32716e+06 477020
15652 3.99589e+06 397533
15661.9 1.65173e+06 329712
15673.1 368880 267756
15681.1 2.39852e+06 308459
15691.1 5.90134e+06 1.0903e+06
15701.5 3.0067e+06 415850
15711.2 2.62752e+06 303763
15722 1.53117e+06 398781
15730.6 376094 175845
15741.5 5.71768e+06 1.30561e+06
15751.4 3.22343e+06 632976
15762.9 1.46316e+06 407848
15770.8 2.56878e+06 668303
15781.1 5.33939e+06 1.1938e+06
15791.2 2.81711e+06 630599
15801 3.08914e+06 412072
15811.8 1.40752e+06 474113
15822 0 0
15831.2 3.58476e+06 757063
15841.4 4.54921e+06 923212
15852.1 2.10514e+06 327052
15863.4 578051 329027
15873 2.61697e+06 502436
15880.9 5.40057e+06 1.64229e+06
15892.4 3.01172e+06 752894
15902.6 1.64967e+06 570429
15912.1 327664 232495
15921.1 5.48276e+06 1.1683e+06
15930.2 4.01444e+06 807208
15940.9 2.8913e+06 448095
15952.8 887172 180899
15961 270994 181212
15970.9 3.80605e+06 965008
15981.4 5.28516e+06 1.06444e+06
15991.1 2.37301e+06 552307
16002.1 861411 225113
16011.4 1.62288e+06 564711
16021.4 3.93049e+06 739929
16031.1 3.77484e+06 930287
16041.1 2.28336e+06 314628
16050.6 1.84235e+06 589555
16062.6 1.6981e+06 475969
16073.2 428646 383533
16082.5 1.23751e+06 585133
16091.4 3.85163e+06 997398
16101.8 5.04197e+06 1.49504e+06
16112.4 2.1659e+06 652959
16122.5 37092 15003
16131.8 2.99743e+06 618484
16141.5 4.52448e+06 1.12208e+06
16151 3.0652e+06 776861
16161.5 2.26997e+06 279779
16172.5 1.11592e+06 519066
16181.2 403914 178072
16190.9 4.76742e+06 740904
16202.4 4.19397e+06 777819
16212.4 2.03067e+06 713029
16221.9 1.19241e+06 482100
16230.9 2.31530e+06 528838
16240.9 4.1296e+06 1.06987e+06
16251.9 3.76944e+06 722902
16263 1.25708e+06 451353
16270.8 689334 355606
16281.2 6.03079e+06 1.03514e+06
16291.8 2.21433e+06 496155
16302.5 2.12571e+06 721930
16312 26788 14333.3
16321 3.5828e+06 1.25826e+06
16330.9 4.29367e+06 459074
16340.8 2.43876e+06 446788
16351.4 2.65637e+06 777203
16362.4 489437 283462
16371 791344 310254
16381.5 4.016e+06 763023
16392 3.9943e+06 823056
16401.8 1.92314e+06 676859
16412.5 1.8609e+06 536247
16422.5 154558 71991.9
16431 3.85472e+06 553901
16440.4 5.019e+06 1.4307e+06
16451.2 2.78952e+06 375226
16462.1 2.63988e+06 449372
16471.8 1.30139e+06 346412
16481.1 34000 20371.1
16490.6 4.78002e+06 914009
16501.1 3.65792e+06 601439
16513.2 1.5219e+06 330271
16523 548171 361405
16532.2 1.26945e+06 724681
16540.9 5.33644e+06 999010
16551.5 2.33179e+06 534998
16561.4 2.0948e+06 487055
16571.5 2.20196e+06 398018
16583 467800 293542
16592.5 1.50335e+06 278985
16601.6 4.3895e+06 835665
16610.4 3.19424e+06 561497
16622.1 1.43225e+06 344026
16630.4 888202 524482
16641.9 5.52191e+06 834963
16651.4 3.28491e+06 711245
16661.2 2.15766e+06 417229
16672.4 1.78774e+06 548551
16682.9 12364 11565.5
16691.1 2.20299e+06 647950
16700.8 5.22516e+06 872297
16712.4 2.50092e+06 550045
16721.9 458282 113531
16730.8 1.40468e+06 495499
16741.8 4.23494e+06 1.08993e+06
16752.1 3.22618e+06 578459
16761.6 2.24112e+06 549647
16771.2 2.1288e+06 333601
16782.8 734673 400024
16791.8 182378 73577.2
16802.4 3.40032e+06 726582
16811.6 4.07317e+06 934757
16823.1 1.47034e+06 440278
16831.9 526533 255910
16841 2.48326e+06 811008
16852.2 4.47478e+06 805616
16861.1 2.18958e+06 654757
16870.8 1.54869e+06 275282
16881 2.67801e+06 676873
16893.2 672848 222007
16901.4 1.60845e+06 451744
16910.9 5.35808e+06 1.14548e+06
16921.2 3.22927e+06 941187
16932.6 695517 220081
16941 1.78053e+06 460963
16951.1 5.92892e+06 1.33001e+06
16961.8 1.67494e+06 244722
16972 3.15969e+06 573990
16981.8 1.9794e+06 387015
16992.6 450283 269681
17001.1 924267 541658
17012 5.32201e+06 1.1678e+06
17021.6 2.32664e+06 487604
17033.1 3.21175e+06 1.12266e+06
17043 132920 103896
17050.8 2.83644e+06 517846
17061.1 4.47193e+06 519799
17070.9 2.91627e+06 855300
17081 2.41525e+06 477710
17092.8 556413 257678
17101.9 1.59402e+06 331686
17111.9 5.40342e+06 842496
17121.6 3.31995e+06 685999
17132.4 792374 429115
17142.5 607934 260570
17151.5 5.74036e+06 1.09614e+06
17161 3.17775e+06 571574
17171.4 2.69346e+06 405336
17182 1.96703e+06 406403
17192.2 8241 2913.99
17201.9 3.1386e+06 368444
17211.1 4.61104e+06 816066
17221.6 1.82174e+06 252874
17232 721278 279381
17241.9 260690 237313
17251.4 3.94182e+06 1.16143e+06
17261.1 5.1597e+06 1.20197e+06
17271.5 2.77796e+06 410674
17281.5 2.40804e+06 578351
17292.8 921174 283346
17301.1 7211 3069.18
17311.4 3.89182e+06 532655
17321.6 4.06698e+06 777095
17331.5 1.46935e+06 335907
17342.1 1.4565e+06 679270
17351 1.4325e+06 424425
17362.2 4.77924e+06 791068
17371.6 3.15714e+06 938519
17380.8 2.02782e+06 415355
17393.1 2.38022e+06 550027
17403 617207 398547
17410.9 1.48171e+06 474180
17421.1 5.13885e+06 1.08084e+06
17431.6 2.0031e+06 593614
17442.1 2.05461e+06 632400
17451.8 1.85266e+06 1.14652e+06
17461.2 1.22926e+06 488945
17471 4.10305e+06 638898
17480.8 2.01752e+06 319872
17492.1 1.89181e+06 580021
17502 45334 17117.7
17511.8 2.79547e+06 536462
17521.6 4.44617e+06 1.41228e+06
17531.6 2.47193e+06 975396
17542.2 486346 178178
17551.4 726430 542171
17561.9 6.31429e+06 559478
17570.5 2.59328e+06 568931
17581 2.42144e+06 594286
17591.2 1.79908e+06 310586
17601.8 6182 5782.73
17611.6 3.58991e+06 1.02611e+06
17622.9 4.94711e+06 541426
17632.8 1.17156e+06 419048
17641.4 1.2643e+06 797864
17650.8 6.62238e+06 1.15604e+06
17661.8 2.95106e+06 464865
17671.5 2.42247e+06 514343
17682.8 1.17259e+06 693796
17691.6 7210 1746.45
17701.1 3.52809e+06 757787
17711.4 4.20403e+06 913694
17721 4.169e+06 1.60965e+06
17732.2 1.5559e+06 350674
17741.4 314270 220757
17750.2 2.99846e+06 702072
17761.6 5.56107e+06 615619
17771.6 2.15147e+06 543397
17782.4 2.2947e+06 476506
17792 316330 192571
17801.2 1.09531e+06 378269
17811.2 2.75116e+06 534353
17821.5 5.08708e+06 882680
17830.9 2.34931e+06 278726
17842.6 992272 355355
17851.4 24728 19873.4
17861.4 3.86194e+06 752411
17871 5.09738e+06 1.15787e+06
17881.8 2.16487e+06 527939
17891.5 2.22051e+06 257064
17902.4 1.00876e+06 354850
17911 139102 71616.8
17921.1 3.19527e+06 710430
17931.8 4.09682e+06 847222
17941.9 2.72128e+06 448684
17951.5 2.00103e+06 402054
17961.9 154556 62008.6
17972 145042 95577.6
17981.5 2.23106e+06 705617
17991.8 5.15303e+06 982694
18001.9 2.38125e+06 286746
18012.2 1.8712e+06 285583
18022.5 19575 11832.8
18031.5 2.64091e+06 658542
18040.9 5.7012e+06 1.09775e+06
18051.4 2.55428e+06 546116
18062 1.47862e+06 315830
18071.9 27819 15690.2
18080.9 5.44566e+06 1.00495e+06
18091.2 4.3318e+06 1.19169e+06
18101.4 2.6677e+06 499718
18111.4 1.40546e+06 378918
18120.6 79340 74215.8
18131.1 3.51778e+06 722091
18141.6 4.96652e+06 734972
18150.9 2.17208e+06 521914
18162.8 648120 205894
18171.5 198865 120538
18181 4.61388e+06 983242
18191.8 4.18882e+06 621904
18201.1 2.46780e+06 417356
18211 2.34828e+06 657218
18222.1 414218 133099
18231.1 2.43792e+06 900041
18241.6 4.74602e+06 853578
18251 2.36374e+06 771762
18260.8 1.661e+06 271896
18271.2 3.0778e+06 1.02711e+06
18282.2 1.21793e+06 292933
18291 369910 142385
18301.1 4.6945e+06 783317
18311.1 3.60743e+06 725299
18321.9 2.03091e+06 386646
18332.6 1.82587e+06 392797
18342.4 34002 20784.1
18351.1 2.40574e+06 482960
18361.2 4.6525e+06 1.06173e+06
18371 2.75116e+06 563951
18382.6 2.29367e+06 433671
18393.1 127769 99197.1
18401.2 1.37249e+06 392199
18411.2 6.26071e+06 1.48392e+06
18421.4 2.85227e+06 857965
18431.6 2.20299e+06 463249
18442.4 50487 20056.1
18452.4 1.73416e+06 386530
18461.6 4.77335e+06 1.04972e+06
18471.8 3.75114e+06 1.19923e+06
18482.4 1.94745e+06 463625
18492.1 184439 98346.6
18501.9 2.26276e+06 654168
18511.5 5.77436e+06 988709
18522 2.75588e+06 481608
18532.1 2.22257e+06 421747
18541.8 35030 16405.5
18551.5 4.09996e+06 905380
18561.6 5.06029e+06 1.48065e+06
18572.2 2.31119e+06 439100
18582.4 360637 155660
18591.9 2.39568e+06 658380
18601.2 4.96962e+06 1.03303e+06
18611.8 2.76559e+06 613845
18622.2 285418 106286
18631.1 904688 387520
18641.8 3.43844e+06 692003
18650.9 5.07667e+06 1.58169e+06
18661.5 2.24281e+06 455145
18673.2 1.83308e+06 425698
18683.2 39153 20491.3
18691 2.84184e+06 768112
18701.4 5.65689e+06 569596
18711 2.61206e+06 479327
18722.6 1.90933e+06 354467
18732.8 8242 5643.37
18740.8 3.47863e+06 593050
18751.8 4.59764e+06 1.07715e+06
18761.5 2.26791e+06 446056
18771.2 1.47347e+06 434171
18780.4 563627 177827
18791.2 5.19297e+06 619450
18801.4 4.16821e+06 778612
18811.4 2.22669e+06 430640
18821.6 1.82586e+06 319912
18832.1 25758 12739.8
18841.8 1.21072e+06 320311
18851.9 5.77024e+06 1.23175e+06
18861 2.88408e+06 586374
18872.5 1.77847e+06 577305
18881.9 174136 96598.8
18891.1 1.4745e+06 585159
18901 5.04435e+06 1.08083e+06
18911.9 3.40493e+06 443496
18921.4 2.80474e+06 556648
18932.4 604841 180634
18941.4 973725 557120
18951.8 4.62649e+06 966289
18961.8 3.4776e+06 647871
18971.2 2.16384e+06 330751
18982 78308 22003.1
18991.6 1.8609e+06 538730
19000.8 4.75014e+06 462710
19010.8 3.03555e+06 810764
19020.8 2.39155e+06 388083
19032.5 2.0845e+06 313870
19042.6 3091 2891.37
19051.4 2.5523e+06 642143
19061.4 4.01522e+06 534908
19072.4 2.8493e+06 749694
19083.4 654303 401234
19092.6 2.50799e+06 883127
19101.4 4.17494e+06 755174
19111.9 2.90494e+06 755163
19121.9 2.22669e+06 530055
19131.8 1.48996e+06 356753
19142 13394 11467.5
19152.1 3.45802e+06 1.14027e+06
19161.5 4.24009e+06 907459
19172.2 2.44410e+06 233594
19182.9 1.30964e+06 428957
19191.2 142194 77830.6
19201.4 3.04483e+06 717153
19211.9 4.08735e+06 975791
19221.2 2.37198e+06 506652
19231.1 2.51442e+06 527169
19241.9 1.6136e+06 403832
19252.8 140132 122327
19261.4 1.89387e+06 643658
19272 4.48945e+06 787308
19281.8 3.50999e+06 1.09724e+06
19291.8 1.39825e+06 312634
19301.8 27820 15891.7
19310.6 2.02267e+06 578643
19321.6 5.60228e+06 834168
19332 3.30655e+06 505722
19341.8 2.83669e+06 726965
19351.1 90673 29649.4
19361.6 1.6136e+06 506135
19371.6 6.00826e+06 1.05669e+06
19382 3.18702e+06 797920
19391.6 1.02628e+06 286417
19402.2 235959 135699
19411.4 3.59712e+06 1.44004e+06
19420.9 4.42350e+06 1.33071e+06
19431.9 2.11232e+06 349243
19442.1 2.50181e+06 796348
19451.8 44306 15758
19462.1 2.9387e+06 745439
19471 4.76869e+06 1.26853e+06
19481.2 2.35343e+06 409884
19491.9 710973 257768
19501.1 1.42195e+06 701694
19512.2 4.2978e+06 1.13973e+06
19521.1 3.26711e+06 657023
19530.9 2.27512e+06 438064
19541.6 2.28852e+06 445788
19552.6 903659 571880
19561.2 566717 246426
19571.9 5.58167e+06 862266
19582.1 2.90057e+06 748252
19592.1 254508 156141
19602.1 2.9624e+06 984588
19611.8 4.09068e+06 659332
19621.4 2.53478e+06 562908
19631.1 2.25039e+06 454120
19642.1 1.33746e+06 869479
19651.4 18545 13012.9
19662 3.70841e+06 726568
19670.9 3.73459e+06 1.09531e+06
19683.2 1.49098e+06 599141
19693.9 338999 168982
19702.2 724124 373153
19711.2 6.57783e+06 2.17623e+06
19721.9 3.90776e+06 895363
19732.1 2.75219e+06 465733
19742.1 2.17517e+06 715625
19752.4 1030 963.477
19761.4 3.24885e+06 712560
19771 4.95828e+06 1.24463e+06
19781.2 3.02477e+06 819965
19792 517258 191142
19801.5 791344 374379
19811.5 4.11522e+06 1.51146e+06
19821.2 4.10614e+06 842925
19831.9 2.73365e+06 381977
19841.6 2.10304e+06 729024
19850.8 490469 257146
19861.5 5.15818e+06 1.24948e+06
19871.8 4.13241e+06 1.04105e+06
19881 1.8032e+06 349547
19892 423491 168185
19901.2 118493 70984.5
19911.5 3.864e+06 1.26437e+06
19921.1 5.3331e+06 1.05495e+06
19932.1 2.39283e+06 458598
19943 1.89902e+06 522956
19953 27819 11560.2
19961.5 1.11592e+06 466433
19971 5.97426e+06 751212
19981.8 2.78929e+06 652951
19992.5 1.88872e+06 371191
20003 554354 498790
20011.9 581142 222437
20020.8 3.68653e+06 976802
20031.1 4.9781e+06 760907
20041.9 2.63446e+06 605499
20050.6 1.36734e+06 411413
20060.9 13394 8234.39
20072.4 4.26173e+06 1.08067e+06
20081.6 4.29058e+06 669124
20091.1 2.34931e+06 572244
20102.8 1.53838e+06 353702
20112 532472 154313
20120.6 3.90649e+06 967971
20131.6 5.35293e+06 1.60697e+06
20141.5 2.35446e+06 679639
20152.6 1.2509e+06 323489
20161.1 2060 1261.49
20171.1 3.09841e+06 908050
20182.1 5.08193e+06 547390
20191 2.7625e+06 620881
20201.9 2.35343e+06 619485
20211.8 1.5456e+06 258550
20221.8 27820 18884.1
20231.5 5.12315e+06 1.53707e+06
20241.2 3.42195e+06 508376
20251.2 2.25863e+06 502480
20262.1 1.01494e+06 205881
20271.8 113099 97206.7
20281.6 3.18393e+06 1.22532e+06
20290.6 4.8256e+06 1.42108e+06
20301.9 2.17105e+06 304998
20311.8 1.91754e+06 520729
20321.9 37092 14571.6
20331.2 100976 52958.1
20342.4 3.54457e+06 792461
20351.5 5.30347e+06 1.15089e+06
20362.8 1.65997e+06 319211
20371.5 142193 118892
20382.1 4.56776e+06 1.309e+06
20391 4.91294e+06 1.16654e+06
20401.5 3.11078e+06 486377
20412.9 2.32046e+06 226852
20422.6 41214 17425.3
20430.9 1.47244e+06 375634
20441.1 5.08811e+06 353984
20451.4 3.79187e+06 674575
20462.2 1.14786e+06 326570
20471.5 1.15405e+06 381192
20481 6.45545e+06 566269
20490.8 2.90882e+06 393984
20501 3.14169e+06 571012
20512.1 281298 137437
20520.6 2.29676e+06 430830
20532 5.19115e+06 459851
20542 2.35755e+06 612162
20551.9 999486 366628
20561.2 665393 378514
20571.9 2.02807e+06 570215
20581.2 4.93949e+06 682202
20591.5 2.4732e+06 435595
20601.1 2.33385e+06 519568
20612.2 2.35549e+06 264095
20622.2 338999 181481
20631 885111 369725
20641.9 5.11799e+06 759529
20652.5 2.63164e+06 783804
20662.4 754008 367638
20672.2 1.71870e+06 635942
20680.8 2.49381e+06 939991
20691.9 4.02656e+06 985409
20700.6 2.80911e+06 850556
20711.2 2.07934e+06 612001
20721.1 783101 194524
20731.1 540959 397226
20742.1 4.12857e+06 1.03337e+06
20751.5 4.28670e+06 817495
20761.9 2.38022e+06 503677
20772.5 742673 306032
20782.4 1.22333e+06 482081
20790.8 6.03093e+06 1.4283e+06
20800.6 2.45235e+06 477007
20811.8 2.59764e+06 625994
20822.9 1.98352e+06 438885
20831.9 26787 16276
20841.2 4.60589e+06 1.05768e+06
20852.1 4.20625e+06 734944
20861.9 1.44977e+06 557042
20871.2 1.6136e+06 645288
20881.8 3.932e+06 1.1232e+06
20891.5 4.02062e+06 629948
20900.6 2.19475e+06 710290
20910.8 2.9016e+06 676324
20922.6 700670 279950
20931 460587 367434
20942.6 2.45647e+06 814928
20951.5 5.59131e+06 1.4237e+06
20961.4 2.68213e+06 993246
20972.2 529623 165158
20981.9 1.90624e+06 740901
20991.2 5.08399e+06 1.68461e+06
21001.4 2.888e+06 796440
21012.9 2.22978e+06 359348
21021.9 2.1185e+06 697886
21031.9 267902 149312
21041.4 270750 104677
21051.2 4.59986e+06 1.61968e+06
21061.6 3.85884e+06 813975
21070.9 2.68133e+06 845981
21081.9 434825 154778
21091.1 2.44410e+06 1.31496e+06
21102.2 5.42092e+06 946058
21110.4 3.05616e+06 497477
21120.8 2.25142e+06 767338
21131.4 1.35188e+06 384280
21141.4 0 0
21151.5 3.38424e+06 1.19187e+06
21161.9 3.38898e+06 874764
21171.8 2.1525e+06 1.03959e+06
21181.6 56671 51918.5
21190.5 2.73468e+06 786449
21201.1 5.73005e+06 1.09555e+06
21211.2 2.33798e+06 541096
21222.1 1.77538e+06 254410
21231 1.73416e+06 555054
21240.9 19577 13028.3
21251.4 1.73313e+06 671711
21261.1 5.47736e+06 1.2479e+06
21271.6 3.33627e+06 1.05187e+06
21282.4 1.04276e+06 248419
21291.9 10304 9638.51
21301.4 3.0098e+06 832706
21312 4.80063e+06 965360
21321.4 2.48429e+06 1.11918e+06
21331.5 3.52809e+06 705472
21341.6 876867 282367
21351.5 789283 325471
21361.6 4.48405e+06 1.13789e+06
21370.9 4.44848e+06 801194
21380.8 2.15559e+06 479890
21392.4 228747 84174.3
21402.5 721277 208008
21411.2 6.36581e+06 844852
21421.5 2.09583e+06 600955
21431.4 1.95982e+06 383358
21441.9 3.05616e+06 780719
21452.2 1.05513e+06 442633
21462.5 0 0
21472.1 3.3828e+06 921592
21482.1 5.08708e+06 1.10279e+06
21490.9 2.26482e+06 493380
21501.6 687536 263108
21510.8 958269 568537
21522.1 5.10151e+06 1.14665e+06
21531.5 3.36940e+06 969796
21540.5 2.95724e+06 779689
21550.6 2.41732e+06 431687
21562.8 501802 288595
21571.5 1.69603e+06 619629
21581.5 5.29213e+06 1.20136e+06
21591.9 3.25812e+06 633173
