# TimeStamp(s) Sum Stdev
0.125 6.23495e+06 88217.5
10.5 4.92943e+06 129059
21.875 3.33128e+06 192403
30.25 3.87097e+06 548962
40.75 5.96626e+06 772414
50.25 4.70068e+06 801192
63 5.98559e+06 766355
70.375 2.91397e+06 574614
80.25 7.60023e+06 1.73835e+06
91.5 2.86142e+06 574426
100.25 5.72053e+06 1.23172e+06
110.5 5.94771e+06 1.34224e+06
122.875 3.69501e+06 631530
131.125 3.02628e+06 607182
140.25 7.59610e+06 1.27331e+06
152.625 4.56776e+06 959542
160.375 1.39104e+06 237568
170.375 9.05309e+06 1.57865e+06
180.125 6.02887e+06 973993
190.125 3.02731e+06 460112
200.625 8.97375e+06 941717
210.875 2.68522e+06 431829
220.5 5.10926e+06 760545
230.875 5.8717e+06 912193
240.5 4.46987e+06 527516
250.625 925296 182295
260.625 8.38333e+06 1.10777e+06
270.875 1.63966e+06 452634
280 8.33769e+06 838482
290.375 5.68883e+06 725666
301 3.25479e+06 425710
310.375 6.42891e+06 500215
323.75 5.97838e+06 913672
330.125 3.37559e+06 605551
340.125 7.35499e+06 1.0901e+06
350.875 5.6198e+06 665699
360.25 3.19218e+06 606015
370.25 8.52759e+06 1.18759e+06
380 2.626e+06 543709
390.25 8.051e+06 759490
400.125 5.26328e+06 780710
411.125 1.53838e+06 380774
420.375 8.56262e+06 651567
432.125 3.43844e+06 376169
440.875 4.09147e+06 977699
450.75 6.13627e+06 326157
460.625 4.99744e+06 627580
470.5 2.81093e+06 533135
480.125 8.74191e+06 910459
490.625 2.61103e+06 332587
500.125 8.15973e+06 844696
510 4.39362e+06 415399
520.5 1.06955e+06 289080
530.375 7.88565e+06 618812
542.5 3.78672e+06 415773
550.25 3.1489e+06 453308
560.25 8.04639e+06 759951
570.5 5.83206e+06 626046
580.25 1.39413e+06 242284
590.25 8.02888e+06 834981
602.25 2.86554e+06 302684
610 1.80835e+06 349186
620.625 8.21332e+06 736995
631.25 5.3962e+06 587337
640.875 2.12468e+06 467553
650.625 8.41836e+06 883912
663.125 4.77899e+06 549652
670 4.62958e+06 873285
680.25 7.04587e+06 1.14633e+06
690.25 4.54715e+06 603610
700.75 1.89593e+06 357173
710.5 7.06442e+06 935604
721.75 2.51933e+06 585550
730 7.36418e+06 915852
740.125 5.4776e+06 828696
753.5 4.83051e+06 612209
760.625 2.39774e+06 493680
770.25 7.78467e+06 930974
782 1.84544e+06 291257
790.125 7.17649e+06 1.00379e+06
800.625 5.24395e+06 671473
812 4.6811e+06 628090
820 917054 215749
830.125 8.73161e+06 942352
840.75 2.84493e+06 408461
850.25 8.52759e+06 1.04616e+06
860 5.53634e+06 667547
870.875 2.83463e+06 361374
880.25 9.55387e+06 1.03696e+06
891.875 4.35962e+06 360102
900.375 6.9995e+06 513279
910.75 5.59919e+06 421099
920.875 5.72902e+06 489133
930.5 1.03246e+06 269866
940 8.42249e+06 1.04036e+06
952.75 4.18857e+06 523643
960.125 3.3117e+06 733950
970.625 7.53016e+06 1.25231e+06
983 5.14581e+06 612602
990.75 3.41989e+06 933048
1000.38 7.86504e+06 977345
1010.12 1.89078e+06 299901
1020.38 8.84392e+06 1.17114e+06
1030.88 5.63319e+06 807394
1040.12 3.07471e+06 475314
1050.62 8.6873e+06 881431
1061.88 4.22979e+06 788034
1070 6.96398e+06 1.11639e+06
1080 7.85419e+06 1.29866e+06
1090.5 3.02731e+06 299843
1100.25 7.02423e+06 561534
1110.38 6.00105e+06 815318
1120.25 2.24936e+06 395390
1130.38 8.2535e+06 696498
1140.75 4.94386e+06 564290
1153.88 2.07213e+06 211154
1160.25 3.57191e+06 694237
1170 7.46161e+06 1.06845e+06
1180.62 1.72592e+06 252395
1190 8.14737e+06 728471
1200.12 4.1422e+06 448284
1210.88 2.99743e+06 304074
1220.5 3.02319e+06 718499
1230.12 7.87431e+06 1.07271e+06
1240.12 1.60536e+06 204329
1250.38 7.63732e+06 644368
1260.38 3.7826e+06 289414
1272 2.07213e+06 181139
1280 3.85369e+06 686059
1290.25 7.41372e+06 618660
1300.88 903657 211068
1310.12 7.94747e+06 521664
1320.5 4.48327e+06 338538
1332.75 3.23545e+06 286173
1340.5 2.96421e+06 570227
1350.38 8.16101e+06 421847
1361.12 1.7558e+06 193254
1370 8.95108e+06 878172
1380 5.35808e+06 580676
1392.5 3.56415e+06 367972
1400.5 3.31788e+06 363908
1410.25 5.03041e+06 545370
1420.25 8.10822e+06 784688
1430.12 6.06081e+06 373351
1441 2.31324e+06 255518
1450 8.51419e+06 543116
1461.25 2.76971e+06 214085
1470 8.1587e+06 665161
1480.25 5.00156e+06 631135
1493 5.35292e+06 662376
1500.12 4.42247e+06 693296
1510.62 4.10408e+06 544996
1520 9.17777e+06 1.27908e+06
1530.38 5.37765e+06 673730
1541.5 2.55127e+06 294428
1550.25 7.33644e+06 1.03997e+06
1562.75 4.11954e+06 317847
1570 6.48534e+06 723907
1580.25 4.52448e+06 519324
1590.25 4.23803e+06 441056
1600.12 635754 138729
1611.25 9.28184e+06 1.01618e+06
1621.5 1.55693e+06 255674
1630.12 7.45391e+06 633255
1640.38 4.86761e+06 658431
1651.12 4.9861e+06 641521
1660 640907 295740
1670.12 7.68284e+06 925294
1682.75 3.07265e+06 600934
1690.62 3.5456e+06 938195
1700 7.61156e+06 1.43425e+06
1710.25 5.51985e+06 704867
1720 3.60846e+06 397814
1730.88 8.39982e+06 941241
1740.5 3.02937e+06 596862
1750 8.91399e+06 982061
1760.5 5.95468e+06 798021
1770.12 1.34673e+06 205967
1780.38 8.8058e+06 1.04729e+06
1790.5 2.58733e+06 309879
1800.38 8.21126e+06 954078
1810.62 4.70686e+06 510060
1822 2.93664e+06 431500
1830.88 5.12187e+06 973655
1840.38 7.16152e+06 735950
1850 1.48583e+06 338617
1860.25 8.90677e+06 984188
1870.12 5.79188e+06 857647
1880.38 1.5456e+06 336179
1890.25 8.9686e+06 868776
1902 3.59712e+06 396928
1910 5.46863e+06 853764
1920.38 6.85598e+06 633217
1930 4.9181e+06 760030
1940.38 437916 163833
1953.12 8.17622e+06 881475
1960.25 3.7218e+06 374471
1970.12 7.81558e+06 1.03729e+06
1980 5.61671e+06 578665
1990.25 3.75271e+06 345526
2001.38 6.72645e+06 497469
2010.38 6.34005e+06 745967
2020.38 5.02835e+06 320768
2032.75 4.1659e+06 269519
2040 3.48996e+06 511377
2050.12 8.36994e+06 867483
2060.25 2.43792e+06 515294
2070 8.82434e+06 1.02356e+06
2080.25 5.47039e+06 389864
2090.88 2.79135e+06 288361
2101.25 8.56571e+06 567711
2110.88 2.57188e+06 426381
2120.12 8.45752e+06 808160
2130.38 5.51985e+06 607426
2142.62 4.41835e+06 414413
2150.38 4.54715e+06 581207
2161.88 3.87121e+06 586078
2170 7.38694e+06 694744
2180.25 4.89234e+06 528291
2192.75 4.49357e+06 469730
2200.38 1.9794e+06 407974
2212.12 6.55231e+06 756174
2220.25 2.915e+06 612993
2230.25 8.26283e+06 1.51482e+06
2240.5 5.24885e+06 379245
2250.12 1.25296e+06 226482
2263.12 8.28544e+06 437590
2271.12 3.1569e+06 178766
2280 7.93226e+06 420256
2290 5.47863e+06 469944
2301.38 2.11438e+06 225363
2310.12 7.75351e+06 526372
2321.38 1.96933e+06 490725
2330 8.55026e+06 604757
2340 6.11748e+06 494316
2351.88 4.68316e+06 405539
2360.12 6.78415e+06 770302
2371.75 4.21742e+06 313373
2380.12 7.02732e+06 802022
2390.12 5.51779e+06 476330
2400.25 4.57806e+06 467706
2410.12 1.43328e+06 272523
2422.88 8.43279e+06 843396
2430.25 6.21324e+06 653411
2440 5.60125e+06 613464
2450 3.21278e+06 558138
2460.38 8.83003e+06 1.4768e+06
2470.88 2.61697e+06 324200
2480.25 8.53298e+06 1.36348e+06
2490.38 6.33696e+06 855033
2502.25 4.32356e+06 882862
2510.62 4.97246e+06 716362
2520 6.86786e+06 998603
2530.75 1.08168e+06 189131
2540.25 8.72567e+06 1.11893e+06
2550.25 5.3148e+06 709083
2560.62 2.55539e+06 309776
2570.25 8.32872e+06 719639
2581.38 3.46111e+06 415811
2590.12 5.17673e+06 365268
2600.5 7.27256e+06 888544
2611 3.46317e+06 316189
2620 4.98586e+06 760983
2630.38 7.11e+06 938691
2640 2.32046e+06 196064
2650 9.81868e+06 444962
2660 6.10202e+06 396774
2671 1.60021e+06 172711
2680.12 9.5415e+06 473684
2690.25 5.36117e+06 447746
2701 2.55902e+06 429842
2710.12 8.66512e+06 857514
2720.38 5.3045e+06 544673
2730.75 1.9557e+06 280695
2740 8.73573e+06 848768
2751.38 3.62082e+06 402911
2760.38 2.83051e+06 506019
2770 7.99384e+06 712357
2781 5.01701e+06 518866
2790 1.91036e+06 317757
2800.38 8.64402e+06 824776
2813.5 4.77384e+06 548044
2820.12 2.34931e+06 391156
2830.25 7.87122e+06 953843
2840.12 4.2978e+06 852162
2850.75 3.08708e+06 393388
2860.12 8.79034e+06 1.33043e+06
2870.12 5.56725e+06 867354
2882.12 6.01753e+06 709563
2890.12 4.49151e+06 1.2775e+06
2902.12 7.88933e+06 1.10009e+06
2910.25 4.49436e+06 1.07436e+06
2920 6.6288e+06 1.16949e+06
2932.25 5.32098e+06 809119
2940.25 2.98197e+06 511788
2950.38 8.32563e+06 1.14137e+06
2960 1.6981e+06 371185
2970.88 8.34006e+06 1.29655e+06
2980.38 4.98404e+06 543348
2990.88 1.65379e+06 321683
3000.25 9.33748e+06 1.16144e+06
3011 3.51818e+06 525463
3020 6.87586e+06 1.08392e+06
3030.38 5.14478e+06 770999
3041.75 5.02011e+06 626617
3050 1.77022e+06 393585
3061.25 7.28653e+06 729390
3070 6.19324e+06 743458
3080.5 5.10199e+06 627568
3090.12 4.46678e+06 502682
3101.38 1.26739e+06 243701
3110.75 6.91295e+06 702285
3120.38 4.64298e+06 981938
3130 6.474e+06 794279
3140.88 5.92892e+06 647092
3150 2.5152e+06 379566
3161.75 7.14685e+06 714639
3170.88 1.87945e+06 586528
3180.12 8.58014e+06 1.31533e+06
3190.12 5.7589e+06 598156
3200.5 2.46368e+06 303366
3210.12 8.71203e+06 820265
3220.75 3.12417e+06 375688
3230.12 6.97453e+06 806120
3240.12 5.82509e+06 471260
3253.5 4.85318e+06 578099
3260.25 1.84854e+06 417890
3271.5 9.28081e+06 875740
3280.12 2.01031e+06 317622
3290.38 8.29163e+06 687897
3300.12 4.92428e+06 337814
3311.38 2.15972e+06 190147
3320.5 7.70096e+06 696391
3331.62 3.46444e+06 479046
3340.75 8.00518e+06 535512
3350.12 5.26716e+06 453204
3362.38 6.60923e+06 536416
3370.25 2.90573e+06 777958
3381.88 7.27256e+06 722374
3390.75 1.88435e+06 320965
3400 7.78079e+06 1.01948e+06
3410.38 4.63061e+06 635259
3420.38 3.90109e+06 532843
3430.75 509014 183976
3440 8.74809e+06 1.13584e+06
3452.75 4.4472e+06 415179
3461.12 1.62391e+06 565965
3470 7.75479e+06 955882
3480.38 4.98404e+06 347857
3491 2.24009e+06 461715
3500 2.53581e+06 446949
3510.38 7.23752e+06 876628
3522 1.47244e+06 311882
3530.38 6.8604e+06 879223
3540.12 4.47399e+06 625104
3550.38 4.34416e+06 452418
3560.38 559503 170633
3570.38 8.00827e+06 501347
3582.5 3.4065e+06 313715
3590 3.46936e+06 422977
3600.12 7.70636e+06 988927
3610.5 5.54149e+06 566633
3620.38 2.55127e+06 419124
3630.5 8.89853e+06 895854
3640.5 1.1118e+06 284355
3650.25 8.74809e+06 988308
3660.12 6.03814e+06 685556
3671.12 2.43792e+06 330974
3680.12 8.69142e+06 943531
3692.12 4.1319e+06 431143
3700.12 5.37353e+06 686829
3710.62 5.44978e+06 951999
3720.75 4.27616e+06 601207
3730.62 1.10562e+06 271249
3740.88 8.5482e+06 840393
3751.62 3.90394e+06 526060
3760 6.737e+06 655607
3772.38 3.77023e+06 455255
3780.12 6.09172e+06 1.02159e+06
3790.12 4.98301e+06 938497
3801.88 2.43998e+06 556513
3810.12 3.08914e+06 560301
3820.5 7.53016e+06 1.22374e+06
3830.12 5.47657e+06 617671
3840.88 2.04225e+06 178368
3850.5 7.34881e+06 677608
3862.12 3.95879e+06 361142
3870.5 6.96138e+06 730596
3880.12 5.01908e+06 700957
3893.25 4.07008e+06 433823
3900.75 1.80732e+06 253863
3910.75 7.1654e+06 736767
3922.12 2.43689e+06 529178
3930.62 2.41319e+06 108145
3940.38 7.19322e+06 899218
3950.5 4.38023e+06 530151
3962.12 1.95364e+06 124648
3970.62 7.14067e+06 516837
3981.38 4.49254e+06 343480
3990.12 724368 289103
4000.62 8.05463e+06 568513
4010.62 4.30398e+06 272016
4020.88 2.37919e+06 88781.6
4030.25 3.76302e+06 630889
4041 7.81352e+06 842110
4050.38 2.66873e+06 290236
4060.5 7.41166e+06 547259
4070 4.83566e+06 415055
4080.25 948996 281197
4090.38 8.70894e+06 413343
4102.62 3.5013e+06 319828
4110.5 2.37713e+06 363441
4120.12 8.15458e+06 887501
4130.5 4.53067e+06 378402
4141.5 1.71561e+06 172956
4150 8.75737e+06 732663
4160.62 2.40289e+06 229938
4170 9.21177e+06 797349
4180.25 6.0165e+06 505901
4190.62 1.5899e+06 208214
4200.38 8.72852e+06 655904
4211.25 4.95931e+06 479487
4220.25 1.53632e+06 351540
4230.38 8.75428e+06 758364
4240.62 5.18188e+06 528132
4251.12 2.23287e+06 201582
4260.25 8.34521e+06 827572
4272.38 2.53993e+06 450499
4280.5 7.10357e+06 510775
4290.5 4.73984e+06 352598
4300.62 4.54921e+06 432472
4310.5 2.16899e+06 238174
4321.75 6.91913e+06 752306
4330.38 3.22618e+06 730907
4340.5 8.27926e+06 804429
4352.75 5.66926e+06 522541
4360.5 3.30243e+06 428331
4370.75 6.46473e+06 608114
4380.25 6.88719e+06 682929
4390.62 5.02423e+06 387694
4402.5 1.43431e+06 294384
4410.12 6.93641e+06 766572
4420.25 4.46187e+06 574159
4432.12 1.88872e+06 178497
4440.12 8.09997e+06 1.11494e+06
4450.5 4.6708e+06 623855
4460.88 2.52242e+06 407009
4470.12 2.85112e+06 504368
4480.25 7.85577e+06 1.22333e+06
4490.38 2.45544e+06 319784
4500.25 4.87688e+06 1.16579e+06
4510.12 7.01496e+06 902822
4522.25 4.38023e+06 338545
4530.25 917053 347457
4540.5 8.33902e+06 665843
4551.5 2.11129e+06 226099
4560.12 7.491e+06 766429
4570.12 4.5894e+06 279141
4582.88 3.96292e+06 272258
4590.88 1.62494e+06 342786
4600.12 7.97941e+06 874922
4612 1.95776e+06 204108
4620.25 7.74036e+06 496118
4630.12 4.41526e+06 339872
4641.38 3.3591e+06 243532
4650.62 3.80114e+06 323288
4660.62 7.02526e+06 529168
4670 1.4405e+06 155202
4680.38 8.26793e+06 399192
4690.62 3.932e+06 279875
4701.5 2.71304e+06 128890
4710.38 4.3658e+06 290785
4722.25 4.65225e+06 237806
4730.25 3.09429e+06 310586
4740.5 7.47761e+06 326744
4750.62 2.62958e+06 488558
4760.38 6.82864e+06 973716
4771.12 4.55896e+06 898775
4782.12 1.35394e+06 578599
4790.25 7.74241e+06 1.19759e+06
4800.5 4.6306e+06 758108
4811.75 2.87172e+06 772685
4820.38 6.19373e+06 1.1176e+06
4830 5.36941e+06 346370
4841.25 1.59712e+06 394146
4850.5 7.78158e+06 726969
4860.25 5.01495e+06 337430
4872.5 3.85988e+06 276822
4880.25 3.53118e+06 514017
4890.12 7.82176e+06 658503
4900.5 3.12829e+06 873058
4910.25 8.00208e+06 816439
4920.38 5.34365e+06 573894
4930.25 1.41061e+06 246567
4940.12 9.29008e+06 803362
4950.88 3.05101e+06 368455
4960.25 7.27668e+06 753100
4970.5 5.30243e+06 478873
4982.62 3.77744e+06 431928
4991.12 5.14478e+06 534777
5000.5 6.61413e+06 632456
5010.38 868624 307501
5020.25 8.55026e+06 875585
5030.38 5.25092e+06 469369
5042.5 2.10098e+06 340741
5050.12 6.8898e+06 587999
5060.12 6.0139e+06 443933
5072.5 4.91088e+06 767392
5080.12 2.09274e+06 268310
5090.5 8.12058e+06 1.31744e+06
5100.38 4.91603e+06 577092
5110.38 1.31479e+06 406067
5120.5 7.95778e+06 1.07294e+06
5131 4.00037e+06 481635
5140.12 693456 311233
5150.62 7.94438e+06 736611
5160.88 3.94437e+06 561217
5171.38 2.59866e+06 259095
5180.12 3.39207e+06 499043
5190.38 7.06236e+06 1.04817e+06
5202.12 1.85575e+06 159831
5210.12 7.76921e+06 788463
5220.38 5.44978e+06 531138
5231.62 3.16436e+06 450155
5240.75 7.21589e+06 582642
5250.25 4.84391e+06 528192
5261 1.99976e+06 162769
5270.5 7.72515e+06 757629
5280.12 4.95828e+06 473516
5293.12 4.34519e+06 332844
5300.38 3.70634e+06 479232
5310.38 6.09790e+06 554426
5320.75 1.66409e+06 257103
5330.25 8.21332e+06 875925
5340.5 5.47863e+06 660035
5351.12 3.07677e+06 559963
5360.25 7.71539e+06 934223
5373.5 4.85960e+06 580508
5380.25 3.24266e+06 687626
5390.12 7.33282e+06 940882
5400.38 4.70995e+06 653228
5412.25 1.30448e+06 427644
5420.5 6.90034e+06 774382
5431.12 2.66279e+06 565548
5440.5 7.6165e+06 968656
5450.38 4.14117e+06 570290
5461.88 4.48842e+06 397206
5470 953116 273287
5483.12 7.60332e+06 658212
5491.5 3.16126e+06 295672
5500 6.86761e+06 799808
5510.5 5.48791e+06 466645
5520 1.90315e+06 253605
5532.88 8.26071e+06 518547
5542 2.45289e+06 495742
5550.12 7.64914e+06 926625
5560.12 4.66153e+06 251165
5571.25 2.73056e+06 403153
5580.12 7.72697e+06 527796
5591 4.48739e+06 323000
5600.25 7.87534e+06 367920
5611 4.65019e+06 364819
5620.38 1.3323e+06 257232
5630.12 8.71306e+06 337474
5640.38 5.10332e+06 535730
5650 2.24136e+06 588742
5660.62 9.46216e+06 897024
5670.5 5.2808e+06 704287
5682.38 3.33334e+06 183058
5690 3.30964e+06 596494
5700.12 7.17673e+06 1.38562e+06
5712.5 3.74035e+06 362261
5720.75 2.83875e+06 610748
5730.25 6.9892e+06 799790
5740.25 4.01031e+06 533144
5751 2.61206e+06 376984
5760.12 6.7816e+06 847816
5770.25 1.57906e+06 370409
5780.12 8.91399e+06 1.13758e+06
5790 5.09842e+06 561077
5800.25 1.60433e+06 231062
5811 8.45546e+06 927994
5821.5 2.47502e+06 399152
5830.75 6.59662e+06 415109
5840.5 4.55746e+06 464893
5850.88 2.57703e+06 389728
5860.5 7.52658e+06 783133
5871 4.97216e+06 613237
5880.38 816075 172215
5890 7.56519e+06 927434
5900.62 4.54097e+06 577339
5910.88 2.62236e+06 271195
5920.12 7.61878e+06 761285
5931.62 3.88254e+06 376859
5940 7.49719e+06 565610
5950.12 5.23443e+06 537288
5961.75 4.12572e+06 410560
5970.38 5.32201e+06 805169
5980.38 5.63216e+06 709406
5991.25 1.10046e+06 222557
6000 7.75273e+06 710435
6010.38 4.87894e+06 574652
6022.62 3.94437e+06 390670
6030.38 1.19732e+06 340845
6040.25 7.82794e+06 722511
6051.75 2.88924e+06 483588
6060.88 4.96937e+06 557749
6070.12 5.66538e+06 1.11414e+06
6080 4.77796e+06 322822
6090.75 1.18393e+06 206440
6100.5 8.08142e+06 812807
6111.75 3.40856e+06 569150
6120.62 3.78363e+06 812077
6130.62 6.38436e+06 786876
6140.75 4.87482e+06 558712
6150.5 1.62803e+06 365549
6160.12 9.42197e+06 961518
6170.75 3.6301e+06 497987
6180.12 7.7146e+06 942823
6190 4.29264e+06 558591
6201.25 4.31943e+06 515066
6210.12 930449 313805
6220.12 8.7821e+06 874501
6230.75 2.63267e+06 347347
6240.25 6.84597e+06 730603
6250.12 5.11593e+06 879193
6262 4.81094e+06 370603
6270.25 957238 325419
6280.12 8.27411e+06 673071
6291.38 2.62133e+06 407791
6300.62 8.58014e+06 703769
6310.12 5.50748e+06 417073
6322.12 3.41783e+06 458125
6330.75 4.27513e+06 841908
6340.75 4.88718e+06 753783
6350.5 2.35034e+06 670135
6360 7.38694e+06 504314
6371 4.80475e+06 481704
6381.12 3.05204e+06 357018
6390.62 3.53015e+06 683949
6401.38 6.83567e+06 955677
6410.62 2.20481e+06 562493
6420.5 7.97347e+06 875370
6430.5 4.60692e+06 643040
6441.5 1.82896e+06 234136
6450.5 6.62523e+06 918368
6461.5 4.81736e+06 745443
6470 1.49202e+06 261949
6480.62 8.41527e+06 990190
6490.12 4.93664e+06 587999
6501.12 2.23906e+06 506210
6510 8.52862e+06 1.1987e+06
6520.75 5.70326e+06 722175
6530.12 5.53118e+06 776096
6541.62 2.41732e+06 385807
6550.25 7.63011e+06 1.31858e+06
6563.38 5.23031e+06 498120
6570.38 3.24885e+06 778405
6580.12 7.75891e+06 790789
6591 4.68626e+06 719544
6602.5 1.25296e+06 431893
6610.62 5.78957e+06 708333
6621.38 5.23624e+06 701701
6631.25 3.36219e+06 843009
6640.38 7.26352e+06 1.08538e+06
6650.12 4.94695e+06 409948
6662.25 1.71458e+06 453919
6671.12 4.54715e+06 701211
6683 5.38796e+06 1.16031e+06
6690.5 2.64916e+06 686495
6700.12 7.36942e+06 748171
6711.25 5.11078e+06 488201
6720.12 1.91036e+06 407082
6731.25 8.12882e+06 708345
6741.25 2.29985e+06 352376
6750.12 7.8197e+06 748495
6761.25 4.39568e+06 282641
6773.88 3.59506e+06 218189
6781.12 295723 193433
6790.88 7.92377e+06 504658
6802.38 3.8506e+06 220667
6810.88 4.23264e+06 710354
6820.12 7.26971e+06 617670
6830.12 5.3385e+06 551556
6841 1.39619e+06 387863
6850.25 8.61208e+06 965156
6862.62 4.18754e+06 438513
6870.25 3.2406e+06 528085
6880 7.80219e+06 1.13617e+06
6890.88 4.93974e+06 280510
6900.5 1.22926e+06 389337
6911.88 9.2736e+06 858790
6920.62 1.7218e+06 432010
6930.38 9.56623e+06 672369
6940.25 5.54046e+06 780555
6951.12 2.80887e+06 298584
6960.38 7.77746e+06 896351
6972.25 3.94025e+06 305106
6980.12 6.8027e+06 812639
6990.5 5.21794e+06 681931
7003.38 3.91964e+06 422256
7010.12 2.56466e+06 445649
7021.25 7.03866e+06 837914
7031 1.78156e+06 454745
7040.62 7.97735e+06 1.02357e+06
7050.38 4.94282e+06 612753
7062.25 3.84751e+06 478403
7070 4.18651e+06 649282
7081.38 6.73469e+06 884802
7090.5 6.01959e+06 794368
7100.38 7.20971e+06 1.0972e+06
7110.5 5.79497e+06 675235
7120.38 2.49563e+06 513386
7133.38 8.44418e+06 1.02525e+06
7140.38 3.93716e+06 765200
7150.25 8.26999e+06 947668
7160.38 5.96395e+06 445703
7170 2.64606e+06 353477
7181.5 7.52192e+06 712627
7190 4.54745e+06 918401
7200.38 7.77819e+06 932632
7210.38 4.67492e+06 329910
7220.5 889231 232640
7231.62 8.15046e+06 835778
7241.75 2.8519e+06 444622
7250.38 7.19837e+06 803460
7262.62 4.3001e+06 601185
7271 3.26018e+06 612337
7281 7.04868e+06 1.60028e+06
7292.12 3.36425e+06 518412
7300 2.74807e+06 673579
7310.38 8.29439e+06 1.97882e+06
7322.88 3.61155e+06 597570
7330 3.32922e+06 380111
7340.62 6.9995e+06 1.85972e+06
7350.88 4.82536e+06 824653
7360.12 1.13138e+06 294026
7370.62 8.4894e+06 1.68036e+06
7380.25 4.67904e+06 498415
7392.25 2.00722e+06 239798
7400.5 7.73521e+06 803839
7410.5 5.03041e+06 467552
7421.38 1.91139e+06 201493
7430.25 7.76921e+06 1.00429e+06
7440.25 4.93252e+06 511280
7453.25 3.75684e+06 405663
7460.25 2.89621e+06 829772
7470.38 7.3439e+06 651513
7481.38 1.86914e+06 274124
7490.12 8.02475e+06 964385
7500.12 5.5621e+06 594870
7512.88 4.42969e+06 393302
7520.12 3.89697e+06 361116
7530.5 7.30244e+06 685164
7540.5 1.93097e+06 366097
7550 9.12728e+06 1.16335e+06
7560.25 5.74963e+06 549069
7570.62 3.29109e+06 401136
7580.25 7.67108e+06 1.08442e+06
7591.5 4.42787e+06 666116
7600 7.457e+06 853914
7610.5 5.23752e+06 496471
7622.12 3.98043e+06 349308
7630.25 2.21536e+06 429071
7640.38 7.80116e+06 381813
7650.12 2.24215e+06 429132
7660.12 8.46885e+06 420371
7670 5.63422e+06 214363
7681 2.34828e+06 309993
7690.75 8.43049e+06 629189
7701.75 3.08708e+06 520003
7710 7.70145e+06 801701
7720.5 5.90625e+06 502137
7730.5 2.83566e+06 370437
7740.25 9.20353e+06 747853
7750.5 2.03607e+06 131246
7760.12 8.70172e+06 818236
7770 5.01392e+06 344415
7780.88 2.22566e+06 242059
7790.12 8.12058e+06 628677
7800.88 3.17442e+06 344551
7810.25 8.66693e+06 604113
7820 5.74217e+06 676974
7832 4.56182e+06 368055
7841 6.35344e+06 666141
7851.38 6.48843e+06 794940
7860.25 7.00156e+06 680913
7871.75 4.20609e+06 717062
7880.12 7.07242e+06 1.27706e+06
7890.12 5.66876e+06 900542
7900 3.5456e+06 553875
7910.12 8.39363e+06 1.53602e+06
7923.38 4.93149e+06 737214
7930.25 1.87326e+06 273045
7940.12 8.74294e+06 1.38524e+06
7950.12 2.93742e+06 335009
7960.25 9.36658e+06 1.38746e+06
7970 6.10306e+06 799780
7980.38 2.32046e+06 446540
7990.38 9.87844e+06 1.20986e+06
8000.12 2.56775e+06 241931
8010.25 9.41373e+06 1.40048e+06
8020.5 5.72902e+06 585753
8030 2.67595e+06 279096
8040.5 9.34882e+06 802591
8050.62 2.24215e+06 210328
8060.38 9.03248e+06 835320
8070.12 5.12624e+06 415486
8080.75 2.61e+06 278005
8090 7.70533e+06 378786
8101.62 4.04432e+06 652752
8110.12 8.06906e+06 575311
8120 5.83206e+06 456289
8131.38 3.33334e+06 317818
8140.62 6.35526e+06 340178
8150.62 3.52397e+06 718210
8160 8.31557e+06 664102
8171 5.40754e+06 502157
8181.25 2.46471e+06 169650
8190.5 9.03352e+06 476895
8200.38 2.38373e+06 103012
8210.12 9.2025e+06 355737
8220 5.69502e+06 472230
8230.38 1.84956e+06 150077
8240.12 8.4297e+06 642458
8252.75 4.68213e+06 203853
8260.12 3.88539e+06 920203
8270.25 8.59584e+06 703194
8283.38 5.34056e+06 335889
8290.25 3.78775e+06 541934
8300.5 7.19425e+06 491227
8310.62 3.72489e+06 856526
8320 8.03506e+06 721026
8330.12 5.27977e+06 397900
8340 2.86863e+06 150220
8351.38 7.97632e+06 553629
8360.12 6.40369e+06 726558
8370.5 5.38511e+06 461678
8380.62 6.74706e+06 395021
8390.12 3.16745e+06 327783
8400.12 8.53789e+06 1.15142e+06
8410.62 2.29548e+06 449435
8420 9.1028e+06 1.30395e+06
8430.5 5.40342e+06 697843
8440 2.22257e+06 284234
8451.62 7.85989e+06 913947
8460 6.45315e+06 1.09103e+06
8470 7.05848e+06 1.1068e+06
8482 5.74757e+06 805128
8490.38 2.60073e+06 481328
8500.62 7.12109e+06 966624
8510.38 7.00672e+06 1.04244e+06
8520 5.81248e+06 660600
8532.75 4.89130e+06 668576
8540.38 5.27128e+06 1.01337e+06
8552.12 6.01366e+06 772067
8560 7.88359e+06 830696
8570 6.19682e+06 690984
8582.25 4.22052e+06 328356
8590.12 5.25867e+06 440535
8600 7.15867e+06 661793
8610.12 1.99382e+06 258359
8620 8.47401e+06 787901
8630.5 5.15715e+06 536018
8640.5 2.05358e+06 211096
8650.12 9.64763e+06 762901
8660.88 3.15302e+06 277967
8670.12 7.60538e+06 747639
8680.25 5.93098e+06 518898
8691.75 4.01340e+06 308516
8700.25 7.03326e+06 743912
8712.62 5.20685e+06 800821
8720.25 4.15457e+06 506173
8730 7.84958e+06 534434
8743.38 5.00259e+06 367911
8750.25 3.17363e+06 458573
8760 8.56365e+06 838346
8770.25 2.56466e+06 252069
8780.75 8.745e+06 722724
8790.25 6.05978e+06 369566
8802.12 3.54766e+06 370993
8810.38 4.00619e+06 734359
8822.12 7.75067e+06 1.27302e+06
8830.75 2.79753e+06 476542
8840 8.29678e+06 1.14583e+06
8851.12 4.93046e+06 501656
8861.62 1.98867e+06 532159
8870.25 7.24631e+06 845017
8881.25 3.48996e+06 558374
8890 7.70994e+06 851694
8900.5 5.45675e+06 793302
8912.5 3.3851e+06 295862
8920.5 4.67468e+06 564875
8930.38 6.81118e+06 1.13069e+06
8941.38 2.55745e+06 375263
8950.12 8.31532e+06 1.25744e+06
8960.38 5.68678e+06 694727
8970.38 2.63679e+06 426101
8980.12 9.74655e+06 991295
8991.12 3.41886e+06 404850
9000 7.95572e+06 747723
9010.25 5.186e+06 521837
9023.25 5.24267e+06 490079
9030.5 3.92352e+06 907422
9042.5 7.32329e+06 855222
9050 7.20764e+06 581569
9060.38 6.42557e+06 770709
9072.5 4.47605e+06 456571
9080.25 6.75815e+06 346642
9090.75 5.83334e+06 842053
9100.38 866563 200409
9110.12 9.26844e+06 1.13628e+06
9120.12 5.88049e+06 681680
9130.25 1.43019e+06 240796
9140.38 8.74912e+06 814622
9151.5 3.47141e+06 360173
9160.12 5.27001e+06 791199
9170.12 6.67129e+06 726218
9183.38 4.99228e+06 477874
9190.12 3.45287e+06 277503
9200.25 7.8094e+06 673198
9211.12 1.95982e+06 255172
9220 8.40703e+06 832984
9230 5.43639e+06 535208
9242.25 4.11644e+06 335904
9250.12 7.11697e+06 714272
9261.25 4.11287e+06 311449
9270 8.32096e+06 1.06381e+06
9280.25 6.15045e+06 499572
9291 1.97836e+06 267364
9300.25 9.40652e+06 619677
9310 2.07007e+06 250642
9320.12 9.78262e+06 625741
9330.38 6.05669e+06 516911
9340 2.23493e+06 230273
9351.12 8.63887e+06 792268
9360 4.88718e+06 607257
9370.12 7.06545e+06 893571
9383 5.56622e+06 369003
9390.5 3.02501e+06 423820
9400 7.67775e+06 590966
9410.5 1.12598e+06 185805
9420 9.2285e+06 582428
9430.5 5.36735e+06 435196
9440 2.09892e+06 215425
9450.12 9.1448e+06 435868
9460.62 2.80578e+06 277791
9470 8.9552e+06 447087
9480.38 6.45339e+06 214256
9490.88 2.66564e+06 266430
9500.12 8.09482e+06 271193
9512.38 4.29985e+06 216339
9520.25 5.40214e+06 604719
9530 6.73287e+06 866071
9542.5 5.80733e+06 507656
9550.25 3.75993e+06 461944
9561.38 4.45545e+06 338072
9570 8.76767e+06 805590
9580 5.75478e+06 510863
9591.75 4.02989e+06 263249
9600.38 5.80297e+06 825871
9611.62 3.35728e+06 989015
9620.25 8.34727e+06 590950
9630.38 5.60846e+06 338558
9642.75 4.85936e+06 495743
9650 3.44668e+06 268768
9660 7.03042e+06 795164
9671.38 1.67234e+06 293306
9680 7.61774e+06 895970
9690.62 4.58012e+06 537359
9702.38 4.52654e+06 574920
9710.25 3.254e+06 336165
9720.5 5.71047e+06 740879
9730 7.7146e+06 1.03661e+06
9740 5.23443e+06 577754
9752.12 3.57961e+06 283653
9760.75 3.76611e+06 593912
9771.88 7.48276e+06 971900
9780.75 2.91191e+06 583585
9790.12 7.38281e+06 791835
9800 5.31892e+06 296578
9810.25 3.02319e+06 330396
9820 8.38539e+06 473167
9830.38 2.61e+06 342316
9840.25 8.93872e+06 564351
9850 5.41372e+06 398208
9860.62 1.49408e+06 225178
9870 9.28699e+06 400888
9880.5 2.22463e+06 205039
9890.12 8.94181e+06 426466
9900 5.71769e+06 515966
9910.75 3.21278e+06 380076
9920.62 8.7347e+06 559003
9931.12 3.51136e+06 359235
9940 8.0353e+06 820221
9950.5 5.64762e+06 599658
9960.38 2.05668e+06 356307
9970 9.8125e+06 804629
9980.25 2.5997e+06 216452
9990.5 8.89132e+06 794248
10000 5.89388e+06 483742
10011.6 3.1829e+06 382672
10020.2 6.97223e+06 666144
10033.5 4.9227e+06 235417
10040.2 4.42041e+06 821732
10050.1 6.70687e+06 621367
10060.6 4.2978e+06 523917
10071.2 1.60227e+06 268553
10080.2 8.28726e+06 582329
10091.5 3.76635e+06 501955
10100 6.76972e+06 984747
10110.1 5.63732e+06 567911
10120.9 2.02782e+06 399598
10130.4 8.61723e+06 1.00046e+06
10140.9 3.07574e+06 411439
10150.4 7.2705e+06 956745
10160 4.96962e+06 745103
10173.4 4.77075e+06 590851
10180.5 2.24318e+06 489791
10190.2 8.44928e+06 1.0235e+06
10200.8 2.5026e+06 489287
10210.2 8.00542e+06 1.26533e+06
10221.4 3.60434e+06 624371
10230 6.54915e+06 1.06524e+06
10240.2 6.05177e+06 1.63239e+06
10251.2 3.10253e+06 393664
10260.2 7.70458e+06 1.61958e+06
10270.2 5.34262e+06 773954
10280.2 1.06749e+06 121351
10290.2 9.78261e+06 1.24743e+06
10300.2 5.97014e+06 512625
10310.2 2.50799e+06 276822
10320.5 9.54562e+06 637669
10331.2 3.51366e+06 279205
10340.2 7.47349e+06 335348
10350 5.3385e+06 364680
10362.9 5.152e+06 290533
10370.1 3.79187e+06 812874
10381.9 6.60589e+06 888147
10391.2 5.67314e+06 766510
10400.1 6.2424e+06 714014
10410.4 5.28595e+06 636805
10420.4 2.25451e+06 431321
10430.4 8.74397e+06 1.0935e+06
10443.2 4.22876e+06 547269
10450.4 3.05156e+06 585150
10460.2 8.2241e+06 1.36419e+06
10474.2 5.1283e+06 599883
10480.9 4.1399e+06 919875
10490.2 8.42067e+06 914368
10503.1 5.03659e+06 696027
10510.5 2.80759e+06 529722
10520.4 7.79212e+06 1.2179e+06
10530.1 4.54303e+06 553743
10540.5 2.09892e+06 306596
10550 9.19529e+06 1.36514e+06
10561.9 2.58836e+06 348525
10570 8.05979e+06 870005
10580.1 5.67956e+06 581085
10591.9 4.07935e+06 389492
10600.2 5.19067e+06 838083
10612.5 6.52188e+06 1.05671e+06
10620 7.52913e+06 820224
10630.5 5.35293e+06 492859
10642.4 4.30501e+06 428492
10650.2 6.80967e+06 725959
10662.6 4.95646e+06 676641
10670.4 5.21873e+06 598204
10680.6 6.63705e+06 925601
10690.2 5.55179e+06 640853
10700.6 2.0134e+06 393822
10711.1 7.59301e+06 754990
10720 5.48378e+06 1.08187e+06
10730.1 6.71924e+06 945376
10741 5.43226e+06 424840
10750 3.77641e+06 527163
10761.8 6.36169e+06 544154
10770 5.68859e+06 946086
10780 7.28414e+06 684705
10790.6 5.88976e+06 565090
10800.1 2.95827e+06 450153
10811.9 8.39648e+06 702177
10820.5 4.93046e+06 717664
10830.2 7.40882e+06 1.13502e+06
10840.2 5.57446e+06 787496
10850.9 2.06801e+06 671532
10860.1 8.78519e+06 1.17216e+06
10870.9 2.88306e+06 262539
10880 8.63578e+06 870678
10890.1 5.43742e+06 578711
10902.6 4.33077e+06 357802
10910.4 5.01962e+06 800078
10921.6 3.83411e+06 436610
10930.1 8.06233e+06 818924
10940.8 5.4333e+06 390796
10950.2 3.36734e+06 297734
10960.4 8.72748e+06 573117
10972.9 4.23391e+06 358063
10980.2 5.62368e+06 450204
10990 6.94411e+06 906818
11001.8 4.11644e+06 285720
11010.1 4.52345e+06 609595
11020.1 8.02578e+06 506914
11031.8 3.68265e+06 367614
11040 6.75118e+06 860330
11050 5.59816e+06 634012
11060.6 2.86348e+06 383397
11070.2 8.19786e+06 693069
11080.2 5.19733e+06 497985
11090.8 2.53581e+06 326846
11100.2 6.16488e+06 792669
11110.2 6.16076e+06 990643
11120.6 2.82226e+06 350769
11130.1 6.58504e+06 839859
11140.1 5.60458e+06 672008
11150.5 2.65534e+06 280354
11160 8.12676e+06 779521
11170.5 5.25092e+06 558071
11180.6 1.25502e+06 295704
11190.1 9.0871e+06 998697
11200 5.52706e+06 537456
11210.8 1.77022e+06 263314
11220.4 9.8568e+06 885225
11230 5.76508e+06 542425
11240.1 2.59764e+06 462578
11250.1 9.61569e+06 1.07362e+06
11263.6 5.41578e+06 547692
11270.4 2.82432e+06 502546
11280 8.60178e+06 670829
11292.4 2.89645e+06 440703
11300 7.85989e+06 639381
11310.1 5.63834e+06 683439
11322.6 4.31943e+06 339150
11330.2 4.92943e+06 789886
11341.5 7.20661e+06 505866
11350.1 4.08759e+06 523525
11360.2 8.10409e+06 831927
11370.5 5.43845e+06 368081
11380.4 2.52242e+06 437502
11390.8 7.21177e+06 632488
11400.1 6.97065e+06 498622
11410 5.67544e+06 454784
11420.5 5.36838e+06 312368
11430.4 1.08707e+06 272136
11442.8 7.37148e+06 394649
11451 3.98534e+06 231146
11460 6.2321e+06 550179
11470.6 5.51160e+06 205451
11480 1.8712e+06 177253
11490.9 7.96293e+06 541446
11500.2 4.30167e+06 770607
11510.1 8.20737e+06 761975
11520.6 5.73108e+06 378359
11530.5 2.5049e+06 669296
11540.9 8.55953e+06 728075
11550.5 1.8135e+06 384062
11560.2 8.62341e+06 1.18161e+06
11570 5.57652e+06 873950
11581.4 2.29058e+06 289578
11590 9.423e+06 1.00967e+06
11601.2 2.84184e+06 358386
11610.9 6.89622e+06 931913
11620.4 6.51752e+06 761153
11634 5.28492e+06 831564
11640.1 4.2924e+06 924263
11652.9 7.47064e+06 1.45319e+06
11660 7.15612e+06 976243
11670 5.76818e+06 741063
11680.1 5.53015e+06 648448
11690 2.17723e+06 400778
11700.4 8.70482e+06 927886
11710 1.89078e+06 255252
11720.4 8.50286e+06 944990
11730.5 5.06132e+06 468445
11740.5 1.98043e+06 486593
11750.6 8.83258e+06 678594
11761.9 3.65792e+06 344840
11770.4 5.18291e+06 997138
11780 6.51419e+06 589024
11792.9 4.66668e+06 543794
11800 3.6538e+06 325058
11810.9 7.70842e+06 796950
11820.1 2.54199e+06 269153
11830.1 8.99127e+06 608176
11840 5.64659e+06 427031
11850.1 2.16281e+06 295418
11862.2 7.51161e+06 688126
11870.6 6.72542e+06 518332
11880.5 5.07678e+06 434497
11890.1 5.29419e+06 419502
11900.8 2.45647e+06 378577
11911 6.135e+06 557163
11920.1 7.31274e+06 558786
11930 5.71666e+06 448917
11943 4.18136e+06 357938
11950 6.04511e+06 568566
11963.2 6.35369e+06 1.07357e+06
11970.4 3.09532e+06 646319
11980 8.09997e+06 918078
11990 5.34468e+06 506072
12000.8 1.31067e+06 253026
12010.4 8.9529e+06 827507
12021 2.33513e+06 510527
12030 8.35242e+06 828669
12040.2 5.15715e+06 458550
12051.1 3.48378e+06 271603
12060.1 7.55798e+06 764637
12071.2 4.54794e+06 281140
12080 7.36348e+06 956052
12091.8 5.33026e+06 947276
12100 2.59042e+06 682624
12110.1 8.58460e+06 1.79128e+06
12120.6 3.26946e+06 331296
12130 9.32306e+06 1.88033e+06
12140.1 5.30656e+06 658093
12151 3.68549e+06 2.03664e+06
12160 8.80192e+06 889589
12171 3.1592e+06 731778
12180.2 7.60926e+06 1.18852e+06
12190.1 5.47166e+06 1.05973e+06
12203.1 5.44875e+06 871650
12210 3.76611e+06 847786
12221 8.11336e+06 1.43627e+06
12230.4 3.01804e+06 544836
12240.1 8.19374e+06 1.38333e+06
12250.2 5.3148e+06 759127
12260.1 1.64245e+06 238768
12270 8.97787e+06 1.1962e+06
12281.2 2.14838e+06 246289
12290.2 7.82073e+06 933957
12300.1 5.28183e+06 719499
12311.2 3.0778e+06 456924
12320.2 6.06572e+06 774167
12330.4 6.65662e+06 762285
12340.2 2.00825e+06 159669
12350.2 8.30502e+06 942239
12360 5.12418e+06 671976
12372 3.50645e+06 284506
12380.4 4.15639e+06 667174
12393.5 7.23262e+06 799128
12400.8 2.23390e+06 311133
12410 8.85731e+06 968897
12420.1 5.58167e+06 482213
12430 2.50387e+06 496596
12440.1 8.47607e+06 863114
12451.6 3.25891e+06 390456
12460.1 7.36142e+06 466544
12470.1 5.4776e+06 445771
12482.4 3.89388e+06 247759
12490 4.4472e+06 672423
12500.1 7.74448e+06 881229
12510.2 1.84647e+06 270938
12520.1 8.28956e+06 631361
12530 5.32304e+06 407739
12541 2.25863e+06 267960
12550 8.52656e+06 714276
12561 2.26894e+06 453659
12570 8.78828e+06 974558
12580.1 5.54124e+06 449814
12590.1 2.51751e+06 420482
12600 9.64763e+06 791309
12611.2 3.5013e+06 334274
12620.2 8.05154e+06 820205
12630 6.17518e+06 568481
12641.6 3.92582e+06 270992
12650 8.01651e+06 585869
12661 2.94282e+06 396932
12670 9.09946e+06 708247
12680.1 6.60692e+06 511452
12692.5 4.40599e+06 286484
12700.4 6.28234e+06 364146
12711.5 4.11208e+06 995404
12720 7.81994e+06 490989
12730.1 5.34365e+06 359218
12741.1 2.97476e+06 162473
12750.8 7.82049e+06 705530
12762.1 3.00567e+06 602206
12770.1 7.49228e+06 640967
12780 5.18394e+06 363681
12790.8 2.52139e+06 285003
12800.1 6.79421e+06 479422
12811 4.8256e+06 947708
12820.1 6.6265e+06 778491
12830.1 6.11336e+06 592350
12840 2.29160e+06 403782
12851.9 7.84855e+06 1.0362e+06
12860.2 6.55516e+06 962934
12870.1 6.74318e+06 876708
12880.2 5.17157e+06 605933
12890.2 1.08913e+06 169259
12903 8.21641e+06 903452
12910.2 3.11902e+06 394022
12920.1 8.05876e+06 868862
12930 5.29419e+06 625042
12941.9 2.16384e+06 275512
12950 7.54871e+06 938491
12961 4.94955e+06 742488
12970 6.71251e+06 479126
12981.1 5.99074e+06 780436
12990.4 1.99485e+06 438754
13001.1 6.98405e+06 718592
13010 4.7128e+06 1.03364e+06
13020 7.23983e+06 1.57132e+06
13033.6 5.63732e+06 371357
13040.4 2.87742e+06 528896
13050.1 8.37145e+06 535394
13060.1 1.72464e+06 352226
13070.2 8.93072e+06 932264
13080 5.42917e+06 613011
13090.6 2.96961e+06 371407
13100.1 7.40548e+06 824214
13111.9 3.4405e+06 632412
13120.2 6.63783e+06 685608
13130.1 5.42608e+06 648957
13143 5.47039e+06 738889
13150.4 3.47657e+06 744708
13161.9 7.6462e+06 1.23845e+06
13170 2.10201e+06 314783
13180.5 8.10281e+06 995031
13190.1 5.77333e+06 695085
13200.5 1.22514e+06 174176
13210.2 8.22647e+06 981159
13223.6 4.50206e+06 463684
13230.5 2.87275e+06 812501
13240.2 6.96962e+06 1.02276e+06
13250 4.74499e+06 554286
13262 1.70325e+06 296787
13270.5 7.21589e+06 804842
13282.4 3.44953e+06 420796
13290.6 5.18909e+06 1.09677e+06
13300 6.47709e+06 1.22321e+06
13310.8 5.02241e+06 474187
13322 1.90933e+06 409788
13330.1 8.08348e+06 965693
13341.5 3.37043e+06 286234
13350.6 4.47478e+06 539422
13360 7.32844e+06 904424
13372.9 4.71305e+06 506359
13380 3.31273e+06 350058
13390.9 7.85062e+06 733192
13401.5 1.7795e+06 255997
13410 7.85474e+06 569890
13420.9 5.05926e+06 407360
13430.5 2.55539e+06 156105
13440.1 7.28698e+06 473477
13452.1 5.39311e+06 654560
13460.4 2.92815e+06 454371
13470.4 7.59738e+06 547041
13480 4.77899e+06 484665
13490.9 1.74962e+06 165454
13500.2 8.68627e+06 739098
13511.8 4.5554e+06 599308
13520.8 4.57473e+06 594569
13530 6.42891e+06 818957
13542.8 3.76714e+06 496787
13550.4 2.39774e+06 411584
13560.1 9.2262e+06 1.56506e+06
13570.1 2.53581e+06 342660
13580.1 9.11055e+06 1.09481e+06
13590.1 5.7643e+06 893953
13600.4 2.59764e+06 338509
13610.4 7.99463e+06 940363
13621 6.05875e+06 1.19756e+06
13630.8 5.82406e+06 862586
13640.4 926327 251409
13650.4 8.58117e+06 1.70653e+06
13662.9 4.67344e+06 1.1946e+06
13670.2 2.65612e+06 874303
13680.4 8.71808e+06 2.27734e+06
13691.5 5.47142e+06 967532
13700.1 2.13086e+06 571578
13710.1 9.0974e+06 1.80243e+06
13721.4 2.39568e+06 475458
13730.1 8.20507e+06 1.37413e+06
13740.1 5.64659e+06 1.21428e+06
13752.4 4.37508e+06 497550
13760 7.05308e+06 729743
13772.2 4.7522e+06 560585
13780.4 3.93406e+06 518734
13790 6.96344e+06 818093
13803.9 4.81609e+06 373325
13810 3.93303e+06 692087
13820.2 8.27411e+06 884742
13830 1.75168e+06 253633
13840.1 8.24835e+06 560949
13850.1 5.53531e+06 363616
13860.5 1.89902e+06 173787
13870 9.17056e+06 426840
13880.6 2.88924e+06 221170
13890 8.73779e+06 332064
13900.2 5.62083e+06 356106
13911.4 2.2473e+06 264715
13920.2 6.56983e+06 996447
13930.6 6.64711e+06 854522
13940.1 3.20351e+06 355194
13950.4 8.72646e+06 559426
13961.1 5.93819e+06 381493
13970.4 3.14478e+06 655271
13981.1 8.40497e+06 480045
13990.1 3.02834e+06 274616
14000.2 8.06597e+06 468974
14010.1 4.85009e+06 362715
14020.6 1.288e+06 163485
14030 8.93356e+06 595199
14040.1 2.75323e+06 281339
14050.2 8.83877e+06 657013
14060 5.525e+06 592712
14073.2 4.85627e+06 505025
14080.4 3.35086e+06 697950
14092.6 8.04639e+06 1.07921e+06
14100.6 1.97321e+06 381303
14110.9 8.27617e+06 1.04715e+06
14120.1 4.86246e+06 711612
14131 2.62958e+06 314064
14140.2 7.22619e+06 1.11351e+06
14152 4.43587e+06 337206
14160 6.98405e+06 1.28166e+06
14170.1 5.53222e+06 620864
14182.8 5.47966e+06 705115
14190.9 4.15766e+06 480160
14202 4.7602e+06 882796
14210 9.59326e+06 1.41082e+06
14220.1 6.28647e+06 847847
14231 2.43071e+06 306019
14240.5 1.0202e+07 1.15043e+06
14250 2.75941e+06 372272
14260.6 8.99436e+06 860930
14270 5.44772e+06 483583
14280.9 2.13396e+06 358847
14290 8.59868e+06 804274
14300.8 2.74498e+06 291401
14310.2 8.98406e+06 671667
14320.1 5.31686e+06 553861
14331.5 3.54972e+06 376994
14340 7.38487e+06 796367
14351.5 4.2584e+06 454740
14360.5 7.07188e+06 719725
14370 5.46421e+06 603354
14381 2.41216e+06 285207
14393.1 7.77746e+06 626361
14400.2 7.75376e+06 1.12022e+06
14410.2 5.74757e+06 459510
14424.1 5.24576e+06 293075
14430.5 3.58373e+06 619586
14442.1 5.90522e+06 851246
14450.5 6.508e+06 720812
14460 5.01083e+06 481517
14470.1 4.55849e+06 433433
14480.8 938691 214993
14491.5 8.59353e+06 959281
14501.6 3.24036e+06 232412
14510 7.41397e+06 892698
14522.6 5.21794e+06 732868
14530.1 2.61697e+06 410968
14540.1 9.22541e+06 1.63712e+06
14552.1 3.64246e+06 489505
14560.4 6.18318e+06 654954
14570.5 5.85806e+06 865758
14582.5 3.40341e+06 296829
14590.2 3.38383e+06 604989
14600 8.17725e+06 576300
14610.1 1.73313e+06 266353
14620.6 9.09946e+06 675220
14630.1 6.08348e+06 442237
14640 2.79547e+06 370509
14650.8 9.2365e+06 693103
14660.2 2.70789e+06 373841
14670.1 4.67492e+06 576793
14680 6.34005e+06 509831
14690.6 4.67698e+06 449100
14700.1 2.04122e+06 365486
14710.6 9.09946e+06 1.01395e+06
14720.2 1.96394e+06 281632
14730.4 9.00569e+06 1.03362e+06
14740 5.26637e+06 508624
14750.2 1.7187e+06 363972
14760.6 9.28287e+06 732421
14771.2 2.49047e+06 434718
14780.1 8.85216e+06 1.36117e+06
14790.8 4.92222e+06 635580
14801.2 2.39052e+06 226003
14810 7.97426e+06 908821
14821.5 2.52629e+06 404548
14830 7.92917e+06 999596
14840.1 5.97529e+06 528707
14850.9 3.44875e+06 256128
14860.1 8.4163e+06 818465
14871.9 4.31944e+06 421030
14880.4 7.52501e+06 790693
14890.1 5.98559e+06 674083
14901.9 4.05153e+06 381025
14910.6 3.09277e+06 666739
14920.4 7.80164e+06 949032
14930.8 1.42607e+06 199744
14940.1 8.00002e+06 964966
14950.2 4.02165e+06 455482
14962.8 3.91964e+06 367614
14970.4 4.05462e+06 399499
14981.4 5.09532e+06 881249
14990.1 7.02526e+06 674897
15000.1 5.34159e+06 477893
15013.1 4.36786e+06 345313
15020.5 3.864e+06 772144
15030.6 6.63989e+06 755844
15040.4 5.21279e+06 944079
15050 7.27256e+06 786599
15060.6 5.34674e+06 367892
15070 2.77589e+06 527659
15080.5 6.79446e+06 718426
15090.1 8.12985e+06 461158
15100.5 6.00001e+06 431713
15110.8 3.00052e+06 380043
15120.5 8.36478e+06 338523
15131.2 5.4199e+06 329834
15140.1 3.81611e+06 838761
15150.1 8.5765e+06 1.20383e+06
15160 5.85782e+06 669188
15170.8 2.1185e+06 306720
15181 8.06288e+06 954012
15190.5 2.66049e+06 574761
15200.1 8.58814e+06 1.09645e+06
15213.1 5.36965e+06 1.22598e+06
15220.2 2.38616e+06 323592
15230.8 8.29887e+06 1.6059e+06
15240.6 1.81841e+06 559341
15250.6 9.12464e+06 1.93698e+06
15260.4 6.37714e+06 1.60703e+06
15271.5 2.27419e+06 216307
15280.2 8.06698e+06 1.72324e+06
15290 5.39002e+06 498318
15301.2 1.87429e+06 521498
15310.2 7.56701e+06 753279
15320.2 5.39851e+06 590719
15330.1 2.83875e+06 322223
15340 8.24010e+06 860529
15350.6 5.14066e+06 544767
15361.2 1.77641e+06 343478
15370.1 8.2061e+06 924997
15380.2 5.2911e+06 627527
15390.5 1.58784e+06 313276
15400.1 8.43691e+06 837350
15410.1 5.18085e+06 491882
15420.8 1.97321e+06 302744
15430.1 9.24062e+06 583749
15442.1 4.61207e+06 521089
15450.1 5.96189e+06 482733
15460.1 5.07266e+06 819894
15470.6 5.80939e+06 438321
15480.1 2.31428e+06 405626
15491.5 7.87637e+06 888527
15501 2.16693e+06 196914
15510 8.34624e+06 1.2667e+06
15520.9 4.69759e+06 723645
15532.5 4.27719e+06 765551
15540 2.03298e+06 388535
15552.5 6.81403e+06 1.04638e+06
15561.2 1.90521e+06 558462
15570.1 8.02991e+06 1.52838e+06
15580.2 4.58631e+06 586420
15590.4 2.08759e+06 291353
15600.1 9.38385e+06 1.06419e+06
15611.4 3.46008e+06 495724
15620.1 7.63938e+06 727544
15630.1 5.48482e+06 748899
15643.6 4.45957e+06 403709
15651 975786 228558
15661 7.56726e+06 760425
15671.4 2.63164e+06 315628
15680.1 3.72592e+06 463165
15690.2 7.48276e+06 515921
15703.2 4.60588e+06 549704
15710.1 3.77332e+06 321939
15720.4 7.40215e+06 907422
15730.9 3.0461e+06 272757
15740 8.75221e+06 952234
15750.5 5.91758e+06 443399
15761.4 4.32768e+06 338027
15770.1 6.97144e+06 629445
15780.1 5.87455e+06 447342
15790.1 2.50284e+06 342784
15800.2 8.51934e+06 770665
15810 5.43948e+06 451633
15820.6 1.84338e+06 235342
15830.1 8.6739e+06 694998
15840.4 2.36992e+06 284435
15850 8.66257e+06 661002
15860.2 5.26843e+06 510790
15870.8 1.9897e+06 305033
15880.2 8.98199e+06 682927
15892.4 4.35447e+06 423555
15900.2 6.5214e+06 726030
15910.2 5.92995e+06 915399
15923.2 4.45029e+06 356382
15930.1 3.32819e+06 559236
15940.4 8.60075e+06 852407
15950.5 3.4011e+06 418723
15960.1 8.00645e+06 664488
15970.1 5.62804e+06 478405
15980.5 2.07728e+06 376786
15990.4 8.6296e+06 600480
16000.6 2.02885e+06 316829
16010.2 9.45598e+06 665108
16020.4 5.6435e+06 551592
16031 2.57909e+06 231918
16040 8.3926e+06 528982
16052 4.37302e+06 363914
16060.4 7.24783e+06 632215
16070 5.90522e+06 552048
16082.1 4.26894e+06 333809
16090 6.84288e+06 462346
16103 6.16591e+06 656333
16110.1 6.60565e+06 609706
16120.4 5.95698e+06 713808
16130.4 4.98404e+06 271142
16140 1.16744e+06 236817
16152.9 8.13604e+06 649464
16160 7.07678e+06 555579
16170 5.69296e+06 517012
16180.2 5.83309e+06 438149
16190.2 3.52706e+06 674494
16200.5 5.465e+06 684635
16210.1 8.69682e+06 761585
16220.4 6.11336e+06 500505
16231.9 3.76817e+06 295893
16240.4 7.34263e+06 759929
16252.8 4.02577e+06 288648
16260.1 6.80452e+06 685796
16270.4 5.92195e+06 704029
16282.9 5.33747e+06 460334
16290.9 4.21742e+06 852917
16300.2 7.17261e+06 850022
16310 2.36682e+06 369773
16320.1 8.21332e+06 1.04559e+06
16330.2 5.53428e+06 609807
16341.4 1.9557e+06 349860
16350 8.74912e+06 840880
16360.8 3.04483e+06 502432
16370.6 9.05721e+06 1.21105e+06
16380 5.59301e+06 665927
16391.2 2.29882e+06 481605
16400.2 9.10152e+06 1.06289e+06
16410.2 5.82588e+06 497927
16421.1 3.12623e+06 599915
16430.1 7.93717e+06 837842
16440.2 5.18291e+06 669504
16450.2 2.76765e+06 394342
16460.4 9.07782e+06 1.04274e+06
16471.6 5.31892e+06 632761
16480.4 2.80165e+06 345033
16490 8.70584e+06 878506
16500.5 1.97115e+06 225125
16510.4 9.59817e+06 914557
16520.1 5.88358e+06 505677
16530.5 2.85214e+06 306717
16540.6 8.79343e+06 814216
16550.8 2.56569e+06 444213
16560.2 9.24062e+06 723719
16570 5.34777e+06 662464
16581.2 2.55539e+06 373383
16590 8.64299e+06 893329
16600.9 3.12211e+06 424091
16610 8.28647e+06 797968
16620.2 6.12985e+06 526798
16631.4 1.84544e+06 276326
16640.4 8.86762e+06 732292
16653.5 4.88924e+06 512538
16660 6.69632e+06 676578
16670.4 5.73442e+06 726148
16683.2 5.21176e+06 506227
16691 3.03659e+06 402073
16700.4 6.08863e+06 779003
16710.1 7.12521e+06 555551
16720 5.39826e+06 569002
16730.8 4.54406e+06 600084
16740 3.46111e+06 630291
16750.8 8.38127e+06 797398
16760 2.5286e+06 256401
16770.2 8.92223e+06 1.01804e+06
16780.2 5.31377e+06 435682
16790.5 1.59506e+06 238804
16800.1 9.56932e+06 808072
16811.4 3.63319e+06 308800
16820.5 7.33208e+06 750253
16830.1 6.39078e+06 456320
16841.6 5.41063e+06 504885
16850.4 4.03274e+06 532766
16860 7.50234e+06 829531
16872.1 5.5747e+06 664945
16880 6.72954e+06 898492
16890.4 5.72181e+06 759380
16903 5.19837e+06 440864
16910.2 3.40316e+06 575989
16920.2 8.1167e+06 848151
16931.4 2.84493e+06 343958
16940.1 5.84109e+06 702953
16950.1 6.03838e+06 556842
16960.2 5.17776e+06 392179
16970 2.11541e+06 350875
16980.8 7.43021e+06 466679
16990 7.152e+06 835011
17000.1 6.49358e+06 606668
17012.2 4.71305e+06 342369
17020.2 5.31147e+06 789289
17030.1 6.25119e+06 1.28996e+06
17040 6.71663e+06 652328
17052.5 4.27616e+06 524464
17060.2 3.70198e+06 613132
17070.1 8.62778e+06 1.73504e+06
17080.2 3.03143e+06 379055
17090.1 8.95932e+06 547356
17100 6.09893e+06 572279
17111 1.94848e+06 167039
17123.1 8.45134e+06 743763
17130.5 4.4946e+06 823478
17140 6.40187e+06 694819
17151.6 5.45803e+06 501079
17160.8 3.24060e+06 321671
17171.2 5.25194e+06 754418
17180.2 8.64505e+06 772440
17190 5.49821e+06 405519
17201.2 3.67234e+06 393208
17210 4.57188e+06 313563
17220.6 4.19015e+06 297531
17230.1 8.71148e+06 609962
17240.1 6.19064e+06 641857
17251.8 3.83e+06 186738
17260 3.98819e+06 780107
17272.9 7.38845e+06 981385
17280 3.58167e+06 369920
17290.1 8.55129e+06 539262
17303.5 5.3622e+06 441805
17310 4.80990e+06 629734
17320 7.51058e+06 657128
17330 2.50696e+06 211498
17340.1 8.89853e+06 531527
17350 5.50027e+06 347294
17360 1.71046e+06 189437
17373.2 7.96396e+06 424015
17381.8 2.5286e+06 532717
17390 7.67029e+06 386165
17400.8 5.16848e+06 217695
17412.4 2.1659e+06 112957
17420.1 7.2128e+06 207640
17432.4 3.29806e+06 550024
17440.1 6.88022e+06 487408
17450 4.41938e+06 100794
17461.8 3.37765e+06 154503
17470.1 3.69992e+06 714732
17481.6 5.65404e+06 917450
17490.6 7.82382e+06 594398
17500.1 6.01959e+06 350901
17512.4 4.79651e+06 448231
17520.2 4.813e+06 762506
17532.9 7.22001e+06 1.0551e+06
17540 5.1917e+06 720628
17550.2 7.47088e+06 1.15738e+06
17562.8 4.78826e+06 538884
17570.1 7.66617e+06 655123
17583 5.96292e+06 659766
17590.2 2.0474e+06 318659
17600.4 8.41115e+06 855385
17610 5.62289e+06 583646
17620.4 1.54972e+06 155887
17630.5 9.21383e+06 607811
17640.5 5.63113e+06 354144
17650.9 2.57551e+06 589588
17660.5 7.86862e+06 689409
17670 5.48069e+06 586301
17682 2.19681e+06 138519
17690 8.29884e+06 855403
17702.8 4.18445e+06 273570
17710.5 7.18576e+06 552493
17720.1 5.60665e+06 507805
17733.2 5.55591e+06 380021
17740.5 2.56157e+06 683211
17753.4 8.85628e+06 1.24737e+06
17760.1 3.87945e+06 665531
17770.1 8.27823e+06 1.22257e+06
17782.8 4.8233e+06 497107
17790.2 3.86709e+06 532003
17800 7.59817e+06 751166
17810.1 5.83309e+06 561181
17820.2 2.42762e+06 313340
17830.2 9.2262e+06 742262
17841 2.70583e+06 213886
17850 7.61774e+06 570879
17860.4 5.30553e+06 422599
17873.2 4.45957e+06 377978
17880.1 3.58967e+06 470557
17893.4 7.76224e+06 589411
17900 3.20557e+06 274618
17910.1 7.27874e+06 341303
17920.1 4.86039e+06 497152
17931.2 3.22618e+06 468110
17940.4 4.84936e+06 888984
17950.8 4.07753e+06 1.2646e+06
17960.6 8.14889e+06 1.34274e+06
17970 5.13242e+06 777250
17981.2 2.28233e+06 407839
17990.5 9.28081e+06 1.14033e+06
18000 2.70583e+06 351346
18010 9.83929e+06 1.16505e+06
18020.4 6.00826e+06 593898
18030.6 1.54045e+06 377524
18040 8.71615e+06 863802
18050.5 2.881e+06 445388
18060.2 8.42249e+06 773302
18070.1 5.53943e+06 624673
18080.6 1.92788e+06 219190
18090 9.14274e+06 726886
18103 4.77693e+06 346003
18110 7.88462e+06 724410
18120 5.44669e+06 620094
18133.4 4.84906e+06 547288
18140.1 3.68059e+06 491458
18151 7.02938e+06 950090
18160.4 3.51263e+06 851151
18170.4 8.2061e+06 1.33698e+06
18180 5.62289e+06 889393
18190.4 1.69500e+06 298990
18203 8.61723e+06 1.23789e+06
18210.4 3.52681e+06 669127
18220 8.81531e+06 1.15857e+06
18230.1 5.53221e+06 719189
18241 1.89181e+06 224253
18251.8 8.04536e+06 825234
18260 7.00672e+06 735752
18270.2 5.87122e+06 523828
18280 2.39156e+06 336726
18290.1 8.86556e+06 710378
18300.4 2.55539e+06 393254
18310 7.67236e+06 890119
18320.2 4.7522e+06 541365
18332.4 4.11129e+06 412131
18341.1 3.90291e+06 527087
18350.4 7.05848e+06 1.25162e+06
18360 1.06852e+06 189644
18370.6 8.60693e+06 734088
18380.4 4.44926e+06 764179
18391.9 3.19733e+06 346608
18400.1 3.97734e+06 565755
18410.5 5.97116e+06 551676
18420.9 1.4485e+06 469006
18430 8.39285e+06 605204
18440.8 5.00671e+06 668505
18451.8 3.92067e+06 506613
18460.2 3.81738e+06 680388
18470.8 6.48146e+06 1.38897e+06
18480.8 2.56054e+06 639816
18490.2 8.00002e+06 981849
18500.4 4.81402e+06 560431
18512.2 3.13756e+06 279984
18521.4 4.58528e+06 908883
18530.4 5.14066e+06 781374
18540 3.26303e+06 826100
18550.2 8.21047e+06 1.0135e+06
18560 5.13139e+06 609887
18570.9 1.45904e+06 317296
18580.2 8.42455e+06 1.03952e+06
18591.2 3.02937e+06 683616
18600 7.97735e+06 1.14568e+06
18610.6 5.40754e+06 691482
18620 2.21639e+06 417408
18632 8.92532e+06 1.10294e+06
18641.1 2.5049e+06 288432
18650 7.76097e+06 1.05877e+06
18660.6 4.79342e+06 642862
18671.6 3.00464e+06 630241
18680.4 5.36711e+06 811013
18692.4 4.65122e+06 651513
18700.5 8.09609e+06 1.34259e+06
18710 5.96498e+06 837686
18721.1 2.31324e+06 333152
18730 8.69245e+06 1.106e+06
18743.1 4.47812e+06 530672
18750 5.10951e+06 900575
18760 8.01263e+06 1.1445e+06
18772.5 4.9181e+06 592820
18780 3.65689e+06 454188
18790.9 7.09739e+06 743706
18801.6 2.40265e+06 296741
18810 7.88898e+06 644224
18820.4 5.42093e+06 442400
18832.9 3.8166e+06 357048
18840.4 3.39722e+06 642231
18851 6.49873e+06 611757
18860 2.92324e+06 543713
18870.4 7.81661e+06 572438
18880.2 4.98404e+06 473573
18890.8 1.31891e+06 141356
18902.8 8.46576e+06 714218
18910 5.74242e+06 747255
18920 6.65844e+06 489276
18930.1 4.52139e+06 484095
18940.4 1.15198e+06 208665
18953.8 8.33078e+06 737659
18961.5 3.15611e+06 554293
18970 7.20352e+06 941825
18980.5 5.22722e+06 387267
18990.8 2.09377e+06 242019
19000.5 8.47376e+06 850501
19010.5 3.32637e+06 993509
19020.1 9.57962e+06 781419
19031 5.68059e+06 352672
19041.6 2.23596e+06 344868
19050 8.06494e+06 450309
19062.5 2.90651e+06 340993
19070.1 6.69166e+06 474234
19080 4.27822e+06 290091
19090.9 4.77384e+06 417062
19100.1 2.25554e+06 426471
19111.6 7.06236e+06 609704
19120.9 2.5049e+06 435074
19130.4 8.79137e+06 1.16296e+06
19140.5 5.30553e+06 671141
19150.2 1.88872e+06 258030
19162.8 8.44516e+06 939387
19170.2 3.76071e+06 701477
19180 7.79934e+06 1.0327e+06
19190.2 4.87276e+06 454511
19200.9 1.58475e+06 229346
19210 8.51007e+06 885004
19221.4 3.02319e+06 260684
19230 8.49851e+06 982272
19240.1 6.05098e+06 769479
19250.4 2.30603e+06 354990
19260.2 8.2061e+06 928410
19272.4 5.11078e+06 521423
19280.9 1.34443e+06 296171
19290 8.3506e+06 1.00538e+06
19300.9 4.90161e+06 542278
19311 2.73983e+06 373673
19320 8.26483e+06 1.03878e+06
19332.4 3.47348e+06 464362
19340.1 3.34571e+06 532354
19350.4 7.85577e+06 948594
19360 5.47039e+06 643509
19370.4 2.21742e+06 258312
19381.6 7.08297e+06 880789
19390 6.54279e+06 773892
19400.2 5.63344e+06 617769
19412.9 5.04793e+06 469101
19420.6 3.40444e+06 354805
19430.6 5.22206e+06 586744
19440 8.36684e+06 807427
19450 5.05617e+06 477134
19460.6 2.76765e+06 230969
19470.1 7.59483e+06 823466
19481.8 4.04147e+06 412329
19490.4 7.7146e+06 816858
19500 6.08451e+06 502410
19510.9 3.12932e+06 482075
19520 8.11543e+06 977428
19530.1 5.39105e+06 739330
19540.2 3.18496e+06 685534
19550 9.02836e+06 1.49314e+06
19560 6.36272e+06 854510
19570.4 3.75786e+06 416030
19580 7.75479e+06 705872
19593.5 4.26585e+06 526475
19600.1 6.3586e+06 454912
19610.1 5.82176e+06 1.12044e+06
19620.1 6.21022e+06 555870
19630.1 3.27461e+06 562802
19640.2 8.65020e+06 764515
19650.1 1.84854e+06 286458
19660.4 8.13913e+06 865536
19670.2 5.03762e+06 481933
19681 2.67389e+06 415411
19690.1 7.50234e+06 750259
19701.9 3.39801e+06 744906
19710.2 7.99099e+06 934347
19720.5 5.56082e+06 814128
19730.8 5.58604e+06 925587
19740.5 1.90521e+06 454539
19751.1 8.84569e+06 1.7184e+06
19760.9 5.21897e+06 1.20797e+06
19770.8 2.72231e+06 706375
19780.4 6.91374e+06 1.49131e+06
19790.8 4.69062e+06 1.16699e+06
19803.2 3.34777e+06 549101
19810.2 4.39362e+06 937311
19820 7.74399e+06 1.42785e+06
19831 3.12314e+06 456774
19840.4 8.51625e+06 1.07934e+06
19850.4 5.28183e+06 704138
19860.6 3.37456e+06 366999
19870.6 7.08297e+06 946055
19882.4 4.39362e+06 550322
19890.5 4.08323e+06 772782
19900 7.9302e+06 1.12145e+06
19912 4.4029e+06 488017
19920.1 4.05286e+06 690152
19930.2 8.58087e+06 1.02075e+06
19940.2 2.84493e+06 339261
19950 8.61002e+06 825516
19960.6 5.79188e+06 550640
19970 2.09171e+06 292763
19980.9 8.8027e+06 847758
19990.1 6.64505e+06 730123
20001.4 3.56003e+06 463862
20010.1 5.46294e+06 729745
20020.4 6.9101e+06 1.20399e+06
20031.2 3.25709e+06 483135
20040.2 5.28801e+06 1.15881e+06
20050.2 6.16591e+06 550515
20060.4 2.51108e+06 295468
20070.2 7.87431e+06 693896
20080.2 5.50954e+06 796161
20091.4 1.9794e+06 320908
20100.1 7.80734e+06 686428
20110.2 5.37044e+06 332747
20122.6 5.07575e+06 437734
20130.4 3.19321e+06 589502
20140 8.44206e+06 863117
20150.5 2.73365e+06 251257
20160 8.40497e+06 916408
20172.8 5.48585e+06 435961
20180.2 3.30243e+06 320615
20190.2 8.22362e+06 589612
20200.1 1.73313e+06 225155
20210 9.22826e+06 794589
20220 5.2571e+06 387196
20230.9 2.8202e+06 200568
20240 7.08684e+06 633868
20252.5 3.72514e+06 593844
20260 7.84134e+06 802748
20270 5.70017e+06 278177
20281.1 2.67079e+06 196771
20292.1 8.37612e+06 538952
20300.8 3.75374e+06 554738
20310.2 7.43124e+06 619967
20320.1 5.75169e+06 517497
20330 2.65843e+06 179715
20340.6 7.19394e+06 1.07149e+06
20350.1 7.79806e+06 902781
20360.1 5.57446e+06 566794
20372 4.47915e+06 521793
20380.1 7.84237e+06 931732
20392.6 3.91836e+06 315401
20400 7.55307e+06 903305
20410.2 5.9722e+06 626722
20420 1.97734e+06 206005
20430.1 9.46628e+06 699030
20442.8 4.49666e+06 388082
20450 6.90368e+06 825716
20460.5 5.40651e+06 738108
20470.2 6.26174e+06 587523
20480.6 2.72025e+06 471959
20490 8.77591e+06 1.22943e+06
20501.2 3.86297e+06 452091
20510 7.76406e+06 992288
20520 5.66102e+06 589446
20532.9 4.68523e+06 494534
20540.2 7.16334e+06 816659
20552.5 4.4029e+06 410411
20560 6.90883e+06 887679
20570.5 5.525e+06 609774
20583.1 3.71871e+06 390165
20590 3.35086e+06 548809
20600.1 7.75591e+06 1.17821e+06
20610.1 1.41268e+06 282416
20620.2 8.85834e+06 710586
20630 5.118e+06 305834
20641 3.38589e+06 268338
20650.4 7.12624e+06 550684
20662.2 4.50363e+06 425289
20670 7.83849e+06 728773
20680 6.37611e+06 510598
20690.5 2.60794e+06 293050
20701.5 8.39879e+06 633679
20710 3.81763e+06 660917
20720.9 8.27411e+06 588386
20732.6 5.40857e+06 467510
20740.4 3.12417e+06 658658
20750.9 6.43642e+06 1.08439e+06
20760 8.18083e+06 733680
20770 5.92377e+06 601798
20783 4.43793e+06 404426
20790 4.44411e+06 502056
20801.5 4.4235e+06 366518
20810 9.76201e+06 986119
20820 6.13191e+06 771296
20830.8 2.79753e+06 319627
20842 8.82228e+06 1.17209e+06
20850.1 3.51754e+06 569566
20860 9.22232e+06 1.36604e+06
20870.8 5.65586e+06 814572
20880 2.03504e+06 662837
20892.2 8.49049e+06 1.1691e+06
20900.1 7.10254e+06 1.1612e+06
20910 5.35577e+06 816550
20920.1 6.01262e+06 1.05337e+06
20930.4 1.87223e+06 315882
20940 9.71362e+06 1.30885e+06
20951.1 2.26379e+06 284001
20960.1 9.71461e+06 1.50747e+06
20970 5.96292e+06 839110
20980.1 1.75992e+06 357586
20990 9.70121e+06 1.06642e+06
21001 3.3591e+06 408535
21010.2 7.8908e+06 848806
21020 5.8671e+06 692047
21032 4.15972e+06 415978
21040 8.04948e+06 687551
21050.4 3.31685e+06 261790
21060 9.01394e+06 780873
21070.1 6.00105e+06 495068
21081.1 3.02113e+06 439905
21090.1 9.75892e+06 765307
21100.4 3.08992e+06 273551
21110 9.19038e+06 1.19367e+06
21120 5.53634e+06 572066
21130.4 1.72489e+06 220855
21140.2 9.26329e+06 776160
21150.8 2.02061e+06 211498
21160.5 9.04588e+06 789570
21170.1 5.61155e+06 471022
21180.6 2.13086e+06 191510
21190 9.12728e+06 894833
21202.5 4.37508e+06 437253
21210 6.29962e+06 547498
21220.1 6.35678e+06 953675
21230 5.53530e+06 498060
21240.1 2.31737e+06 607341
21251.8 8.89132e+06 508160
21260 3.02525e+06 442520
21270.1 8.4297e+06 808163
21280.2 5.47245e+06 517857
21290 1.77641e+06 291477
21302.2 8.57396e+06 718671
21310.1 2.91088e+06 375811
21320.1 8.87071e+06 1.14748e+06
21330.2 5.54664e+06 785038
21341.4 2.67079e+06 496740
21353.1 8.14119e+06 1.16078e+06
21360 4.0371e+06 532464
21370.1 8.08555e+06 1.30379e+06
21380.5 5.65174e+06 736867
21390.1 3.28285e+06 483186
21400.1 8.73985e+06 1.1512e+06
21410.5 3.33128e+06 466976
21420.4 8.36375e+06 1.10018e+06
21430 6.43278e+06 690557
21440.2 3.52809e+06 379479
21450.9 8.40909e+06 783771
21460.1 3.1355e+06 354589
21470.1 9.15304e+06 906000
21480.1 6.05875e+06 624652
21490 2.38743e+06 241917
21501.2 7.48379e+06 684262
21510 7.35396e+06 738000
21520 5.16539e+06 502429
21533.4 5.19630e+06 389908
21540.4 3.01495e+06 488229
21551.1 6.04408e+06 468089
21560.1 8.06003e+06 573256
21570.1 5.17673e+06 403891
21582.4 4.18651e+06 219122
21590.4 5.9928e+06 447225
