# TimeStamp(s) Sum Stdev
0 4.40393e+06 0
10 4.11851e+06 0
20 4.6248e+06 0
30 4.76651e+06 0
40 4.91236e+06 0
50 4.84473e+06 0
60 4.65325e+06 0
70 4.96692e+06 0
80 4.8658e+06 0
90 4.63996e+06 0
100 4.11494e+06 0
110 4.21521e+06 0
120 4.37357e+06 0
130 4.48968e+06 0
140 4.40036e+06 0
150 4.46024e+06 0
160 4.63628e+06 0
170 4.74532e+06 0
180 4.35455e+06 0
190 4.23002e+06 0
200 4.37127e+06 0
210 4.67362e+06 0
220 4.76019e+06 0
235 4.17191e+06 0
242 3.60433e+06 0
250 5.66308e+06 0
260 4.36118e+06 0
270 4.69489e+06 0
280 4.88072e+06 0
290 4.56530e+06 0
300 4.86691e+06 0
310 4.90299e+06 0
320 4.88005e+06 0
330 4.59373e+06 0
340 4.7046e+06 0
350 4.27709e+06 0
360 4.71331e+06 0
370 4.46447e+06 0
380 4.73967e+06 0
390 4.56566e+06 0
400 4.43062e+06 0
410 4.38676e+06 0
420 4.30486e+06 0
430 4.47075e+06 0
440 4.38778e+06 0
450 4.54647e+06 0
460 4.94299e+06 0
470 4.74529e+06 0
480 4.28359e+06 0
490 4.71779e+06 0
500 4.34438e+06 0
510 4.50743e+06 0
522 3.36937e+06 0
530 3.58370e+06 0
542 5.1599e+06 0
550 5.57318e+06 0
560 4.59034e+06 0
570 4.62541e+06 0
580 4.33444e+06 0
590 4.8446e+06 0
600 4.71835e+06 0
610 4.7866e+06 0
620 4.55524e+06 0
630 4.70514e+06 0
640 4.64004e+06 0
650 4.74866e+06 0
662 4.11969e+06 0
670 4.73057e+06 0
680 4.80044e+06 0
690 4.73388e+06 0
700 4.62633e+06 0
710 4.92257e+06 0
720 4.91424e+06 0
730 4.73798e+06 0
740 4.58872e+06 0
750 4.63693e+06 0
760 4.79375e+06 0
770 4.70859e+06 0
780 4.67301e+06 0
790 4.66264e+06 0
800 4.533e+06 0
810 4.92109e+06 0
820 4.94462e+06 0
830 4.96128e+06 0
840 4.87557e+06 0
850 4.83086e+06 0
864 3.78994e+06 0
870 3.42963e+06 0
880 6.16635e+06 0
890 4.81188e+06 0
900 4.8429e+06 0
910 4.68077e+06 0
920 4.79405e+06 0
930 4.85277e+06 0
940 4.73225e+06 0
950 4.70385e+06 0
960 4.73684e+06 0
970 4.38903e+06 0
980 4.31179e+06 0
990 4.9168e+06 0
1000 4.68961e+06 0
1010 4.41802e+06 0
1020 4.77522e+06 0
1030 4.89024e+06 0
1040 4.78108e+06 0
1050 4.63532e+06 0
1060 4.52257e+06 0
1070 4.58356e+06 0
1080 4.35116e+06 0
1090 4.22799e+06 0
1100 4.63714e+06 0
1110 4.75314e+06 0
1120 4.71034e+06 0
1130 4.66648e+06 0
1140 4.90465e+06 0
1150 4.55526e+06 0
1160 4.65731e+06 0
1170 4.38498e+06 0
1180 4.82442e+06 0
1190 4.61016e+06 0
1200 4.44014e+06 0
1210 4.64434e+06 0
1220 4.74119e+06 0
1230 4.47557e+06 0
1240 4.82281e+06 0
1250 4.81952e+06 0
1260 4.79702e+06 0
1270 4.61962e+06 0
1280 4.8606e+06 0
1290 4.81823e+06 0
1300 4.6289e+06 0
1310 4.46232e+06 0
1320 4.1769e+06 0
1330 4.63222e+06 0
1340 4.71647e+06 0
1350 4.09496e+06 0
1360 4.71084e+06 0
1370 4.78381e+06 0
1380 4.61549e+06 0
1390 4.93012e+06 0
1400 4.60797e+06 0
1410 4.58083e+06 0
1420 4.40735e+06 0
1430 4.27352e+06 0
1440 4.56428e+06 0
1450 4.2731e+06 0
1460 4.38881e+06 0
1470 4.34274e+06 0
1480 4.36056e+06 0
1490 4.60852e+06 0
1500 4.7895e+06 0
1510 4.76224e+06 0
1520 4.64737e+06 0
1530 4.40887e+06 0
1540 4.19001e+06 0
1550 4.26161e+06 0
1560 4.49169e+06 0
1570 4.12109e+06 0
1580 4.54544e+06 0
1590 4.29745e+06 0
1600 4.22709e+06 0
1610 4.07991e+06 0
1620 4.07989e+06 0
1630 4.53052e+06 0
1640 4.78515e+06 0
1650 4.23256e+06 0
1663 4.15332e+06 0
1670 4.81163e+06 0
1680 4.76872e+06 0
1690 4.44117e+06 0
1700 4.61345e+06 0
1710 4.85853e+06 0
1720 4.88237e+06 0
1730 4.55967e+06 0
1740 4.5073e+06 0
1750 4.54996e+06 0
1760 4.85764e+06 0
1770 4.88294e+06 0
1780 4.81063e+06 0
1790 4.43924e+06 0
1800 4.72987e+06 0
1810 4.8123e+06 0
1820 4.7624e+06 0
1830 4.6889e+06 0
1840 4.41269e+06 0
1850 4.46464e+06 0
1860 4.3383e+06 0
1870 4.51142e+06 0
1880 4.44778e+06 0
1890 4.35116e+06 0
1900 4.41112e+06 0
1910 4.75769e+06 0
1920 4.63431e+06 0
1930 4.84812e+06 0
1940 4.94258e+06 0
1950 4.94867e+06 0
1960 4.77005e+06 0
1970 4.93734e+06 0
1980 4.89333e+06 0
1990 4.73017e+06 0
2000 4.89213e+06 0
2010 4.79022e+06 0
2020 4.94177e+06 0
2030 4.53101e+06 0
2040 4.7193e+06 0
2050 4.90127e+06 0
2060 4.63889e+06 0
2070 4.59071e+06 0
2080 4.74119e+06 0
2090 4.75351e+06 0
2100 4.85036e+06 0
2110 4.72824e+06 0
2120 4.89824e+06 0
2130 4.88091e+06 0
2140 4.76509e+06 0
2150 4.68234e+06 0
2160 4.78884e+06 0
2170 4.8826e+06 0
2180 4.74562e+06 0
2190 4.79454e+06 0
2200 4.45373e+06 0
2210 4.48758e+06 0
2220 4.78602e+06 0
2230 4.78893e+06 0
2240 4.66501e+06 0
2250 4.66658e+06 0
2260 4.80751e+06 0
2270 4.72884e+06 0
2280 4.42172e+06 0
2290 4.58342e+06 0
2300 4.5844e+06 0
2310 4.59944e+06 0
2324 3.82148e+06 0
2330 5.02876e+06 0
2340 4.36667e+06 0
2350 4.14381e+06 0
2360 4.31921e+06 0
2370 4.24202e+06 0
2380 4.35116e+06 0
2390 4.00617e+06 0
2400 4.51264e+06 0
2410 4.44287e+06 0
2420 4.52675e+06 0
2430 4.63199e+06 0
2440 4.27698e+06 0
2450 4.42591e+06 0
2460 4.38024e+06 0
2470 4.36956e+06 0
2480 4.46872e+06 0
2490 4.4719e+06 0
2500 4.27625e+06 0
2510 4.06575e+06 0
2520 4.48203e+06 0
2530 4.66108e+06 0
2540 4.38517e+06 0
2550 4.2454e+06 0
2560 4.3134e+06 0
2570 4.68248e+06 0
2580 4.85896e+06 0
2590 4.88068e+06 0
2600 4.54075e+06 0
2610 4.59112e+06 0
2620 4.91534e+06 0
2630 4.6564e+06 0
2640 4.3685e+06 0
2650 4.66648e+06 0
2660 4.28922e+06 0
2670 4.60209e+06 0
2680 4.7614e+06 0
2690 4.90781e+06 0
2700 4.68641e+06 0
2710 4.78381e+06 0
2720 4.94214e+06 0
2730 4.89169e+06 0
2740 4.84981e+06 0
2750 4.85666e+06 0
2760 4.40833e+06 0
2770 4.21079e+06 0
2780 4.57688e+06 0
2790 4.43068e+06 0
2800 4.69011e+06 0
2810 4.50099e+06 0
2820 4.56943e+06 0
2830 4.76981e+06 0
2840 4.92441e+06 0
2850 4.93863e+06 0
2860 4.93490e+06 0
2870 4.72193e+06 0
2880 4.88479e+06 0
2890 4.58271e+06 0
2900 4.51088e+06 0
2910 4.43433e+06 0
2920 4.63014e+06 0
2930 4.48792e+06 0
2940 4.5153e+06 0
2950 4.21546e+06 0
2960 4.6427e+06 0
2970 4.62034e+06 0
2980 4.65877e+06 0
2990 4.54889e+06 0
3000 4.56914e+06 0
3010 4.33232e+06 0
3020 4.48362e+06 0
3030 3.93956e+06 0
3040 4.26408e+06 0
3050 4.75023e+06 0
3060 4.62337e+06 0
3070 4.42591e+06 0
3080 4.39416e+06 0
3090 4.08845e+06 0
3100 3.85875e+06 0
3110 4.4399e+06 0
3120 4.70411e+06 0
3130 4.66756e+06 0
3140 4.39809e+06 0
3150 4.41532e+06 0
3160 4.33367e+06 0
3170 4.62016e+06 0
3180 4.86351e+06 0
3190 4.70047e+06 0
3200 4.56397e+06 0
3210 4.3785e+06 0
3220 4.91434e+06 0
3230 4.58649e+06 0
3240 4.40996e+06 0
3250 4.31051e+06 0
3260 4.51437e+06 0
3270 4.93892e+06 0
3280 4.87903e+06 0
3290 4.57099e+06 0
3300 4.60834e+06 0
3310 4.66186e+06 0
3320 4.76181e+06 0
3330 4.67072e+06 0
3340 4.66394e+06 0
3350 4.59844e+06 0
3360 4.74344e+06 0
3370 4.80922e+06 0
3380 4.67924e+06 0
3391 2.44258e+06 0
3400 7.03825e+06 0
3410 4.14338e+06 0
3420 4.43081e+06 0
3430 4.57512e+06 0
3440 4.5475e+06 0
3450 4.64802e+06 0
3460 4.50754e+06 0
3470 4.00156e+06 0
3480 4.65913e+06 0
3490 4.51433e+06 0
3500 4.67527e+06 0
3510 4.76538e+06 0
3520 4.45362e+06 0
3530 4.69087e+06 0
3540 4.55572e+06 0
3550 4.7329e+06 0
3560 4.63912e+06 0
3570 4.20974e+06 0
3580 4.31756e+06 0
3590 4.34098e+06 0
3600 3.9746e+06 0
3610 4.08095e+06 0
3620 4.65519e+06 0
3630 4.99626e+06 0
3640 4.80454e+06 0
3650 4.69522e+06 0
3660 4.70381e+06 0
3670 4.72614e+06 0
3680 4.50208e+06 0
3690 4.32378e+06 0
3700 4.53633e+06 0
3710 4.69878e+06 0
3720 4.55452e+06 0
3730 4.25898e+06 0
3740 4.32043e+06 0
3750 4.26723e+06 0
3760 4.74979e+06 0
3770 4.50156e+06 0
3780 4.78411e+06 0
3790 3.89869e+06 0
3800 4.16625e+06 0
3812 2.78301e+06 0
3820 3.73766e+06 0
3830 6.1606e+06 0
3840 3.86907e+06 0
3850 4.30001e+06 0
3860 4.35889e+06 0
3870 4.46078e+06 0
3880 4.36821e+06 0
3890 4.22496e+06 0
3900 4.52071e+06 0
3910 4.55832e+06 0
3920 4.25281e+06 0
3930 4.54111e+06 0
3940 4.58391e+06 0
3950 4.7223e+06 0
3960 4.70762e+06 0
3970 4.69604e+06 0
3980 4.55743e+06 0
3990 4.92898e+06 0
4000 4.9143e+06 0
4010 4.63872e+06 0
4020 4.26211e+06 0
4030 3.97453e+06 0
4040 4.02472e+06 0
4050 4.10824e+06 0
4060 4.31364e+06 0
4070 4.45954e+06 0
4080 4.3848e+06 0
4090 4.64526e+06 0
4100 4.54342e+06 0
4110 4.8994e+06 0
4120 4.59178e+06 0
4130 4.55736e+06 0
4140 4.04879e+06 0
4150 4.4639e+06 0
4160 4.44093e+06 0
4170 4.46918e+06 0
4180 4.46075e+06 0
4190 4.38367e+06 0
4200 4.41764e+06 0
4210 4.39397e+06 0
4220 4.52317e+06 0
4230 4.38984e+06 0
4241 2.6969e+06 0
4250 6.53626e+06 0
4260 4.12469e+06 0
4270 4.21028e+06 0
4280 4.82006e+06 0
4290 4.60827e+06 0
4300 4.71271e+06 0
4310 4.38905e+06 0
4320 4.62689e+06 0
4330 4.48154e+06 0
4340 4.57864e+06 0
4350 4.65167e+06 0
4360 4.43348e+06 0
4370 4.64506e+06 0
4380 4.69332e+06 0
4390 4.45409e+06 0
4400 4.17829e+06 0
4410 4.20747e+06 0
4420 4.54723e+06 0
4430 4.7783e+06 0
4440 4.65665e+06 0
4450 4.51026e+06 0
4460 4.56495e+06 0
4470 4.40196e+06 0
4480 4.73883e+06 0
4490 4.39354e+06 0
4505 4.47645e+06 0
4510 4.54537e+06 0
4520 3.73432e+06 0
4530 4.27055e+06 0
4540 4.29674e+06 0
4550 4.47263e+06 0
4560 4.29315e+06 0
4570 4.52609e+06 0
4580 4.589e+06 0
4590 4.74926e+06 0
4600 4.76878e+06 0
4610 4.74787e+06 0
4620 4.81296e+06 0
4630 4.62876e+06 0
4640 4.64556e+06 0
4650 4.43416e+06 0
4660 4.59324e+06 0
4670 4.54627e+06 0
4680 4.48001e+06 0
4690 4.67126e+06 0
4700 4.84733e+06 0
4710 4.38456e+06 0
4720 4.569e+06 0
4730 4.67453e+06 0
4740 4.77405e+06 0
4750 4.7554e+06 0
4760 4.64986e+06 0
4770 4.29491e+06 0
4780 4.61881e+06 0
4793 3.48928e+06 0
4800 5.41728e+06 0
4810 4.14871e+06 0
4820 4.30068e+06 0
4830 4.07556e+06 0
4840 4.5313e+06 0
4850 4.61308e+06 0
4860 4.63489e+06 0
4870 4.82508e+06 0
4880 4.79583e+06 0
4890 4.84774e+06 0
4900 4.75684e+06 0
4910 4.20601e+06 0
4920 4.70103e+06 0
4930 4.49461e+06 0
4940 4.48717e+06 0
4950 4.32923e+06 0
4960 4.49949e+06 0
4970 4.18975e+06 0
4980 4.55573e+06 0
4990 4.04671e+06 0
5000 4.58253e+06 0
5010 4.47552e+06 0
5020 4.6646e+06 0
5030 4.64113e+06 0
5040 4.76005e+06 0
5050 4.60186e+06 0
5060 4.87468e+06 0
5070 4.84277e+06 0
5080 4.70525e+06 0
5090 4.91086e+06 0
5100 4.89768e+06 0
5110 4.85558e+06 0
5120 4.84964e+06 0
5130 4.38759e+06 0
5140 4.605e+06 0
5150 4.63426e+06 0
5160 4.72189e+06 0
5170 4.72234e+06 0
5180 4.65247e+06 0
5190 4.60354e+06 0
5200 4.39656e+06 0
5210 4.57537e+06 0
5220 4.52876e+06 0
5230 4.66497e+06 0
5240 4.49813e+06 0
5250 4.68557e+06 0
5260 4.53245e+06 0
5274 4.58009e+06 0
5280 4.77405e+06 0
5290 4.73169e+06 0
5300 4.55446e+06 0
5310 4.60829e+06 0
5320 3.96130e+06 0
5330 4.31977e+06 0
5340 4.63088e+06 0
5350 4.83424e+06 0
5360 4.6855e+06 0
5370 4.68598e+06 0
5380 4.59106e+06 0
5390 4.26079e+06 0
5400 4.43523e+06 0
5410 4.79212e+06 0
5420 4.0158e+06 0
5430 4.4842e+06 0
5440 4.27135e+06 0
5450 4.80077e+06 0
5460 4.90751e+06 0
5470 4.81515e+06 0
5480 4.77279e+06 0
5490 4.75234e+06 0
5500 4.70066e+06 0
5510 4.6204e+06 0
5520 4.76901e+06 0
5530 4.64610e+06 0
5540 4.04139e+06 0
5550 4.53136e+06 0
5560 4.84962e+06 0
5570 4.85455e+06 0
5580 4.60088e+06 0
5590 4.74156e+06 0
5600 4.73297e+06 0
5610 4.47474e+06 0
5620 4.48857e+06 0
5630 4.86074e+06 0
5640 4.81047e+06 0
5650 4.87775e+06 0
5660 4.62169e+06 0
5670 4.51286e+06 0
5680 4.71546e+06 0
5690 4.6653e+06 0
5700 4.85868e+06 0
5710 4.74354e+06 0
5720 4.66987e+06 0
5730 4.52143e+06 0
5740 4.5207e+06 0
5750 4.60698e+06 0
5760 4.31391e+06 0
5770 4.48573e+06 0
5780 4.52239e+06 0
5790 4.44147e+06 0
5800 4.31693e+06 0
5810 4.33009e+06 0
5820 4.19101e+06 0
5830 4.35154e+06 0
5840 4.64439e+06 0
5850 4.75272e+06 0
5860 4.74562e+06 0
5870 4.46713e+06 0
5880 4.51376e+06 0
5890 4.62265e+06 0
5900 4.47469e+06 0
5910 4.40634e+06 0
5920 4.54697e+06 0
5930 4.56523e+06 0
5940 4.5722e+06 0
5950 4.44961e+06 0
5960 4.586e+06 0
5970 4.47513e+06 0
5980 4.53748e+06 0
5990 4.5034e+06 0
6000 4.74859e+06 0
6010 4.67473e+06 0
6020 4.77057e+06 0
6030 4.81281e+06 0
6040 4.93709e+06 0
6050 4.66029e+06 0
6060 4.71654e+06 0
6070 4.63302e+06 0
6080 4.62056e+06 0
6090 4.77826e+06 0
6100 4.68346e+06 0
6110 4.63277e+06 0
6120 4.6958e+06 0
6130 4.60731e+06 0
6140 4.61405e+06 0
6150 4.30996e+06 0
6160 4.46816e+06 0
6170 4.56678e+06 0
6180 4.73421e+06 0
6190 4.23996e+06 0
6200 4.19824e+06 0
6210 4.64314e+06 0
6220 4.68216e+06 0
6230 4.62173e+06 0
6240 4.59286e+06 0
6250 3.99922e+06 0
6260 4.35482e+06 0
6270 4.4084e+06 0
6280 4.90434e+06 0
6290 4.7312e+06 0
6300 4.2214e+06 0
6310 4.78623e+06 0
6320 4.76690e+06 0
6330 4.58367e+06 0
6340 4.85981e+06 0
6350 4.79199e+06 0
6360 4.5846e+06 0
6370 4.60439e+06 0
6380 4.87783e+06 0
6390 4.86074e+06 0
6400 4.87536e+06 0
6410 4.82631e+06 0
6420 4.75791e+06 0
6430 4.64394e+06 0
6440 4.72519e+06 0
6450 4.75358e+06 0
6460 4.36272e+06 0
6470 4.50985e+06 0
6480 4.66834e+06 0
6490 4.62276e+06 0
6500 4.68145e+06 0
6510 4.32399e+06 0
6520 4.32725e+06 0
6530 4.46031e+06 0
6540 4.31698e+06 0
6550 4.85612e+06 0
6560 4.51796e+06 0
6570 4.26744e+06 0
6580 4.43345e+06 0
6590 4.63302e+06 0
6600 4.66451e+06 0
6610 4.91921e+06 0
6620 4.90534e+06 0
6630 4.52071e+06 0
6640 4.79294e+06 0
6650 4.50713e+06 0
6660 4.51002e+06 0
6670 4.86286e+06 0
6680 4.92306e+06 0
6690 4.90184e+06 0
6700 4.98268e+06 0
6710 4.86692e+06 0
6720 4.87404e+06 0
6730 4.39372e+06 0
6740 4.75805e+06 0
6750 4.7726e+06 0
6760 4.88685e+06 0
6770 4.84116e+06 0
6780 4.79222e+06 0
6790 4.83584e+06 0
6800 4.74487e+06 0
6810 4.6423e+06 0
6820 4.40897e+06 0
6830 4.67603e+06 0
6840 4.78534e+06 0
6850 4.78676e+06 0
6860 4.67217e+06 0
6870 4.72998e+06 0
6880 4.61107e+06 0
6890 4.53239e+06 0
6900 4.74328e+06 0
6910 4.384e+06 0
6920 4.57555e+06 0
6930 4.63032e+06 0
6940 4.19402e+06 0
6950 4.69526e+06 0
6960 4.72811e+06 0
6970 4.66707e+06 0
6980 4.66834e+06 0
6990 4.58245e+06 0
7000 4.64986e+06 0
7010 4.62447e+06 0
7020 4.63217e+06 0
7030 4.70962e+06 0
7040 4.75049e+06 0
7050 4.66869e+06 0
7060 4.64877e+06 0
7070 4.4559e+06 0
7080 4.81024e+06 0
7090 4.77157e+06 0
7100 4.55336e+06 0
7110 4.54228e+06 0
7120 4.50712e+06 0
7130 4.6044e+06 0
7140 4.549e+06 0
7150 4.6287e+06 0
7160 4.73558e+06 0
7170 4.59014e+06 0
7180 4.63882e+06 0
7190 4.67156e+06 0
7200 4.79915e+06 0
7210 4.7312e+06 0
7220 4.63821e+06 0
7230 4.69551e+06 0
7240 4.70726e+06 0
7250 4.68708e+06 0
7260 4.21229e+06 0
7270 3.99586e+06 0
7280 4.29298e+06 0
7290 4.09229e+06 0
7300 4.43317e+06 0
7310 4.75546e+06 0
7320 4.8409e+06 0
7330 4.79606e+06 0
7340 4.90897e+06 0
7350 4.64127e+06 0
7360 4.31284e+06 0
7370 4.5799e+06 0
7380 4.69326e+06 0
7390 4.43828e+06 0
7400 4.31636e+06 0
7410 4.62707e+06 0
7420 4.76799e+06 0
7430 4.31463e+06 0
7440 4.2449e+06 0
7450 4.39274e+06 0
7460 4.26229e+06 0
7470 4.30367e+06 0
7480 4.25055e+06 0
7490 4.65973e+06 0
7500 4.39749e+06 0
7510 4.5845e+06 0
7520 4.75218e+06 0
7530 4.39941e+06 0
7540 4.48074e+06 0
7550 4.45677e+06 0
7560 4.30523e+06 0
7570 4.82199e+06 0
7580 4.85671e+06 0
7590 4.64914e+06 0
7600 4.82218e+06 0
7610 4.7004e+06 0
7620 4.75357e+06 0
7630 4.73386e+06 0
7640 4.37766e+06 0
7650 4.67708e+06 0
7660 4.48093e+06 0
7670 4.26995e+06 0
7680 4.47808e+06 0
7690 4.83601e+06 0
7700 4.90448e+06 0
7710 4.84236e+06 0
7720 4.91624e+06 0
7730 4.75928e+06 0
7740 4.54853e+06 0
7750 4.64947e+06 0
7760 4.71878e+06 0
7770 4.57016e+06 0
7780 4.85147e+06 0
7790 4.60219e+06 0
7800 4.60901e+06 0
7810 4.54828e+06 0
7820 4.69058e+06 0
7830 4.82637e+06 0
7840 4.79708e+06 0
7850 4.82806e+06 0
7860 4.63931e+06 0
7870 4.52195e+06 0
7880 4.707e+06 0
7890 4.45885e+06 0
7900 4.874e+06 0
7910 4.94097e+06 0
7920 4.93679e+06 0
7930 4.84273e+06 0
7940 4.81987e+06 0
7950 4.86206e+06 0
7960 4.92122e+06 0
7970 4.86645e+06 0
7981 2.96102e+06 0
7990 6.20702e+06 0
8000 4.24933e+06 0
8010 4.70799e+06 0
8020 4.70326e+06 0
8030 4.89981e+06 0
8040 4.97286e+06 0
8050 4.76237e+06 0
8060 4.71106e+06 0
8070 4.92463e+06 0
8080 4.57432e+06 0
8090 4.61943e+06 0
8100 4.44033e+06 0
8110 4.85017e+06 0
8120 4.57506e+06 0
8130 4.79836e+06 0
8140 4.6847e+06 0
8150 4.75115e+06 0
8160 4.69953e+06 0
8170 4.51247e+06 0
8180 4.52295e+06 0
8190 4.59895e+06 0
8200 4.81272e+06 0
8210 4.92733e+06 0
8220 4.77242e+06 0
8230 4.79842e+06 0
8240 4.83164e+06 0
8250 4.33819e+06 0
8260 4.76884e+06 0
8270 4.71072e+06 0
8284 4.31026e+06 0
8290 4.94853e+06 0
8300 4.99783e+06 0
8310 4.94826e+06 0
8320 5.00108e+06 0
8330 4.88214e+06 0
8340 4.83078e+06 0
8350 4.74328e+06 0
8360 4.68512e+06 0
8370 4.81208e+06 0
8380 4.82822e+06 0
8390 4.65064e+06 0
8400 4.06961e+06 0
8410 4.61842e+06 0
8420 4.756e+06 0
8430 4.59403e+06 0
8440 4.69368e+06 0
8450 4.81533e+06 0
8460 4.68296e+06 0
8470 4.68143e+06 0
8480 4.68131e+06 0
8490 4.76066e+06 0
8500 4.87636e+06 0
8510 4.85042e+06 0
8520 4.94037e+06 0
8530 4.85702e+06 0
8540 4.34898e+06 0
8550 4.32159e+06 0
8560 4.59955e+06 0
8570 4.31516e+06 0
8580 4.44094e+06 0
8590 4.52124e+06 0
8600 4.63538e+06 0
8610 4.76901e+06 0
8620 4.83814e+06 0
8630 4.68001e+06 0
8640 4.55281e+06 0
8650 4.82468e+06 0
8660 4.78004e+06 0
8670 4.9497e+06 0
8680 4.88217e+06 0
8690 4.97298e+06 0
8700 4.95637e+06 0
8710 4.94545e+06 0
8720 4.79079e+06 0
8730 4.82442e+06 0
8740 4.85974e+06 0
8750 4.96317e+06 0
8760 4.95915e+06 0
8770 4.87558e+06 0
8780 4.99958e+06 0
8790 4.83557e+06 0
8800 4.45082e+06 0
8810 4.59185e+06 0
8820 4.67612e+06 0
8830 4.67094e+06 0
8840 4.56774e+06 0
8850 4.81308e+06 0
8860 4.63919e+06 0
8870 4.73138e+06 0
8880 4.81266e+06 0
8890 4.9194e+06 0
8900 4.94406e+06 0
8910 4.95090e+06 0
8920 4.82206e+06 0
8930 4.82612e+06 0
8940 4.72422e+06 0
8950 4.84164e+06 0
8960 4.93758e+06 0
8970 4.86096e+06 0
8980 4.84182e+06 0
8990 4.68553e+06 0
9000 4.50525e+06 0
9010 4.83831e+06 0
9020 4.63749e+06 0
9030 4.74066e+06 0
9040 4.66495e+06 0
9050 4.85824e+06 0
9060 4.76902e+06 0
9070 4.45706e+06 0
9080 4.69258e+06 0
9090 4.45839e+06 0
9100 4.53797e+06 0
9110 4.75066e+06 0
9120 4.79405e+06 0
9130 4.60622e+06 0
9140 4.24461e+06 0
9150 4.7095e+06 0
9160 4.88156e+06 0
9170 4.89236e+06 0
9180 4.90814e+06 0
9190 4.8612e+06 0
9200 4.68538e+06 0
9210 4.79254e+06 0
9220 4.79205e+06 0
9230 4.79072e+06 0
9240 4.86073e+06 0
9250 4.87291e+06 0
9260 4.88539e+06 0
9270 4.89284e+06 0
9280 4.78285e+06 0
9290 4.89163e+06 0
9300 4.81564e+06 0
9310 4.89412e+06 0
9320 4.9473e+06 0
9330 4.8655e+06 0
9340 4.57628e+06 0
9350 4.73147e+06 0
9360 4.54782e+06 0
9370 4.50113e+06 0
9380 4.69887e+06 0
9390 4.63302e+06 0
9400 4.60943e+06 0
9410 4.60161e+06 0
9420 4.70797e+06 0
9430 4.69017e+06 0
9440 3.78057e+06 0
9450 4.5327e+06 0
9460 4.24279e+06 0
9470 4.24718e+06 0
9480 4.97143e+06 0
9490 4.77522e+06 0
9500 4.07289e+06 0
9510 4.25692e+06 0
9520 4.38886e+06 0
9530 4.59137e+06 0
9540 4.79484e+06 0
9550 4.73903e+06 0
9560 4.6969e+06 0
9570 4.68118e+06 0
9580 4.65544e+06 0
9590 4.6763e+06 0
9600 4.44462e+06 0
9610 4.21327e+06 0
9620 4.05739e+06 0
9630 4.23941e+06 0
9640 4.39157e+06 0
9650 4.67556e+06 0
9660 4.53204e+06 0
9670 4.74431e+06 0
9680 4.36369e+06 0
9690 4.85024e+06 0
9700 4.64712e+06 0
9710 4.29401e+06 0
9720 4.79782e+06 0
9730 4.83618e+06 0
9740 4.51596e+06 0
9750 4.42044e+06 0
9760 3.65432e+06 0
9770 4.39724e+06 0
9780 4.67816e+06 0
9790 4.8703e+06 0
9800 4.7975e+06 0
9810 4.93092e+06 0
9820 4.89146e+06 0
9830 4.76362e+06 0
9840 4.9273e+06 0
9850 4.86065e+06 0
9860 4.83868e+06 0
9870 4.88877e+06 0
9880 4.90219e+06 0
9890 4.76078e+06 0
9900 5.0028e+06 0
9910 4.8743e+06 0
9920 4.95959e+06 0
9930 4.8452e+06 0
9940 4.88031e+06 0
9950 4.92154e+06 0
9960 4.87368e+06 0
9970 4.93884e+06 0
9980 4.93932e+06 0
9990 4.9053e+06 0
10000 4.97413e+06 0
10010 4.90024e+06 0
10020 4.92721e+06 0
10030 4.63818e+06 0
10040 4.74792e+06 0
10050 4.82817e+06 0
10060 4.79474e+06 0
10070 4.65469e+06 0
10080 4.72835e+06 0
10090 4.56536e+06 0
10100 4.58172e+06 0
10110 4.72904e+06 0
10120 4.39158e+06 0
10130 4.54524e+06 0
10140 4.46204e+06 0
10150 4.80078e+06 0
10160 4.85662e+06 0
10170 4.85119e+06 0
10180 4.80164e+06 0
10190 4.7709e+06 0
10200 4.92503e+06 0
10210 4.88509e+06 0
10220 4.98232e+06 0
10230 4.84374e+06 0
10240 4.96069e+06 0
10250 4.85333e+06 0
10260 4.65857e+06 0
10270 4.54561e+06 0
10280 4.0855e+06 0
10290 4.66904e+06 0
10300 4.75255e+06 0
10310 4.63958e+06 0
10320 4.58773e+06 0
10330 4.0444e+06 0
10340 4.72762e+06 0
10350 4.64024e+06 0
10360 4.79174e+06 0
10370 4.86589e+06 0
10380 4.90973e+06 0
10390 4.82365e+06 0
10400 4.61544e+06 0
10410 4.40861e+06 0
10420 4.78429e+06 0
10430 4.74623e+06 0
10440 4.69242e+06 0
10450 4.65373e+06 0
10460 4.74726e+06 0
10470 4.98863e+06 0
10480 4.83842e+06 0
10490 4.83395e+06 0
10500 4.89768e+06 0
10510 4.88012e+06 0
10520 4.79695e+06 0
10530 4.57738e+06 0
10540 4.8138e+06 0
10550 4.50133e+06 0
10560 4.42198e+06 0
10570 4.76594e+06 0
10580 4.85618e+06 0
10590 4.71034e+06 0
10600 4.79454e+06 0
10610 4.86255e+06 0
10620 4.97807e+06 0
10630 4.66168e+06 0
10640 4.69485e+06 0
10650 4.70382e+06 0
10660 4.87373e+06 0
10670 4.77549e+06 0
10680 4.8185e+06 0
10690 4.97303e+06 0
10700 4.89473e+06 0
10710 4.77581e+06 0
10720 4.31831e+06 0
10730 4.17357e+06 0
10740 4.52676e+06 0
10750 4.89957e+06 0
10760 4.9791e+06 0
10770 4.94923e+06 0
10780 4.76236e+06 0
10790 4.5959e+06 0
10800 4.90552e+06 0
10810 4.98152e+06 0
10820 4.98917e+06 0
10830 4.67307e+06 0
10840 4.40221e+06 0
10850 4.49026e+06 0
10860 4.58022e+06 0
10870 4.13533e+06 0
10880 4.53718e+06 0
10890 3.80669e+06 0
10900 4.60592e+06 0
10910 4.95244e+06 0
10920 4.49492e+06 0
10930 4.60277e+06 0
10940 4.72653e+06 0
10950 4.64186e+06 0
10960 4.32116e+06 0
10970 3.74426e+06 0
10980 3.94822e+06 0
10990 4.43832e+06 0
11000 4.8628e+06 0
11010 4.37343e+06 0
11020 3.90453e+06 0
11030 3.99261e+06 0
11040 3.61007e+06 0
11050 4.08908e+06 0
11060 4.54482e+06 0
11070 4.7149e+06 0
11080 4.98582e+06 0
11090 4.81981e+06 0
11100 4.77314e+06 0
11110 4.86593e+06 0
11120 4.68125e+06 0
11130 4.70618e+06 0
11140 4.93855e+06 0
11150 4.88689e+06 0
11160 4.96477e+06 0
11170 4.75918e+06 0
11180 4.50525e+06 0
11190 4.72609e+06 0
11200 4.49245e+06 0
11210 4.76157e+06 0
11220 4.93116e+06 0
11230 4.72473e+06 0
11240 4.72566e+06 0
11250 4.69794e+06 0
11260 4.84563e+06 0
11270 4.79489e+06 0
11280 4.76257e+06 0
11290 4.89276e+06 0
11300 4.5367e+06 0
11310 4.54372e+06 0
11320 4.79789e+06 0
11330 4.88945e+06 0
11340 4.73559e+06 0
11350 4.4384e+06 0
11360 4.86074e+06 0
11370 4.71846e+06 0
11380 4.68749e+06 0
11390 4.57449e+06 0
11400 4.66079e+06 0
11410 4.66246e+06 0
11420 4.20946e+06 0
11430 4.45117e+06 0
11440 4.52592e+06 0
11450 4.3594e+06 0
11460 4.64333e+06 0
11470 4.90332e+06 0
11480 4.81818e+06 0
11490 4.7422e+06 0
11500 4.8173e+06 0
11510 4.72186e+06 0
11520 4.51197e+06 0
11530 4.7255e+06 0
11540 4.84666e+06 0
11550 4.69405e+06 0
11560 3.97689e+06 0
11570 4.2631e+06 0
11580 4.34795e+06 0
11590 4.35437e+06 0
11600 4.39317e+06 0
11610 3.74681e+06 0
11620 4.01708e+06 0
11630 4.61399e+06 0
11640 4.3531e+06 0
11650 4.90335e+06 0
11660 4.46698e+06 0
11670 4.88012e+06 0
11680 4.85267e+06 0
11690 4.89732e+06 0
11700 4.70321e+06 0
11710 4.65167e+06 0
11720 4.59284e+06 0
11730 4.6039e+06 0
11740 4.89054e+06 0
11750 4.64637e+06 0
11760 4.86966e+06 0
11770 4.69442e+06 0
11780 4.3654e+06 0
11790 4.34414e+06 0
11800 4.47434e+06 0
11810 4.65985e+06 0
11820 4.73503e+06 0
11830 4.66978e+06 0
11840 4.74351e+06 0
11850 4.78986e+06 0
11860 4.71842e+06 0
11870 4.72005e+06 0
11880 4.87254e+06 0
11890 4.77084e+06 0
11900 4.82006e+06 0
11910 4.93655e+06 0
11920 4.92988e+06 0
11930 4.93183e+06 0
11940 4.89151e+06 0
11950 4.77926e+06 0
11960 4.71752e+06 0
11970 4.64881e+06 0
11980 4.51804e+06 0
11990 4.523e+06 0
12000 4.84248e+06 0
12010 4.77598e+06 0
12020 4.90431e+06 0
12030 4.90873e+06 0
12040 4.86818e+06 0
12050 4.6358e+06 0
12060 4.88376e+06 0
12070 4.93449e+06 0
12080 4.82463e+06 0
12090 4.81092e+06 0
12100 4.73399e+06 0
12110 4.7e+06 0
12120 4.94812e+06 0
12130 4.92407e+06 0
12140 4.82059e+06 0
12150 4.9339e+06 0
12160 4.92194e+06 0
12170 4.95837e+06 0
12180 4.95121e+06 0
12190 4.84132e+06 0
12200 4.62089e+06 0
12210 4.78169e+06 0
12220 4.87188e+06 0
12230 4.75842e+06 0
12240 4.74647e+06 0
12250 4.78939e+06 0
12260 4.72865e+06 0
12270 4.79835e+06 0
12280 4.80308e+06 0
12290 4.6938e+06 0
12300 4.43978e+06 0
12310 4.54591e+06 0
12320 4.8263e+06 0
12330 4.9102e+06 0
12340 4.88944e+06 0
12350 4.88012e+06 0
12360 4.86654e+06 0
12370 4.88818e+06 0
12380 4.75564e+06 0
12390 4.70376e+06 0
12400 4.85052e+06 0
12410 4.93314e+06 0
12420 4.8288e+06 0
12430 4.64197e+06 0
12440 4.50553e+06 0
12450 4.60335e+06 0
12460 4.34283e+06 0
12470 4.85793e+06 0
12480 4.9325e+06 0
12490 4.84824e+06 0
12500 4.89048e+06 0
12510 4.98674e+06 0
12520 4.94964e+06 0
12530 4.91119e+06 0
12540 4.77734e+06 0
12550 4.80751e+06 0
12560 4.87412e+06 0
12570 4.84273e+06 0
12580 4.80712e+06 0
12590 4.70304e+06 0
12600 4.87806e+06 0
12610 4.47434e+06 0
12620 4.68446e+06 0
12630 4.90114e+06 0
12640 4.66786e+06 0
12650 4.7132e+06 0
12660 4.46391e+06 0
12670 4.95348e+06 0
12680 4.6668e+06 0
12690 4.75788e+06 0
12700 4.63046e+06 0
12710 4.78429e+06 0
12720 4.83265e+06 0
12730 4.95323e+06 0
12740 4.85728e+06 0
12750 4.81405e+06 0
12760 4.52257e+06 0
12770 4.74017e+06 0
12780 4.72526e+06 0
12790 4.87128e+06 0
12800 4.81223e+06 0
12810 4.78102e+06 0
12820 4.89479e+06 0
12830 4.98353e+06 0
12840 4.96559e+06 0
12850 4.78029e+06 0
12860 4.75688e+06 0
12870 4.87092e+06 0
12880 4.82557e+06 0
12890 4.8046e+06 0
12900 4.78738e+06 0
12910 4.95114e+06 0
12920 4.87074e+06 0
12930 4.84473e+06 0
12940 4.89272e+06 0
12950 4.74448e+06 0
12960 4.90711e+06 0
12970 4.7381e+06 0
12980 4.63234e+06 0
12990 4.4748e+06 0
13000 4.85224e+06 0
13010 4.84818e+06 0
13020 4.93042e+06 0
13030 4.83928e+06 0
13040 4.70308e+06 0
13050 4.72991e+06 0
13060 4.78346e+06 0
13070 4.82777e+06 0
13080 4.81894e+06 0
13090 4.34013e+06 0
13100 4.85429e+06 0
13110 4.90491e+06 0
13120 4.87558e+06 0
13130 4.63373e+06 0
13141 3.46024e+06 0
13150 6.20915e+06 0
13160 4.42748e+06 0
13170 4.58998e+06 0
13180 4.88122e+06 0
13190 4.87538e+06 0
13200 4.77453e+06 0
13210 4.7326e+06 0
13220 4.99613e+06 0
13230 4.85618e+06 0
13240 4.72756e+06 0
13250 4.82079e+06 0
13260 4.81472e+06 0
13270 4.9657e+06 0
13280 4.97492e+06 0
13290 4.97267e+06 0
13300 4.11509e+06 0
13310 4.7474e+06 0
13320 4.83064e+06 0
13330 4.66926e+06 0
13340 4.70908e+06 0
13350 4.79763e+06 0
13360 4.75381e+06 0
13370 4.83156e+06 0
13380 4.86879e+06 0
13390 4.84789e+06 0
13400 4.88543e+06 0
13410 4.82345e+06 0
13420 4.7577e+06 0
13430 4.67894e+06 0
13440 4.79309e+06 0
13450 4.74306e+06 0
13460 4.40742e+06 0
13470 4.80841e+06 0
13480 4.72253e+06 0
13490 4.83145e+06 0
13500 4.64204e+06 0
13510 4.81958e+06 0
13520 4.86678e+06 0
13530 4.82708e+06 0
13540 4.80454e+06 0
13550 4.88011e+06 0
13560 4.90746e+06 0
13570 4.90285e+06 0
13580 4.67424e+06 0
13590 4.72725e+06 0
13600 4.13048e+06 0
13610 4.76594e+06 0
13620 4.57826e+06 0
13630 4.58034e+06 0
13640 4.77708e+06 0
13650 4.78235e+06 0
13660 4.90298e+06 0
13670 4.52403e+06 0
13680 4.75665e+06 0
13690 4.60416e+06 0
13700 4.7686e+06 0
13710 4.85777e+06 0
13720 4.90975e+06 0
13730 4.87213e+06 0
13740 4.95121e+06 0
13750 4.78449e+06 0
13760 4.69052e+06 0
13770 4.65514e+06 0
13780 4.72514e+06 0
13790 4.64724e+06 0
13800 4.66573e+06 0
13810 4.7414e+06 0
13820 4.85575e+06 0
13830 4.74289e+06 0
13840 4.91e+06 0
13850 4.85971e+06 0
13860 4.79676e+06 0
13870 4.82927e+06 0
13880 4.63234e+06 0
13890 4.88836e+06 0
13900 4.69107e+06 0
13910 4.78763e+06 0
13920 4.88795e+06 0
13930 4.84872e+06 0
13940 4.63014e+06 0
13950 4.75974e+06 0
13960 4.71008e+06 0
13970 4.27183e+06 0
13980 4.87606e+06 0
13990 4.81216e+06 0
14000 4.74333e+06 0
14010 4.57972e+06 0
14020 4.65871e+06 0
14030 4.51324e+06 0
14040 4.86122e+06 0
14050 4.95062e+06 0
14060 4.97654e+06 0
14070 4.89243e+06 0
14080 4.71010e+06 0
14090 4.76593e+06 0
14105 3.90609e+06 0
14110 4.55023e+06 0
14120 4.82749e+06 0
14130 4.67084e+06 0
14140 4.60107e+06 0
14150 4.81466e+06 0
14160 4.81721e+06 0
14170 4.92752e+06 0
14180 4.85781e+06 0
14190 4.9588e+06 0
14200 4.82544e+06 0
14210 4.94746e+06 0
14220 4.90249e+06 0
14230 4.82436e+06 0
14240 4.75338e+06 0
14250 4.64436e+06 0
14260 4.65286e+06 0
14270 4.85539e+06 0
14280 4.9194e+06 0
14290 4.93122e+06 0
14300 4.79745e+06 0
14310 4.83890e+06 0
14320 4.93375e+06 0
14330 4.86079e+06 0
14340 4.93256e+06 0
14350 4.87194e+06 0
14360 4.6478e+06 0
14370 4.73714e+06 0
14380 4.83437e+06 0
14390 4.88715e+06 0
14400 4.93322e+06 0
14410 4.90661e+06 0
14420 4.94139e+06 0
14430 4.92722e+06 0
14440 4.25074e+06 0
14450 4.77814e+06 0
14460 4.98603e+06 0
14470 4.42215e+06 0
14480 4.42712e+06 0
14490 4.87169e+06 0
14500 4.63198e+06 0
14510 4.77386e+06 0
14520 4.95556e+06 0
14530 4.92475e+06 0
14540 4.50348e+06 0
14550 4.62917e+06 0
14560 4.91954e+06 0
14570 4.95170e+06 0
14580 4.96473e+06 0
14590 4.78449e+06 0
14600 4.89503e+06 0
14610 4.965e+06 0
14620 4.81966e+06 0
14630 4.83501e+06 0
14640 4.81164e+06 0
14650 4.84218e+06 0
14660 4.55705e+06 0
14670 4.66504e+06 0
14680 4.74391e+06 0
14690 4.84472e+06 0
14700 4.86922e+06 0
14710 4.90225e+06 0
14720 4.67343e+06 0
14730 4.87188e+06 0
14740 4.89394e+06 0
14750 4.7969e+06 0
14760 4.72987e+06 0
14770 4.8774e+06 0
14780 4.90767e+06 0
14790 4.64345e+06 0
14800 4.71859e+06 0
14810 4.75909e+06 0
14820 4.83085e+06 0
14830 4.77459e+06 0
14840 4.85987e+06 0
14850 4.61448e+06 0
14860 4.72767e+06 0
14870 4.9551e+06 0
14880 4.9674e+06 0
14890 4.94236e+06 0
14900 4.91813e+06 0
14910 4.69858e+06 0
14920 4.80848e+06 0
14930 4.86963e+06 0
14940 4.80321e+06 0
14950 4.36372e+06 0
14960 4.58022e+06 0
14970 4.47131e+06 0
14980 4.44328e+06 0
14990 4.72635e+06 0
15000 4.84218e+06 0
15010 4.9097e+06 0
15020 4.95928e+06 0
15030 4.93024e+06 0
15040 4.93164e+06 0
15050 4.93698e+06 0
15060 4.72472e+06 0
15070 4.75914e+06 0
15080 4.89704e+06 0
15090 4.68167e+06 0
15100 4.3924e+06 0
15110 4.32552e+06 0
15120 4.59416e+06 0
15130 4.8166e+06 0
15140 4.94122e+06 0
15150 4.99457e+06 0
15160 4.45511e+06 0
15170 4.75462e+06 0
15180 4.49205e+06 0
15190 4.62906e+06 0
15200 4.3002e+06 0
15210 4.54441e+06 0
15220 3.93228e+06 0
15230 4.52131e+06 0
15240 4.10464e+06 0
15250 4.90388e+06 0
15260 4.93412e+06 0
15270 4.72726e+06 0
15280 4.27981e+06 0
15290 4.63897e+06 0
15300 4.57173e+06 0
15310 4.56422e+06 0
15320 4.06157e+06 0
15330 4.22376e+06 0
15340 4.70641e+06 0
15350 4.31619e+06 0
15365 3.75196e+06 0
15370 4.42554e+06 0
15380 4.5942e+06 0
15390 4.87219e+06 0
15400 4.78623e+06 0
15410 4.90474e+06 0
15420 4.93576e+06 0
15430 4.99365e+06 0
15440 4.92472e+06 0
15450 4.64247e+06 0
15460 4.7155e+06 0
15470 4.5693e+06 0
15480 4.94214e+06 0
15490 4.84194e+06 0
15500 4.99036e+06 0
15510 4.63428e+06 0
15520 4.61336e+06 0
15530 4.91e+06 0
15540 4.81382e+06 0
15550 4.7167e+06 0
15560 4.76884e+06 0
15570 4.53973e+06 0
15580 4.85346e+06 0
15590 4.59869e+06 0
15600 4.96886e+06 0
15610 4.94242e+06 0
15620 4.86813e+06 0
15630 4.99461e+06 0
15640 4.96474e+06 0
15650 4.49698e+06 0
15660 4.30809e+06 0
15670 4.28358e+06 0
15680 4.61652e+06 0
15690 4.6767e+06 0
15700 4.80902e+06 0
15710 4.60828e+06 0
15720 4.85884e+06 0
15730 4.85606e+06 0
15740 4.85793e+06 0
15750 4.9625e+06 0
15760 4.90279e+06 0
15770 4.83994e+06 0
15780 4.63508e+06 0
15790 4.88593e+06 0
15800 4.89684e+06 0
15810 4.89758e+06 0
15820 4.86837e+06 0
15830 4.8358e+06 0
15840 4.93214e+06 0
15850 4.9326e+06 0
15860 4.93207e+06 0
15870 4.72944e+06 0
15880 4.76822e+06 0
15890 4.25074e+06 0
15900 3.93338e+06 0
15910 4.10575e+06 0
15920 4.03156e+06 0
15930 4.02144e+06 0
15940 4.21407e+06 0
15950 3.9835e+06 0
15960 4.39583e+06 0
15970 3.99684e+06 0
15980 4.4422e+06 0
15990 4.53142e+06 0
16000 4.69586e+06 0
16010 4.73375e+06 0
16020 4.86036e+06 0
16030 4.5847e+06 0
16040 4.90056e+06 0
16050 4.98001e+06 0
16060 4.66009e+06 0
16070 4.48452e+06 0
16080 4.64604e+06 0
16090 4.22212e+06 0
16100 3.99313e+06 0
16110 3.95774e+06 0
16120 4.2796e+06 0
16130 4.49129e+06 0
16140 4.49572e+06 0
16150 4.26479e+06 0
16160 3.4357e+06 0
16170 4.4396e+06 0
16180 4.64848e+06 0
16190 4.90145e+06 0
16200 4.97613e+06 0
16210 4.73664e+06 0
16220 4.94111e+06 0
16230 4.98952e+06 0
16240 4.98358e+06 0
16250 4.82624e+06 0
16260 4.7772e+06 0
16270 4.96584e+06 0
16280 4.69293e+06 0
16290 4.73841e+06 0
16300 4.55434e+06 0
16310 4.51045e+06 0
16320 4.47626e+06 0
16330 4.20335e+06 0
16340 4.00204e+06 0
16350 4.18759e+06 0
16360 4.69943e+06 0
16370 4.26946e+06 0
16380 4.47778e+06 0
16390 4.89569e+06 0
16403 4.30461e+06 0
16410 5.20979e+06 0
16420 4.81478e+06 0
16430 4.82746e+06 0
16440 4.69877e+06 0
16450 4.75441e+06 0
16460 4.61694e+06 0
16470 4.75667e+06 0
16480 4.93490e+06 0
16490 4.8834e+06 0
16500 4.95553e+06 0
16510 4.82375e+06 0
16520 4.72986e+06 0
16530 4.91964e+06 0
16540 4.86213e+06 0
16550 4.74332e+06 0
16560 4.87853e+06 0
16570 4.92152e+06 0
16580 4.64998e+06 0
16590 4.69817e+06 0
16600 4.93938e+06 0
16610 4.92050e+06 0
16620 4.81768e+06 0
16630 4.77963e+06 0
16640 4.93837e+06 0
16650 4.96074e+06 0
16660 4.91225e+06 0
16670 4.98218e+06 0
16680 4.68557e+06 0
16690 4.76562e+06 0
16700 4.51167e+06 0
16710 4.56168e+06 0
16720 4.66487e+06 0
16730 4.36529e+06 0
16740 4.53458e+06 0
16750 4.88599e+06 0
16760 4.87414e+06 0
16770 4.86435e+06 0
16780 4.6404e+06 0
16790 4.84182e+06 0
16800 4.92758e+06 0
16810 4.91388e+06 0
16820 4.88751e+06 0
16830 4.66551e+06 0
16840 4.74362e+06 0
16850 4.34245e+06 0
16860 4.57129e+06 0
16870 4.74975e+06 0
16880 4.50809e+06 0
16890 4.50124e+06 0
16900 4.55524e+06 0
16910 4.61877e+06 0
16920 4.54081e+06 0
16930 4.51871e+06 0
16940 4.80665e+06 0
16950 4.80957e+06 0
16960 4.88444e+06 0
16970 4.88241e+06 0
16980 4.86074e+06 0
16990 4.72116e+06 0
17000 4.85229e+06 0
17010 4.52998e+06 0
17020 4.74182e+06 0
17030 4.62246e+06 0
17040 4.5107e+06 0
17050 4.73427e+06 0
17060 4.9776e+06 0
17070 4.9664e+06 0
17080 4.94317e+06 0
17090 4.97833e+06 0
17100 4.77041e+06 0
17110 4.73606e+06 0
17120 4.78175e+06 0
17130 4.85864e+06 0
17140 4.93944e+06 0
17150 4.87161e+06 0
17160 4.92745e+06 0
17170 4.72328e+06 0
17180 4.78938e+06 0
17190 4.44652e+06 0
17200 4.68001e+06 0
17210 4.72549e+06 0
17220 4.68145e+06 0
17230 4.80056e+06 0
17240 4.72301e+06 0
17250 4.95126e+06 0
17260 4.85273e+06 0
17270 4.9004e+06 0
17280 4.97496e+06 0
17290 4.84806e+06 0
17300 4.73888e+06 0
17310 4.68719e+06 0
17320 4.93224e+06 0
17330 4.89413e+06 0
17340 4.61034e+06 0
17350 4.77926e+06 0
17360 4.54998e+06 0
17370 4.2938e+06 0
17380 3.94018e+06 0
17390 4.24315e+06 0
17400 4.61167e+06 0
17410 4.53827e+06 0
17420 4.91329e+06 0
17430 4.92327e+06 0
17440 4.88842e+06 0
17450 4.844e+06 0
17460 4.92497e+06 0
17470 4.98103e+06 0
17480 4.9834e+06 0
17490 4.97812e+06 0
17500 4.88461e+06 0
17510 4.95693e+06 0
17520 3.89087e+06 0
17530 4.11017e+06 0
17540 4.36439e+06 0
17550 4.56845e+06 0
17560 4.89861e+06 0
17570 4.90532e+06 0
17580 4.81728e+06 0
17590 4.98746e+06 0
17600 4.90594e+06 0
17610 4.91188e+06 0
17620 4.92212e+06 0
17630 4.88467e+06 0
17640 4.92788e+06 0
17650 4.80716e+06 0
17660 4.66766e+06 0
17670 4.5921e+06 0
17680 4.5701e+06 0
17690 4.72198e+06 0
17700 4.79692e+06 0
17710 4.74004e+06 0
17720 4.6924e+06 0
17733 4.479e+06 0
17740 5.25628e+06 0
17750 4.78253e+06 0
17760 4.74988e+06 0
17770 4.67592e+06 0
17780 4.79275e+06 0
17790 4.41973e+06 0
17800 3.79871e+06 0
17810 4.27218e+06 0
17820 4.49186e+06 0
17830 4.67218e+06 0
17840 4.50216e+06 0
17850 4.19724e+06 0
17860 4.60894e+06 0
17870 4.449e+06 0
17880 4.3305e+06 0
17890 3.93851e+06 0
17900 4.29114e+06 0
17910 4.80269e+06 0
17920 4.94727e+06 0
17930 4.96305e+06 0
17940 4.87629e+06 0
17950 4.25365e+06 0
17960 4.2963e+06 0
17970 4.39566e+06 0
17980 4.72144e+06 0
17990 4.88238e+06 0
18000 4.6967e+06 0
18010 4.83245e+06 0
18020 4.83324e+06 0
18030 4.68495e+06 0
18040 4.91315e+06 0
18050 4.88753e+06 0
18060 4.80751e+06 0
18070 4.82732e+06 0
18080 4.75047e+06 0
18090 4.84964e+06 0
18100 4.892e+06 0
18110 4.94849e+06 0
18120 4.79789e+06 0
18130 4.85907e+06 0
18140 4.8543e+06 0
18150 4.85001e+06 0
18160 4.83125e+06 0
18170 4.86673e+06 0
18180 4.71344e+06 0
18190 4.85964e+06 0
18200 4.63174e+06 0
18210 4.97916e+06 0
18220 4.86866e+06 0
18230 4.49495e+06 0
18240 4.89097e+06 0
18250 4.72576e+06 0
18260 4.83258e+06 0
18270 4.56148e+06 0
18280 4.45418e+06 0
18290 4.8596e+06 0
18300 4.6604e+06 0
18314 4.4896e+06 0
18320 4.97233e+06 0
18330 4.75597e+06 0
18340 4.64665e+06 0
18350 4.09557e+06 0
18360 4.82042e+06 0
18370 4.75716e+06 0
18380 4.80877e+06 0
18390 4.78029e+06 0
18400 4.83266e+06 0
18410 4.76284e+06 0
18420 4.62724e+06 0
18430 4.81393e+06 0
18440 4.80716e+06 0
18450 4.96895e+06 0
18460 4.87281e+06 0
18470 4.8278e+06 0
18480 4.86328e+06 0
18490 4.87357e+06 0
18500 4.67277e+06 0
18510 4.90528e+06 0
18520 4.92484e+06 0
18530 4.61647e+06 0
18540 4.55265e+06 0
18550 4.67494e+06 0
18560 4.79995e+06 0
18570 4.54577e+06 0
18580 4.82654e+06 0
18590 4.39808e+06 0
18600 4.34146e+06 0
18610 4.78429e+06 0
18620 4.77823e+06 0
18630 4.60623e+06 0
18640 4.75234e+06 0
18650 4.75756e+06 0
18660 4.78581e+06 0
18670 4.76781e+06 0
18680 4.61828e+06 0
18690 4.87109e+06 0
18700 4.85868e+06 0
18710 4.87964e+06 0
18720 4.66796e+06 0
18730 4.50306e+06 0
18740 4.7626e+06 0
18750 4.71799e+06 0
18760 4.28399e+06 0
18770 4.44755e+06 0
18780 4.61966e+06 0
18790 4.77654e+06 0
18800 4.6421e+06 0
18810 4.56708e+06 0
18820 4.77204e+06 0
18830 4.66876e+06 0
18840 4.77957e+06 0
18850 4.74489e+06 0
18860 4.69981e+06 0
18870 4.75593e+06 0
18880 4.86692e+06 0
18890 4.87805e+06 0
18900 4.39556e+06 0
18910 4.2559e+06 0
18920 4.04262e+06 0
18930 4.77489e+06 0
18940 4.87036e+06 0
18950 4.68841e+06 0
18960 4.78401e+06 0
18970 4.81052e+06 0
18980 4.9574e+06 0
18990 4.65874e+06 0
19000 4.59284e+06 0
19010 4.69788e+06 0
19020 4.82994e+06 0
19030 4.64483e+06 0
19040 4.77047e+06 0
19050 4.63215e+06 0
19060 4.5444e+06 0
19070 4.50657e+06 0
19080 4.60428e+06 0
19090 4.4558e+06 0
19100 4.64511e+06 0
19110 4.66764e+06 0
19120 4.84938e+06 0
19130 4.78945e+06 0
19142 3.53359e+06 0
19150 5.58072e+06 0
19160 4.23867e+06 0
19170 4.36983e+06 0
19180 4.47895e+06 0
19190 4.49687e+06 0
19200 4.45256e+06 0
19210 4.65926e+06 0
19220 4.60615e+06 0
19230 4.84764e+06 0
19240 4.80586e+06 0
19250 4.64764e+06 0
19260 4.6924e+06 0
19270 4.90485e+06 0
19280 4.88363e+06 0
19290 4.80078e+06 0
19300 4.78758e+06 0
19310 4.85745e+06 0
19320 4.92612e+06 0
19330 4.89878e+06 0
19340 4.81629e+06 0
19350 4.86382e+06 0
19360 4.65962e+06 0
19370 4.75976e+06 0
19380 4.93236e+06 0
19390 4.94036e+06 0
19400 4.87311e+06 0
19410 4.8672e+06 0
19420 4.93873e+06 0
19430 4.89249e+06 0
19440 4.88606e+06 0
19450 4.76945e+06 0
19460 4.87382e+06 0
19470 4.89066e+06 0
19480 4.81057e+06 0
19490 4.80973e+06 0
19500 4.81746e+06 0
19510 4.96557e+06 0
19520 4.7487e+06 0
19530 4.9091e+06 0
19540 4.6827e+06 0
19550 4.50854e+06 0
19560 4.31877e+06 0
19570 4.65731e+06 0
19580 4.82963e+06 0
19590 4.7814e+06 0
19600 4.645e+06 0
19610 4.90182e+06 0
19620 4.81127e+06 0
19630 4.82495e+06 0
19640 4.62169e+06 0
19650 4.7781e+06 0
19660 4.93243e+06 0
19670 4.96457e+06 0
19680 4.89732e+06 0
19690 4.15084e+06 0
19700 4.42832e+06 0
19710 4.75823e+06 0
19720 4.97456e+06 0
19730 4.75853e+06 0
19740 4.81642e+06 0
19750 4.741e+06 0
19760 4.68563e+06 0
19770 4.75387e+06 0
19780 4.60987e+06 0
19790 4.53558e+06 0
19800 4.47434e+06 0
19810 4.69907e+06 0
19820 4.51924e+06 0
19830 4.18593e+06 0
19840 4.529e+06 0
19850 4.77066e+06 0
19860 4.7209e+06 0
19870 4.7866e+06 0
19880 4.8834e+06 0
19890 4.89188e+06 0
19900 4.82262e+06 0
19910 4.59158e+06 0
19920 4.8686e+06 0
19930 4.83498e+06 0
19940 4.87053e+06 0
19950 4.81957e+06 0
19960 4.83933e+06 0
19970 4.82442e+06 0
19980 4.88908e+06 0
19990 4.74302e+06 0
20000 4.82242e+06 0
20010 4.521e+06 0
20020 4.61591e+06 0
20030 4.62271e+06 0
20040 4.79089e+06 0
20050 4.60793e+06 0
20060 4.69296e+06 0
20070 4.85044e+06 0
20080 4.5633e+06 0
20090 4.55802e+06 0
20100 4.71471e+06 0
20110 4.63736e+06 0
20120 4.88947e+06 0
20130 4.74169e+06 0
20140 4.78023e+06 0
20150 4.75612e+06 0
20160 4.89735e+06 0
20170 4.87132e+06 0
20180 4.70216e+06 0
20190 4.89352e+06 0
20200 4.94522e+06 0
20210 4.43862e+06 0
20220 4.67532e+06 0
20230 4.71271e+06 0
20240 4.79411e+06 0
20250 4.87261e+06 0
20260 4.85764e+06 0
20270 4.72884e+06 0
20280 4.9003e+06 0
20290 4.91703e+06 0
20300 4.8443e+06 0
20310 4.68166e+06 0
20320 4.5281e+06 0
20330 4.41245e+06 0
20340 4.19805e+06 0
20350 4.734e+06 0
20360 4.55583e+06 0
20370 4.7103e+06 0
20380 4.71507e+06 0
20390 4.70362e+06 0
20400 4.57378e+06 0
20410 4.61926e+06 0
20420 4.75921e+06 0
20435 4.30729e+06 0
20440 4.73926e+06 0
20450 4.93036e+06 0
20460 4.71199e+06 0
20470 4.93951e+06 0
20480 4.94129e+06 0
20490 4.65561e+06 0
20500 4.89267e+06 0
20510 4.90066e+06 0
20520 4.77352e+06 0
20530 4.69767e+06 0
20540 4.87043e+06 0
20550 4.86381e+06 0
20560 4.59078e+06 0
20570 4.62573e+06 0
20580 4.68895e+06 0
20590 4.77774e+06 0
20600 4.77805e+06 0
20610 4.74538e+06 0
20620 4.65319e+06 0
20630 4.81231e+06 0
20640 4.79076e+06 0
20650 4.69362e+06 0
20660 4.83890e+06 0
20670 4.84735e+06 0
20680 4.7255e+06 0
20690 4.81919e+06 0
20700 4.68599e+06 0
20710 4.5293e+06 0
20720 4.44662e+06 0
20730 4.51494e+06 0
20740 4.80393e+06 0
20750 4.58979e+06 0
20760 4.72423e+06 0
20770 4.74266e+06 0
20780 4.56118e+06 0
20790 4.82939e+06 0
20800 4.6897e+06 0
20810 4.64906e+06 0
20820 4.74326e+06 0
20830 4.67361e+06 0
20840 4.83145e+06 0
20850 4.75872e+06 0
20860 4.83498e+06 0
20870 4.91981e+06 0
20880 4.80095e+06 0
20890 4.87e+06 0
20900 4.62603e+06 0
20910 4.68745e+06 0
20920 4.69349e+06 0
20930 4.97074e+06 0
20940 4.81938e+06 0
20950 4.65828e+06 0
20960 4.58666e+06 0
20970 4.6159e+06 0
20980 4.65981e+06 0
20990 4.78484e+06 0
21000 4.66482e+06 0
21010 4.83344e+06 0
21020 4.99244e+06 0
21030 4.89578e+06 0
21040 4.67149e+06 0
21050 4.86738e+06 0
21060 4.84078e+06 0
21070 4.76151e+06 0
21080 4.72084e+06 0
21090 4.75938e+06 0
21100 4.90594e+06 0
21110 4.89570e+06 0
21120 4.68307e+06 0
21130 4.90399e+06 0
21140 4.92042e+06 0
21150 4.65156e+06 0
21160 4.9962e+06 0
21170 4.9506e+06 0
21180 4.69382e+06 0
21190 4.91471e+06 0
21200 4.88109e+06 0
21210 4.76897e+06 0
21220 4.59615e+06 0
21230 4.73588e+06 0
21240 4.88218e+06 0
21250 4.94449e+06 0
21260 4.84822e+06 0
21270 4.64187e+06 0
21280 4.63597e+06 0
21290 4.63695e+06 0
21300 4.67321e+06 0
21310 4.9418e+06 0
21320 4.93267e+06 0
21330 4.85206e+06 0
21340 5.00214e+06 0
21350 4.8169e+06 0
21360 4.88662e+06 0
21370 4.90472e+06 0
21380 4.88303e+06 0
21390 4.66497e+06 0
21400 4.54886e+06 0
21410 4.44463e+06 0
21420 4.67404e+06 0
21430 4.68065e+06 0
21440 4.62452e+06 0
21450 4.58562e+06 0
21460 4.83224e+06 0
21470 4.62856e+06 0
21480 4.57894e+06 0
21490 4.71295e+06 0
21500 4.80442e+06 0
21510 4.5707e+06 0
21520 4.58398e+06 0
21530 4.53791e+06 0
21540 4.69231e+06 0
21550 4.80584e+06 0
21560 4.42099e+06 0
21570 4.65878e+06 0
21580 4.70938e+06 0
21590 4.81435e+06 0
