# TimeStamp(s) Sum Stdev
0 8.88638e+07 7.80934e+06
10 2.15642e+07 3.18006e+06
20.25 2.07005e+07 1.44961e+06
30 2.09957e+07 5.91634e+06
40 1.99928e+07 3.51158e+06
50 2.12716e+07 3.26905e+06
60 1.97195e+07 3.00122e+06
70 1.95418e+07 2.68636e+06
80 2.01794e+07 2.49142e+06
90 2.17177e+07 3.91689e+06
100 2.15766e+07 2.02805e+06
110 2.01155e+07 2.29898e+06
120 2.00938e+07 1.89852e+06
130.125 1.99104e+07 3.06384e+06
140 2.07296e+07 2.65064e+06
150 2.22399e+07 3.50546e+06
160 2.0836e+07 2.26393e+06
170 2.14045e+07 2.93258e+06
180 2.2067e+07 2.63261e+06
190 2.09264e+07 2.74804e+06
200 1.99898e+07 3.75174e+06
210.125 2.10199e+07 3.11787e+06
220 2.10709e+07 2.84109e+06
230 2.10954e+07 2.72412e+06
240 2.10294e+07 2.07098e+06
250 2.07698e+07 2.60008e+06
260 2.08015e+07 2.11273e+06
270 1.98437e+07 2.65249e+06
280 2.07149e+07 1.43716e+06
290 1.94573e+07 2.26401e+06
300 2.06162e+07 2.01465e+06
310 2.07883e+07 3.15775e+06
320.125 1.94354e+07 1.67919e+06
330 1.88527e+07 1.4719e+06
340 1.92247e+07 3.28334e+06
350 1.82041e+07 2.66101e+06
360 1.84916e+07 4.05828e+06
370 1.97466e+07 3.01712e+06
380 1.94756e+07 2.03491e+06
390 1.97198e+07 2.02958e+06
400 2.16363e+07 1.2108e+06
410 1.88666e+07 2.59254e+06
420 2.02597e+07 3.24695e+06
430 2.05719e+07 2.3748e+06
440 2.00027e+07 1.82309e+06
450 2.17893e+07 2.16867e+06
460 2.14962e+07 3.25319e+06
470 1.9997e+07 1.80375e+06
480 1.96835e+07 3.95072e+06
490 2.15026e+07 1.69725e+06
500 2.24679e+07 3.9038e+06
510 2.05678e+07 3.29072e+06
520 1.89045e+07 2.1622e+06
530 2.04568e+07 4.14433e+06
540.5 1.94663e+07 1.8677e+06
550 1.92839e+07 2.76939e+06
560 2.12778e+07 3.1144e+06
570.25 2.06842e+07 2.26877e+06
580 2.05416e+07 1.9049e+06
590.125 2.16902e+07 3.89102e+06
600 1.99426e+07 3.81724e+06
610 1.97435e+07 1.40669e+06
620 2.08501e+07 2.4586e+06
630 2.10315e+07 2.66991e+06
640 2.02092e+07 2.60866e+06
650 1.98816e+07 2.49333e+06
660 2.16312e+07 1.60023e+06
670 2.01093e+07 2.51171e+06
680 1.9625e+07 2.1935e+06
690 1.98321e+07 2.71189e+06
700 2.19331e+07 3.16886e+06
710.125 2.1287e+07 2.18983e+06
720 1.9083e+07 1.95587e+06
730 1.97054e+07 3.06203e+06
740 2.14632e+07 3.93328e+06
750 2.14364e+07 2.77024e+06
760 2.12798e+07 1.74044e+06
770 2.12808e+07 3.95187e+06
780 2.1556e+07 2.2191e+06
790 2.08017e+07 7.22584e+06
800 2.23349e+07 1.8799e+06
810 2.25111e+07 1.67361e+06
820 2.09954e+07 889264
830 2.07347e+07 1.82866e+06
840.25 1.7465e+07 1.08084e+06
850 2.05578e+07 2.06147e+06
860.375 2.08316e+07 2.48522e+06
870.125 2.04761e+07 1.90485e+06
880 2.1149e+07 1.82026e+06
890 2.1558e+07 2.93229e+06
900.125 2.18929e+07 3.00996e+06
910 2.05967e+07 2.93902e+06
920 1.93056e+07 2.44526e+06
930 1.83391e+07 1.50502e+06
940 1.93324e+07 1.34427e+06
950 2.08903e+07 2.12808e+06
960 2.17105e+07 3.40988e+06
970 2.24658e+07 2.19854e+06
980 2.04349e+07 1.57724e+06
990 2.08656e+07 3.93461e+06
1000 2.07471e+07 2.688e+06
1010 1.94787e+07 1.75674e+06
1020.38 2.08664e+07 1.86823e+06
1030 2.02713e+07 2.2756e+06
1040 2.01083e+07 1.36853e+06
1050 2.05142e+07 2.65353e+06
1060.5 2.03265e+07 2.09591e+06
1070 2.07587e+07 2.31657e+06
1080 2.05184e+07 3.72014e+06
1090 2.11634e+07 2.63073e+06
1100 2.11387e+07 3.85891e+06
1110 2.04792e+07 3.94317e+06
1120 2.08862e+07 2.79816e+06
1130 2.00794e+07 3.18642e+06
1140 2.16724e+07 2.43385e+06
1150.12 2.01041e+07 2.46885e+06
1160 2.12765e+07 4.91292e+06
1170 2.15995e+07 3.05593e+06
1180 2.15549e+07 2.91169e+06
1190 2.16619e+07 2.9752e+06
1200 2.11966e+07 2.33168e+06
1210 2.12283e+07 1.71051e+06
1220 1.99733e+07 2.95465e+06
1230 1.97466e+07 3.92657e+06
1240 2.11799e+07 4.45403e+06
1250 2.14632e+07 1.97216e+06
1260.12 1.97342e+07 1.39322e+06
1270 1.983e+07 2.22502e+06
1280 2.18538e+07 1.47059e+06
1290 2.19063e+07 3.40665e+06
1300 2.08347e+07 4.44009e+06
1310 2.17226e+07 3.57176e+06
1320 2.10348e+07 1.96001e+06
1330.12 2.23533e+07 3.73935e+06
1340 2.01064e+07 2.68706e+06
1350.12 1.94712e+07 1.82703e+06
1360 1.91574e+07 5.40886e+06
1370 1.95704e+07 3.25457e+06
1380 2.06502e+07 3.53767e+06
1390 2.09511e+07 2.40015e+06
1400.12 2.09717e+07 2.73745e+06
1410 2.31178e+07 2.47911e+06
1420 2.11162e+07 2.17979e+06
1430 2.1082e+07 2.34682e+06
1440 2.05524e+07 2.00627e+06
1450 2.08314e+07 2.43904e+06
1460 1.76129e+07 2.02201e+06
1470 1.95745e+07 1.68784e+06
1480 2.05946e+07 1.7838e+06
1490 1.90418e+07 903890
1500 1.88852e+07 3.18988e+06
1510 2.12262e+07 2.20852e+06
1520 1.85008e+07 3.2814e+06
1530 1.95529e+07 1.52313e+06
1540 1.95848e+07 4.38281e+06
1550 1.99032e+07 2.37687e+06
1560 2.07129e+07 2.86128e+06
1570 2.17839e+07 1.98694e+06
1580 1.97023e+07 5.10333e+06
1590 2.00619e+07 3.2654e+06
1600 2.04264e+07 2.55725e+06
1610 2.22352e+07 3.8394e+06
1620 2.11232e+07 4.32437e+06
1630 2.05812e+07 1.4861e+06
1640 2.03937e+07 3.0887e+06
1650 2.17105e+07 2.9854e+06
1660 2.08808e+07 4.27804e+06
1670 1.87257e+07 1.71095e+06
1680.12 2.0135e+07 2.70322e+06
1690 2.02793e+07 3.33813e+06
1700 2.04637e+07 3.5351e+06
1710 2.00897e+07 2.75049e+06
1720.12 1.95106e+07 1.81137e+06
1730 2.12324e+07 3.1304e+06
1740 2.10078e+07 2.89891e+06
1750.12 2.13602e+07 1.99214e+06
1760 2.10923e+07 2.619e+06
1770 1.99362e+07 2.06021e+06
1780 1.92592e+07 2.13397e+06
1790 1.94096e+07 2.16019e+06
1800 1.99238e+07 3.06399e+06
1810 1.94921e+07 3.43846e+06
1820 2.08687e+07 2.70033e+06
1830 2.09728e+07 2.2272e+06
1840 2.10665e+07 4.10155e+06
1850 2.07304e+07 2.94066e+06
1860 1.95006e+07 1.83277e+06
1870 2.00846e+07 2.15391e+06
1880 2.03937e+07 4.0402e+06
1890.25 1.88852e+07 4.08358e+06
1900 1.62752e+07 2.71774e+06
1910 1.81247e+07 2.46808e+06
1920.12 1.90498e+07 2.67483e+06
1930 1.98231e+07 2.47547e+06
1940 1.95055e+07 1.34019e+06
1950 2.00088e+07 2.25265e+06
1960 2.15142e+07 3.07147e+06
1970.38 2.11531e+07 2.55234e+06
1980.12 1.92886e+07 3.95099e+06
1990 1.97079e+07 3.24456e+06
2000 2.0166e+07 3.64195e+06
2010 2.12912e+07 1.2572e+06
2020 2.04864e+07 3.32389e+06
2030 2.1524e+07 3.75143e+06
2040 1.94042e+07 3.20604e+06
2050 2.04331e+07 2.30292e+06
2060 2.11263e+07 3.08036e+06
2070 2.08986e+07 2.17794e+06
2080 2.13138e+07 1.31188e+06
2090 2.03978e+07 1.66688e+06
2100.12 2.10065e+07 2.52591e+06
2110 2.08947e+07 2.77604e+06
2120 2.115e+07 2.23032e+06
2130 2.03195e+07 5.75787e+06
2140 1.92713e+07 3.2414e+06
2150 2.05948e+07 2.48575e+06
2160 2.02492e+07 3.46744e+06
2170 2.05554e+07 3.40058e+06
2180 1.94995e+07 1.53609e+06
2190 2.1014e+07 1.79425e+06
2200 2.11201e+07 1.89198e+06
2210 2.06327e+07 2.04107e+06
2220 2.22165e+07 3.81951e+06
2230.25 2.20058e+07 2.79327e+06
2240.12 2.07844e+07 3.74207e+06
2250.25 2.06647e+07 3.07286e+06
2260.12 2.0261e+07 3.67085e+06
2270 2.08623e+07 1.64086e+06
2280 2.00055e+07 1.63437e+06
2290 2.16889e+07 2.95985e+06
2300 1.92242e+07 3.18543e+06
2310 1.91726e+07 3.36251e+06
2320 2.01258e+07 4.33668e+06
2330 1.98587e+07 3.15917e+06
2340 2.1074e+07 1.79416e+06
2350 2.12252e+07 1.5926e+06
2360 1.96569e+07 2.37466e+06
2370 2.05802e+07 2.27183e+06
2380 2.10521e+07 3.09554e+06
2390 2.09851e+07 2.97732e+06
2400 2.2101e+07 1.46809e+06
2410 2.14055e+07 1.57781e+06
2420 2.11727e+07 2.9578e+06
2430 2.09614e+07 1.63787e+06
2440 2.07049e+07 3.10797e+06
2450 1.99496e+07 3.52976e+06
2460 2.04349e+07 2.26808e+06
2470 2.0031e+07 1.26371e+06
2480 1.99825e+07 1.98198e+06
2490 2.05451e+07 3.0741e+06
2500 2.03329e+07 3.29064e+06
2510 2.03504e+07 2.1976e+06
2520 2.0099e+07 3.57742e+06
2530 2.10129e+07 2.5652e+06
2540 2.06966e+07 3.06373e+06
2550.38 2.05828e+07 2.19319e+06
2560 2.10763e+07 3.38001e+06
2570 2.06925e+07 3.10279e+06
2580.12 2.05003e+07 2.9493e+06
2590 1.80562e+07 1.08944e+06
2600 2.05616e+07 1.9395e+06
2610.25 2.02448e+07 2.25725e+06
2620 2.04704e+07 2.62408e+06
2630 2.02267e+07 3.57669e+06
2640 1.93437e+07 2.32041e+06
2650 2.02298e+07 2.37088e+06
2660 1.94663e+07 2.61887e+06
2670 1.85111e+07 2.34077e+06
2680 1.78548e+07 3.03459e+06
2690 2.08409e+07 3.02049e+06
2700 2.21299e+07 1.70139e+06
2710 2.1759e+07 2.73364e+06
2720 2.04761e+07 2.86996e+06
2730.12 2.12922e+07 4.02472e+06
2740 1.97569e+07 2.67811e+06
2750 2.01794e+07 2.88297e+06
2760 2.11479e+07 3.73723e+06
2770 1.93097e+07 3.00627e+06
2780 2.09511e+07 1.07158e+06
2790 2.02824e+07 3.53664e+06
2800 2.05132e+07 4.59924e+06
2810 2.05019e+07 1.92507e+06
2820 2.08017e+07 2.76503e+06
2830 2.01598e+07 2.36007e+06
2840 2.02391e+07 2.87064e+06
2850 2.0912e+07 1.52099e+06
2860 2.09305e+07 2.40584e+06
2870 2.01216e+07 2.64107e+06
2880 1.96683e+07 1.5319e+06
2890 2.044e+07 3.18816e+06
2900 2.05853e+07 5.25464e+06
2910 2.08398e+07 2.94165e+06
2920 2.08367e+07 2.32972e+06
2930 2.04668e+07 1.96917e+06
2940 2.13942e+07 2.78388e+06
2950 1.97456e+07 2.35877e+06
2960 2.04133e+07 1.41633e+06
2970 2.13406e+07 4.11085e+06
2980 2.17641e+07 4.5333e+06
2990 2.20753e+07 2.50373e+06
3000 2.08192e+07 2.87277e+06
3010 2.11034e+07 6.2408e+06
3020 2.05268e+07 3.28374e+06
3030 2.04658e+07 3.11535e+06
3040 2.13561e+07 4.48116e+06
3050 2.15405e+07 4.00053e+06
3060 2.09295e+07 3.8941e+06
3070 2.24349e+07 2.42715e+06
3080 2.13282e+07 2.55342e+06
3090.12 2.0312e+07 3.02924e+06
3100 2.01188e+07 2.9957e+06
3110.12 2.23296e+07 2.76573e+06
3120 2.04259e+07 1.9275e+06
3130 1.88141e+07 1.35441e+06
3140.12 2.05379e+07 1.41976e+06
3150 2.13447e+07 4.32304e+06
3160 2.00866e+07 2.23188e+06
3170 2.13602e+07 2.89849e+06
3180 2.13571e+07 1.54457e+06
3190 2.12407e+07 889547
3200 2.00454e+07 1.3045e+06
3210 1.95663e+07 1.88179e+06
3220 2.07986e+07 1.23249e+06
3230 1.81845e+07 1.92102e+06
3240 1.98991e+07 2.30117e+06
3250 2.07481e+07 1.40804e+06
3260 2.07378e+07 1.48349e+06
3270 2.05348e+07 1.17577e+06
3280 2.14910e+07 1.30467e+06
3290 2.20135e+07 1.6373e+06
3300 2.20825e+07 2.44078e+06
3310 2.23143e+07 2.54088e+06
3320 2.20403e+07 1.38483e+06
3330 2.0031e+07 988372
3340 2.04555e+07 1.08458e+06
3350 2.11644e+07 930334
3360 2.04503e+07 1.41759e+06
3370 2.01649e+07 910922
3380 1.97878e+07 1.31739e+06
3390 2.01423e+07 3.29058e+06
3400 2.13963e+07 871522
3410 2.07574e+07 715841
3420 2.0269e+07 2.02844e+06
3430 2.03102e+07 3.61137e+06
3440 2.0777e+07 3.47386e+06
3450 1.95168e+07 1.82303e+06
3460.25 2.06013e+07 2.43783e+06
3470 2.08599e+07 2.57242e+06
3480 2.04236e+07 2.13871e+06
3490 2.1465e+07 2.48894e+06
3500 1.9381e+07 2.08213e+06
3510 2.01021e+07 3.57004e+06
3520 2.12095e+07 2.86591e+06
3530 2.01178e+07 2.93687e+06
3540 1.86585e+07 2.19886e+06
3550 2.07749e+07 1.99793e+06
3560 1.9999e+07 992646
3570 2.10109e+07 2.55756e+06
3580.12 2.16722e+07 5.32073e+06
3590 2.00534e+07 4.52788e+06
3600 1.90598e+07 1.85183e+06
3610 2.04112e+07 1.90383e+06
3620 2.08192e+07 1.38925e+06
3630 2.04637e+07 7.02023e+06
3640.12 2.03494e+07 3.47341e+06
3650 2.26884e+07 2.24861e+06
3660.12 1.97659e+07 1.80149e+06
3670 2.05753e+07 1.80361e+06
3680 2.25956e+07 6.16792e+06
3690 2.06899e+07 3.90061e+06
3700 1.8153e+07 1.80546e+06
3710 2.01536e+07 2.92458e+06
3720 2.05503e+07 4.5715e+06
3730 1.93455e+07 2.14285e+06
3740 2.03813e+07 3.96294e+06
3750 2.05266e+07 3.43062e+06
3760 1.94707e+07 2.6907e+06
3770 2.07966e+07 2.28631e+06
3780 2.06224e+07 1.87122e+06
3790.38 2.03996e+07 2.8255e+06
3800 1.98612e+07 2.05832e+06
3810 1.96157e+07 2.98821e+06
3820 2.01237e+07 1.88571e+06
3830 2.02999e+07 2.24926e+06
3840 2.01907e+07 1.68635e+06
3850 1.91376e+07 3.17879e+06
3860 1.98857e+07 2.03307e+06
3870 1.94704e+07 2.75016e+06
3880.12 2.05936e+07 1.61731e+06
3890 2.04833e+07 1.66243e+06
3900 1.9491e+07 1.09049e+06
3910 2.14787e+07 2.24004e+06
3920.12 1.97023e+07 3.17396e+06
3930 1.94673e+07 3.75606e+06
3940 2.0217e+07 3.1852e+06
3950.25 1.88895e+07 3.46934e+06
3960 2.15562e+07 2.27892e+06
3970 2.02e+07 3.16474e+06
3980 1.97435e+07 1.43221e+06
3990 1.92881e+07 2.51379e+06
4000 2.11253e+07 2.59852e+06
4010 2.14941e+07 2.61176e+06
4020 2.00032e+07 1.58543e+06
4030 1.88996e+07 1.71042e+06
4040 1.79104e+07 3.24735e+06
4050 1.89707e+07 2.17197e+06
4060.12 1.9861e+07 3.44662e+06
4070 1.85163e+07 2.12538e+06
4080.25 1.91088e+07 3.26081e+06
4090 2.0541e+07 3.96688e+06
4100 2.13736e+07 7.93597e+06
4110 2.02226e+07 4.80246e+06
4120 1.99825e+07 1.69028e+06
4130 1.91023e+07 2.75329e+06
4140 1.95510e+07 1.66052e+06
4150.25 1.72602e+07 1.70593e+06
4160 1.83844e+07 2.10755e+06
4170 1.83329e+07 3.5551e+06
4180 1.74359e+07 1.34488e+06
4190 2.11371e+07 2.27551e+06
4200 2.19269e+07 3.10913e+06
4210 2.04998e+07 3.14483e+06
4220.12 1.8955e+07 4.5121e+06
4230 2.02074e+07 2.75273e+06
4240 2.02649e+07 3.3322e+06
4250 1.99887e+07 3.80338e+06
4260 1.92097e+07 2.34658e+06
4270 1.90109e+07 3.59626e+06
4280 1.97752e+07 2.81203e+06
4290 2.08483e+07 3.06437e+06
4300 2.03947e+07 2.62235e+06
4310 2.10665e+07 2.43059e+06
4320 1.96477e+07 2.4256e+06
4330 2.05781e+07 2.18931e+06
4340 1.98713e+07 1.94106e+06
4350 2.05606e+07 1.20493e+06
4360 1.85627e+07 1.76677e+06
4370 1.76312e+07 1.42662e+06
4380.12 2.00998e+07 1.6688e+06
4390 1.90338e+07 3.50643e+06
4400 1.75219e+07 2.89517e+06
4410 1.871e+07 2.15918e+06
4420 2.01701e+07 2.6118e+06
4430 1.99187e+07 3.08429e+06
4440 1.96724e+07 1.82472e+06
4450 2.07502e+07 1.95942e+06
4460 2.03896e+07 2.70984e+06
4470.12 1.91454e+07 1.29826e+06
4480 1.72813e+07 3.02543e+06
4490 2.02103e+07 2.34534e+06
4500.12 2.03221e+07 2.32181e+06
4510 2.06332e+07 3.36728e+06
4520 2.08522e+07 1.63445e+06
4530 2.05822e+07 3.59069e+06
4540.12 1.95869e+07 3.01275e+06
4550 1.83865e+07 2.74741e+06
4560 1.87914e+07 3.49399e+06
4570 1.95609e+07 3.1467e+06
4580 1.98293e+07 3.14876e+06
4590 2.11371e+07 3.51104e+06
4600 2.01551e+07 3.93441e+06
4610 1.80552e+07 2.25594e+06
4620 1.93401e+07 2.4412e+06
4630 1.90985e+07 2.14076e+06
4640 1.88481e+07 2.24931e+06
4650 2.1217e+07 2.71834e+06
4660 2.05915e+07 1.88018e+06
4670 2.0236e+07 2.0708e+06
4680 1.99671e+07 2.64302e+06
4690 2.11788e+07 2.4118e+06
4700.12 2.07124e+07 2.2019e+06
4710 2.12146e+07 2.72968e+06
4720 1.94416e+07 3.12401e+06
4730 2.10779e+07 1.78301e+06
4740 2.16508e+07 4.01617e+06
4750 1.90263e+07 2.97706e+06
4760 2.10531e+07 1.96471e+06
4770 2.06245e+07 2.7986e+06
4780 2.02958e+07 1.07792e+06
4790 2.00732e+07 1.54339e+06
4800.12 2.11951e+07 2.26305e+06
4810 2.04537e+07 3.89915e+06
4820 1.98074e+07 2.26655e+06
4830 2.07182e+07 3.30655e+06
4840.12 2.02381e+07 4.49161e+06
4850 2.19012e+07 2.38064e+06
4860 2.06688e+07 1.7874e+06
4870.12 2.09686e+07 3.59723e+06
4880 2.07801e+07 3.50907e+06
4890 2.13118e+07 3.60953e+06
4900 2.08066e+07 3.09495e+06
4910.12 2.05709e+07 2.77622e+06
4920 1.91667e+07 2.28931e+06
4930 2.24854e+07 3.77306e+06
4940 2.13241e+07 2.72107e+06
4950 2.13293e+07 3.41164e+06
4960 2.13118e+07 2.62609e+06
4970 1.94653e+07 3.24735e+06
4980.12 2.00279e+07 3.45797e+06
4990 2.10202e+07 4.57489e+06
5000 2.13561e+07 2.13064e+06
5010 2.1014e+07 1.63775e+06
5020 2.18898e+07 1.14155e+06
5030.12 2.16302e+07 1.17792e+06
5040 1.9421e+07 3.09984e+06
5050 1.86956e+07 2.82322e+06
5060 1.96549e+07 2.99876e+06
5070 1.97693e+07 2.71821e+06
5080 2.01598e+07 2.14196e+06
5090 1.96711e+07 2.89645e+06
5100 2.04916e+07 2.16469e+06
5110 2.07041e+07 2.55945e+06
5120 2.05336e+07 2.17456e+06
5130 2.11832e+07 2.64787e+06
5140 2.05771e+07 2.86433e+06
5150 2.23164e+07 3.52752e+06
5160 2.08934e+07 2.08458e+06
5170.38 2.06461e+07 2.04711e+06
5180 2.142e+07 3.31371e+06
5190 1.94014e+07 1.56143e+06
5200 1.88924e+07 2.52331e+06
5210 1.98259e+07 4.0459e+06
5220 2.12855e+07 4.02133e+06
5230 2.19171e+07 1.83041e+06
5240 2.18538e+07 2.19848e+06
5250.12 2.07172e+07 2.1383e+06
5260.12 2.01193e+07 2.46086e+06
5270.12 1.94323e+07 2.35056e+06
5280 2.0125e+07 3.89899e+06
5290 2.20619e+07 3.22216e+06
5300 2.15374e+07 3.51986e+06
5310 2.15292e+07 2.64358e+06
5320 2.18589e+07 2.47683e+06
5330 2.10171e+07 1.87109e+06
5340 2.13921e+07 2.99399e+06
5350 2.07914e+07 2.97381e+06
5360 2.1192e+07 1.95128e+06
5370 2.07278e+07 2.83948e+06
5380 2.01989e+07 3.73406e+06
5390.12 1.95436e+07 1.78034e+06
5400.12 1.90129e+07 1.38684e+06
5410 2.09872e+07 1.6661e+06
5420 2.11964e+07 3.14551e+06
5430 2.08017e+07 1.82385e+06
5440 1.98403e+07 1.46536e+06
5450 2.00678e+07 3.99888e+06
5460 2.0193e+07 3.87016e+06
5470 1.97157e+07 1.64406e+06
5480 2.04751e+07 4.115e+06
5490.12 2.04223e+07 1.75367e+06
5500 2.00941e+07 2.54432e+06
5510 2.11294e+07 1.92019e+06
5520 2.05915e+07 3.51218e+06
5530 1.92726e+07 1.71134e+06
5540 1.98671e+07 2.27433e+06
5550 1.87213e+07 1.8674e+06
5560 1.97085e+07 5.04109e+06
5570 2.12025e+07 2.11451e+06
5580 2.13561e+07 2.2699e+06
5590 2.12695e+07 2.87317e+06
5600 2.00104e+07 3.0417e+06
5610 1.88924e+07 1.79324e+06
5620 2.04905e+07 1.97494e+06
5630 1.97456e+07 2.86504e+06
5640 1.80578e+07 1.38035e+06
5650 1.95889e+07 3.13423e+06
5660.25 2.03674e+07 1.89324e+06
5670.25 2.06824e+07 3.48934e+06
5680 2.01858e+07 2.58426e+06
5690 1.92211e+07 2.10645e+06
5700.12 1.96003e+07 2.54261e+06
5710 1.98599e+07 1.51697e+06
5720 1.8812e+07 2.43213e+06
5730 2.02978e+07 2.66202e+06
5740 2.17054e+07 3.43709e+06
5750 2.13787e+07 3.46576e+06
5760 2.07574e+07 2.88993e+06
5770 2.07059e+07 3.57759e+06
5780 2.01206e+07 2.19601e+06
5790 1.94704e+07 1.52815e+06
5800 1.95858e+07 2.62813e+06
5810.25 2.00058e+07 3.43304e+06
5820 1.76698e+07 1.66294e+06
5830 1.95209e+07 2.89452e+06
5840 1.92726e+07 2.36348e+06
5850 2.1058e+07 2.43707e+06
5860 2.09967e+07 2.42051e+06
5870.12 1.8946e+07 2.35122e+06
5880 1.94282e+07 2.23485e+06
5890 2.08252e+07 2.78073e+06
5900.12 2.16747e+07 3.42844e+06
5910 2.05029e+07 2.26935e+06
5920 2.00773e+07 1.91325e+06
5930 2.0642e+07 1.83185e+06
5940 2.07729e+07 3.25925e+06
5950 2.00928e+07 1.58705e+06
5960 1.88963e+07 2.6341e+06
5970 1.77509e+07 2.13153e+06
5980 1.88388e+07 2.59876e+06
5990 1.86585e+07 2.29981e+06
6000 1.95168e+07 2.77899e+06
6010 2.01173e+07 2.48733e+06
6020.12 1.97479e+07 2.80526e+06
6030 1.92332e+07 3.09705e+06
6040 1.97592e+07 2.23525e+06
6050 2.0338e+07 3.91909e+06
6060.38 2.00812e+07 3.0785e+06
6070 2.06041e+07 2.91736e+06
6080 2.06935e+07 3.50223e+06
6090.12 2.11755e+07 1.58122e+06
6100 2.01126e+07 3.03265e+06
6110 2.02195e+07 2.19409e+06
6120 2.02834e+07 5.30821e+06
6130 1.98507e+07 2.91863e+06
6140 2.08944e+07 2.55483e+06
6150 1.93782e+07 1.35774e+06
6160 1.92399e+07 1.86768e+06
6170 1.89184e+07 1.49056e+06
6180 1.95982e+07 3.39812e+06
6190 2.04586e+07 1.74271e+06
6200 1.97023e+07 2.44291e+06
6210 1.88738e+07 2.96922e+06
6220 2.07615e+07 2.26548e+06
6230 2.21845e+07 2.65353e+06
6240 1.94612e+07 1.6205e+06
6250 1.81907e+07 3.43471e+06
6260 1.97646e+07 2.17088e+06
6270.25 2.01786e+07 2.13934e+06
6280 2.13955e+07 2.38178e+06
6290 1.91232e+07 1.55193e+06
6300 2.1362e+07 2.66762e+06
6310 2.03939e+07 3.26316e+06
6320 2.10737e+07 2.71791e+06
6330 2.00165e+07 2.76213e+06
6340 1.93262e+07 5.50138e+06
6350 1.9558e+07 3.34834e+06
6360 2.01804e+07 1.44103e+06
6370 2.11984e+07 2.25633e+06
6380 1.9794e+07 1.19478e+06
6390.12 1.99205e+07 3.1236e+06
6400 2.11296e+07 3.86204e+06
6410 2.0304e+07 1.50296e+06
6420 2.0539e+07 2.27573e+06
6430.12 2.07786e+07 3.29964e+06
6440 1.88486e+07 3.54327e+06
6450 1.77754e+07 2.24813e+06
6460 2.05472e+07 3.72986e+06
6470 1.98795e+07 2.04e+06
6480 1.77816e+07 2.24188e+06
6490.25 1.94184e+07 792227
6500 2.01397e+07 3.4329e+06
6510 2.02072e+07 2.66734e+06
6520.12 2.02708e+07 2.6203e+06
6530 1.96871e+07 3.06816e+06
6540 1.97548e+07 1.94874e+06
6550 1.98867e+07 1.2639e+06
6560 2.00897e+07 3.79236e+06
6570 2.06647e+07 1.2201e+06
6580 1.99207e+07 3.87645e+06
6590 1.94086e+07 2.95908e+06
6600 1.80336e+07 1.12569e+06
6610 1.85199e+07 1.78465e+06
6620 1.72448e+07 1.70737e+06
6630 1.87832e+07 2.10847e+06
6640 1.94972e+07 1.47226e+06
6650 1.85513e+07 1.54954e+06
6660 1.82226e+07 1.86175e+06
6670 1.87234e+07 1.72295e+06
6680 2.07863e+07 1.49629e+06
6690 2.08367e+07 4.57532e+06
6700 2.01278e+07 3.06549e+06
6710 1.81464e+07 3.03212e+06
6720 1.82244e+07 1.58224e+06
6730 1.82445e+07 2.01066e+06
6740 1.96075e+07 4.01663e+06
6750 1.66801e+07 2.7275e+06
6760 1.95629e+07 2.93674e+06
6770 2.01765e+07 4.14426e+06
6780 1.98393e+07 2.5393e+06
6790 1.77105e+07 3.09314e+06
6800 1.81876e+07 4.79561e+06
6810 1.85482e+07 3.17214e+06
6820 1.95611e+07 2.14753e+06
6830 1.8946e+07 2.19752e+06
6840 1.91366e+07 2.48623e+06
6850.38 1.84946e+07 2.19576e+06
6860 1.92984e+07 2.38647e+06
6870 1.97177e+07 4.33236e+06
6880 1.89150e+07 3.11151e+06
6890.12 2.03357e+07 4.26708e+06
6900 1.97582e+07 2.28334e+06
6910 1.9971e+07 2.73621e+06
6920 2.09418e+07 1.6239e+06
6930 1.90204e+07 1.26858e+06
6940.12 1.97002e+07 2.55177e+06
6950 2.02669e+07 2.32693e+06
6960 1.88161e+07 1.43005e+06
6970 2.09522e+07 3.22269e+06
6980 2.03133e+07 1.39233e+06
6990.12 2.12265e+07 2.19778e+06
7000 2.00472e+07 2.58855e+06
7010 2.09728e+07 1.99888e+06
7020 2.09511e+07 2.59192e+06
7030 2.09769e+07 2.90609e+06
7040 2.06946e+07 2.10344e+06
7050 2.11448e+07 3.88341e+06
7060 1.94076e+07 5.56752e+06
7070 1.98805e+07 3.35396e+06
7080 1.85822e+07 2.00822e+06
7090 2.03535e+07 5.59723e+06
7100 1.94282e+07 2.9932e+06
7110 2.0134e+07 3.37421e+06
7120 2.00279e+07 1.97319e+06
7130 2.0937e+07 2.06736e+06
7140 2.00884e+07 2.38018e+06
7150 1.95104e+07 4.14809e+06
7160 1.91049e+07 2.90897e+06
7170 1.98764e+07 2.91626e+06
7180 1.93313e+07 2.54717e+06
7190 1.85688e+07 2.70108e+06
7200 1.99228e+07 3.28375e+06
7210.12 2.05853e+07 2.28765e+06
7220 1.97765e+07 3.71638e+06
7230 1.94972e+07 1.01737e+06
7240 1.96023e+07 887017
7250 2.03605e+07 2.70345e+06
7260 2.02744e+07 2.66733e+06
7270 1.99568e+07 3.18103e+06
7280 2.01794e+07 2.86337e+06
7290.12 2.09491e+07 3.43605e+06
7300 2.04029e+07 3.36276e+06
7310 1.95289e+07 3.34632e+06
7320 1.87989e+07 2.0313e+06
7330 1.95044e+07 1.54808e+06
7340 1.9422e+07 1.93588e+06
7350.12 2.07469e+07 2.41772e+06
7360 1.99735e+07 2.71022e+06
7370 1.89326e+07 1.76115e+06
7380 1.78764e+07 1.11506e+06
7390 2.03597e+07 2.10233e+06
7400 2.08512e+07 2.59355e+06
7410 2.03978e+07 1.42357e+06
7420 1.8202e+07 1.54158e+06
7430 2.01649e+07 1.835e+06
7440 2.04122e+07 1.83575e+06
7450 2.06039e+07 3.19404e+06
7460 2.08429e+07 2.88899e+06
7470 2.11325e+07 2.23747e+06
7480.12 2.14375e+07 2.53238e+06
7490 2.12015e+07 3.29884e+06
7500 2.14941e+07 1.6195e+06
7510 1.98022e+07 1.03229e+06
7520 2.09212e+07 1.25604e+06
7530 1.98218e+07 3.57647e+06
7540 2.11654e+07 2.65584e+06
7550 2.12971e+07 4.2327e+06
7560 2.22435e+07 1.72731e+06
7570 2.00382e+07 1.37857e+06
7580 1.76755e+07 1.84405e+06
7590.12 1.98576e+07 2.35587e+06
7600 2.0702e+07 3.72714e+06
7610 2.04967e+07 2.65066e+06
7620 1.97569e+07 2.08596e+06
7630.12 2.07636e+07 2.21491e+06
7640 2.1184e+07 3.32392e+06
7650.12 2.10251e+07 2.2769e+06
7660 2.20364e+07 2.85891e+06
7670.12 2.09602e+07 3.21151e+06
7680 2.17695e+07 2.69976e+06
7690 2.08007e+07 3.91406e+06
7700 2.05869e+07 2.84982e+06
7710 1.92679e+07 2.9473e+06
7720 2.08213e+07 2.41829e+06
7730 2.1083e+07 3.05241e+06
7740 2.01732e+07 4.02766e+06
7750 2.02955e+07 2.44141e+06
7760.12 1.92543e+07 1.2122e+06
7770.25 1.78331e+07 3.86948e+06
7780 2.15415e+07 2.26287e+06
7790 2.06028e+07 3.0737e+06
7800 2.13004e+07 2.71977e+06
7810 2.01021e+07 1.20444e+06
7820 2.08182e+07 2.7379e+06
7830 1.97826e+07 3.6943e+06
7840 1.95508e+07 2.44589e+06
7850 2.09552e+07 2.36247e+06
7860 2.17886e+07 3.05939e+06
7870 2.12347e+07 2.80918e+06
7880 2.14344e+07 2.42241e+06
7890 2.09388e+07 1.96881e+06
7900 2.09712e+07 4.4061e+06
7910 2.14699e+07 5.18069e+06
7920 2.17095e+07 1.28136e+06
7930 2.1423e+07 3.80412e+06
7940 2.09151e+07 2.8726e+06
7950 2.07667e+07 1.28277e+06
7960 2.04452e+07 1.81795e+06
7970 1.99949e+07 3.87163e+06
7980.12 2.05359e+07 3.9984e+06
7990 2.0438e+07 2.2719e+06
8000 2.19331e+07 3.20811e+06
8010 2.10191e+07 2.71609e+06
8020 1.97435e+07 1.37852e+06
8030 2.02123e+07 2.37127e+06
8040 2.06152e+07 3.94638e+06
8050.25 1.96845e+07 2.82042e+06
8060 2.04186e+07 2.38683e+06
8070 1.97538e+07 2.8113e+06
8080 2.06739e+07 4.46862e+06
8090 2.14643e+07 3.19535e+06
8100 2.04029e+07 2.71839e+06
8110.25 1.81255e+07 2.31061e+06
8120.25 1.99372e+07 4.20851e+06
8130.38 2.25338e+07 3.80864e+06
8140 2.1285e+07 3.25484e+06
8150 2.16922e+07 3.13446e+06
8160.25 2.07765e+07 2.708e+06
8170 1.98128e+07 2.53588e+06
8180 2.01435e+07 3.33871e+06
8190 2.06173e+07 2.29503e+06
8200 2.00907e+07 4.29695e+06
8210 2.01897e+07 2.93314e+06
8220 2.13406e+07 4.73416e+06
8230 2.08522e+07 5.47891e+06
8240 2.0914e+07 1.80447e+06
8250 2.11613e+07 2.62318e+06
8260 2.12087e+07 2.40626e+06
8270.25 2.11567e+07 2.01846e+06
8280 2.12865e+07 3.04758e+06
8290 2.1319e+07 1.97606e+06
8300 2.21794e+07 2.06518e+06
8310 2.15323e+07 2.2536e+06
8320 2.11902e+07 1.26195e+06
8330.12 2.01371e+07 4.32596e+06
8340 1.89171e+07 3.36899e+06
8350 2.06853e+07 2.81202e+06
8360 1.96219e+07 1.92595e+06
8370 2.13293e+07 3.7316e+06
8380 2.05699e+07 2.99863e+06
8390 1.9125e+07 2.78115e+06
8400 1.87339e+07 1.90816e+06
8410 2.20009e+07 2.67543e+06
8420 2.1991e+07 2.68507e+06
8430 2.06564e+07 2.86962e+06
8440 2.12149e+07 3.04092e+06
8450 2.09336e+07 974773
8460 1.94302e+07 2.07496e+06
8470 1.96332e+07 3.36823e+06
8480 1.99218e+07 3.56298e+06
8490 1.94715e+07 2.19345e+06
8500 2.03288e+07 1.2967e+06
8510.12 2.14929e+07 6.64659e+06
8520 2.06567e+07 3.0685e+06
8530 1.78826e+07 2.49768e+06
8540.12 2.09336e+07 5.178e+06
8550 2.11922e+07 4.1484e+06
8560.25 2.18782e+07 4.29077e+06
8570 2.15923e+07 4.65588e+06
8580 2.07863e+07 4.07904e+06
8590 2.06812e+07 3.418e+06
8600 2.22855e+07 1.92077e+06
8610 2.06863e+07 2.85319e+06
8620 2.11943e+07 3.55379e+06
8630 2.01763e+07 2.72386e+06
8640 1.95735e+07 2.39646e+06
8650 2.01412e+07 1.43742e+06
8660.25 2.0344e+07 1.742e+06
8670 2.14189e+07 3.87943e+06
8680 2.07576e+07 1.8565e+06
8690.12 2.09074e+07 2.78566e+06
8700.12 2.19609e+07 3.3149e+06
8710 2.22458e+07 2.41773e+06
8720 2.281e+07 1.97609e+06
8730 2.2208e+07 4.71599e+06
8740 2.16716e+07 2.93748e+06
8750 2.15176e+07 2.76121e+06
8760 1.91533e+07 2.34566e+06
8770.12 1.82409e+07 2.03537e+06
8780 1.99838e+07 3.38918e+06
8790 2.15281e+07 2.14876e+06
8800 2.18919e+07 4.79339e+06
8810 1.95549e+07 2.03108e+06
8820 2.06554e+07 1.99336e+06
8830 2.11778e+07 2.60175e+06
8840.25 2.12682e+07 1.56276e+06
8850 1.9143e+07 2.46312e+06
8860 2.00701e+07 2.39646e+06
8870 1.97744e+07 3.31541e+06
8880.25 2.0515e+07 2.104e+06
8890 2.02991e+07 2.03376e+06
8900 2.09573e+07 3.33854e+06
8910 2.16508e+07 3.67739e+06
8920 2.1658e+07 3.57369e+06
8930 2.11809e+07 3.11353e+06
8940.12 1.97443e+07 2.49334e+06
8950 1.86319e+07 1.26153e+06
8960.25 1.95866e+07 2.27186e+06
8970 2.06781e+07 3.85798e+06
8980 2.06484e+07 3.34936e+06
8990 2.07069e+07 1.61456e+06
9000.25 2.10485e+07 1.5263e+06
9010 1.9745e+07 3.50708e+06
9020 1.84019e+07 3.45782e+06
9030 1.91559e+07 4.79411e+06
9040 2.0463e+07 3.14208e+06
9050 2.03277e+07 2.43479e+06
9060 2.14993e+07 2.53003e+06
9070.12 2.07512e+07 4.85961e+06
9080 1.89934e+07 3.37624e+06
9090 1.82412e+07 1.97283e+06
9100 1.91098e+07 2.28329e+06
9110 1.89223e+07 2.06761e+06
9120 2.12654e+07 4.4881e+06
9130.25 2.03659e+07 3.53749e+06
9140 2.0031e+07 3.08068e+06
9150 2.08914e+07 3.41301e+06
9160.25 2.13968e+07 2.92384e+06
9170 2.10964e+07 2.51138e+06
9180 2.14091e+07 3.65216e+06
9190 2.08326e+07 1.88486e+06
9200 2.21546e+07 1.57381e+06
9210 1.94107e+07 1.34954e+06
9220 2.02638e+07 3.06895e+06
9230 2.20495e+07 3.42288e+06
9240 2.0438e+07 5.33474e+06
9250 2.0032e+07 2.83471e+06
9260 2.02711e+07 2.83989e+06
9270.12 2.0135e+07 1.88576e+06
9280 2.04367e+07 3.39114e+06
9290 2.05598e+07 3.4719e+06
9300.62 2.13028e+07 2.72614e+06
9310 2.0449e+07 2.06692e+06
9320 2.06935e+07 2.81059e+06
9330 1.95127e+07 1.63115e+06
9340 1.99197e+07 2.82055e+06
9350 2.07873e+07 1.62868e+06
9360 1.96332e+07 3.26638e+06
9370 2.02649e+07 2.32671e+06
9380 2.15075e+07 2.67763e+06
9390 2.0982e+07 3.59592e+06
9400.38 2.07172e+07 2.62013e+06
9410 1.98445e+07 2.89806e+06
9420 1.89676e+07 2.96963e+06
9430 1.99805e+07 2.68001e+06
9440 2.06492e+07 1.71081e+06
9450 2.12262e+07 2.7861e+06
9460 2.10573e+07 1.34115e+06
9470 2.07337e+07 3.23433e+06
9480 1.99269e+07 3.34886e+06
9490 1.99959e+07 2.37335e+06
9500 2.15938e+07 2.29303e+06
9510 2.16222e+07 4.82861e+06
9520 2.07901e+07 2.58839e+06
9530 2.10204e+07 3.10024e+06
9540 2.1191e+07 2.22555e+06
9550 1.87257e+07 1.73998e+06
9560 2.22865e+07 2.36545e+06
9570 2.2032e+07 4.15851e+06
9580 2.0474e+07 3.20241e+06
9590 2.01227e+07 1.85369e+06
9600 2.01381e+07 1.66477e+06
9610.25 2.10372e+07 2.19533e+06
9620 2.02283e+07 2.26555e+06
9630 2.23916e+07 2.65077e+06
9640.5 2.10737e+07 1.28651e+06
9650 1.99351e+07 4.03795e+06
9660.75 2.05676e+07 2.49299e+06
9670.25 2.04308e+07 5.15141e+06
9680 1.88174e+07 2.37544e+06
9690 2.01433e+07 3.4073e+06
9700 1.96672e+07 2.31722e+06
9710 1.9532e+07 2.46558e+06
9720 2.10729e+07 1.71045e+06
9730 2.08697e+07 3.77111e+06
9740 1.92528e+07 3.04874e+06
9750 2.17242e+07 6.09178e+06
9760 2.15745e+07 4.1211e+06
9770 2.10789e+07 2.2804e+06
9780 2.14972e+07 2.5381e+06
9790 2.0244e+07 2.7978e+06
9800 2.1209e+07 3.72479e+06
9810 2.19485e+07 1.74678e+06
9820 2.0677e+07 3.57494e+06
9830 2.12819e+07 2.67251e+06
9840.12 1.94993e+07 2.39354e+06
9850 1.9997e+07 3.86632e+06
9860 2.13818e+07 2.75239e+06
9870.12 2.10542e+07 2.38201e+06
9880 2.09014e+07 2.83773e+06
9890 2.09606e+07 2.16976e+06
9900 2.07533e+07 3.70648e+06
9910 2.09913e+07 2.04384e+06
9920 1.99722e+07 2.88767e+06
9930 2.00176e+07 1.9994e+06
9940 2.09697e+07 3.4654e+06
9950 1.97456e+07 2.43021e+06
9960 1.88316e+07 1.06393e+06
9970 1.9558e+07 1.51002e+06
9980 2.07327e+07 2.63752e+06
9990 2.1457e+07 1.61265e+06
10000 2.03947e+07 2.93912e+06
10010.1 1.9499e+07 1.80962e+06
10020 2.18169e+07 2.8264e+06
10030.4 2.08293e+07 1.54113e+06
10040 2.10503e+07 3.20191e+06
10050 2.18692e+07 3.92041e+06
10060 2.11652e+07 3.48864e+06
10070 2.05207e+07 2.66893e+06
10080 2.12551e+07 2.04819e+06
10090 2.02741e+07 1.84497e+06
10100 1.84699e+07 3.30406e+06
10110.1 1.96662e+07 2.04099e+06
10120 2.11768e+07 3.24722e+06
10130 2.13839e+07 2.61946e+06
10140 2.09954e+07 2.53199e+06
10150 2.01371e+07 3.542e+06
10160 2.05668e+07 1.80396e+06
10170.1 1.89068e+07 1.30139e+06
10180 2.10882e+07 1.79795e+06
10190 2.04184e+07 2.00229e+06
10200 2.07994e+07 2.60582e+06
10210 2.03908e+07 2.90933e+06
10220 1.94784e+07 2.61585e+06
10230.1 1.93151e+07 2.11616e+06
10240.1 2.09099e+07 4.26088e+06
10250 2.05297e+07 1.69068e+06
10260.1 2.0242e+07 3.06989e+06
10270 2.09524e+07 3.59464e+06
10280 2.09892e+07 2.47672e+06
10290 2.00227e+07 2.64649e+06
10300 2.04112e+07 2.34381e+06
10310.2 2.14496e+07 2.57571e+06
10320.1 1.915e+07 1.64311e+06
10330 1.99694e+07 3.11014e+06
10340.1 2.13074e+07 1.70456e+06
10350 1.98035e+07 3.28075e+06
10360.4 1.94591e+07 4.25203e+06
10370 1.91386e+07 3.34376e+06
10380.4 1.65593e+07 1.41219e+06
10390 1.94398e+07 3.22371e+06
10400 1.89985e+07 2.46483e+06
10410.1 2.01606e+07 3.26628e+06
10420 1.89957e+07 1.98247e+06
10430.4 1.89985e+07 2.65299e+06
10440 1.93756e+07 5.41089e+06
10450.1 1.97979e+07 2.49622e+06
10460 2.0702e+07 4.39381e+06
10470 2.18123e+07 3.33639e+06
10480 2.19199e+07 2.57625e+06
10490.1 2.081e+07 2.75621e+06
10500 2.01876e+07 4.18781e+06
10510.1 2.07992e+07 2.00852e+06
10520 2.04683e+07 2.49618e+06
10530 2.10449e+07 3.67814e+06
10540 1.9726e+07 3.66138e+06
10550.1 1.98177e+07 3.47697e+06
10560 1.85122e+07 1.19492e+06
10570 2.13911e+07 2.8176e+06
10580 2.1286e+07 6.28779e+06
10590 2.05606e+07 3.0715e+06
10600 1.94807e+07 1.8859e+06
10610 2.03628e+07 1.86471e+06
10620 2.02577e+07 2.17568e+06
10630 2.04514e+07 1.59384e+06
10640 2.06616e+07 2.99287e+06
10650.1 2.04759e+07 3.98961e+06
10660 1.99187e+07 2.1407e+06
10670 2.02033e+07 2.09891e+06
10680 1.91757e+07 2.21927e+06
10690.1 2.04759e+07 2.01843e+06
10700 2.15047e+07 2.2296e+06
10710.1 1.99576e+07 2.63571e+06
10720.1 1.96077e+07 1.93675e+06
10730 2.13272e+07 4.77707e+06
10740 2.1762e+07 3.83389e+06
10750 1.83236e+07 2.42311e+06
10760 1.9253e+07 1.62892e+06
10770 2.03648e+07 3.08376e+06
10780 1.85276e+07 1.68222e+06
10790 1.94931e+07 1.61229e+06
10800 1.92242e+07 3.47072e+06
10810 1.9863e+07 1.75809e+06
10820 2.05184e+07 1.58865e+06
10830 2.0268e+07 2.72991e+06
10840 1.97177e+07 1.69605e+06
10850 2.09532e+07 2.25328e+06
10860 2.16116e+07 2.50439e+06
10870 2.0946e+07 2.88937e+06
10880 1.79764e+07 2.23503e+06
10890 1.90549e+07 4.29973e+06
10900 1.92296e+07 1.10518e+06
10910 2.02175e+07 2.31655e+06
10920 2.03246e+07 2.31603e+06
10930 1.66245e+07 2.266e+06
10940 2.00949e+07 1.96324e+06
10950 2.17208e+07 1.75854e+06
10960 1.89014e+07 1.82276e+06
10970 2.08576e+07 3.67725e+06
10980 2.0447e+07 2.52828e+06
10990 1.95366e+07 2.54018e+06
11000 2.03697e+07 2.04274e+06
11010.2 2.03555e+07 2.40626e+06
11020.1 1.9151e+07 2.44192e+06
11030 2.00776e+07 3.34126e+06
11040.1 2.04923e+07 3.42562e+06
11050 2.05918e+07 2.94002e+06
11060 2.15663e+07 2.18839e+06
11070 2.2041e+07 2.56582e+06
11080 2.14016e+07 2.96732e+06
11090 2.05163e+07 2.11699e+06
11100 1.966e+07 3.81752e+06
11110 2.17177e+07 2.40176e+06
11120 2.06832e+07 4.6699e+06
11130 2.15014e+07 3.39442e+06
11140 2.1082e+07 2.8239e+06
11150 2.0743e+07 2.30968e+06
11160 2.11673e+07 2.84059e+06
11170 2.12912e+07 2.75253e+06
11180 2.11059e+07 5.81433e+06
11190 2.04849e+07 3.13062e+06
11200 2.06064e+07 2.31755e+06
11210 1.97342e+07 2.00305e+06
11220 1.93252e+07 3.37077e+06
11230 2.04277e+07 3.95453e+06
11240 1.92293e+07 1.94123e+06
11250 2.08388e+07 2.65557e+06
11260.1 1.9728e+07 2.30558e+06
11270 2.06368e+07 2.43717e+06
11280 2.088e+07 2.61292e+06
11290 2.22206e+07 2.95518e+06
11300 2.08558e+07 1.88327e+06
11310 2.09877e+07 2.9567e+06
11320 2.05153e+07 2.23478e+06
11330 2.0169e+07 2.0371e+06
11340 2.14282e+07 1.9674e+06
11350 2.04462e+07 2.63022e+06
11360 2.1092e+07 2.21721e+06
11370.1 2.09573e+07 3.51285e+06
11380 2.07494e+07 4.46371e+06
11390 2.07584e+07 3.63687e+06
11400 2.06935e+07 3.2935e+06
11410 2.04833e+07 1.18773e+06
11420 2.15251e+07 801183
11430 2.13705e+07 1.67799e+06
11440 2.11817e+07 4.78809e+06
11450 2.15912e+07 3.47669e+06
11460 2.02615e+07 3.14187e+06
11470 1.96909e+07 2.15088e+06
11480 2.09338e+07 3.2076e+06
11490 2.07893e+07 2.85968e+06
11500 1.93581e+07 1.84656e+06
11510 2.0573e+07 2.61346e+06
11520 1.98888e+07 2.53388e+06
11530 2.08285e+07 1.68708e+06
11540 2.07986e+07 4.30331e+06
11550 1.99679e+07 2.56918e+06
11560.2 2.07855e+07 3.6324e+06
11570 1.993e+07 6.21552e+06
11580 1.8505e+07 3.10703e+06
11590 1.99764e+07 2.27417e+06
11600 1.85441e+07 2.11254e+06
11610 1.97476e+07 1.91264e+06
11620 1.9829e+07 2.91397e+06
11630 2.03906e+07 2.41792e+06
11640.1 2.05132e+07 1.74139e+06
11650 2.04503e+07 1.46168e+06
11660 1.98906e+07 1.43112e+06
11670.1 2.01155e+07 1.73645e+06
11680 2.01837e+07 2.08258e+06
11690 2.03483e+07 3.61253e+06
11700 2.2065e+07 4.13531e+06
11710.5 2.11443e+07 2.94287e+06
11720.2 2.07267e+07 2.71128e+06
11730 2.01188e+07 1.47004e+06
11740 2.12829e+07 2.15694e+06
11750 1.92087e+07 4.74215e+06
11760 1.97538e+07 2.91021e+06
11770 2.06451e+07 1.69598e+06
11780 1.95694e+07 3.7664e+06
11790 1.94385e+07 5.57194e+06
11800 2.00402e+07 3.32114e+06
11810 2.05668e+07 2.48649e+06
11820 1.94045e+07 2.3011e+06
11830 1.95446e+07 2.807e+06
11840 1.97198e+07 2.44925e+06
11850 2.12407e+07 3.88659e+06
11860.2 2.17731e+07 2.28396e+06
11870 2.12306e+07 3.65299e+06
11880 2.00493e+07 3.58446e+06
11890 2.01144e+07 3.30123e+06
11900 2.10256e+07 2.22675e+06
11910 2.15941e+07 4.55278e+06
11920.2 2.05756e+07 2.55455e+06
11930 1.98316e+07 2.95563e+06
11940 2.03133e+07 1.131e+06
11950.2 2.06582e+07 2.1108e+06
11960 2.20158e+07 2.57495e+06
11970 2.14395e+07 3.52285e+06
11980 1.9457e+07 2.36976e+06
11990 2.14447e+07 3.57353e+06
12000 2.10851e+07 4.40736e+06
12010 2.23308e+07 2.40944e+06
12020 2.06935e+07 2.02542e+06
12030 2.0201e+07 2.60044e+06
12040 2.1759e+07 3.90568e+06
12050 2.0982e+07 2.25872e+06
12060.1 1.9159e+07 3.56966e+06
12070 1.93295e+07 2.04303e+06
12080 1.99815e+07 2.7581e+06
12090 2.14929e+07 2.01809e+06
12100 2.1853e+07 2.34525e+06
12110 2.09789e+07 2.13407e+06
12120 1.99331e+07 2.86037e+06
12130 2.03937e+07 935603
12140 2.03257e+07 3.11732e+06
12150 2.17111e+07 2.5702e+06
12160 1.93895e+07 1.83664e+06
12170.2 1.98692e+07 1.66661e+06
12180.1 2.05642e+07 2.53651e+06
12190 2.0124e+07 2.30138e+06
12200 1.91234e+07 4.18187e+06
12210.1 2.12489e+07 2.70728e+06
12220.1 2.01041e+07 3.29999e+06
12230 2.1082e+07 3.06296e+06
12240 2.04483e+07 4.51123e+06
12250 1.99547e+07 2.62392e+06
12260 2.00588e+07 3.60138e+06
12270 2.18074e+07 1.99699e+06
12280 2.12231e+07 2.79244e+06
12290 2.1149e+07 3.56556e+06
12300 2.16312e+07 2.99867e+06
12310 2.12561e+07 2.5538e+06
12320 1.98239e+07 3.63575e+06
12330 2.01031e+07 2.03156e+06
12340 2.07708e+07 2.7744e+06
12350.1 1.85905e+07 2.467e+06
12360 2.07358e+07 3.11427e+06
12370.1 2.299e+07 5.32253e+06
12380 2.17891e+07 4.51578e+06
12390 2.19506e+07 3.49231e+06
12400 2.14496e+07 2.85503e+06
12410 2.10884e+07 1.98011e+06
12420 2.13156e+07 3.59293e+06
12430.1 2.08883e+07 3.11474e+06
12440 2.04681e+07 2.73405e+06
12450 1.98599e+07 3.02749e+06
12460 1.96435e+07 1.98925e+06
12470 2.0201e+07 2.71548e+06
12480 2.16168e+07 4.19127e+06
12490 2.17682e+07 4.34502e+06
12500 2.09089e+07 3.39784e+06
12510 2.07141e+07 2.79933e+06
12520.1 2.08419e+07 2.79001e+06
12530 1.90593e+07 2.53001e+06
12540.1 2.00073e+07 2.11181e+06
12550 2.25781e+07 3.16048e+06
12560.1 2.13004e+07 2.05458e+06
12570 2.06863e+07 1.80108e+06
12580 2.12633e+07 2.06137e+06
12590 2.15714e+07 3.12133e+06
12600 2.09862e+07 1.34451e+06
12610 2.15158e+07 3.82442e+06
12620 2.05544e+07 3.05075e+06
12630 2.10531e+07 1.71537e+06
12640 1.90346e+07 1.89123e+06
12650 2.1115e+07 2.07879e+06
12660 2.13355e+07 1.57501e+06
12670 2.31827e+07 2.88516e+06
12680 2.03084e+07 3.47085e+06
12690 1.95024e+07 2.14091e+06
12700.1 2.06338e+07 2.09009e+06
12710 2.0304e+07 1.51844e+06
12720 2.04359e+07 3.39006e+06
12730 2.08965e+07 2.03538e+06
12740 1.88553e+07 1.83167e+06
12750 2.08862e+07 3.33774e+06
12760 2.04079e+07 2.7741e+06
12770 2.0703e+07 2.4974e+06
12780 2.12458e+07 2.89174e+06
12790 2.04534e+07 2.45304e+06
12800 1.86574e+07 3.4193e+06
12810 1.96905e+07 3.18509e+06
12820 2.14998e+07 3.41685e+06
12830 2.06822e+07 2.57816e+06
12840 2.09398e+07 3.16847e+06
12850 2.09037e+07 3.54802e+06
12860 2.12025e+07 4.51701e+06
12870 2.08234e+07 3.70766e+06
12880 2.0811e+07 3.43333e+06
12890.1 2.06791e+07 3.01867e+06
12900 1.98383e+07 2.13981e+06
12910.1 1.8915e+07 2.04132e+06
12920 1.85967e+07 2.95935e+06
12930.1 2.04717e+07 2.68952e+06
12940 2.24836e+07 3.36888e+06
12950 2.13416e+07 1.45042e+06
12960 2.06482e+07 1.49977e+06
12970 2.0913e+07 3.29854e+06
12980 1.98166e+07 1.58753e+06
12990 2.04874e+07 2.74316e+06
13000 1.99877e+07 2.18622e+06
13010.1 1.84944e+07 2.42964e+06
13020 2.01847e+07 4.24221e+06
13030 2.09522e+07 2.52743e+06
13040 2.10284e+07 3.26072e+06
13050 2.14952e+07 2.73444e+06
13060 1.94921e+07 1.63867e+06
13070 2.11479e+07 2.11418e+06
13080 2.04163e+07 2.21926e+06
13090 1.99112e+07 2.10497e+06
13100 1.89297e+07 2.71809e+06
13110 2.0169e+07 2.33407e+06
13120 2.01812e+07 3.7772e+06
13130 2.06422e+07 2.60112e+06
13140 2.03298e+07 2.24319e+06
13150 1.99753e+07 1.34642e+06
13160 2.04689e+07 1.82775e+06
13170.1 1.93519e+07 2.05421e+06
13180 2.0471e+07 2.31918e+06
13190 2.01072e+07 1.62972e+06
13200 1.9793e+07 1.6802e+06
13210 1.96126e+07 1.77315e+06
13220 2.12448e+07 2.18499e+06
13230 2.13149e+07 1.4115e+06
13240 2.24905e+07 2.32195e+06
13250 2.17641e+07 1.72125e+06
13260 1.98239e+07 2.4402e+06
13270 2.00928e+07 3.7909e+06
13280 2.17744e+07 3.62659e+06
13290 2.10325e+07 3.66649e+06
13300 2.2098e+07 3.51431e+06
13310 2.08697e+07 3.07439e+06
13320 2.04421e+07 3.52758e+06
13330 2.18906e+07 2.38139e+06
13340 2.20281e+07 3.58429e+06
13350 2.09759e+07 2.71485e+06
13360 2.02721e+07 1.82699e+06
13370 2.10325e+07 3.02502e+06
13380 2.05853e+07 1.6658e+06
13390 2.04885e+07 1.64717e+06
13400.2 2.15918e+07 2.77573e+06
13410 2.03785e+07 3.12013e+06
13420 2.06554e+07 3.19919e+06
13430 2.0169e+07 1.91442e+06
13440 2.03514e+07 3.02414e+06
13450 2.14179e+07 2.19871e+06
13460 2.12798e+07 2.94763e+06
13470 2.12417e+07 3.4134e+06
13480 1.98208e+07 3.09141e+06
13490 2.14725e+07 5.88374e+06
13500 2.06595e+07 3.68612e+06
13510 2.10727e+07 2.124e+06
13520 2.03831e+07 4.58243e+06
13530 2.13007e+07 4.23497e+06
13540.1 2.2419e+07 3.17389e+06
13550 2.05971e+07 2.88452e+06
13560 2.07984e+07 3.89173e+06
13570 2.07595e+07 2.4861e+06
13580 2.05268e+07 2.79916e+06
13590 2.13118e+07 4.81377e+06
13600 1.97043e+07 3.36361e+06
13610 1.98517e+07 2.20281e+06
13620 2.10665e+07 2.78898e+06
13630 2.08883e+07 3.1248e+06
13640 2.09346e+07 2.57785e+06
13650 2.11871e+07 2.95272e+06
13660 2.17693e+07 3.63921e+06
13670 1.97639e+07 2.21007e+06
13680 2.13728e+07 3.07073e+06
13690 2.08213e+07 2.21743e+06
13700 2.13231e+07 2.99423e+06
13710 2.15766e+07 5.07329e+06
13720.1 1.94715e+07 2.50113e+06
13730 1.80485e+07 1.93605e+06
13740 2.0101e+07 2.06085e+06
13750 2.0209e+07 2.71756e+06
13760.2 2.01917e+07 4.14421e+06
13770 1.9517e+07 2.688e+06
13780 2.18136e+07 4.20118e+06
13790 2.23123e+07 3.21632e+06
13800 2.15725e+07 1.94186e+06
13810 2.03388e+07 1.96828e+06
13820 1.9957e+07 1.63505e+06
13830 1.99135e+07 2.76739e+06
13840 2.02543e+07 3.8227e+06
13850 2.19094e+07 4.68745e+06
13860 1.97272e+07 4.1516e+06
13870.1 2.14117e+07 4.92629e+06
13880 2.12365e+07 3.64294e+06
13890 2.02183e+07 2.1293e+06
13900 2.08566e+07 2.7514e+06
13910 2.18785e+07 3.34742e+06
13920 2.12468e+07 2.22311e+06
13930 2.04576e+07 2.78583e+06
13940 1.9727e+07 3.26284e+06
13950 1.98177e+07 4.05742e+06
13960 2.08233e+07 4.09768e+06
13970 2.06028e+07 2.75303e+06
13980 2.05627e+07 2.54028e+06
13990 2.15683e+07 4.83963e+06
14000.1 2.02582e+07 4.24451e+06
14010 1.85889e+07 1.91924e+06
14020 1.99547e+07 2.40033e+06
14030 2.00485e+07 1.67607e+06
14040.1 2.01212e+07 5.0096e+06
14050 2.13079e+07 3.34469e+06
14060 2.15346e+07 3.46478e+06
14070 1.93458e+07 1.87362e+06
14080 1.9659e+07 3.76476e+06
14090 2.04194e+07 3.54289e+06
14100 2.0404e+07 3.04386e+06
14110 1.96126e+07 2.88615e+06
14120.2 2.0372e+07 3.93941e+06
14130.1 2.06727e+07 6.28049e+06
14140 2.0463e+07 5.8128e+06
14150 2.12798e+07 3.75355e+06
14160.1 2.10418e+07 2.19126e+06
14170 2.06812e+07 3.29838e+06
14180 2.12747e+07 2.92446e+06
14190 2.11799e+07 4.73693e+06
14200 1.98156e+07 2.77496e+06
14210 2.14622e+07 3.16693e+06
14220 2.05534e+07 3.37208e+06
14230 1.8846e+07 2.71684e+06
14240 1.95354e+07 2.9166e+06
14250 2.05111e+07 2.25522e+06
14260 2.10418e+07 2.65901e+06
14270 2.14684e+07 1.0042e+06
14280 2.01938e+07 1.58203e+06
14290 2.10057e+07 1.75259e+06
14300 2.12438e+07 1.14324e+06
14310 2.24689e+07 1.15975e+06
14320 2.07852e+07 1.56901e+06
14330 2.16456e+07 1.15004e+06
14340 2.20444e+07 1.44482e+06
14350 2.14756e+07 1.56738e+06
14360 2.12201e+07 1.35158e+06
14370 2.21e+07 1.45736e+06
14380 2.08316e+07 1.36975e+06
14390 2.08594e+07 770102
14400 2.23926e+07 1.79752e+06
14410 2.14869e+07 1.09207e+06
14420 2.19496e+07 1.66753e+06
14430 2.08903e+07 1.15844e+06
14440 2.14241e+07 1.54172e+06
14450 2.06884e+07 1.27934e+06
14460 2.02525e+07 566171
14470 1.99825e+07 1.59496e+06
14480 2.15745e+07 1.65735e+06
14490 2.09181e+07 2.57801e+06
14500.2 2.13208e+07 3.05177e+06
14510.1 2.06505e+07 1.94881e+06
14520 2.08254e+07 2.78657e+06
14530 2.02175e+07 2.87727e+06
14540 2.0948e+07 2.19365e+06
14550 1.89161e+07 2.85801e+06
14560.2 2.11031e+07 3.19873e+06
14570 2.17306e+07 3.27507e+06
14580 2.06214e+07 1.7365e+06
14590 1.87285e+07 3.44211e+06
14600 2.11943e+07 3.0383e+06
14610 1.98166e+07 4.16529e+06
14620 2.17136e+07 3.34997e+06
14630 2.21567e+07 5.56458e+06
14640 2.12827e+07 2.75782e+06
14650 2.13048e+07 2.25351e+06
14660.2 2.07986e+07 3.85267e+06
14670 2.04977e+07 4.04098e+06
14680 2.03803e+07 4.45535e+06
14690.1 2.27587e+07 3.13557e+06
14700 2.17669e+07 2.92301e+06
14710 2.03007e+07 2.06111e+06
14720 2.0057e+07 1.95813e+06
14730 2.16095e+07 2.1581e+06
14740 2.11799e+07 1.39462e+06
14750 2.166e+07 1.7271e+06
14760.2 2.08664e+07 1.91905e+06
14770.1 2.03723e+07 1.08538e+06
14780 2.13455e+07 2.17794e+06
14790 2.1346e+07 2.379e+06
14800 2.04823e+07 4.65405e+06
14810 2.06317e+07 2.94322e+06
14820 2.20781e+07 2.34833e+06
14830 2.23978e+07 1.88368e+06
14840 2.14233e+07 2.887e+06
14850 2.03659e+07 1.54476e+06
14860 2.00681e+07 3.41017e+06
14870 2.18022e+07 2.69545e+06
14880 2.17445e+07 3.60273e+06
14890 2.01268e+07 2.31022e+06
14900 2.02327e+07 2.33845e+06
14910 2.05464e+07 2.35117e+06
14920 2.08635e+07 2.22657e+06
14930 2.05439e+07 1.78951e+06
14940.1 1.98803e+07 1.941e+06
14950 1.93545e+07 1.98815e+06
14960.1 1.92571e+07 1.70156e+06
14970 2.00567e+07 2.09311e+06
14980 2.14931e+07 2.32614e+06
14990 2.16384e+07 1.63999e+06
15000 2.21618e+07 3.97483e+06
15010 2.02298e+07 1.89212e+06
15020 2.15312e+07 1.98315e+06
15030 2.11067e+07 2.52536e+06
15040 2.13664e+07 2.815e+06
15050 2.04153e+07 1.54018e+06
15060 2.04606e+07 3.4108e+06
15070 2.13159e+07 2.79899e+06
15080 2.14807e+07 2.15402e+06
15090 2.06469e+07 2.84808e+06
15100 2.09101e+07 2.36094e+06
15110 2.01629e+07 2.10427e+06
15120 1.96219e+07 5.05685e+06
15130 2.15117e+07 3.6023e+06
15140 2.11407e+07 2.09825e+06
15150 2.04699e+07 3.56518e+06
15160 1.94962e+07 2.02906e+06
15170 2.10377e+07 3.64173e+06
15180 2.10377e+07 2.96928e+06
15190 2.04967e+07 2.8431e+06
15200 2.00534e+07 2.93576e+06
15210 2.18901e+07 4.94542e+06
15220 1.96322e+07 3.95533e+06
15230 2.08089e+07 3.67923e+06
15240 2.13004e+07 1.3847e+06
15250.1 2.10882e+07 1.8416e+06
15260 2.0505e+07 2.39665e+06
15270 2.02329e+07 1.80776e+06
15280 1.95487e+07 2.0388e+06
15290 1.95529e+07 4.36858e+06
15300 2.00392e+07 2.53142e+06
15310 2.03257e+07 2.62771e+06
15320 1.99774e+07 1.89524e+06
15330 2.06461e+07 2.9125e+06
15340 2.09944e+07 2.42952e+06
15350 2.11232e+07 4.07718e+06
15360 1.99424e+07 2.89647e+06
15370 2.18641e+07 2.28272e+06
15380.2 2.0676e+07 2.06631e+06
15390.1 2.04648e+07 2.07339e+06
15400 2.01299e+07 2.55648e+06
15410 1.8881e+07 1.63799e+06
15420 2.01031e+07 2.47796e+06
15430 2.02649e+07 3.47689e+06
15440 1.99959e+07 1.33225e+06
15450 2.08314e+07 3.81895e+06
15460 1.94527e+07 5.01905e+06
15470 1.95904e+07 1.88317e+06
15480.1 1.92103e+07 1.8618e+06
15490 2.02994e+07 1.90767e+06
15500 2.04885e+07 2.59454e+06
15510 2.06338e+07 1.91768e+06
15520 2.03916e+07 2.71522e+06
15530 1.90655e+07 1.13767e+06
15540 1.85029e+07 1.02171e+06
15550 1.95106e+07 4.16858e+06
15560 2.03751e+07 3.67375e+06
15570 2.07646e+07 2.64632e+06
15580.2 2.13963e+07 4.46208e+06
15590 2.04019e+07 2.77635e+06
15600 2.10624e+07 2.69706e+06
15610 1.95354e+07 1.61257e+06
15620 2.05511e+07 2.55933e+06
15630 2.19612e+07 4.27421e+06
15640 2.04194e+07 3.24266e+06
15650.1 2.11776e+07 2.10458e+06
15660 2.09277e+07 3.76182e+06
15670 2.03782e+07 1.47988e+06
15680 2.11428e+07 1.96298e+06
15690 2.07543e+07 4.11122e+06
15700 2.10933e+07 3.74179e+06
15710.1 1.99547e+07 1.95423e+06
15720 2.07286e+07 3.31954e+06
15730.2 2.02917e+07 2.18044e+06
15740 1.91046e+07 3.03991e+06
15750 2.07131e+07 1.42567e+06
15760 2.16322e+07 2.52089e+06
15770 2.05987e+07 2.97163e+06
15780 2.0303e+07 1.66663e+06
15790.4 1.97314e+07 2.4941e+06
15800 2.07241e+07 2.92521e+06
15810 2.0234e+07 2.75179e+06
15820 2.03174e+07 2.55357e+06
15830 2.18022e+07 3.03814e+06
15840 2.20701e+07 1.95298e+06
15850 2.14622e+07 2.248e+06
15860 2.16539e+07 4.06195e+06
15870 2.05709e+07 5.29923e+06
15880 2.17618e+07 3.72413e+06
15890 2.15807e+07 4.60331e+06
15900 2.08772e+07 2.36371e+06
15910 2.14055e+07 2.59707e+06
15920 2.14107e+07 3.50691e+06
15930 2.20804e+07 3.67923e+06
15940 2.01897e+07 1.69339e+06
15950 2.03123e+07 3.25901e+06
15960.1 1.91711e+07 2.54299e+06
15970 1.98243e+07 1.90604e+06
15980.1 2.0303e+07 2.18992e+06
15990 2.04009e+07 2.94957e+06
16000 2.08357e+07 2.39614e+06
16010 2.00619e+07 2.52983e+06
16020 1.9727e+07 3.20108e+06
16030 2.04614e+07 2.3243e+06
16040 2.10482e+07 3.11165e+06
16050 2.0505e+07 3.34113e+06
16060 2.09388e+07 2.23422e+06
16070 1.98785e+07 3.05177e+06
16080 2.03607e+07 1.45912e+06
16090 2.1506e+07 2.84249e+06
16100 2.13936e+07 2.1671e+06
16110 2.04668e+07 1.40205e+06
16120 1.93901e+07 2.63044e+06
16130 2.03226e+07 1.91109e+06
16140 2.01657e+07 1.7767e+06
16150 2.1877e+07 2.00809e+06
16160 2.01765e+07 2.5252e+06
16170 1.90938e+07 1.99395e+06
16180 2.12654e+07 3.17763e+06
16190.2 1.9939e+07 2.01201e+06
16200 1.95974e+07 2.94812e+06
16210.1 2.11526e+07 4.90017e+06
16220 2.14771e+07 2.45441e+06
16230 1.94568e+07 2.59186e+06
16240 2.02435e+07 2.59744e+06
16250 2.19692e+07 2.255e+06
16260 2.05462e+07 2.32185e+06
16270.1 2.10356e+07 2.76467e+06
16280 2.07409e+07 3.72773e+06
16290 2.05379e+07 1.48108e+06
16300 2.05317e+07 1.18098e+06
16310 2.10789e+07 1.73561e+06
16320 1.98661e+07 1.15929e+06
16330 2.10645e+07 3.55525e+06
16340 2.04473e+07 3.20249e+06
16350 2.08831e+07 3.81464e+06
16360 1.87656e+07 3.2944e+06
16370 1.88365e+07 2.90176e+06
16380.1 2.02991e+07 4.90108e+06
16390.1 1.95457e+07 2.3172e+06
16400 1.96745e+07 1.75643e+06
16410 1.97043e+07 2.60838e+06
16420 1.80328e+07 1.90816e+06
16430 1.87989e+07 2.73391e+06
16440 1.90645e+07 2.52414e+06
16450 2.03996e+07 1.87179e+06
16460 2.16314e+07 3.55984e+06
16470 1.95292e+07 2.2734e+06
16480 1.99073e+07 2.0913e+06
16490 2.0473e+07 2.78953e+06
16500 2.21464e+07 2.36046e+06
16510 2.03865e+07 2.54234e+06
16520 2.10088e+07 3.43996e+06
16530 2.13839e+07 2.74855e+06
16540 2.19424e+07 2.36937e+06
16550 2.06399e+07 5.60052e+06
16560 2.06338e+07 3.15009e+06
16570 1.97713e+07 3.68308e+06
16580 2.15611e+07 3.28934e+06
16590 2.08221e+07 875327
16600 2.17602e+07 4.10054e+06
16610 1.84586e+07 4.97739e+06
16620 1.91613e+07 1.42506e+06
16630 2.10078e+07 3.99483e+06
16640 2.09346e+07 1.26782e+06
16650 2.0507e+07 1.70674e+06
16660 1.96745e+07 1.54784e+06
16670.4 2.09074e+07 2.96392e+06
16680.1 1.99552e+07 2.80452e+06
16690 2.02906e+07 2.00896e+06
16700 1.9456e+07 1.34867e+06
16710 1.98919e+07 3.44667e+06
16720 1.96845e+07 3.14178e+06
16730 2.09967e+07 2.34159e+06
16740 2.06667e+07 2.07401e+06
16750 2.10951e+07 4.27708e+06
16760 2.19818e+07 4.13613e+06
16770 2.271e+07 3.80386e+06
16780 2.19187e+07 1.25371e+06
16790 1.97775e+07 1.59275e+06
16800.2 1.99009e+07 2.27152e+06
16810 2.14016e+07 6.38831e+06
16820 2.01474e+07 3.11805e+06
16830 1.94313e+07 2.16566e+06
16840 1.97765e+07 2.55573e+06
16850 2.04511e+07 4.10552e+06
16860.4 2.16018e+07 3.48723e+06
16870 2.15773e+07 2.6018e+06
16880 2.15539e+07 4.09435e+06
16890 2.02216e+07 2.64585e+06
16900 1.86193e+07 1.7561e+06
16910 2.02144e+07 4.29507e+06
16920.4 1.93198e+07 1.99542e+06
16930 1.96242e+07 3.08567e+06
16940 1.99001e+07 2.56598e+06
16950 2.14828e+07 3.69778e+06
16960 2.13458e+07 3.73965e+06
16970 2.12201e+07 2.66959e+06
16980 2.09882e+07 2.27369e+06
16990 1.96783e+07 4.90347e+06
17000 2.03032e+07 4.14659e+06
17010 2.24895e+07 2.17459e+06
17020 2.09542e+07 2.89425e+06
17030.1 2.11281e+07 1.95968e+06
17040 2.16788e+07 1.86723e+06
17050 2.08625e+07 4.48767e+06
17060 2.0988e+07 4.46257e+06
17070 2.00467e+07 2.72032e+06
17080 2.11098e+07 1.23527e+06
17090 2.09682e+07 3.12318e+06
17100.2 2.00716e+07 2.97896e+06
17110 1.6405e+07 1.67595e+06
17120.1 1.8169e+07 2.23836e+06
17130 1.89573e+07 2.85897e+06
17140 1.99176e+07 2.50452e+06
17150 1.79228e+07 2.61954e+06
17160.1 1.87172e+07 2.30724e+06
17170 2.10078e+07 3.43828e+06
17180 2.17785e+07 2.52744e+06
17190 2.03483e+07 2.43742e+06
17200 1.92540e+07 2.98444e+06
17210 1.91675e+07 1.84584e+06
17220 1.88893e+07 3.19572e+06
17230 1.99341e+07 3.42655e+06
17240 1.99073e+07 1.88761e+06
17250 2.02948e+07 1.94449e+06
17260 1.93375e+07 1.80053e+06
17270 1.95013e+07 1.45636e+06
17280 2.05472e+07 5.29441e+06
17290.1 1.96629e+07 2.15662e+06
17300 2.06855e+07 3.63586e+06
17310 2.01649e+07 3.14704e+06
17320 1.97847e+07 1.79654e+06
17330 1.87801e+07 2.08838e+06
17340 1.88151e+07 2.6474e+06
17350 2.00052e+07 3.10442e+06
17360.1 1.9389e+07 3.58164e+06
17370 1.82298e+07 4.3046e+06
17380 1.9185e+07 2.84534e+06
17390 2.04975e+07 2.55791e+06
17400 1.91554e+07 3.10115e+06
17410 2.00145e+07 3.64916e+06
17420 1.93221e+07 2.31192e+06
17430 1.88396e+07 3.15742e+06
17440 1.80611e+07 2.13882e+06
17450 1.85101e+07 2.17699e+06
17460 1.98568e+07 2.52488e+06
17470 2.05544e+07 3.20112e+06
17480.2 2.05317e+07 2.48895e+06
17490 1.99362e+07 2.64361e+06
17500 1.94578e+07 1.77509e+06
17510 2.21023e+07 4.66901e+06
17520 2.10768e+07 2.75458e+06
17530 1.90101e+07 2.1256e+06
17540 2.00472e+07 2.30962e+06
17550 1.99949e+07 1.16322e+06
17560 2.17219e+07 3.00422e+06
17570 2.1761e+07 1.97929e+06
17580 1.99032e+07 1.52421e+06
17590 2.11108e+07 1.7176e+06
17600.2 1.98919e+07 4.13192e+06
17610 1.87172e+07 2.16709e+06
17620 2.12355e+07 5.15488e+06
17630 2.1457e+07 5.15075e+06
17640 2.12293e+07 4.25735e+06
17650 2.14303e+07 1.80127e+06
17660 2.15828e+07 2.83599e+06
17670 2.08821e+07 3.50114e+06
17680 1.88924e+07 2.52625e+06
17690 1.87079e+07 2.55923e+06
17700 2.09511e+07 2.89168e+06
17710 2.12984e+07 1.93869e+06
17720 2.1524e+07 3.91365e+06
17730.1 2.15537e+07 1.7614e+06
17740 1.9279e+07 1.46936e+06
17750 1.95147e+07 5.48678e+06
17760.1 1.86152e+07 4.19307e+06
17770 2.07553e+07 3.26447e+06
17780 2.07203e+07 3.93134e+06
17790 2.1183e+07 2.83811e+06
17800 1.97371e+07 3.40822e+06
17810 1.96819e+07 2.94772e+06
17820 2.10614e+07 3.83978e+06
17830 2.15714e+07 2.75141e+06
17840 2.12324e+07 2.56517e+06
17850 2.0337e+07 2.61844e+06
17860 2.03937e+07 1.60484e+06
17870 2.02546e+07 1.47969e+06
17880 1.96909e+07 2.01964e+06
17890 2.18713e+07 4.90016e+06
17900 2.13808e+07 2.39612e+06
17910 2.07069e+07 3.21529e+06
17920 2.07914e+07 5.06381e+06
17930.1 2.13801e+07 3.12699e+06
17940 2.17453e+07 2.1696e+06
17950 2.13375e+07 3.17096e+06
17960 2.00691e+07 3.68837e+06
17970 2.16157e+07 4.21725e+06
17980 2.03731e+07 2.87337e+06
17990 2.13128e+07 2.96115e+06
18000 2.00431e+07 2.32448e+06
18010 1.9379e+07 2.15001e+06
18020 1.97028e+07 3.04637e+06
18030 2.13612e+07 3.97695e+06
18040 2.23148e+07 2.53036e+06
18050 2.16683e+07 4.35782e+06
18060 1.96837e+07 2.98074e+06
18070.2 1.82123e+07 2.88733e+06
18080 2.1369e+07 3.14225e+06
18090 2.21448e+07 2.54099e+06
18100 2.08625e+07 2.12355e+06
18110 2.1726e+07 1.6989e+06
18120 2.15034e+07 2.89883e+06
18130 2.14251e+07 3.98883e+06
18140.2 2.12281e+07 3.23179e+06
18150 2.21683e+07 3.74493e+06
18160 2.19877e+07 3.61926e+06
18170.1 1.96e+07 2.66049e+06
18180 2.09163e+07 2.842e+06
18190 1.92644e+07 3.04596e+06
18200 2.17693e+07 3.13158e+06
18210 2.1422e+07 6.5053e+06
18220.2 2.28172e+07 3.37209e+06
18230.2 2.14321e+07 2.48623e+06
18240 2.05341e+07 2.15798e+06
18250 2.24091e+07 4.62911e+06
18260 2.28767e+07 3.17499e+06
18270 2.11224e+07 2.47526e+06
18280 1.9049e+07 1.44139e+06
18290 1.93159e+07 1.47167e+06
18300 1.8813e+07 2.76903e+06
18310 1.92713e+07 3.04125e+06
18320 1.83506e+07 1.19937e+06
18330 1.85153e+07 2.87606e+06
18340 2.07698e+07 2.77745e+06
18350.1 2.04625e+07 3.14693e+06
18360.1 2.11647e+07 3.26917e+06
18370 2.07502e+07 2.30069e+06
18380 2.02906e+07 3.27043e+06
18390 2.01134e+07 1.85969e+06
18400 1.97249e+07 1.72103e+06
18410 2.0099e+07 1.39898e+06
18420 2.04102e+07 2.58879e+06
18430.4 1.95209e+07 1.63149e+06
18440 2.05184e+07 1.94102e+06
18450.1 2.00874e+07 2.3784e+06
18460.1 2.02875e+07 2.03601e+06
18470 2.05547e+07 1.78632e+06
18480.4 1.95137e+07 1.44299e+06
18490 1.94941e+07 2.35594e+06
18500 1.80361e+07 1.45183e+06
18510.1 1.97723e+07 2.96011e+06
18520 2.01093e+07 4.12615e+06
18530 2.13592e+07 4.43433e+06
18540 1.9963e+07 2.65534e+06
18550 2.04122e+07 2.55305e+06
18560 1.89037e+07 1.80166e+06
18570 1.98929e+07 1.79113e+06
18580 2.12002e+07 3.3418e+06
18590.1 2.23795e+07 3.89513e+06
18600.1 2.1962e+07 4.49183e+06
18610 1.97568e+07 2.73246e+06
18620 2.01206e+07 2.86662e+06
18630 2.00444e+07 2.31972e+06
18640 2.11536e+07 2.13868e+06
18650 2.0769e+07 4.6876e+06
18660 2.1414e+07 3.18314e+06
18670 2.17373e+07 2.01617e+06
18680 2.18713e+07 1.68887e+06
18690 2.12819e+07 2.93425e+06
18700 1.96559e+07 3.97513e+06
18710 2.06472e+07 2.1522e+06
18720 1.87244e+07 2.22943e+06
18730 1.87347e+07 2.65596e+06
18740 2.06946e+07 1.98863e+06
18750 1.99753e+07 3.01202e+06
18760 1.77765e+07 2.08276e+06
18770 1.95364e+07 2.37512e+06
18780 1.9421e+07 1.93674e+06
18790 1.91263e+07 1.90205e+06
18800.2 2.07605e+07 2.54235e+06
18810 2.12644e+07 2.6387e+06
18820 1.82978e+07 2.39513e+06
18830 2.09552e+07 2.63513e+06
18840 2.11222e+07 4.47342e+06
18850 2.11232e+07 5.72202e+06
18860 2.02605e+07 3.11507e+06
18870 2.08452e+07 2.39569e+06
18880 2.06028e+07 2.60393e+06
18890 2.04421e+07 1.54054e+06
18900 2.01021e+07 2.28001e+06
18910 2.06224e+07 2.00795e+06
18920 2.1557e+07 1.68301e+06
18930.1 2.1081e+07 1.93429e+06
18940 2.088e+07 2.55774e+06
18950 2.03813e+07 2.03136e+06
18960 2.01021e+07 2.10161e+06
18970 1.98177e+07 1.32966e+06
18980 2.02494e+07 2.35384e+06
18990.1 2.05127e+07 3.15623e+06
19000 2.01149e+07 3.65265e+06
19010 2.06616e+07 2.99517e+06
19020.1 2.1149e+07 3.01261e+06
19030 2.13025e+07 5.2068e+06
19040 2.01835e+07 3.5454e+06
19050 1.84163e+07 2.167e+06
19060 1.9592e+07 1.74202e+06
19070 2.03566e+07 2.51618e+06
19080.1 2.02762e+07 3.38689e+06
19090.1 1.92231e+07 4.5558e+06
19100.2 2.03553e+07 2.58886e+06
19110 2.18774e+07 3.0993e+06
19120 2.14841e+07 3.72617e+06
19130 2.13952e+07 2.41605e+06
19140 2.13128e+07 2.50031e+06
19150 1.98249e+07 2.72782e+06
19160 2.08646e+07 2.45119e+06
19170 2.02463e+07 2.84744e+06
19180 1.98537e+07 2.81801e+06
19190 1.96126e+07 2.28906e+06
19200.1 1.93066e+07 2.37058e+06
19210 1.99784e+07 3.27442e+06
19220 2.18527e+07 7.6069e+06
19230 2.04841e+07 4.6429e+06
19240.2 2.01095e+07 1.63998e+06
19250 1.96404e+07 2.19835e+06
19260 2.02453e+07 2.07627e+06
19270 2.10748e+07 1.89092e+06
19280 1.89408e+07 2.20044e+06
19290 1.94746e+07 678818
19300 2.01216e+07 6.86749e+06
19310 2.00433e+07 4.07021e+06
19320.1 2.09053e+07 2.91979e+06
19330 2.14884e+07 2.11684e+06
19340 1.96536e+07 2.40411e+06
19350 2.01476e+07 2.00315e+06
19360 1.93581e+07 1.04785e+06
19370 1.97394e+07 2.97552e+06
19380 2.12582e+07 3.88413e+06
19390 2.05884e+07 4.81176e+06
19400 1.97703e+07 2.31922e+06
19410 1.92829e+07 2.47546e+06
19420 2.00835e+07 1.4827e+06
19430 1.86111e+07 1.09261e+06
19440 1.82474e+07 1.24293e+06
19450 1.88646e+07 2.15385e+06
19460 2.03422e+07 2.42796e+06
19470 2.04163e+07 2.27498e+06
19480 2.04354e+07 3.01365e+06
19490 1.88434e+07 4.79356e+06
19500 2.03937e+07 3.00927e+06
19510 2.06358e+07 1.81256e+06
19520 1.9963e+07 2.64065e+06
19530 2.04112e+07 2.09307e+06
19540 2.23411e+07 2.72615e+06
19550 2.20454e+07 3.10538e+06
19560 2.05554e+07 1.13161e+06
19570 1.9872e+07 3.43322e+06
19580 2.10657e+07 1.9283e+06
19590 1.84957e+07 3.36715e+06
19600 1.79774e+07 3.83409e+06
19610 1.97126e+07 2.0939e+06
19620 2.00815e+07 2.74743e+06
19630 2.10202e+07 3.84274e+06
19640 2.08914e+07 2.70924e+06
19650 2.12942e+07 3.34145e+06
19660 2.12067e+07 2.80005e+06
19670 2.09748e+07 3.55606e+06
19680 1.92242e+07 2.98254e+06
19690 2.01206e+07 1.86238e+06
19700 2.17146e+07 2.04732e+06
19710 2.26647e+07 3.63846e+06
19720.1 2.06559e+07 1.83819e+06
19730 1.91752e+07 1.52575e+06
19740 1.77857e+07 987263
19750 1.91067e+07 3.90769e+06
19760 1.97744e+07 2.54806e+06
19770 1.99331e+07 3.28801e+06
19780 1.99094e+07 4.08898e+06
19790 2.01309e+07 1.20546e+06
19800 1.97002e+07 1.38694e+06
19810 2.04895e+07 2.53122e+06
19820 1.88563e+07 2.02711e+06
19830 1.85029e+07 2.46274e+06
19840 2.10356e+07 2.58739e+06
19850 2.19607e+07 3.75749e+06
19860 1.9753e+07 2.66975e+06
19870 2.13386e+07 2.83511e+06
19880 1.7929e+07 3.49102e+06
19890 1.98764e+07 2.473e+06
19900 2.00506e+07 1.45834e+06
19910 1.90315e+07 2.26979e+06
19920 2.02401e+07 1.41113e+06
19930 1.98605e+07 2.25725e+06
19940 2.0625e+07 2.32066e+06
19950 1.98125e+07 5.30191e+06
19960 2.09017e+07 1.96592e+06
19970 1.96621e+07 3.17255e+06
19980 1.93138e+07 1.7374e+06
19990 1.97991e+07 1.14324e+06
20000.4 1.94455e+07 2.64772e+06
20010.2 1.99269e+07 4.25331e+06
20020 1.95273e+07 3.18039e+06
20030 1.95518e+07 2.16776e+06
20040.4 2.08208e+07 3.68098e+06
20050 1.97326e+07 2.35274e+06
20060 1.88903e+07 2.58502e+06
20070 2.02669e+07 1.59688e+06
20080 2.06142e+07 3.52974e+06
20090 1.98319e+07 2.60047e+06
20100.1 2.09545e+07 3.47843e+06
20110 2.13313e+07 3.45635e+06
20120 2.09583e+07 2.37403e+06
20130 2.09001e+07 3.52836e+06
20140 2.01603e+07 2.69088e+06
20150 1.9152e+07 1.14856e+06
20160 1.73571e+07 1.87753e+06
20170 1.77662e+07 3.14216e+06
20180 1.89758e+07 2.15096e+06
20190 1.84194e+07 3.44409e+06
20200 1.80897e+07 1.83809e+06
20210 1.80681e+07 1.86623e+06
20220 2.12747e+07 3.17612e+06
20230 2.03926e+07 1.79726e+06
20240 2.02103e+07 5.27168e+06
20250 2.08357e+07 1.55858e+06
20260 2.17332e+07 1.28641e+06
20270 2.18414e+07 2.42921e+06
20280 2.10294e+07 1.83013e+06
20290 1.90026e+07 1.65743e+06
20300 2.04586e+07 2.59666e+06
20310 2.05822e+07 3.15991e+06
20320 2.01103e+07 1.76268e+06
20330.1 1.80418e+07 2.08855e+06
20340 1.92401e+07 2.53283e+06
20350 2.00815e+07 1.63127e+06
20360 2.11644e+07 1.6281e+06
20370 2.03937e+07 1.60999e+06
20380 2.05204e+07 3.93909e+06
20390 2.05256e+07 3.27931e+06
20400 2.04318e+07 3.18135e+06
20410 1.90902e+07 1.99401e+06
20420.1 2.08787e+07 4.29353e+06
20430 2.12409e+07 2.09422e+06
20440 2.21938e+07 2.86119e+06
20450 2.19403e+07 2.21902e+06
20460 2.07914e+07 2.33559e+06
20470 2.17486e+07 2.69895e+06
20480 1.96095e+07 4.4449e+06
20490 1.89037e+07 1.78676e+06
20500 1.87687e+07 2.79214e+06
20510 1.94424e+07 2.10477e+06
20520 2.04691e+07 2.99516e+06
20530 2.14599e+07 4.08821e+06
20540 2.06247e+07 2.24718e+06
20550 1.80392e+07 2.54781e+06
20560 1.86461e+07 796529
20570 2.03215e+07 1.21025e+06
20580 2.03741e+07 4.14727e+06
20590 2.03195e+07 2.63555e+06
20600 1.89305e+07 1.67241e+06
20610 2.02268e+07 2.2158e+06
20620 2.04627e+07 4.55794e+06
20630 2.09954e+07 1.9354e+06
20640 1.95931e+07 1.94445e+06
20650 1.86513e+07 3.65455e+06
20660.1 1.95619e+07 2.11332e+06
20670.1 2.02391e+07 3.31791e+06
20680 2.1313e+07 5.38518e+06
20690 2.02e+07 2.33767e+06
20700 2.06894e+07 2.41359e+06
20710 2.00866e+07 2.57996e+06
20720 1.9931e+07 2.25403e+06
20730 1.88336e+07 1.40822e+06
20740 1.92592e+07 3.00875e+06
20750 1.98929e+07 1.9059e+06
20760.1 1.95652e+07 3.92036e+06
20770 2.07152e+07 2.5525e+06
20780.1 2.19112e+07 3.28565e+06
20790.1 2.13955e+07 3.83448e+06
20800 2.13602e+07 3.73473e+06
20810 2.04751e+07 1.30307e+06
20820 1.82855e+07 1.15031e+06
20830 1.92651e+07 2.74207e+06
20840.1 2.09089e+07 3.13066e+06
20850 2.18385e+07 2.23186e+06
20860 2.07409e+07 1.87742e+06
20870 2.044e+07 1.74333e+06
20880 1.91881e+07 2.27809e+06
20890 2.05204e+07 2.28468e+06
20900 1.97175e+07 2.26467e+06
20910 2.05773e+07 2.88922e+06
20920 2.04534e+07 1.03575e+06
20930 2.24885e+07 6.29703e+06
20940 2.07945e+07 3.73565e+06
20950.6 1.77806e+07 2.54657e+06
20960 1.93643e+07 5.15469e+06
20970 1.96711e+07 3.09225e+06
20980 2.14068e+07 1.61259e+06
20990.1 1.87716e+07 817442
21000 1.87638e+07 1.54242e+06
21010 2.00042e+07 2.78164e+06
21020 1.99795e+07 3.1119e+06
21030 2.14096e+07 2.88957e+06
21040 2.04779e+07 4.16762e+06
21050 2.16654e+07 4.57012e+06
21060 2.03669e+07 2.57e+06
21070 2.18424e+07 2.16333e+06
21080 2.10469e+07 3.86711e+06
21090 2.18579e+07 2.67963e+06
21100 2.08656e+07 1.87781e+06
21110 2.04947e+07 1.46603e+06
21120 2.02855e+07 3.64358e+06
21130 2.02698e+07 3.40914e+06
21140 1.91708e+07 1.35069e+06
21150 2.11624e+07 1.72797e+06
21160 2.06657e+07 2.40681e+06
21170 2.01021e+07 3.08437e+06
21180 2.0914e+07 2.92639e+06
21190 2.09532e+07 3.09293e+06
21200 2.20039e+07 2.96093e+06
21210 2.23579e+07 2.5829e+06
21220 2.28996e+07 1.99721e+06
21230 2.11415e+07 1.49356e+06
21240 2.09586e+07 3.42111e+06
21250 2.0406e+07 2.20784e+06
21260 2.00021e+07 3.32635e+06
21270.1 2.02688e+07 1.54206e+06
21280 2.03269e+07 3.44212e+06
21290 2.02092e+07 5.13444e+06
21300 2.00104e+07 3.22217e+06
21310 2.12273e+07 3.60744e+06
21320 2.07419e+07 1.84215e+06
21330.2 2.06353e+07 1.6511e+06
21340 2.03128e+07 4.21141e+06
21350 1.89872e+07 1.94779e+06
21360 2.01113e+07 2.85608e+06
21370 2.00011e+07 2.2018e+06
21380 1.96322e+07 3.62984e+06
21390 1.88728e+07 3.16416e+06
21400.1 1.92365e+07 1.65053e+06
21410 2.03442e+07 3.92077e+06
21420 1.98393e+07 3.84566e+06
21430.2 1.98182e+07 1.96631e+06
21440 1.96275e+07 2.22978e+06
21450 1.96023e+07 2.9978e+06
21460 2.00536e+07 1.49539e+06
21470 1.94261e+07 2.108e+06
21480.1 1.89346e+07 2.66612e+06
21490 1.96631e+07 3.10427e+06
21500 2.06842e+07 3.10083e+06
21510 1.9354e+07 3.16084e+06
21520 2.01461e+07 3.45785e+06
21530 2.01755e+07 3.85537e+06
21540 2.00784e+07 2.36842e+06
21550 2.07698e+07 1.93811e+06
21560 2.15354e+07 3.12161e+06
21570 2.00441e+07 4.46811e+06
21580 1.83352e+07 1.43902e+06
21590 1.6372e+07 1.91241e+06
