# TimeStamp(s) Sum Stdev
0 2.31026e+07 396630
10.375 4.41938e+06 270818
21.875 2.0474e+06 324496
30.75 3.45984e+06 711683
41.375 5.05847e+06 904875
50.75 2.55848e+06 453793
60.25 7.54562e+06 516163
70.25 4.07935e+06 100150
81.125 2.41216e+06 412718
90 3.48481e+06 611561
100.75 4.52242e+06 944536
110.375 4.97143e+06 588633
120.125 5.79933e+06 493425
130.25 3.98146e+06 236409
142.75 1.79495e+06 542146
151 4.02243e+06 472457
160.5 4.3135e+06 1.03259e+06
170.125 4.16488e+06 463606
180 6.77694e+06 532556
191.625 4.53273e+06 246093
202 1.20453e+06 395390
210.125 5.57628e+06 806889
222 2.76584e+06 678594
230 6.01626e+06 712253
241.5 5.32947e+06 1.02895e+06
251.25 3.9114e+06 452908
262.625 1.49202e+06 342620
270.375 5.75866e+06 438066
282.25 2.44023e+06 400337
290 7.08812e+06 309337
301.375 3.98146e+06 200767
310.75 4.10408e+06 267850
321.5 971665 297296
330.5 7.31068e+06 557252
341.75 1.92375e+06 486235
350 6.87895e+06 376080
361.25 4.22052e+06 240081
372.75 4.1556e+06 213223
380.75 593507 283223
390.125 7.41372e+06 746565
401.625 2.18008e+06 487512
410 6.91628e+06 309571
421.5 4.11851e+06 258789
431.5 4.14942e+06 247287
441 566717 254689
450.5 7.67236e+06 445254
461.875 2.08140e+06 586117
470 6.77694e+06 166603
481.625 4.24215e+06 232190
492.875 3.29625e+06 255258
501 1.66615e+06 480238
510.5 7.42403e+06 331350
521.75 2.7625e+06 316608
530.625 1.72798e+06 490840
540.125 7.56622e+06 697041
550.25 4.27203e+06 258307
562.375 2.0608e+06 364974
571.375 4.35216e+06 572467
580.625 6.32586e+06 785334
591.875 1.39207e+06 199767
600 7.43846e+06 524670
611 4.21821e+06 219343
621.5 4.42581e+06 363211
630.875 713033 257987
640.625 8.00414e+06 737831
652.125 2.93148e+06 379598
660.875 3.35704e+06 472623
671.125 6.56261e+06 973696
680.625 4.11542e+06 577254
694.25 1.86811e+06 256111
700.75 4.00595e+06 703893
711.125 4.86888e+06 1.02408e+06
720.875 4.03995e+06 625416
730.75 6.21664e+06 941287
740.375 4.28028e+06 486482
753.25 1.32509e+06 128752
760.375 4.98586e+06 749311
772.375 3.94049e+06 591268
780.25 4.52551e+06 885167
790.5 6.02887e+06 846260
800.625 4.2978e+06 469426
812.625 1.3323e+06 170866
820.25 7.04769e+06 800592
832 1.74034e+06 296679
840 5.99898e+06 1.0006e+06
850.25 4.80603e+06 744567
860.75 4.37817e+06 374764
871.875 853167 253629
880.25 7.27359e+06 681846
892.125 2.3604e+06 505347
900.625 6.91113e+06 635949
910.5 4.64195e+06 327974
920.25 4.4266e+06 385117
930.375 444098 204188
942.75 8.135e+06 503490
952.5 1.70301e+06 497527
960.25 7.11824e+06 876145
970.375 4.18033e+06 346611
983.625 3.77126e+06 355346
991.375 690364 240486
1000.62 7.88359e+06 715630
1012.62 2.8202e+06 362740
1020.38 3.04174e+06 650975
1030.5 7.59508e+06 858211
1042.25 4.0268e+06 360107
1050.5 1.19938e+06 227646
1060.12 8.23392e+06 809150
1072.62 2.91603e+06 365836
1080.75 2.58836e+06 584568
1090.12 7.40754e+06 799048
1100.25 4.42866e+06 392053
1111.12 2.8336e+06 452900
1121 3.81042e+06 690635
1130.75 7.28802e+06 1.21665e+06
1140.5 973726 309595
1150.88 8.07524e+06 726859
1160.62 4.56879e+06 536403
1172.75 1.76713e+06 311927
1180.12 5.75684e+06 681790
1190.38 5.29522e+06 755399
1201.88 924267 217390
1210 7.60538e+06 657926
1220.75 4.18033e+06 319705
1231.62 2.66461e+06 271986
1240.88 3.01986e+06 603230
1250.62 6.66487e+06 529668
1261.12 2.60382e+06 271018
1270.62 3.50542e+06 229521
1280 6.68626e+06 496189
1290.62 4.32974e+06 270200
1302.25 1.24987e+06 297452
1310.5 6.99023e+06 431539
1320.88 4.43175e+06 483338
1330.38 726429 171718
1340.12 7.75685e+06 669475
1350.62 4.1082e+06 278593
1363.88 3.57754e+06 398772
1371.75 1.14065e+06 359386
1380.12 7.60847e+06 811376
1391.25 2.57497e+06 599991
1400.25 3.82999e+06 527237
1410.75 6.66668e+06 819237
1421.38 4.16075e+06 408569
1430.38 402884 161305
1440.25 7.71975e+06 741373
1450.25 4.45648e+06 563784
1461.38 1.08192e+06 282299
1470.5 7.51883e+06 1.09235e+06
1480.62 4.22876e+06 566102
1492.12 4.13911e+06 517732
1500.25 397732 127701
1510 7.63938e+06 942913
1521.62 1.80732e+06 361166
1530 6.93047e+06 987786
1540.75 4.474e+06 480650
1550.62 4.28234e+06 452051
1561.12 467799 188907
1570.12 7.85449e+06 795350
1581.62 1.28878e+06 353820
1590.62 7.44924e+06 923914
1600.12 4.50491e+06 548639
1610.75 4.14427e+06 498898
1620.62 510044 299211
1631.38 8.24114e+06 913658
1642.62 2.83875e+06 497839
1650.25 6.28956e+06 613693
1660.12 4.1556e+06 539846
1673.88 3.85678e+06 467062
1681.12 1.29624e+06 319346
1692.75 7.27462e+06 909052
1702 2.40368e+06 417011
1710.12 6.44333e+06 710904
1720.38 4.34622e+06 508592
1734.12 3.67646e+06 393008
1741 1.62185e+06 276269
1750.25 7.52192e+06 766412
1761.5 2.41319e+06 305776
1770.62 4.21742e+06 471203
1780.75 6.34417e+06 916921
1790 4.50903e+06 548602
1800.38 791344 146954
1810.25 8.5585e+06 849694
1822.12 3.45184e+06 299379
1830.88 3.65689e+06 645098
1840 6.99435e+06 772725
1850.38 4.56364e+06 444276
1862.88 1.7321e+06 428333
1870.5 7.07575e+06 839387
1883.5 4.12572e+06 408317
1890.25 2.06492e+06 249735
1900.12 7.23444e+06 757799
1910.25 4.09172e+06 418017
1922.25 1.35394e+06 381587
1930.75 6.29938e+06 683743
1940.12 5.36681e+06 559706
1950 793404 264621
1961.12 8.11131e+06 724099
1971 4.39774e+06 587836
1981.25 2.73262e+06 234592
1990.25 3.10459e+06 686341
2000 7.14582e+06 719909
2013 1.45389e+06 185225
2020.38 5.34807e+06 516823
2030.88 5.63083e+06 545674
2040.88 4.24937e+06 406558
2050.25 592478 185119
2060.38 7.76303e+06 573418
2073 3.29418e+06 434044
2080 1.5693e+06 189470
2090.62 7.77643e+06 588018
2101 4.3421e+06 405964
2112.88 1.72901e+06 165043
2120.88 6.09893e+06 541744
2132.12 2.85705e+06 758761
2140.12 6.5e+06 640121
2150.12 4.24937e+06 465335
2160.25 4.10099e+06 486388
2173.88 1.71149e+06 200783
2180.5 4.17724e+06 728147
2192.38 4.77796e+06 949503
2200.5 2.75426e+06 896620
2210.25 7.4941e+06 887327
2220.12 4.16487e+06 559156
2232 2.81402e+06 465123
2241.12 3.16436e+06 485305
2251.38 5.04999e+06 752815
2260.75 3.73107e+06 640553
2270 6.86864e+06 1.10146e+06
2280.5 4.57704e+06 598801
2292.38 1.25193e+06 249979
2300.5 7.11388e+06 912587
2312.62 3.82175e+06 462401
2320.12 1.71046e+06 327619
2330.75 7.77024e+06 881027
2341 4.42041e+06 384243
2350.75 2.38022e+06 263290
2360.12 4.4449e+06 671266
2371.38 6.76894e+06 600766
2380.5 620298 121925
2390.25 8.32254e+06 659243
2400 4.72232e+06 393015
2412.62 3.03658e+06 340887
2421 2.85111e+06 453398
2432.62 6.29574e+06 1.12318e+06
2441.88 2.36168e+06 471424
2450.25 6.92016e+06 828377
2460.12 4.17415e+06 596756
2472.5 4.18136e+06 596225
2480.62 716125 185297
2490.5 7.75557e+06 1.24765e+06
2501.75 2.95337e+06 369033
2510.25 2.13086e+06 454366
2520.25 7.58374e+06 1.01091e+06
2530.75 4.23906e+06 616561
2542.5 1.97527e+06 220385
2551.38 4.89749e+06 790634
2560.75 5.73005e+06 726434
2572.12 1.11901e+06 298662
2580 7.16952e+06 925082
2590.12 4.4709e+06 391297
2603.25 3.42505e+06 368961
2610.88 1.42504e+06 371466
2620.75 7.99281e+06 722147
2632.25 3.24163e+06 271356
2640.38 2.00516e+06 464635
2650.12 7.37972e+06 822558
2660.25 4.36786e+06 467832
2673.62 2.11026e+06 323194
2680.62 4.94386e+06 451851
2691.62 4.51315e+06 799547
2701.25 2.3287e+06 702029
2710 7.69606e+06 996787
2720.5 4.32871e+06 538531
2732.75 3.44153e+06 356495
2740.5 2.305e+06 680534
2750.12 7.78364e+06 746550
2762.5 1.17465e+06 204731
2770.5 7.07575e+06 951820
2780.25 4.47915e+06 627854
2793.88 3.54457e+06 434990
2800.25 1.60536e+06 277294
2810.62 8.30811e+06 1.22049e+06
2821 2.29367e+06 239686
2830.5 4.19372e+06 754170
2840.38 6.22670e+06 586941
2850 4.60176e+06 511273
2861.5 1.09737e+06 158530
2870.5 7.39209e+06 931673
2882.62 3.99898e+06 399029
2890.38 713033 248504
2900 7.98663e+06 823567
2910.75 4.50697e+06 523429
2922.62 3.11696e+06 307627
2930.5 2.29779e+06 230685
2940.38 7.2942e+06 956810
2950.75 2.65328e+06 326289
2960.25 3.73726e+06 353077
2970.12 6.65638e+06 940946
2980.5 4.47399e+06 433273
2991.62 1.16435e+06 223094
3000.62 7.25504e+06 877045
3011 2.38228e+06 804647
3020 6.63886e+06 784728
3033.5 3.81454e+06 533305
3041.12 2.31118e+06 431321
3050.5 7.84237e+06 1.55021e+06
3060.75 2.36888e+06 497595
3070.75 3.55076e+06 808813
3080.5 7.3519e+06 1.11701e+06
3090.25 4.47606e+06 949832
3101.5 987121 327521
3110.5 7.62084e+06 1.20724e+06
3124 4.26688e+06 782352
3130.5 1.73828e+06 333421
3140.38 7.61568e+06 1.43024e+06
3150.5 4.57291e+06 693440
3163 1.81247e+06 244187
3170.62 4.59558e+06 1.25272e+06
3180.5 6.36787e+06 816034
3192.38 1.68367e+06 243932
3200.38 7.37251e+06 1.09813e+06
3210.5 4.72232e+06 679352
3222.75 4.27306e+06 701143
3230.38 1.12004e+06 240855
3242 7.41372e+06 1.13464e+06
3252 3.43226e+06 383115
3260.88 5.78981e+06 1.14018e+06
3270.25 4.89337e+06 521018
3281.5 2.81608e+06 467797
3290.12 3.96498e+06 433876
3300.88 6.69966e+06 842418
3311.25 889232 335257
3320.12 8.39776e+06 906517
3331.12 4.63268e+06 471657
3341.88 2.28542e+06 349947
3350.5 6.58734e+06 649181
3360.75 5.25607e+06 667030
3370.5 1.01494e+06 179115
3380.62 8.51419e+06 796962
3390.12 4.80063e+06 481339
3401.88 2.99125e+06 350129
3410.88 3.63319e+06 658920
3420.88 7.25607e+06 1.32198e+06
3430.5 863472 246865
3440.25 8.42661e+06 851251
3451.25 4.33283e+06 496582
3462.12 3.18084e+06 409471
3470.25 3.14066e+06 576566
3480 7.20455e+06 727556
3490.62 1.41783e+06 186323
3500.5 8.37509e+06 1.0557e+06
3510.5 4.60073e+06 583884
3521.88 2.95312e+06 304245
3530.5 3.18702e+06 665281
3540.12 7.1654e+06 889557
3552.5 2.16074e+06 301625
3560 5.66853e+06 771244
3570.62 5.34644e+06 669765
3580.38 4.77796e+06 781797
3590.25 1.11386e+06 284613
3601.62 7.9485e+06 1.02297e+06
3610.25 3.8246e+06 543048
3620.5 5.43148e+06 806011
3630 4.53891e+06 606737
3641.5 1.28697e+06 158122
3650.88 7.36220e+06 799240
3660.88 1.4328e+06 446196
3670.12 8.0376e+06 706175
3680.38 4.76045e+06 501452
3691.62 3.30243e+06 316395
3700.12 4.09996e+06 392329
3711.12 4.45442e+06 569975
3720.12 6.46757e+06 516961
3730.88 4.75038e+06 321025
3740.62 4.46575e+06 540808
3751.38 1.21381e+06 289650
3760.38 6.29344e+06 844348
3770.5 2.59994e+06 1.07439e+06
3780.75 7.90419e+06 580088
3790.25 4.60588e+06 383867
3801.38 2.39155e+06 328112
3811.12 6.08554e+06 646530
3821.25 5.17648e+06 905419
3831.75 1.94976e+06 376638
3840 7.43845e+06 981622
3851.38 4.22876e+06 522068
3863.25 4.14942e+06 483419
3870.25 1.31994e+06 356853
3884.25 7.30759e+06 845700
3892 3.32098e+06 549254
3900.38 6.35138e+06 1.10812e+06
3910 4.43072e+06 357096
3921.12 2.37919e+06 465405
3931 4.0585e+06 791545
3942 4.99459e+06 877878
3950.25 4.6131e+06 714170
3961 6.05978e+06 619524
3970.88 4.40393e+06 554837
3983 2.1082e+06 326273
3990.12 6.64377e+06 871910
4000.38 1.47553e+06 305320
4010.25 8.05694e+06 962365
4020.12 4.54921e+06 536239
4033.38 3.70016e+06 478899
4041.12 2.3658e+06 409304
4051.75 6.14015e+06 1.03315e+06
4060.88 2.66437e+06 644576
4070.25 8.06209e+06 746092
4080.88 4.63989e+06 500964
4093 2.36992e+06 362030
4100.62 5.82382e+06 842108
4111.88 4.18754e+06 591101
4120.62 2.1976e+06 708538
4130.38 8.7687e+06 1.21851e+06
4140.12 4.92246e+06 602667
4151.38 2.2813e+06 387312
4160.62 3.92867e+06 1.01958e+06
4171 7.94668e+06 1.86395e+06
4180.88 1.288e+06 229581
4190 8.00208e+06 1.14086e+06
4200.5 4.64813e+06 730821
4212.25 3.53942e+06 466421
4220.25 4.21948e+06 591495
4231.38 5.34983e+06 1.06049e+06
4240.75 1.72852e+06 417531
4250.12 8.83616e+06 1.22061e+06
4260.62 4.55024e+06 662755
4272.75 2.19578e+06 277932
4280.38 5.22412e+06 996869
4292 4.89906e+06 1.12204e+06
4300.25 5.86655e+06 994597
4310.12 4.89852e+06 562362
4320.25 4.23082e+06 451140
4331.75 1.21999e+06 287181
4340.62 7.29935e+06 633221
4352.62 4.10717e+06 603494
4360.38 2.11129e+06 217155
4370.38 7.12418e+06 730738
4380.12 4.07626e+06 442143
4390.75 2.23081e+06 288846
4400.88 4.3421e+06 785849
4412.5 3.94e+06 599245
4420.12 7.02654e+06 650024
4430.25 4.63474e+06 478964
4440.38 4.5894e+06 454851
4451 1.18908e+06 204994
4463.12 8.06082e+06 750185
4472 3.77641e+06 416772
4480.38 5.56828e+06 840649
4490.38 4.36065e+06 380797
4501.5 2.28542e+06 320217
4510.5 4.38435e+06 358930
4521.88 4.96137e+06 651846
4530.62 1.9083e+06 379235
4540.25 8.43485e+06 815409
4550.62 4.41217e+06 612069
4562.62 3.4539e+06 451327
4570.5 3.41474e+06 592504
4580.5 5.11078e+06 753038
4590.25 6.10384e+06 887122
4600.38 5.36759e+06 658209
4610.62 4.65019e+06 469629
4620.38 731582 197137
4630.25 8.35242e+06 843574
4642 2.97197e+06 277029
4650.25 6.19137e+06 549336
4660 4.38126e+06 163876
4673.75 4.47296e+06 284106
4681.5 1.5322e+06 322801
4690.62 8.13294e+06 533317
4702 1.78156e+06 332978
4710 7.33129e+06 432797
4720.12 4.5317e+06 242487
4734.12 3.92376e+06 189795
4740.88 2.60691e+06 397435
4751.62 6.48018e+06 449206
4760.75 1.6507e+06 389403
4770 8.1958e+06 765893
4780.75 4.69553e+06 328392
4791.12 2.82741e+06 225589
4800.38 3.71871e+06 677819
4812.5 5.4122e+06 824100
4820.25 5.98686e+06 710754
4830.25 5.04302e+06 635969
4840.12 4.05153e+06 366715
4853.25 1.40752e+06 177036
4860.75 4.64298e+06 774245
4872.88 3.9534e+06 720927
4880.25 4.32174e+06 632971
4890.38 6.56364e+06 553153
4900.25 4.43072e+06 496169
4911.75 2.68831e+06 465568
4920.12 3.76817e+06 747311
4931.62 6.06596e+06 927616
4940.38 1.83799e+06 494294
4950 8.49756e+06 1.12676e+06
4960.5 4.5657e+06 499291
4971 2.0268e+06 166354
4980.25 5.75351e+06 828359
4991.38 3.29316e+06 785380
5000.25 7.71278e+06 784304
5010.25 4.42248e+06 366466
5020.38 4.3555e+06 211043
5031.25 1.06131e+06 242088
5040.25 7.87637e+06 842106
5051.75 2.16462e+06 709222
5060.5 6.89258e+06 585752
5070.25 4.72335e+06 424818
5083.25 3.86194e+06 300118
5090.38 2.02473e+06 156267
5102.12 6.7924e+06 735212
5112.38 2.01031e+06 353853
5120.5 7.36736e+06 558984
5130.12 4.02989e+06 268318
5144 4.16384e+06 146487
5152.12 936631 399656
5160.38 8.41115e+06 334069
5171.62 2.02164e+06 211725
5180.25 4.74268e+06 495634
5190.38 6.5e+06 662106
5203.5 3.85988e+06 247170
5211 2.07625e+06 573416
5220 8.06803e+06 457478
5231.38 2.81608e+06 293097
5240.75 4.271e+06 496868
5250.25 6.61207e+06 684661
5260.25 4.68316e+06 353871
5270.5 803708 159669
5280.25 8.68627e+06 705167
5290.88 2.60176e+06 262293
5300.62 4.30168e+06 845684
5310.38 6.53813e+06 701427
5321.75 4.38641e+06 380131
5330.75 481194 140897
5340.62 8.46473e+06 449518
5352.5 3.79496e+06 306089
5361.38 2.28955e+06 345301
5370.38 7.89595e+06 940601
5380.25 4.69656e+06 322910
5390.75 2.49975e+06 276661
5400.25 4.57497e+06 422698
5411.25 4.80063e+06 685009
5420.25 6.28028e+06 489286
5433.12 4.03916e+06 581068
5440.12 1.03143e+06 262343
5450.12 7.94208e+06 1.27645e+06
5462 4.50594e+06 639084
5471.25 835651 261152
5480.25 7.54356e+06 1.04422e+06
5490.12 4.30604e+06 587172
5501.88 2.97373e+06 359525
5510.62 3.93716e+06 489760
5521 6.60486e+06 1.13292e+06
5531.5 2.20608e+06 140641
5540.38 3.92043e+06 696384
5550.12 6.97914e+06 890050
5560.62 4.72438e+06 656308
5571.62 1.42916e+06 361343
5580.25 7.89365e+06 1.03257e+06
5592.75 3.31435e+06 473577
5600.62 2.97682e+06 814090
5610.62 7.22001e+06 1.03192e+06
5621.5 4.42041e+06 612391
5630.25 684182 312621
5640.12 8.14325e+06 853882
5653.88 4.26688e+06 358597
5661.62 1.80114e+06 511263
5670.12 7.41785e+06 780546
5680.12 4.73572e+06 461718
5692.38 3.11593e+06 462888
5700.75 2.97991e+06 668489
5710.38 6.17003e+06 842551
5721.12 2.5049e+06 452362
5730.25 7.6569e+06 1.10196e+06
5740.38 4.61104e+06 563604
5751.38 2.13292e+06 399435
5760.25 5.88564e+06 783994
5771.5 3.37456e+06 525960
5780.12 6.17082e+06 803047
5790.25 5.59016e+06 604808
5800.12 4.50491e+06 578487
5812.12 1.36012e+06 105946
5820.75 6.92944e+06 882713
5830.75 2.18832e+06 647016
5840 7.57059e+06 899452
5850.62 4.55643e+06 490699
5863 3.86709e+06 378679
5870.25 2.91809e+06 457985
5881.62 5.69708e+06 578352
5890.88 3.43947e+06 403992
5900.12 7.08606e+06 792750
5910.75 4.76457e+06 294590
5922.88 1.86708e+06 164690
5930.12 6.76639e+06 883408
5943.12 4.48145e+06 769703
5950.5 2.08140e+06 331078
5960.25 7.5858e+06 568237
5970.38 4.20609e+06 212256
5981.62 839772 146726
5990.12 7.8197e+06 412286
6000.12 4.40908e+06 297789
6010.88 919112 224977
6020.38 8.24629e+06 531706
6030 4.80475e+06 172194
6042.25 2.95209e+06 262465
6051 4.1453e+06 246438
6061.5 6.06905e+06 392418
6071 883050 340803
6080.38 8.86247e+06 520376
6090.38 4.6811e+06 398522
6103 4.30707e+06 345192
6110.5 1.87532e+06 396216
6121.62 6.74912e+06 772320
6130.38 2.80887e+06 316994
6140.12 7.84855e+06 895657
6150.38 4.85112e+06 582592
6161.5 1.52808e+06 175730
6170.38 7.96602e+06 670791
6182.5 2.59224e+06 501114
6190.12 6.70505e+06 806408
6200.12 4.60898e+06 341056
6211.5 3.14375e+06 417543
6220.38 2.94076e+06 681498
6230.88 5.75581e+06 588224
6240.38 3.87636e+06 422569
6250.75 7.00878e+06 937528
6261 4.55643e+06 406732
6272 1.05822e+06 199536
6280.5 5.88152e+06 978801
6292.38 5.51985e+06 886426
6300.25 1.41577e+06 383691
6310.88 7.9248e+06 471673
6321 4.14220e+06 345244
6332 958269 212471
6340.38 7.31868e+06 622768
6350.12 5.11206e+06 409205
6362.25 1.73622e+06 278585
6370.38 6.82409e+06 497220
6380.25 4.62364e+06 449731
6394 3.93922e+06 314289
6401.38 2.37973e+06 406011
6411.5 7.69139e+06 630212
6421.38 2.45956e+06 302246
6430.5 4.65304e+06 997909
6440.88 6.64632e+06 687490
6450.5 4.70068e+06 533963
6460.75 522409 227053
6471.62 8.27926e+06 607803
6483.12 2.80941e+06 357259
6490.38 6.08706e+06 546119
6500.12 4.24524e+06 240492
6513.88 3.57652e+06 252641
6520.38 2.70068e+06 270487
6531.88 5.91346e+06 535762
6540.5 5.25813e+06 348877
6550.38 4.39877e+06 452116
6561.25 2.84905e+06 724936
6571 4.48478e+06 1.27767e+06
6582.12 6.49096e+06 741369
6590.5 1.45183e+06 462149
6601 7.79678e+06 1.30789e+06
6610.75 4.34567e+06 987322
6621.62 2.30603e+06 459084
6631 4.83851e+06 815303
6640.62 5.74472e+06 1.38651e+06
6651 957240 235335
6660.5 8.11623e+06 1.28307e+06
6670.62 4.62649e+06 552405
6682.38 3.03659e+06 558718
6690.38 3.72386e+06 633754
6701 6.93459e+06 712773
6711.5 1.37867e+06 296536
6720.25 8.11272e+06 737991
6730.25 4.44926e+06 767158
6743 3.69913e+06 469477
6750.62 3.06647e+06 252588
6760.38 7.15097e+06 871909
6772.88 1.80838e+06 542401
6780.5 5.77102e+06 897110
6790.12 6.01675e+06 1.7497e+06
6803.75 4.31222e+06 462142
6810.62 1.67955e+06 316142
6820.62 7.7517e+06 821092
6831.25 3.54457e+06 657392
6841.62 2.97864e+06 485024
6850.38 7.00799e+06 1.15055e+06
6860.25 4.61207e+06 595758
6871 1.90108e+06 212522
6880.75 7.29214e+06 959943
6891.88 4.5894e+06 489013
6900.38 1.57033e+06 368952
6910.5 7.94232e+06 994203
6920.38 4.67698e+06 590859
6931.12 2.59557e+06 418481
6940.75 4.04432e+06 733662
6952.5 7.05927e+06 1.30323e+06
6960.62 1.19217e+06 357235
6970.38 8.1484e+06 941244
6980.75 4.20712e+06 439752
6991.62 2.12983e+06 330561
7000.75 5.13551e+06 607057
7010.38 6.28234e+06 593672
7020 999485 219902
7030.5 8.1618e+06 731990
7040.75 4.52139e+06 431542
7053 2.20299e+06 290111
7060.5 5.59713e+06 962712
7073.38 5.29316e+06 1.12218e+06
7080.5 890264 322981
7090.12 7.75891e+06 701341
7100.5 4.2607e+06 183986
7112.88 3.39207e+06 442321
7120.38 1.55178e+06 293118
7131.38 7.00981e+06 571817
7142.88 2.94694e+06 313952
7150.62 4.92355e+06 676204
7160.88 4.93325e+06 614533
7171 4.17415e+06 421978
7182.38 1.65688e+06 343777
7190.88 5.6301e+06 680109
7202.12 3.28594e+06 694972
7210.25 6.92429e+06 896807
7220.5 4.52654e+06 519670
7233.25 4.02474e+06 411533
7240.75 1.47347e+06 228097
7250.62 8.18962e+06 931919
7262.25 1.77847e+06 277209
7270.12 7.74242e+06 628170
7280.12 4.51521e+06 532962
7290.88 2.59248e+06 248449
7300.38 4.72747e+06 1.14509e+06
7310 7.18498e+06 674577
7322.62 2.45441e+06 431920
7330.38 7.18394e+06 874781
7340.12 4.4843e+06 614032
7352.25 3.54457e+06 448644
7360.62 3.24885e+06 560112
7370.25 7.27771e+06 836702
7380.88 2.6574e+06 363674
7390.5 4.2584e+06 478774
7400.25 6.76791e+06 937642
7410.5 4.51727e+06 606474
7422 1.05307e+06 255663
7430.12 7.28159e+06 736727
7442.12 2.76171e+06 569986
7450.5 4.50981e+06 949614
7460.12 6.73081e+06 606584
7470.38 4.65122e+06 471929
7482.75 1.8032e+06 203935
7490.5 6.82846e+06 741214
7502.75 3.24679e+06 803155
7510.25 5.15357e+06 633895
7520.5 5.92734e+06 882484
7530.5 4.47812e+06 625119
7541.88 1.2643e+06 278643
7550.25 7.43845e+06 1.01303e+06
7562.38 3.90521e+06 655599
7570.12 3.77023e+06 627486
7580.25 6.60177e+06 1.02753e+06
7590.12 4.62237e+06 643981
7600.75 817105 180313
7610.12 8.43485e+06 923589
7622.25 2.15559e+06 450508
7630.38 6.03172e+06 740259
7640 5.89516e+06 1.07848e+06
7650.25 4.38126e+06 641804
7661.88 1.76301e+06 225906
7671.12 4.82718e+06 1.0091e+06
7683 4.59479e+06 1.2198e+06
7690.25 3.91424e+06 797216
7700.25 6.50516e+06 673507
7710.38 4.47811e+06 582485
7721.38 1.08913e+06 231285
7730.5 7.60435e+06 1.08331e+06
7740.5 1.40243e+06 416039
7750.88 7.89074e+06 836925
7760.12 4.42144e+06 557515
7773.5 4.12263e+06 368798
7781 2.49356e+06 310576
7791.12 5.91655e+06 769398
7800.62 3.35189e+06 366371
7810.12 6.83876e+06 858977
7820.88 4.66256e+06 380272
7832.62 1.62082e+06 235220
7840.38 7.4941e+06 640845
7851.88 2.23081e+06 660179
7860.62 6.55952e+06 673126
7870.62 4.26482e+06 385347
7880.75 4.41629e+06 457017
7890.5 870685 268474
7900 8.62032e+06 836362
7911.88 2.48326e+06 207956
7920.25 6.56134e+06 674973
7930 5.10381e+06 625880
7941.25 4.40084e+06 406329
7950.75 928388 326443
7961.12 8.08245e+06 747455
7972.75 2.44489e+06 480298
7980.38 5.81067e+06 849134
7990.5 5.11387e+06 928649
8000.38 4.63268e+06 595849
8012.12 1.34879e+06 329019
8020.12 7.61053e+06 1.18409e+06
8031.5 2.12238e+06 614268
8040.38 6.89362e+06 825040
8050.25 4.43587e+06 759809
8064.12 4.19064e+06 596255
8070.62 1.77332e+06 529644
8081.12 7.40548e+06 812337
8092.12 2.33488e+06 360583
8100.25 7.01908e+06 918003
8110.25 4.22361e+06 573537
8121.25 4.31531e+06 362622
8130.25 947964 242659
8143.75 7.75066e+06 673247
8151.88 3.10768e+06 680421
8160.38 6.47709e+06 782518
8170.12 4.66771e+06 430265
8181.88 2.19475e+06 257669
8190.62 7.2334e+06 654914
8203.12 3.96292e+06 364152
8210.38 2.9387e+06 289096
8221.12 7.06957e+06 506236
8230.62 4.49769e+06 465729
8241.5 1.65276e+06 217954
8250 6.89028e+06 1.04517e+06
8260.25 5.30965e+06 798075
8271.38 1.29109e+06 238791
8280 8.29987e+06 796639
8290.88 4.61928e+06 407944
8302.25 2.92942e+06 158721
8310.62 4.03401e+06 682775
8320.38 5.73108e+06 741738
8330.38 1.88872e+06 253564
8340.38 7.97735e+06 614281
8350.5 4.65225e+06 491902
8362.5 3.20351e+06 407874
8370.5 2.91088e+06 661918
8381.5 6.30708e+06 586308
8391.62 1.55384e+06 367620
8400 7.89492e+06 1.00496e+06
8410 4.52139e+06 421115
8421 2.45956e+06 274624
8430.75 5.43639e+06 466147
8442.5 3.47838e+06 429632
8450.12 3.44693e+06 670889
8460.62 7.26432e+06 1.1426e+06
8470.75 4.70995e+06 376633
8481.5 1.24163e+06 211525
8490.25 7.6989e+06 420879
8503.5 3.61797e+06 393814
8511.12 2.14323e+06 338891
8520.5 7.56622e+06 625101
8530.38 4.33386e+06 368332
8540.88 609994 187827
8550 7.97838e+06 440084
8560.38 4.44926e+06 257780
8570.88 777948 226697
8580.25 8.05051e+06 378848
8590.12 4.64092e+06 296225
8602.62 3.13963e+06 193581
8610.62 3.49202e+06 568476
8620.75 7.00775e+06 347345
8630.75 703517 171807
8640.25 8.5505e+06 297747
8650.38 4.88718e+06 220436
8662.25 2.33282e+06 149198
8670.12 5.18242e+06 629907
8680.5 6.43327e+06 576172
8690.75 766613 227511
8700.25 8.37715e+06 216422
8710.25 4.34932e+06 228563
8722.5 3.09326e+06 220668
8730.5 3.89491e+06 290189
8740.75 5.42711e+06 384205
8750.25 2.33076e+06 334338
8760.12 8.13913e+06 535182
8770.5 4.69862e+06 342148
8781 2.74086e+06 263287
8790.62 5.30759e+06 439300
8801.88 4.09893e+06 770419
8810.25 6.50079e+06 662736
8820.38 4.71098e+06 350636
8830.5 4.34726e+06 340375
8840.88 460585 152912
8851.88 8.3143e+06 674991
8860.62 3.20945e+06 652674
8870.75 5.58604e+06 668986
8881.5 2.06286e+06 427971
8890.5 4.35628e+06 957443
8900.12 7.16983e+06 1.92127e+06
8911.5 1.33952e+06 404935
8920.5 8.0196e+06 1.5195e+06
8930.12 4.51006e+06 741550
8942.12 3.13963e+06 690237
8950.12 3.04277e+06 681484
8960.62 7.61671e+06 1.44778e+06
8971.5 1.72282e+06 303987
8980.62 6.87173e+06 531303
8990.5 4.55952e+06 1.21302e+06
9003 4.03710e+06 497105
9010.5 2.08759e+06 375235
9020.12 7.50131e+06 717303
9031 2.3421e+06 461832
9040.75 4.66977e+06 600374
9050.75 6.02784e+06 905793
9061 4.32253e+06 565623
9071.12 566717 125309
9080.12 7.24577e+06 582097
9090.25 4.56879e+06 639238
9100.62 925053 342374
9110.5 8.27744e+06 853744
9120.25 4.27822e+06 300782
9132.5 3.18599e+06 484930
9140.38 4.09172e+06 434906
9151.62 5.44051e+06 378624
9160.88 2.57806e+06 598615
9170.75 7.23753e+06 455721
9180.25 4.44205e+06 504472
9190.75 2.54715e+06 303686
9200.12 5.11078e+06 381855
9212 3.61337e+06 547875
9220.25 7.26971e+06 668746
9230.62 4.66462e+06 685175
9241.5 1.09016e+06 175331
9251.12 8.00931e+06 915501
9261.5 1.89854e+06 528716
9270.12 6.68366e+06 1.20194e+06
9280.5 4.61619e+06 835240
9291 1.09531e+06 339330
9300.38 8.13088e+06 1.73126e+06
9310.12 4.3421e+06 971934
9321.38 828438 118303
9330.5 7.86607e+06 1.57941e+06
9340.12 4.5498e+06 903506
9351.25 2.48326e+06 832927
9360.12 4.32228e+06 807624
9370.5 6.78952e+06 822992
9382.62 3.34158e+06 586581
9391.38 2.69837e+06 909841
9400.88 7.77667e+06 1.39683e+06
9410.38 4.34416e+06 369717
9421.75 1.30860e+06 412929
9430.75 7.68266e+06 629155
9440 4.53376e+06 645877
9452.25 1.13447e+06 137271
9460.38 7.40754e+06 694950
9470.88 4.4709e+06 476340
9480 4.51521e+06 704064
9490.5 1.29418e+06 228191
9500.12 7.90935e+06 954851
9511.88 1.73598e+06 200819
9520.25 6.92659e+06 1.03266e+06
9530.25 4.97992e+06 412733
9543.38 4.0134e+06 326672
9550.75 2.29779e+06 523994
9561 7.61465e+06 520200
9572.12 1.80217e+06 380317
9580.25 7.88977e+06 810655
9590.88 4.62959e+06 505930
9603.12 3.62391e+06 351422
9610.88 3.14478e+06 620408
9620.5 6.98611e+06 925630
9632.12 1.86811e+06 279567
9640.38 6.4954e+06 590961
9650.88 5.31092e+06 574035
9660.5 4.49048e+06 514453
9671 352393 126162
9680.88 7.96680e+06 597008
9692.88 3.1409e+06 393815
9700.38 2.15147e+06 633563
9710.62 7.67854e+06 940977
9720.5 4.52551e+06 329109
9730.38 892324 307189
9740 8.2535e+06 630249
9753.62 4.39156e+06 373400
9761.38 1.13240e+06 461884
9770.75 7.74758e+06 610053
9780.12 4.46987e+06 456730
9792.25 3.18393e+06 312797
9800.62 3.35292e+06 418796
9810.62 5.05617e+06 643142
9820.12 5.62083e+06 725886
9831 5.76302e+06 554768
9842.88 4.68935e+06 416038
9850.75 1.02628e+06 269571
9862.12 7.95056e+06 636009
9872 2.46059e+06 353083
9880.88 6.72542e+06 369394
9890 4.63474e+06 385430
9902.38 3.63834e+06 326352
9911.38 2.06389e+06 406443
9921.12 7.54974e+06 750149
9931 2.22154e+06 478494
9940.12 4.86658e+06 762585
9950.62 6.64298e+06 577699
9961 4.59043e+06 572064
9970.5 814013 281481
9980.12 8.25247e+06 895516
9992.5 3.20351e+06 379842
10001.5 3.34674e+06 274009
10010.2 7.13036e+06 1.006e+06
10020.1 4.40084e+06 444649
10030.5 855228 107020
10041.1 8.49668e+06 760330
10053 3.7692e+06 310220
10060.1 1.73004e+06 251863
10070.2 7.6569e+06 716453
10080.8 4.73778e+06 492082
10092.2 1.89387e+06 264838
10100.2 6.01008e+06 805348
10113.2 5.70659e+06 436702
10120.4 1.20454e+06 266802
10130.6 8.20095e+06 862242
10140.2 4.92943e+06 578971
10152.5 2.00516e+06 113865
10160.6 7.00235e+06 729147
10170.4 4.81839e+06 511538
10180.8 1.4642e+06 209817
10190.6 7.92377e+06 596801
10200.4 4.77693e+06 482604
10212 3.26946e+06 359513
10221.1 3.48275e+06 596266
10231.9 7.59507e+06 1.04991e+06
10240.4 989181 303138
10250.1 7.65175e+06 686283
10260.9 4.35035e+06 387260
10272.8 2.33798e+06 386164
10280.5 4.26791e+06 1.08985e+06
10290.2 6.96447e+06 1.03559e+06
10300.4 995362 276784
10310.6 8.34005e+06 919087
10320.2 4.52860e+06 345001
10333.1 2.02164e+06 254154
10340.6 5.51136e+06 864106
10351.2 5.94874e+06 444156
10360.5 614114 303886
10370.1 7.98766e+06 371370
10381 4.69347e+06 317660
10391.4 2.79135e+06 391628
10400.2 5.06029e+06 182445
10411.1 3.93612e+06 578835
10420.5 7.53222e+06 476282
10430.4 4.43484e+06 581370
10442 1.11592e+06 268058
10450.8 7.47428e+06 1.1253e+06
10460.4 2.36707e+06 1.12427e+06
10470.6 6.71924e+06 933555
10482.9 3.48069e+06 770017
10490.6 2.87069e+06 522127
10500.1 7.24953e+06 1.64715e+06
10512 2.03504e+06 677188
10520.1 7.74968e+06 1.54924e+06
10530.5 4.98198e+06 1.16583e+06
10541.4 2.76147e+06 663890
10551.1 3.9794e+06 686109
10560.1 7.28595e+06 1.6626e+06
10572.4 2.46781e+06 93794.2
10581 7.11182e+06 1.1928e+06
10590.1 4.64916e+06 782415
10604 4.29883e+06 456745
10611.4 1.35909e+06 319993
10620.2 8.29884e+06 1.34716e+06
10631.5 1.81223e+06 181356
10640.1 7.72721e+06 807028
10650.6 4.71511e+06 782608
10662.8 3.47451e+06 167496
10670.4 3.30243e+06 425751
10680.1 7.15303e+06 618351
10691.6 1.61772e+06 420137
10700.1 7.24165e+06 267824
10710.2 4.70892e+06 704525
10723.5 3.54972e+06 250266
10731.1 2.70171e+06 624566
10740.1 7.46112e+06 389427
10752 1.96703e+06 316402
10760.4 4.99538e+06 587466
10770.5 6.19476e+06 381307
10782.4 4.37714e+06 190893
10790.8 1.17465e+06 229504
10800.4 7.8094e+06 474420
10811.5 2.76456e+06 294972
10821 5.19218e+06 666438
10830.8 5.95159e+06 601233
10840.1 4.83463e+06 366466
10850.8 974755 334928
10860.5 8.14325e+06 569608
10872.2 3.11386e+06 409422
10880.2 3.68162e+06 139458
10890.9 6.72439e+06 1.07025e+06
10900.5 4.43896e+06 390618
10911 1.14992e+06 160980
10920 8.39672e+06 582651
10932.2 4.00928e+06 299682
10941.2 2.91554e+06 403972
10950.5 7.26996e+06 1.05204e+06
10960.4 4.8233e+06 452456
10971.8 1.43947e+06 294406
10980.5 8.10718e+06 402260
10992.2 3.08811e+06 398867
11000.1 3.99074e+06 373949
11010.1 6.779e+06 668309
11024 4.35241e+06 203842
11030.8 1.54663e+06 418930
11040.6 8.21744e+06 463506
11052.2 4.28028e+06 279380
11061 1.31994e+06 129761
11070.1 7.8197e+06 831011
11080.4 4.65947e+06 377913
11092.1 3.25606e+06 437320
11100.5 3.71459e+06 310388
11110.1 6.76869e+06 752907
11120.8 1.02937e+06 183662
11130.1 8.1824e+06 693709
11140.4 4.3318e+06 484229
11152 2.95312e+06 260056
11160.6 3.99795e+06 533592
11170.8 6.9418e+06 654798
11181.9 1.74756e+06 181363
11190 7.49100e+06 629772
11200.4 4.77487e+06 447862
11213.1 4.06286e+06 299219
11220 2.94488e+06 330621
11230.8 7.27771e+06 614991
11242 1.85781e+06 424360
11250.1 7.29523e+06 693572
11260.8 4.56982e+06 523991
11273.5 4.22876e+06 442841
11280.6 1.84235e+06 385000
11290.6 7.3282e+06 836708
11302.1 2.32458e+06 377256
11310.2 7.13036e+06 892038
11320.1 4.40393e+06 466141
11330.8 4.82742e+06 661295
11340.6 852138 239137
11350.8 8.41321e+06 1.07754e+06
11363 2.90057e+06 519974
11371 6.08554e+06 668680
11380.1 4.56879e+06 607121
11390 4.41114e+06 466623
11400.8 560535 130230
11410.8 8.47092e+06 770673
11421 2.65122e+06 413880
11430.1 4.56030e+06 512221
11440.4 6.25271e+06 831238
11450.4 4.87894e+06 342203
11461 953118 301472
11470 8.372e+06 983137
11482.4 3.12211e+06 374212
11490.6 3.95055e+06 438134
11500.1 6.99538e+06 1.06854e+06
11510.1 4.63474e+06 537489
11521.9 1.1561e+06 187180
11530.8 7.67236e+06 1.0025e+06
11541.2 4.61413e+06 568441
11550.1 1.4034e+06 324770
11560.5 7.93408e+06 800913
11570.5 4.6471e+06 643609
11581.6 2.5389e+06 310491
11591 4.87276e+06 1.00749e+06
11600.8 5.94334e+06 698009
11610.8 1.27769e+06 394429
11620 8.17931e+06 810442
11630.9 4.52242e+06 429256
11642.4 3.14375e+06 374366
11650.6 3.44565e+06 508953
11660.9 5.44669e+06 784549
11670.5 3.24988e+06 486398
11680.2 7.39724e+06 1.1037e+06
11690.2 4.39259e+06 495742
11701.8 1.23545e+06 164370
11711.1 7.1757e+06 636079
11721 1.30345e+06 491345
11730.2 7.84649e+06 604126
11740.5 4.45751e+06 320842
11750.6 4.33077e+06 406380
11760.4 1.03761e+06 154061
11771.4 8.03815e+06 547865
11782.8 2.71716e+06 366234
11790.6 5.08841e+06 832700
11800.1 5.92759e+06 595556
11811.1 4.63989e+06 459420
11821 907780 339552
11831.4 8.65433e+06 988723
11840.8 4.11002e+06 687558
11852.8 5.29856e+06 400658
11861 1.55978e+06 408723
11870.2 7.63962e+06 1.03408e+06
11881.1 4.87482e+06 682004
11892.2 1.79186e+06 432687
11900.4 7.07884e+06 1.11707e+06
11910.1 5.01289e+06 646863
11922 1.74446e+06 521972
11930.2 7.59404e+06 894296
11940 4.77281e+06 580041
11952.8 3.53427e+06 358857
11960.5 3.46317e+06 404690
11970.4 7.29214e+06 759943
11982.2 1.78568e+06 145318
11990.5 6.70378e+06 785877
12000.4 4.99744e+06 680154
12010.1 4.62546e+06 431595
12020.8 757340 264179
12032.8 8.20301e+06 875352
12043.4 3.29316e+06 368097
12050.1 6.07317e+06 669109
12060.2 4.64916e+06 513807
12072.6 3.38795e+06 249625
12080.4 2.84802e+06 461585
12091.2 6.49255e+06 897559
12101.1 1.4879e+06 288795
12110 8.25144e+06 707395
12120.2 4.73881e+06 576253
12133.8 3.83412e+06 478060
12140.2 2.48429e+06 372389
12152 5.94025e+06 903016
12160.1 5.5961e+06 718576
12170.2 4.48533e+06 882002
12181.1 2.51314e+06 433161
12190.2 4.72747e+06 1.03146e+06
12200.1 6.49471e+06 1.35574e+06
12210.5 786191 216928
12220.1 8.53553e+06 1.70948e+06
12230.1 4.97095e+06 1.19292e+06
12242.8 1.87017e+06 292428
12250.5 4.95676e+06 986251
12260.2 6.18621e+06 964840
12272.9 3.40238e+06 623082
12280.4 2.31737e+06 874234
12290.5 8.22671e+06 1.31463e+06
12300.1 4.70996e+06 750752
12310.8 917054 140632
12320.4 8.41012e+06 1.34104e+06
12330.4 4.77281e+06 626012
12340.5 1.17362e+06 120225
12350.5 8.29266e+06 1.25135e+06
12360.2 4.82639e+06 504795
12371.6 1.7321e+06 223947
12380.1 7.72285e+06 994880
12390.1 4.77384e+06 389718
12400.4 1.0304e+06 114537
12410.1 8.60487e+06 1.00269e+06
12420.5 4.62237e+06 511288
12431.5 3.00567e+06 269866
12441.1 3.84727e+06 536763
12452.4 5.10484e+06 1.44173e+06
12460.1 6.55231e+06 535195
12470.1 4.72747e+06 824591
12481 857289 266502
12490.6 8.1587e+06 1.64459e+06
12502.1 2.04795e+06 366816
12510.4 7.47913e+06 2.10224e+06
12520.2 4.7656e+06 877272
12532.6 3.70738e+06 768437
12540.6 4.08244e+06 773876
12551.4 4.87997e+06 882150
12560 5.51961e+06 1.31014e+06
12570.2 5.77666e+06 634948
12581.2 4.75735e+06 667840
12591.1 986090 439503
12600.6 7.95366e+06 1.16633e+06
12613.2 2.24009e+06 415389
12620.1 7.1417e+06 1.19891e+06
12630.5 4.7996e+06 633613
12642.1 3.41886e+06 354052
12650.5 3.20866e+06 743624
12660.8 6.15458e+06 770002
12670.6 4.61079e+06 953842
12680.1 6.10021e+06 746566
12692.8 3.29316e+06 718192
12700.5 3.82119e+06 758608
12710.8 6.86269e+06 1.32242e+06
12721.8 1.5425e+06 713807
12730.2 7.90859e+06 1.69514e+06
12741.4 4.53348e+06 877693
12753 3.67955e+06 835955
12760.5 2.48096e+06 1.05214e+06
12770.2 6.79779e+06 955284
12782.5 3.23752e+06 565797
12790.2 3.36631e+06 965918
12800.2 7.01384e+06 1.09054e+06
12812.2 4.90367e+06 657432
12821.9 1.73519e+06 1.00782e+06
12830.2 7.42672e+06 989279
12842.9 3.39128e+06 443521
12851.1 5.33232e+06 1.60161e+06
12861 5.23332e+06 985137
12870.1 4.66462e+06 664815
12880.9 844926 197939
12890.4 8.44928e+06 1.55204e+06
12901.9 3.00774e+06 487597
12910.6 3.08914e+06 683659
12920.9 7.18498e+06 1.0085e+06
12931.5 4.31428e+06 477287
12941.9 1.24472e+06 442835
12950.2 8.01548e+06 695559
12961.8 3.25194e+06 620865
12970.9 5.31274e+06 863528
12980.1 5.92686e+06 736437
12990.6 4.65843e+06 333940
13000.4 1.23854e+06 554190
13010.8 8.15767e+06 694500
13021.1 2.56775e+06 425724
13030.6 4.51727e+06 490692
13040.8 6.54304e+06 763601
13050.4 4.62855e+06 444297
13060.5 1.23648e+06 235157
13071 8.21744e+06 452411
13081.4 2.91912e+06 329549
13090.8 4.6368e+06 434748
13100.4 6.27307e+06 892846
13110.8 4.45751e+06 414686
13120.4 688303 169782
13130.2 8.17004e+06 625922
13142.2 2.75941e+06 347756
13150.6 3.88872e+06 497767
13160.9 6.19476e+06 587185
13172.2 3.41062e+06 287922
13180.1 2.39568e+06 350821
13191.5 8.22707e+06 1.32448e+06
13201.9 2.11541e+06 661284
13210.2 7.15200e+06 889657
13221.4 4.91501e+06 352402
13232.4 3.72798e+06 411679
13240.5 1.81659e+06 360292
13250.2 8.02269e+06 1.32216e+06
13261.9 2.87790e+06 463358
13271.1 4.06444e+06 698799
13280.6 6.89695e+06 795414
13290.6 4.90882e+06 467633
13300.8 1.36218e+06 369664
13310.4 7.86298e+06 775453
13322.4 3.02937e+06 455288
13331.2 4.20815e+06 780154
13340.8 6.58116e+06 939151
13351.5 4.51315e+06 449710
13360 1.22514e+06 362367
13371 8.32254e+06 642397
13381.9 2.97064e+06 366877
13390.4 4.2844e+06 345787
13400.9 7.00466e+06 478540
13410.6 4.46163e+06 516208
13421.2 577021 167261
13430.8 8.27514e+06 432840
13441.4 2.93045e+06 400978
13451.1 4.37277e+06 756772
13460.5 6.34029e+06 1.14326e+06
13470.4 4.84803e+06 404716
13480.8 974753 192151
13490.4 8.78519e+06 814529
13501.8 2.55333e+06 424434
13510.9 5.52579e+06 768480
13520.5 5.60459e+06 377318
13532.6 4.08347e+06 329019
13540.4 1.99279e+06 199737
13551.4 7.78982e+06 580655
13563 3.49820e+06 509232
13570.6 2.68419e+06 414566
13580.4 7.51058e+06 736014
13591.4 4.2978e+06 427331
13602.1 1.65276e+06 360752
13610.6 6.92635e+06 828144
13623.1 4.76251e+06 561962
13631.4 2.04201e+06 377680
13640.5 7.44591e+06 754677
13650.4 4.5894e+06 406975
13662.2 1.93509e+06 434818
13671 6.00929e+06 662960
13682.2 5.54561e+06 304088
13690.6 1.94436e+06 274978
13701 7.94129e+06 857392
13710.5 4.69965e+06 383715
13722.8 1.49202e+06 317601
13730.6 5.89388e+06 479737
13740.2 5.8197e+06 623989
13751.2 1.70634e+06 163643
13760.4 7.27874e+06 554784
13770.8 4.33695e+06 422977
13781.5 2.67079e+06 233262
13791.1 3.79496e+06 775760
13801.6 6.46448e+06 1.02044e+06
13810.5 1.53117e+06 430964
13820.1 8.39594e+06 437610
13830.5 4.55643e+06 467181
13841.6 2.11129e+06 158007
13851 5.70096e+06 525529
13861.5 4.82845e+06 726347
13870.5 1.70349e+06 466404
13880.5 7.77746e+06 563884
13890.8 4.69862e+06 429018
13901.9 2.60176e+06 203811
13910.8 3.8349e+06 602337
13920.6 4.83178e+06 472850
13930.6 4.61001e+06 754587
13940.6 5.83e+06 684626
13952.1 4.32974e+06 361365
13960.5 1.39001e+06 189156
13972.1 7.47143e+06 588534
13982 2.52296e+06 395432
13990.2 6.68675e+06 869257
14000.5 4.25658e+06 531273
14010.9 4.18445e+06 463572
14020.9 673878 211103
14030.6 7.88256e+06 1.05179e+06
14041.6 2.20402e+06 634392
14050.6 6.7924e+06 696275
14060.4 4.43381e+06 571232
14073.4 3.76302e+06 353327
14080.2 2.42144e+06 469823
14091.8 6.25452e+06 748504
14101.5 2.16899e+06 548398
14110.2 7.75479e+06 1.03615e+06
14120.9 4.58837e+06 417742
14132 2.26688e+06 514851
14140.5 5.06441e+06 995175
14152 6.24319e+06 949145
14160.6 701699 211373
14170.8 8.03918e+06 848798
14181.2 4.34313e+06 542717
14192.1 2.93148e+06 403572
14201 3.41886e+06 633138
14210.9 6.4874e+06 772029
14222.4 1.4271e+06 274003
14230.6 6.65614e+06 882771
14240.5 5.31504e+06 936379
14252.6 4.1927e+06 481901
14260.8 1.13859e+06 242095
14271 8.02372e+06 775525
14282.1 3.03143e+06 465555
14290.8 4.20403e+06 694064
14300.2 6.32665e+06 1.00146e+06
14310.2 4.54303e+06 422297
14320.8 1.017e+06 283545
14330.9 8.37921e+06 765370
14343.1 3.30758e+06 458961
14350.8 2.54381e+06 226793
14360.5 7.03581e+06 1.12676e+06
14370.4 4.3421e+06 443637
14382.1 2.42247e+06 429221
14390.4 4.95004e+06 773932
14401.5 5.84855e+06 1.0117e+06
14410.2 928389 369122
14420.4 8.44e+06 1.0735e+06
14430.6 4.50697e+06 768487
14443 4.6234e+06 721674
14450.8 1.23648e+06 322388
14463 7.22207e+06 1.29122e+06
14471.9 3.38074e+06 529988
14480.2 5.93716e+06 1.26459e+06
14490.2 4.15663e+06 659734
14502 2.60279e+06 423222
14510.6 3.864e+06 736482
14521.2 5.81042e+06 996391
14531.1 1.86811e+06 495089
14540.5 7.48894e+06 1.17276e+06
14550.1 4.1453e+06 689282
14563 4.33901e+06 734665
14570.8 880989 346880
14583 7.41378e+06 1.30529e+06
14591.4 3.58451e+06 722899
14600.2 6.00129e+06 1.22909e+06
14610.6 4.53582e+06 769713
14622.8 1.72488e+06 256061
14630.4 6.8975e+06 1.02478e+06
14643 4.17209e+06 684149
14650.6 2.7388e+06 409449
14660.6 7.32202e+06 995126
14670.2 4.49975e+06 592627
14682.8 1.77022e+06 246887
14690.8 6.66153e+06 720389
14703 4.48945e+06 739771
14710.4 2.09892e+06 187260
14720.2 7.2128e+06 797309
14731 4.46163e+06 423038
14742 1.68573e+06 186897
14750.5 6.69863e+06 804495
14763 5.15303e+06 402662
14771.4 1.37764e+06 404506
14781 7.93717e+06 888920
14790.4 4.53788e+06 518933
14800.9 2.40907e+06 388524
14810.9 3.74756e+06 671635
14821 5.43639e+06 731976
14830.9 3.67107e+06 393400
14840.4 7.23674e+06 1.10251e+06
14850.4 4.94489e+06 521874
14862.5 1.68573e+06 344733
14870.8 6.93847e+06 823638
14882.5 3.53942e+06 458847
14890.4 3.39644e+06 509123
14900.8 7.46525e+06 884546
14910.4 4.82948e+06 325115
14922 1.69088e+06 350043
14930.4 7.20868e+06 885195
14940.9 1.32358e+06 228350
14950.6 8.14889e+06 632291
14960.2 4.25864e+06 469801
14973 4.12984e+06 347750
14980.8 2.43174e+06 441644
14991.9 6.26689e+06 786461
15001.2 2.35034e+06 384877
15010.1 8.0093e+06 746925
15020.6 4.81094e+06 440307
15032.2 2.11644e+06 443366
15040.2 6.09948e+06 617907
15051.4 2.65685e+06 437326
15060.6 7.48379e+06 637072
15070.8 4.12881e+06 326952
15080.9 4.39156e+06 349841
15090.1 726427 175497
15103.2 7.96705e+06 405821
15112.4 2.65431e+06 569710
15120.2 6.84804e+06 675840
15130.6 4.45028e+06 281704
15141.4 2.49666e+06 311103
15150.6 6.4717e+06 550324
15162.8 4.05565e+06 733259
15171 3.87866e+06 888725
15180.4 6.48018e+06 628037
15190.6 4.66462e+06 341957
15202.4 1.7661e+06 264978
15210.6 6.99205e+06 711869
15222 3.21485e+06 675877
15230.2 6.11645e+06 684808
15240.8 5.22746e+06 720216
15250.6 4.12984e+06 672692
15262.2 1.45286e+06 398659
15270.8 6.60795e+06 824369
15281.6 2.60279e+06 505736
15290.4 7.1654e+06 1.0035e+06
15300.5 4.51418e+06 632947
15311.6 1.25296e+06 254853
15320.1 7.63835e+06 1.00021e+06
15330.2 5.12212e+06 819538
15341 834620 203351
15350.4 7.97838e+06 1.0934e+06
15360.4 4.72953e+06 484070
15373 3.52397e+06 412816
15381.1 2.29161e+06 411175
15391.2 7.37457e+06 714290
15402.8 1.72695e+06 294792
15410.1 7.22516e+06 820467
15420.9 5.04587e+06 598109
15430.5 4.42969e+06 638399
15440.2 675939 255548
15451.4 8.36066e+06 1.03127e+06
15461.8 1.70404e+06 439598
15470.4 7.14916e+06 846002
15480.8 4.07523e+06 413541
15493.2 3.42814e+06 465874
15500.5 2.19578e+06 480573
15512 6.3555e+06 640270
15520.4 3.10744e+06 540989
15530.9 7.73957e+06 1.18577e+06
15540.5 4.77693e+06 524821
15551.6 1.51675e+06 289398
15560.1 7.9485e+06 732197
15571.2 1.30757e+06 544734
15580.8 7.31687e+06 763575
15590 4.16590e+06 438304
15600.8 4.15457e+06 391828
15612 889233 205122
15620.6 7.35784e+06 865904
15632.5 2.31555e+06 539725
15640.4 4.98586e+06 854630
15650.4 6.10433e+06 1.07492e+06
15660.8 4.48018e+06 423357
15670.5 792374 311639
15681.1 8.27308e+06 676395
15693.1 2.06752e+06 280755
15700.5 6.73518e+06 646103
15710.1 4.06183e+06 394560
15720.6 4.58734e+06 514586
15731.5 2.34725e+06 351406
15741.9 4.57061e+06 677254
15752.4 3.94461e+06 1.14968e+06
15760 7.16437e+06 790388
15770.5 4.92634e+06 589380
15781 4.55849e+06 529866
15790.2 625450 212139
15803.2 7.60126e+06 846588
15812 2.77692e+06 615657
15820.8 6.30708e+06 1.11302e+06
15830 4.6708e+06 427868
15841.6 2.65431e+06 291018
15851.6 3.80011e+06 485118
15862.1 5.50542e+06 599789
15870.6 3.23751e+06 685527
15880.4 6.28338e+06 723931
15891.1 4.78517e+06 273039
15901.4 1.37867e+06 433145
15910.9 6.86119e+06 1.03343e+06
15922.4 4.48557e+06 1.11653e+06
15931.5 2.93354e+06 730834
15940.9 7.21898e+06 1.23457e+06
15950.9 4.34313e+06 429815
15960.6 606902 316052
15970 8.5451e+06 519739
15982.4 3.22309e+06 348300
15990.8 4.21409e+06 550248
16000 6.81118e+06 760588
16011.2 4.45957e+06 388487
16021.4 911901 306710
16031.1 7.63526e+06 640197
16042.8 3.559e+06 647533
16050.6 2.99204e+06 251087
16061.5 7.1574e+06 932812
16070.4 4.72335e+06 330600
16081 969604 364613
16091.2 8.39776e+06 468753
16102.1 3.15714e+06 320737
16110.6 3.20866e+06 627778
16120.1 7.02526e+06 1.01936e+06
16130 4.25555e+06 221047
16141.9 1.6847e+06 235874
16151 6.83337e+06 616229
16162.4 2.88821e+06 947486
16170.6 7.11824e+06 394007
16181.1 4.61104e+06 388853
16190.6 2.50902e+06 233262
16200.5 5.25892e+06 450140
16210.2 5.83024e+06 539671
16220.9 1.18702e+06 201221
16230.2 8.05154e+06 728939
16240.9 4.38332e+06 493981
16251.4 4.65819e+06 498543
16260.5 1.07495e+06 386821
16270 8.49977e+06 866427
16282.9 3.48584e+06 529508
16291.1 3.13653e+06 600779
16300.5 6.94902e+06 1.1533e+06
16310.4 4.60898e+06 470715
16321.9 1.95157e+06 339978
16330.8 7.18807e+06 934423
16341.2 4.6234e+06 564163
16350 1.35291e+06 413824
16361.2 8.26484e+06 927327
16371 4.63989e+06 576441
16381.2 1.08707e+06 337640
16390.1 7.52501e+06 835340
16400.4 4.62649e+06 664865
16410.5 597629 165166
16420.5 8.09894e+06 906636
16430.5 4.50903e+06 521965
16442.4 3.05719e+06 410334
16450.5 3.37456e+06 416350
16461.2 6.72336e+06 748348
16471.5 1.91242e+06 445560
16481 5.20249e+06 1.08066e+06
16490 5.5961e+06 915876
16500.5 4.57497e+06 482200
16511 701699 216813
16520.4 8.16282e+06 1.14512e+06
16532.5 3.00052e+06 439361
16540.8 4.3318e+06 553357
16550.8 6.78518e+06 1.1571e+06
16560.8 4.26894e+06 541133
16570.2 775888 246235
16580.8 8.30914e+06 942965
16592.6 3.19218e+06 403361
16601.1 2.36064e+06 519720
16610.8 7.30656e+06 680760
16620.8 4.3895e+06 526019
16631.1 913961 274792
16640.9 8.22053e+06 719241
16653.4 3.77023e+06 318685
16660.4 2.64812e+06 346530
16670.4 7.08606e+06 646223
16681.4 4.72335e+06 412232
16690.6 692426 202546
16700.5 8.27926e+06 613177
16712.4 4.27204e+06 396402
16720.6 2.19269e+06 323615
16730.4 7.64556e+06 742390
16740.2 4.68007e+06 537339
16752.6 1.80526e+06 280379
16760.8 6.03505e+06 777269
16771.8 4.3738e+06 615408
16780.8 2.15662e+06 350813
16790.4 8.025e+06 1.0381e+06
16800.6 4.6471e+06 618198
16811.6 1.26842e+06 226123
16820.2 8.09997e+06 833144
16833.5 3.49924e+06 453907
16840.6 2.34598e+06 354807
16850.6 7.59841e+06 1.01996e+06
16860.4 4.34519e+06 459539
16871.5 2.24421e+06 391264
16881.4 5.13218e+06 1.01896e+06
16892.8 6.08063e+06 1.21915e+06
16900.4 1.37352e+06 224281
16910.1 7.93614e+06 729579
16921.6 4.68213e+06 598320
16932.6 1.60227e+06 322378
16940.8 6.10487e+06 610895
16950.6 5.4253e+06 633586
16960.8 891294 269349
16971 7.88049e+06 813651
16980.8 4.45648e+06 609993
16993 3.60846e+06 360830
17000.1 2.89336e+06 322402
17010.9 7.2468e+06 803045
17022.5 2.13499e+06 330638
17030.2 7.16516e+06 944102
17041.1 4.93276e+06 612233
17051.4 4.45132e+06 582382
17060.4 1.71561e+06 355750
17072.6 6.94489e+06 967230
17081.9 3.30449e+06 415716
17091 6.37817e+06 1.17285e+06
17100.2 4.24628e+06 528830
17111.6 2.34519e+06 348589
17121.5 4.87997e+06 1.0165e+06
17131.5 6.22774e+06 1.10045e+06
17140.5 1.17568e+06 340634
17150.6 8.15458e+06 831612
17161.6 4.53788e+06 606691
17172.2 1.55693e+06 427893
17180.6 6.95907e+06 762948
17190 4.81736e+06 547804
17201.4 1.27151e+06 219814
17210.8 7.76406e+06 1.17138e+06
17220.4 4.89646e+06 562827
17232.8 1.98867e+06 434489
17241 6.84185e+06 764554
17250.8 4.72541e+06 649725
17263.4 1.90624e+06 100323
17270.4 4.06444e+06 574734
17280.6 7.48943e+06 948111
17291.4 4.27204e+06 421575
17301.2 1.08295e+06 338927
17310.4 7.78158e+06 514047
17322.8 4.11026e+06 308432
17331 1.83205e+06 448089
17340.5 8.00518e+06 623983
17350.2 4.57703e+06 334786
17361.4 1.08707e+06 194827
17370.6 8.03918e+06 579538
17380.5 4.61516e+06 360267
17392.5 1.80835e+06 182203
17400 6.79342e+06 579355
17410.8 5.00362e+06 628106
17421.1 4.66359e+06 463141
17430.2 778979 211194
17440.1 8.39054e+06 765428
17451.6 2.53478e+06 349781
17460.8 4.91912e+06 346499
17470.4 6.20300e+06 891394
17483.9 3.74859e+06 360315
17490.9 2.39052e+06 269445
17501.1 7.24577e+06 657021
17512.9 3.87636e+06 381303
17520.6 2.43689e+06 312257
17530.6 7.18395e+06 650124
17540.9 4.66256e+06 403267
17552.9 1.73519e+06 243501
17560.2 5.98868e+06 1.03384e+06
17573 5.77333e+06 428678
17580.8 1.67852e+06 285024
17590.5 7.76612e+06 635862
17600.2 4.54818e+06 419006
17611.1 1.44153e+06 228394
17620.8 7.96577e+06 638585
17630.8 4.89052e+06 533790
17640.5 1.32303e+06 281584
17650.2 7.71666e+06 830369
17660.2 4.44514e+06 508218
17671.6 2.89851e+06 246823
17680.5 4.64504e+06 500450
17691.5 4.45084e+06 495678
17700.4 5.07884e+06 746387
17710.4 5.87376e+06 602402
17721.4 4.45751e+06 345594
17730.2 858319 291523
17742.1 8.22877e+06 592031
17751 4.75838e+06 273938
17761.4 4.98919e+06 289547
17771.2 899536 257903
17780 8.21332e+06 733969
17794.1 4.41938e+06 479942
17801.2 1.38279e+06 236959
17810.2 7.77952e+06 1.01066e+06
17820.2 4.57703e+06 413427
17832 2.76662e+06 305611
17841 4.43484e+06 660194
17850.5 5.66308e+06 819006
17860.5 1.76919e+06 489461
17871 8.36169e+06 1.00211e+06
17880.4 4.59867e+06 875384
17893.8 3.69295e+06 454232
17901.4 3.22697e+06 558219
17911.8 6.38666e+06 1.33214e+06
17920.6 1.90315e+06 596600
17930.8 8.16179e+06 852672
17940.4 4.61722e+06 900222
17953 3.50954e+06 678698
17961.2 4.28337e+06 870252
17971.1 4.94798e+06 1.23342e+06
17980.5 3.76999e+06 1.01945e+06
17991.5 7.10279e+06 1.7997e+06
18000.5 4.69656e+06 894557
18010.5 989180 374898
18020.1 8.11852e+06 1.26879e+06
18033 2.66805e+06 367643
18040.5 6.48534e+06 960974
18050 4.88615e+06 704498
18062.2 4.61928e+06 520057
18070.8 1.19423e+06 308375
18080.4 8.06494e+06 1.00306e+06
18092.1 2.271e+06 477739
18101.1 7.00775e+06 807037
18110.2 4.2133e+06 561679
18123.6 4.10717e+06 410414
18130.4 2.50387e+06 538213
18141.2 7.42935e+06 828410
18151.9 1.51778e+06 352774
18160 7.88643e+06 842508
18171.1 4.75244e+06 407274
18181.4 2.78517e+06 332730
18190.5 3.61258e+06 577685
18200.5 7.1757e+06 821391
18211.4 3.06131e+06 275018
18220.5 2.45441e+06 579133
18230.6 7.2231e+06 978952
18240.4 4.2947e+06 475842
18251.8 2.60279e+06 461807
18261.2 3.43329e+06 807537
18272.8 7.51839e+06 1.19964e+06
18280.5 1.17156e+06 336543
18290.2 7.66514e+06 792217
18301 4.77487e+06 498432
18311.6 3.00567e+06 286551
18320.5 4.01856e+06 662120
18331.1 5.08811e+06 692142
18341.1 4.95804e+06 811503
18350.5 5.69629e+06 1.13493e+06
18363 4.3421e+06 328278
18370.8 1.27769e+06 311893
18380.9 7.88771e+06 427782
18391.5 2.62855e+06 226334
18400.4 6.70275e+06 446097
18410.9 4.99641e+06 431700
18420.6 4.21845e+06 294059
18430.9 407004 166593
18440.4 8.12779e+06 623808
18452.6 2.74783e+06 616316
18460.2 6.29186e+06 666802
18470.9 4.53891e+06 849099
18480.4 959301 285468
18490.2 8.49552e+06 1.32675e+06
18503.1 4.31943e+06 699131
18510.2 1.75168e+06 1.05019e+06
18520.4 8.05836e+06 784960
18531.2 4.6708e+06 746293
18542 1.95158e+06 599975
18550.4 6.60074e+06 894434
18560.5 5.31362e+06 1.10338e+06
18570.8 820197 189526
18580.1 8.1381e+06 1.65749e+06
18590.6 4.5997e+06 568494
18603 3.29728e+06 762655
18611.1 3.13963e+06 527427
18620.8 7.48894e+06 1.67498e+06
18630.8 810922 246909
18640.1 8.30502e+06 1.37076e+06
18651.2 4.23185e+06 544701
18662 2.69655e+06 489006
18670.6 4.07523e+06 657463
18680.1 6.93356e+06 1.05301e+06
18691.2 1.20453e+06 139774
18700.2 7.91965e+06 1.00994e+06
18710.8 4.60898e+06 473355
18722.6 3.89491e+06 488559
18731.4 1.80732e+06 458628
18740.6 8.13603e+06 1.33053e+06
18751.2 1.45587e+06 217074
18760.1 8.00517e+06 906872
18770.5 4.24834e+06 561990
18783.2 3.65689e+06 379310
18790.8 3.17054e+06 425571
18801.2 6.25246e+06 778723
18810.5 5.74139e+06 689495
18820.4 4.64813e+06 690606
18832.1 1.661e+06 281927
18841.2 5.84855e+06 913990
18851.5 3.28673e+06 747142
18860.2 6.79858e+06 1.19848e+06
18871 4.81839e+06 767442
18882.4 4.23185e+06 810342
18890.1 1.84544e+06 402206
18900.5 7.5992e+06 1.36772e+06
18912.1 3.29728e+06 375383
18920.5 3.51675e+06 1.12987e+06
18930.2 6.57189e+06 640761
18940.1 4.55436e+06 741428
18951.8 1.79598e+06 486636
18960.5 7.90935e+06 1.21613e+06
18972.5 2.86966e+06 277782
18981.5 5.63501e+06 857235
18990.1 5.93019e+06 1.04041e+06
19000.4 4.66771e+06 473073
19011.2 934569 231085
19020.5 7.78055e+06 659392
19032.8 3.86709e+06 323350
19040.1 2.93561e+06 547964
19050.2 6.87998e+06 968257
19060.5 4.68832e+06 577998
19072.5 1.99176e+06 282653
19080.6 7.15279e+06 926289
19091.5 4.32998e+06 716859
19100.2 2.98585e+06 488124
19110.5 7.27177e+06 891953
19120.6 4.29058e+06 392335
19131.1 2.38846e+06 459544
19140.4 3.85575e+06 411747
19150.9 5.2808e+06 693677
19160.4 2.95106e+06 500486
19170.2 7.70739e+06 1.03142e+06
19180.5 4.78105e+06 613874
19190.9 2.41628e+06 317408
19200.8 3.99795e+06 672998
19212 6.33362e+06 1.04147e+06
19220.1 1.30679e+06 451193
19230.1 8.56056e+06 979591
19240.4 4.32356e+06 361481
19252 3.42505e+06 349650
19260.8 3.50542e+06 622873
19270.5 7.12934e+06 1.04073e+06
19280.8 871716 211851
19290 8.38024e+06 890660
19300.8 4.71614e+06 547935
19311.1 2.76971e+06 311860
19320.2 4.47375e+06 602249
19330.1 6.73287e+06 562407
19340.4 984030 205770
19350.2 8.32048e+06 707420
19360.2 4.57291e+06 346930
19371.4 2.88409e+06 317646
19380.5 4.21536e+06 673409
19390.4 7.10666e+06 892953
19400.1 889232 201261
19410.5 8.58426e+06 481439
19420.5 4.47193e+06 407226
19432.4 3.45596e+06 273267
19440.5 3.27667e+06 667395
19450.4 7.084e+06 574755
19461.6 1.06543e+06 274236
19470.4 7.21359e+06 696738
19480.4 4.1713e+06 422668
19492.2 3.54251e+06 300844
19500.5 1.66615e+06 368824
19510.6 8.03815e+06 640111
19521.6 2.11747e+06 378207
19530.4 7.49822e+06 791052
19540.6 4.54406e+06 440401
19553.1 3.593e+06 357415
19560.8 2.09995e+06 727201
19570.4 8.53789e+06 963475
19582.2 1.94024e+06 284499
19590.4 6.5554e+06 871357
19600.4 4.5657e+06 490720
19610 4.11438e+06 400077
19621.4 827408 153664
19630.4 7.41888e+06 514883
19643.9 4.22876e+06 532006
19650.5 1.24163e+06 288055
19660 7.80837e+06 669288
19670.6 4.542e+06 449850
19682 3.13756e+06 387666
19690.4 4.3081e+06 446645
19700.5 5.62083e+06 632213
19710.2 2.03298e+06 520231
19720 8.3586e+06 693599
19730.8 4.60898e+06 453028
19742.6 1.78774e+06 313646
19751 5.01289e+06 884171
19761 3.93794e+06 450515
19770.2 4.96162e+06 869974
19780.8 6.17312e+06 679793
19790.2 4.64298e+06 360877
19801.4 1.57239e+06 222623
19810.9 7.5701e+06 787739
19823.4 2.35574e+06 408084
19830.2 6.60692e+06 1.09445e+06
19840.2 4.28337e+06 458823
19853.9 4.22773e+06 366566
19860.9 1.8032e+06 392326
19871.9 6.43484e+06 482165
19881.6 3.23133e+06 357381
19890.2 6.54098e+06 622327
19900.4 4.66668e+06 430930
19910.9 2.45235e+06 246651
19920.4 5.57652e+06 537142
19931.1 2.90572e+06 315824
19940.2 7.8094e+06 663694
19950.4 4.56261e+06 344983
19963.8 3.8743e+06 332345
19970 2.07419e+06 94482.2
19982.9 6.46576e+06 484868
19990.9 3.72386e+06 681286
20000 6.55437e+06 498702
20010.2 4.60589e+06 419981
20022.1 1.38588e+06 195512
20030.8 7.48173e+06 815618
20042.6 3.61585e+06 533692
20050.1 2.99537e+06 589502
20060.9 7.49154e+06 1.28082e+06
20071.2 4.57085e+06 432491
20080.2 1.14683e+06 267287
20090.8 8.42661e+06 623745
20102.5 3.76508e+06 288475
20110.1 2.88615e+06 379664
20120.6 7.08915e+06 483531
20130.9 4.40496e+06 494072
20140.5 2.46987e+06 204586
20150.6 3.51263e+06 829529
20161.8 6.71614e+06 1.2049e+06
20170.5 3.61258e+06 918445
20180.4 6.50182e+06 863436
20190.4 4.79857e+06 391859
20200.9 742915 151314
20210.5 7.96396e+06 749445
20223 3.4405e+06 258484
20230.1 3.43638e+06 261447
20240.1 7.2808e+06 799650
20250.5 4.66462e+06 414376
20260.5 980937 178999
20270.2 8.31944e+06 593216
20282 2.50878e+06 523419
20290.5 6.12597e+06 575562
20300.2 4.85318e+06 646358
20310.9 4.54509e+06 493461
20320.5 937661 180174
20333 7.75479e+06 723243
20340.8 3.25273e+06 786591
20350 5.69114e+06 803469
20363 3.6301e+06 767900
20370.6 3.47244e+06 827223
20380.5 6.68523e+06 1.23036e+06
20391.5 2.12571e+06 429798
20400.2 7.04175e+06 1.42112e+06
20410.2 4.53257e+06 1.09733e+06
20421.2 4.60898e+06 892935
20430 1.15508e+06 253962
20440.1 8.17828e+06 1.48749e+06
20451.8 2.87996e+06 295043
20460.5 5.37432e+06 774335
20470 6.11979e+06 1.36671e+06
20480.6 4.34004e+06 614073
20491.6 818136 302284
20500 8.57396e+06 1.24873e+06
20511.5 2.46987e+06 285158
20520.8 4.55515e+06 655509
20530.5 6.42684e+06 926233
20540.2 4.53788e+06 450527
20552.2 1.37867e+06 156720
20560.8 7.57962e+06 662490
20572.9 3.7352e+06 454617
20580.1 3.25297e+06 348790
20590.2 7.26947e+06 537755
20600.5 4.87894e+06 449900
20610 1.09428e+06 169499
20620.6 8.27514e+06 588384
20632.6 3.76405e+06 231374
20640.8 2.31118e+06 318168
20650.1 8.03712e+06 695208
20660.4 4.68522e+06 327453
20672.5 2.16899e+06 164641
20680.5 6.5317e+06 625690
20692.5 3.80193e+06 548706
20700.4 3.13448e+06 470367
20710.2 7.40057e+06 752613
20720.4 4.16796e+06 492326
20732.1 2.91809e+06 391631
20740.2 3.1829e+06 652276
20751.4 6.04123e+06 1.09259e+06
20760.9 1.33746e+06 384881
20770.2 8.10924e+06 1.25369e+06
20780.1 4.05977e+06 409612
20793 3.30655e+06 394799
20800.6 3.28594e+06 613035
20811.2 5.3725e+06 660890
20821 2.83002e+06 389587
20830.1 7.59865e+06 1.09832e+06
20840.2 4.40908e+06 465062
20851.9 1.8609e+06 179761
20860.6 6.65844e+06 839100
20872.5 2.94876e+06 496999
20880.1 6.86683e+06 760176
20890.5 4.18857e+06 416968
20900.6 3.99486e+06 247111
20911.2 577021 169206
20920.2 7.85989e+06 772842
20931 1.42867e+06 467773
20940.6 7.65223e+06 401753
20950.1 4.50903e+06 380333
20963.8 4.36477e+06 218421
20971 1.18083e+06 283968
20982.1 7.43536e+06 437339
20991.8 2.86554e+06 420307
21000.1 6.92119e+06 361601
21010.8 4.60073e+06 180843
21021.9 2.95931e+06 230920
21030.5 3.96292e+06 615669
21042.6 4.50078e+06 562607
21050.4 7.19837e+06 349762
21060.2 4.62546e+06 267203
21070.4 4.4946e+06 329517
21080.4 584234 172643
21090.5 8.15458e+06 315136
21101.8 1.8295e+06 429501
21110.4 7.00514e+06 446001
21120.1 4.78414e+06 205424
21133.2 3.64349e+06 182971
21140.5 1.82071e+06 306150
21152.6 6.72645e+06 327184
21161.6 2.59454e+06 398715
21170.1 7.2571e+06 617766
21180.5 4.22876e+06 253549
21190.8 2.84184e+06 228474
21200.5 2.84287e+06 635078
21211 5.38281e+06 850497
21220 5.507e+06 604071
21230.1 5.88819e+06 466739
21240.6 4.64195e+06 416966
21251.4 1.1355e+06 163842
21260 7.74345e+06 381549
21272.5 2.29136e+06 678346
21280.1 7.06878e+06 634688
21290 4.65019e+06 204312
21303.9 3.91346e+06 149104
21310.6 2.77486e+06 305291
21321.8 5.50852e+06 335853
21330.5 4.68704e+06 653401
21340.2 6.32174e+06 886439
21351.5 4.542e+06 182668
21360.2 509013 138739
21370 8.49358e+06 358475
21382.6 2.34519e+06 140566
21390.2 7.16231e+06 389168
21400.1 4.61722e+06 344044
21410.6 4.78312e+06 399404
21420.5 1.08913e+06 362280
21432.4 8.15664e+06 928359
21442.8 2.12365e+06 535262
21451.5 4.65201e+06 436694
21460.5 6.50619e+06 1.41181e+06
21470 4.66668e+06 543737
21482 3.13654e+06 430256
21490.8 4.38538e+06 1.19523e+06
21502.4 4.44799e+06 703460
21510.1 4.90058e+06 1.25067e+06
21520.5 6.01881e+06 830114
21530.6 4.51109e+06 459948
21542.6 1.77538e+06 276769
21550.2 7.48585e+06 785697
21563 3.67956e+06 539494
21570.5 2.06492e+06 441430
21580.1 7.65278e+06 949697
21590.1 4.38847e+06 576635
