# TimeStamp(s) Sum Stdev
0 2.25884e+07 264191
10 2.22896e+07 353951
20.125 2.08543e+07 2.06773e+06
31.25 2.05573e+07 1.66609e+06
40.75 2.01806e+07 1.29664e+06
50 2.34983e+07 1.51175e+06
60 2.10933e+07 1.34591e+06
70 2.24524e+07 917554
80 2.14426e+07 2.01831e+06
90.625 2.17847e+07 3.02247e+06
101 2.07966e+07 2.44611e+06
110 2.31634e+07 2.84204e+06
120 2.12334e+07 2.19975e+06
130 2.10191e+07 2.14787e+06
141.25 2.05325e+07 1.80844e+06
150 2.40642e+07 2.69349e+06
160 2.37837e+07 1.8794e+06
170 2.38909e+07 1.63676e+06
181 2.10259e+07 1.46158e+06
191.125 2.20397e+07 1.32523e+06
200 2.32232e+07 2.0466e+06
210 2.23772e+07 1.53136e+06
220 2.01484e+07 898604
230 2.05884e+07 852013
240 1.98321e+07 484955
250 2.00516e+07 873132
260 1.66832e+07 758419
270 2.4312e+07 1.0895e+06
280 2.33852e+07 1.41013e+06
290 2.28677e+07 795295
300 2.41567e+07 1.33407e+06
310.125 1.98434e+07 959249
320 2.64349e+07 1.15921e+06
330 2.41618e+07 1.31683e+06
340 2.28646e+07 864652
350 2.40774e+07 1.31667e+06
360.375 2.0784e+07 1.03518e+06
370.125 2.14818e+07 873171
380 2.52553e+07 1.52161e+06
390 2.16147e+07 936827
400 2.32417e+07 793433
410.625 2.0005e+07 468189
420 2.05227e+07 692821
430 2.56549e+07 1.41645e+06
440 1.99156e+07 753064
450 2.1557e+07 1.18874e+06
460 2.24421e+07 1.18439e+06
470 1.96992e+07 702468
480 2.55683e+07 873764
490 2.10655e+07 518718
500 2.32376e+07 496332
511 2.04048e+07 433654
520 2.46567e+07 1.32187e+06
530 2.12283e+07 1.20856e+06
540 2.07595e+07 2.82721e+06
550 2.2132e+07 3.29734e+06
560 1.92231e+07 2.54888e+06
570.375 2.26003e+07 1.18493e+06
580 2.45972e+07 723348
590 2.10583e+07 409205
600 2.1488e+07 1.39115e+06
610 2.23442e+07 1.38411e+06
620 2.09151e+07 1.1199e+06
630 1.7251e+07 1.54236e+06
640.5 2.21778e+07 1.81591e+06
650 2.37594e+07 2.23799e+06
660 2.22927e+07 1.29201e+06
670 2.22041e+07 1.58509e+06
681.25 2.20351e+07 1.33298e+06
690 2.30913e+07 1.38826e+06
700 2.16806e+07 1.70529e+06
710 2.23453e+07 1.41802e+06
720 2.25472e+07 1.13447e+06
730 2.14076e+07 1.58288e+06
740 1.96858e+07 994865
751 1.92819e+07 1.42133e+06
760 2.32314e+07 1.44583e+06
770 2.10634e+07 1.4037e+06
780 2.03143e+07 2.33312e+06
790 2.15343e+07 3.00089e+06
800.25 2.16858e+07 2.67468e+06
810.125 2.30129e+07 2.2054e+06
820 2.7558e+07 2.89569e+06
830 2.14643e+07 1.61411e+06
840 2.13334e+07 1.23618e+06
850.125 1.66685e+07 837827
860 2.29385e+07 495289
870 2.28702e+07 1.52867e+06
880 2.20444e+07 550935
890 2.19846e+07 540425
900.375 1.89651e+07 544832
910 2.64199e+07 826640
920 2.09552e+07 1.07446e+06
930 1.94395e+07 518843
940 2.03154e+07 1.3753e+06
950 2.18754e+07 1.40352e+06
960 1.94241e+07 515799
970 2.18064e+07 565195
980 1.99648e+07 676012
990 2.49122e+07 937822
1000 2.08522e+07 696878
1010 2.10995e+07 1.11382e+06
1020.12 1.8135e+07 1.75764e+06
1031 2.35254e+07 1.7935e+06
1040 2.39616e+07 2.06721e+06
1050 2.36879e+07 1.57011e+06
1060 2.36199e+07 1.23898e+06
1071 2.05688e+07 1.087e+06
1081 1.98671e+07 909588
1090 2.39156e+07 1.60189e+06
1100 2.0304e+07 1.05531e+06
1110 2.18301e+07 1.41748e+06
1120 2.11108e+07 1.35615e+06
1130.88 2.04761e+07 832268
1140 2.20949e+07 903708
1150 2.1321e+07 643166
1160.25 1.9878e+07 1.25366e+06
1170.75 2.12718e+07 874784
1180 2.36912e+07 3.01859e+06
1190 2.15518e+07 2.585e+06
1200 2.08903e+07 1.97947e+06
1210 2.15786e+07 1.73894e+06
1220 2.09202e+07 1.72011e+06
1230 2.14385e+07 1.15611e+06
1240 2.13932e+07 1.15683e+06
1250.12 1.7126e+07 913715
1260 2.15426e+07 971045
1270 2.23383e+07 1.51244e+06
1280 2.14467e+07 1.20321e+06
1290 2.02030e+07 1.95493e+06
1300 2.1388e+07 2.14327e+06
1310 2.07646e+07 1.01463e+06
1320 1.96291e+07 1.27292e+06
1330 1.72633e+07 969313
1340 2.43638e+07 942245
1350 2.1727e+07 797855
1360 2.08914e+07 505557
1370 2.07976e+07 672934
1381.62 1.96848e+07 968788
1390 2.01917e+07 933382
1400 2.26008e+07 918577
1410 2.13901e+07 737737
1420 2.07296e+07 1.21791e+06
1430 2.28883e+07 1.29834e+06
1440 2.22185e+07 978363
1450 2.45142e+07 1.71362e+06
1460 2.20032e+07 1.27163e+06
1470 2.51603e+07 1.14537e+06
1480 2.15271e+07 1.18584e+06
1490 1.91325e+07 630345
1500 2.03318e+07 1.11934e+06
1510 2.07265e+07 1.15946e+06
1521.25 1.97868e+07 844717
1530 2.40454e+07 1.36734e+06
1540 2.06554e+07 873978
1550 1.99207e+07 1.28606e+06
1560 2.37497e+07 2.34957e+06
1570 2.17899e+07 1.37477e+06
1580.38 1.96868e+07 1.79688e+06
1590 2.42958e+07 2.11545e+06
1600 2.30913e+07 2.85826e+06
1610 2.21742e+07 2.59528e+06
1620 2.0676e+07 2.39023e+06
1630 2.21649e+07 3.07862e+06
1640 2.10758e+07 3.11287e+06
1651.38 2.23545e+07 3.03818e+06
1660 2.07924e+07 1.88635e+06
1670 2.4506e+07 2.07029e+06
1680 2.0575e+07 1.28488e+06
1690 2.13643e+07 1.22524e+06
1700.25 1.87283e+07 1.11321e+06
1710 2.22278e+07 1.28395e+06
1720 2.55964e+07 1.84845e+06
1730 2.1591e+07 969991
1740 2.24194e+07 1.38639e+06
1750 2.13808e+07 1.34085e+06
1760 2.09532e+07 841637
1770 2.11294e+07 1.28648e+06
1780 1.95516e+07 1.07562e+06
1790 2.39045e+07 884024
1800 2.25081e+07 806734
1810 2.18486e+07 599593
1820 2.22886e+07 1.25051e+06
1830.12 1.7353e+07 850341
1840 2.60073e+07 792568
1850 2.31088e+07 644375
1860 2.1422e+07 935481
1871.25 2.07399e+07 2.06355e+06
1880 2.06822e+07 1.55256e+06
1890.12 1.95001e+07 1.64742e+06
1900 2.01950e+07 2.83094e+06
1910 2.14774e+07 4.07943e+06
1920 2.08501e+07 3.57729e+06
1930 2.14996e+07 2.87197e+06
1940 2.13499e+07 2.95329e+06
1950.12 2.04359e+07 2.65211e+06
1960 1.85462e+07 2.99698e+06
1970.62 2.14643e+07 2.09921e+06
1980.12 2.2878e+07 2.57514e+06
1990.12 2.10779e+07 1.6872e+06
2000 2.02628e+07 1.66725e+06
2010.12 2.23957e+07 2.29254e+06
2020 2.22577e+07 1.54452e+06
2030 1.94354e+07 1.2916e+06
2040 2.04462e+07 1.13949e+06
2050 2.13602e+07 1.11718e+06
2060 2.20475e+07 1.16715e+06
2070 2.24844e+07 866729
2080 2.09604e+07 1.36194e+06
2090.12 1.71943e+07 1.12456e+06
2100 2.50789e+07 1.53027e+06
2110 2.07863e+07 1.40946e+06
2120 2.06193e+07 1.12744e+06
2130 2.14313e+07 1.21793e+06
2140 1.89254e+07 967939
2150 2.47296e+07 1.04516e+06
2160 2.03638e+07 782807
2170 2.18816e+07 527382
2180 2.25039e+07 479257
2190 1.73313e+07 345966
2200 1.87739e+07 682445
2210 2.32252e+07 1.26888e+06
2220 1.95446e+07 797422
2230 2.34272e+07 595357
2241 2.17608e+07 574920
2250.38 2.18174e+07 792883
2260 2.39367e+07 1.37913e+06
2270 2.17043e+07 846550
2280 2.08027e+07 747317
2291.12 2.13754e+07 692250
2300 2.08102e+07 497480
2310 2.40279e+07 696967
2320 2.15055e+07 567863
2330 1.97188e+07 492786
2340 2.0505e+07 1.05051e+06
2350 2.05513e+07 887815
2360.38 1.78679e+07 1.20927e+06
2370 2.17242e+07 1.27987e+06
2380 2.22556e+07 1.03081e+06
2390 1.95941e+07 772964
2400 1.95694e+07 1.22182e+06
2410 2.01083e+07 1.22024e+06
2420 2.0676e+07 1.201e+06
2430 2.00681e+07 1.34375e+06
2440 2.07306e+07 2.41681e+06
2450 2.11685e+07 2.86065e+06
2460 1.9455e+07 2.60099e+06
2471 1.80348e+07 1.55796e+06
2480 2.27824e+07 2.02016e+06
2490 2.08337e+07 1.44365e+06
2500 2.24844e+07 2.22803e+06
2510 2.21701e+07 2.22509e+06
2520 2.05101e+07 1.23671e+06
2530 2.0744e+07 1.41386e+06
2540.12 1.86317e+07 953061
2550 2.67008e+07 1.09025e+06
2560 2.29903e+07 773177
2570 2.18321e+07 739122
2580 2.26142e+07 1.29369e+06
2590.12 1.89645e+07 991940
2600 2.66297e+07 1.34527e+06
2610 2.04751e+07 1.223e+06
2620 1.8913e+07 828381
2630 2.05276e+07 1.6777e+06
2640 2.04761e+07 1.57317e+06
2650 1.9999e+07 907031
2660 2.24998e+07 897860
2670 1.783e+07 694740
2680 2.10228e+07 1.09873e+06
2690 2.21572e+07 1.56359e+06
2700 1.97383e+07 2.68946e+06
2710 2.22195e+07 3.03295e+06
2720 1.86193e+07 2.23725e+06
2730 2.27327e+07 2.02037e+06
2740 2.28368e+07 1.8708e+06
2751.5 2.23679e+07 1.29499e+06
2760 2.15982e+07 1.23896e+06
2770 2.18311e+07 1.0609e+06
2780 2.08927e+07 1.68029e+06
2790 2.34021e+07 2.02193e+06
2800 2.13375e+07 1.10516e+06
2810 2.29398e+07 925220
2820 1.99053e+07 702887
2830.62 2.50436e+07 1.16449e+06
2840 1.8498e+07 1.86186e+06
2850.12 2.49736e+07 3.23949e+06
2860 2.12718e+07 1.39099e+06
2870 2.2031e+07 536807
2880 2.23586e+07 1.07025e+06
2890 2.10552e+07 895559
2900 2.29017e+07 1.40857e+06
2910 2.20856e+07 1.0585e+06
2920 2.21062e+07 836899
2930 2.1897e+07 1.37622e+06
2941 2.0982e+07 771775
2950 2.46173e+07 1.16249e+06
2960 2.13808e+07 770808
2970 2.03195e+07 1.7249e+06
2980 2.12561e+07 1.49359e+06
2990 2.03308e+07 1.2802e+06
3000 2.00815e+07 1.44656e+06
3010 1.94941e+07 1.32479e+06
3020.88 1.83215e+07 519501
3030 2.44978e+07 885384
3040 2.06338e+07 500391
3050 2.03432e+07 1.01959e+06
3060 2.29068e+07 1.38616e+06
3070 2.28089e+07 1.09798e+06
3080 2.12654e+07 1.76135e+06
3091 1.8643e+07 1.3344e+06
3100 2.08635e+07 859081
3110 2.60784e+07 1.63743e+06
3120 2.25503e+07 926197
3130 2.02917e+07 717060
3141 2.04782e+07 1.03881e+06
3150 1.76889e+07 745453
3160 2.63782e+07 1.12775e+06
3170 2.29398e+07 843167
3180.12 2.02404e+07 1.53955e+06
3190 2.45861e+07 1.73379e+06
3200 2.16776e+07 2.61e+06
3210 1.98774e+07 2.2329e+06
3220 2.00083e+07 1.15867e+06
3230 2.054e+07 720417
3240.12 1.61155e+07 381449
3250 2.32809e+07 578046
3260 2.15518e+07 777074
3270 2.34622e+07 903435
3280 2.31902e+07 850207
3290 1.73849e+07 552925
3300 2.54066e+07 538689
3310 2.15014e+07 433202
3320 1.93519e+07 381051
3330 2.04442e+07 1.03005e+06
3341 1.91253e+07 907271
3350 2.37291e+07 874895
3360 2.28986e+07 758613
3370 1.98713e+07 484871
3380 2.07811e+07 769597
3391.75 2.15001e+07 1.15883e+06
3401 1.93099e+07 852515
3410 2.21361e+07 1.45303e+06
3420 2.06101e+07 923528
3430.62 1.93094e+07 1.32875e+06
3440 2.02404e+07 1.24197e+06
3450 1.97167e+07 1.18907e+06
3460 1.79083e+07 1.04857e+06
3470 2.36116e+07 818210
3480 2.19331e+07 1.26531e+06
3490 2.10243e+07 835485
3500 2.04555e+07 791531
3510.25 1.68656e+07 871371
3520 2.14743e+07 926295
3530.62 2.26132e+07 1.32302e+06
3540 1.9455e+07 991454
3550 1.94823e+07 1.93926e+06
3560 2.31992e+07 2.90531e+06
3570 2.07543e+07 1.7413e+06
3580 1.9829e+07 1.73806e+06
3590 1.98816e+07 1.69727e+06
3600.5 1.81103e+07 776578
3610 2.25493e+07 1.10466e+06
3620 1.9525e+07 1.10759e+06
3630 2.11304e+07 1.08165e+06
3640 2.2371e+07 1.0915e+06
3651 2.03532e+07 821305
3660 2.48308e+07 1.07776e+06
3670 2.19733e+07 1.05162e+06
3680 2.28883e+07 1.68565e+06
3690 2.07028e+07 1.53975e+06
3700 2.14941e+07 939149
3710 1.84555e+07 712208
3720 1.67151e+07 666360
3730 2.25681e+07 870602
3740 2.15278e+07 1.26935e+06
3750 2.16425e+07 961660
3760 2.03638e+07 1.58911e+06
3770 2.37806e+07 1.55851e+06
3780 2.0981e+07 970614
3790 2.2235e+07 1.35195e+06
3800 1.86008e+07 1.17331e+06
3811.25 2.23236e+07 1.50188e+06
3820 2.03246e+07 1.77176e+06
3830 1.71067e+07 1.15941e+06
3840 2.09614e+07 1.17917e+06
3850 2.00475e+07 1.08272e+06
3860 2.1456e+07 885659
3870 2.32056e+07 1.41063e+06
3881.25 1.82533e+07 1.00165e+06
3890 1.959e+07 484702
3900 2.3142e+07 627686
3910 2.00083e+07 373218
3920 2.02948e+07 270122
3931.12 1.93385e+07 315565
3941 1.94612e+07 600296
3950 2.3965e+07 1.38101e+06
3960 2.08986e+07 1.00067e+06
3970 2.054e+07 1.14961e+06
3980 2.34488e+07 1.33388e+06
3990 2.35622e+07 1.11418e+06
4000 2.35848e+07 1.79514e+06
4010 2.22247e+07 1.60546e+06
4020 2.16291e+07 1.29552e+06
4030 2.1862e+07 842874
4040 2.15828e+07 1.54156e+06
4050.12 1.88357e+07 1.22921e+06
4060 2.37651e+07 1.76662e+06
4070 2.19795e+07 2.08853e+06
4081 2.01132e+07 1.66795e+06
4090 2.23922e+07 1.61471e+06
4100 2.54547e+07 1.8368e+06
4110 2.08192e+07 907993
4120 2.24205e+07 1.19826e+06
4130 2.25287e+07 1.41636e+06
4140 2.13035e+07 1.37114e+06
4150 2.19681e+07 1.98037e+06
4160 2.0677e+07 1.65299e+06
4170 2.18094e+07 1.26784e+06
4180 2.19856e+07 1.44756e+06
4190 2.27296e+07 982952
4200 2.1389e+07 836281
4210 1.96116e+07 666251
4220 2.63324e+07 1.41812e+06
4230 2.42159e+07 1.90009e+06
4240 2.17466e+07 801682
4250 2.02628e+07 1.35503e+06
4260 1.97734e+07 1.32521e+06
4270 1.82710e+07 760896
4280 2.17548e+07 1.22496e+06
4290.25 1.90055e+07 1.22596e+06
4300 2.34336e+07 916055
4310 1.99661e+07 1.11536e+06
4320 1.91871e+07 995526
4330 1.99413e+07 1.03089e+06
4341.38 1.95415e+07 684219
4350 2.09975e+07 781016
4360 2.21608e+07 590012
4370 2.18651e+07 1.17335e+06
4380 2.13365e+07 1.10851e+06
4390 2.00052e+07 645457
4400 2.02577e+07 591597
4410 1.865e+07 478343
4420 2.39993e+07 999693
4430 2.23751e+07 1.15664e+06
4440 1.98167e+07 655086
4450 2.08749e+07 1.09302e+06
4461 2.03471e+07 1.03736e+06
4470 1.98839e+07 701758
4480 2.52953e+07 696915
4490 1.97445e+07 445506
4500 2.23494e+07 438957
4510 1.94094e+07 363439
4520 2.38468e+07 1.02532e+06
4530 2.05967e+07 1.74512e+06
4540 2.24473e+07 2.9406e+06
4550 2.16023e+07 3.19241e+06
4560 1.85328e+07 2.40348e+06
4570 2.23071e+07 1.94184e+06
4580 2.10078e+07 1.60418e+06
4590 2.18568e+07 1.94225e+06
4601.38 2.06482e+07 1.81779e+06
4610.75 1.76309e+07 967561
4620 2.46536e+07 1.37786e+06
4630 1.99465e+07 871878
4640 1.99475e+07 1.29606e+06
4650 2.00753e+07 1.25352e+06
4661.38 2.19084e+07 805613
4670 2.10253e+07 735310
4680 2.26595e+07 682710
4690 2.16827e+07 494916
4700 2.27821e+07 463205
4710 2.34509e+07 958463
4720 2.2099e+07 788374
4730 2.23514e+07 1.99771e+06
4740 1.88571e+07 1.94765e+06
4750.38 2.07149e+07 1.63019e+06
4760 2.51773e+07 2.60066e+06
4770 2.1759e+07 1.57604e+06
4780 2.3691e+07 2.41981e+06
4790 2.2134e+07 2.1691e+06
4800 2.0134e+07 854275
4810 2.05936e+07 1.11115e+06
4820 1.94329e+07 794462
4830 2.42334e+07 670951
4840 2.25338e+07 1.10474e+06
4850 2.1389e+07 625716
4860 2.04627e+07 1.17535e+06
4870 2.21742e+07 2.3653e+06
4880 1.99851e+07 3.12373e+06
4890 2.63818e+07 4.46039e+06
4900 2.41948e+07 2.99111e+06
4910 2.41526e+07 2.51003e+06
4920.25 1.72651e+07 1.68129e+06
4930.5 2.17293e+07 1.65983e+06
4940 2.52891e+07 2.70052e+06
4950 2.18465e+07 1.65123e+06
4960 2.03648e+07 1.1324e+06
4970 2.03185e+07 1.11193e+06
4981.12 1.83689e+07 742608
4990 2.23978e+07 818992
5000 1.94354e+07 567964
5010.12 1.80624e+07 1.15294e+06
5020 2.28898e+07 1.60403e+06
5030 1.9489e+07 804944
5040 2.14292e+07 715933
5051.75 2.00804e+07 897598
5060 1.76889e+07 639030
5070 2.35405e+07 873300
5080 2.09583e+07 590332
5090 1.97126e+07 405391
5101.25 1.99001e+07 418216
5110 1.93519e+07 162024
5120 2.72293e+07 425673
5130 2.25668e+07 223119
5140 2.27718e+07 377987
5151.75 1.96765e+07 758799
5160 1.67151e+07 576300
5170 2.43576e+07 866810
5180 2.20701e+07 771546
5190 2.29192e+07 1.97521e+06
5200.75 2.03628e+07 1.21552e+06
5210 2.3321e+07 1.357e+06
5220 2.40011e+07 1.12384e+06
5230 2.29089e+07 854017
5240 2.24998e+07 1.10431e+06
5251 1.95189e+07 731405
5260 2.36662e+07 910063
5270 2.13221e+07 584556
5280 2.15488e+07 411851
5290 2.26286e+07 412385
5300.88 2.18053e+07 387747
5310 2.35869e+07 1.2303e+06
5320 2.24555e+07 777408
5330 2.35436e+07 1.20678e+06
5340 2.12891e+07 990716
5351.12 2.132e+07 637402
5360 2.20763e+07 663718
5370 2.23741e+07 465548
5380 2.04308e+07 387723
5390 2.17641e+07 357932
5400 2.13901e+07 840345
5410 2.24607e+07 1.4501e+06
5420 2.20495e+07 2.52395e+06
5430 2.10974e+07 2.91653e+06
5440 2.13458e+07 2.31526e+06
5450 2.14715e+07 2.2785e+06
5460 2.29686e+07 2.57501e+06
5470 2.28182e+07 1.91883e+06
5480 1.99928e+07 1.33956e+06
5490 1.97394e+07 1.39382e+06
5500.25 1.68934e+07 1.0007e+06
5510 2.12971e+07 954225
5520 2.34491e+07 1.62071e+06
5530 2.18589e+07 1.05518e+06
5540 2.41155e+07 2.16294e+06
5550.88 2.16992e+07 1.53343e+06
5560 2.33159e+07 1.7414e+06
5570 2.1558e+07 1.15815e+06
5580 2.03226e+07 1.14474e+06
5590 2.13767e+07 1.12061e+06
5600 2.1081e+07 783278
5610 2.10748e+07 1.33744e+06
5621 2.19153e+07 1.27255e+06
5630 2.27752e+07 845545
5640 2.4438e+07 1.21953e+06
5650 2.11974e+07 727730
5660 1.93952e+07 1.10782e+06
5670 1.92283e+07 979695
5680 1.84792e+07 441116
5690 2.55694e+07 822389
5700 2.24885e+07 852704
5710 2.16435e+07 1.21791e+06
5720 2.01835e+07 1.32061e+06
5731 2.23141e+07 1.15145e+06
5740 2.20312e+07 1.50914e+06
5750 1.83473e+07 1.29348e+06
5760 2.19867e+07 809947
5770 2.08275e+07 827458
5780 2.25637e+07 787273
5790 2.14859e+07 1.16158e+06
5800.12 1.86059e+07 1.04381e+06
5810.5 2.29226e+07 1.18389e+06
5820 2.50271e+07 1.88319e+06
5830 2.27873e+07 1.27025e+06
5840 2.33406e+07 1.41754e+06
5851 2.24844e+07 1.37687e+06
5860.25 2.07816e+07 683072
5870 2.49733e+07 889754
5880 2.01041e+07 847434
5890 2.14756e+07 780749
5901 1.93901e+07 735798
5910 2.05758e+07 597288
5920 2.37891e+07 1.20397e+06
5930 2.28625e+07 1.1637e+06
5940 2.08481e+07 978773
5951 2.10768e+07 988546
5960 2.46294e+07 895910
5970 2.10997e+07 839832
5980 2.1386e+07 1.16695e+06
5990 2.27894e+07 1.87158e+06
6000 2.16683e+07 1.59605e+06
6010 2.24617e+07 788467
6021 2.13252e+07 1.46233e+06
6031 2.14653e+07 1.16951e+06
6040 2.1659e+07 1.27342e+06
6050 2.315e+07 999665
6060 2.30233e+07 1.27909e+06
6070 2.22082e+07 1.2286e+06
6081 1.99372e+07 476880
6090 2.52139e+07 1.22886e+06
6100 2.26843e+07 1.19442e+06
6110 2.11376e+07 1.32311e+06
6120 2.30397e+07 1.41072e+06
6131.75 2.27667e+07 973329
6140 2.26327e+07 837886
6150 2.21824e+07 724628
6160 2.35817e+07 1.16066e+06
6170 2.20011e+07 1.09223e+06
6180 2.32159e+07 870521
6190 2.41175e+07 866535
6200 2.41248e+07 746589
6210 2.3828e+07 578463
6220 2.21567e+07 527600
6230 2.02546e+07 698477
6240 1.97796e+07 1.11861e+06
6250 1.83429e+07 953996
6260 2.39261e+07 996489
6270 2.06822e+07 1.13192e+06
6280 2.22814e+07 716126
6290 2.26296e+07 577667
6300.12 1.79661e+07 765587
6310 2.22731e+07 924166
6320 2.20176e+07 1.40074e+06
6330 2.23597e+07 1.19297e+06
6340 2.17177e+07 1.2994e+06
6351.5 2.227e+07 1.26843e+06
6360 2.23659e+07 1.44114e+06
6370 2.01453e+07 2.05232e+06
6380 2.01402e+07 3.51036e+06
6390 2.17818e+07 5.03897e+06
6400 2.19062e+07 4.48366e+06
6410.12 2.13231e+07 4.44344e+06
6421.12 2.12309e+07 4.03425e+06
6430.75 2.00212e+07 2.97214e+06
6440 2.46956e+07 3.55959e+06
6450 2.2235e+07 2.97789e+06
6460 2.06111e+07 2.21866e+06
6470 2.26904e+07 2.45456e+06
6480.38 1.83298e+07 1.4931e+06
6490 2.39692e+07 1.61567e+06
6500 2.10171e+07 1.24186e+06
6510 2.12128e+07 1.19274e+06
6521.12 2.20021e+07 1.11433e+06
6530.38 2.06533e+07 1.03735e+06
6540 2.55282e+07 1.71658e+06
6550 2.22463e+07 918118
6560 2.22556e+07 824453
6570.88 2.06304e+07 796190
6580.25 1.92182e+07 639522
6590 2.6606e+07 1.7045e+06
6600 2.05503e+07 855183
6610 2.31933e+07 1.4958e+06
6620 2.35323e+07 1.4117e+06
6631 1.89975e+07 794945
6640 2.33365e+07 818965
6650 2.40207e+07 625586
6660 1.99712e+07 1.08564e+06
6670 2.06368e+07 1.0265e+06
6681.38 2.0878e+07 580110
6690 2.28708e+07 554975
6700 1.93664e+07 321613
6710 2.04029e+07 249009
6720 2.25204e+07 288997
6730 1.9965e+07 444431
6740 2.14292e+07 1.08963e+06
6750.12 1.71631e+07 703165
6760.38 2.18125e+07 920017
6770 2.39457e+07 1.60331e+06
6780 2.10593e+07 859281
6790 2.06791e+07 1.21906e+06
6800 2.10573e+07 1.20779e+06
6810.5 2.05596e+07 767948
6820 1.97033e+07 701055
6830.12 1.64771e+07 724450
6840 2.41495e+07 648170
6850 2.30985e+07 967999
6860 2.36199e+07 982160
6870 2.38898e+07 1.36827e+06
6880 1.83071e+07 1.02099e+06
6890 2.393e+07 1.33594e+06
6900 2.01629e+07 1.35011e+06
6910 1.98094e+07 761457
6920 2.07461e+07 1.11568e+06
6931.38 2.28708e+07 1.25721e+06
6941 2.04905e+07 763642
6950 2.39444e+07 1.17872e+06
6960 2.32582e+07 965354
6970 2.01103e+07 635814
6980 1.94406e+07 591275
6990 1.94261e+07 384699
7000 2.00207e+07 941530
7010 1.87759e+07 999304
7020.12 2.19104e+07 906028
7030 2.22711e+07 1.75913e+06
7040 2.10181e+07 952727
7050 2.20032e+07 1.19333e+06
7061 2.03246e+07 1.04139e+06
7070 2.20429e+07 813229
7080 2.7609e+07 1.61489e+06
7090 2.35673e+07 958790
7100 2.26698e+07 683424
7110 1.83597e+07 495124
7120 2.34496e+07 762912
7130 2.46701e+07 1.24606e+06
7140 2.34241e+07 1.03249e+06
7150 2.34815e+07 1.05247e+06
7160 1.94223e+07 853643
7170 2.65823e+07 1.68288e+06
7180 2.05194e+07 1.43904e+06
7190 2.12942e+07 992738
7200 2.05761e+07 1.39591e+06
7210 1.976e+07 1.38558e+06
7220 2.03494e+07 925103
7230 2.25658e+07 2.11609e+06
7240 2.46781e+07 3.3211e+06
7250 1.95341e+07 2.96413e+06
7260.12 2.03579e+07 2.6853e+06
7270 2.5928e+07 3.4194e+06
7280 1.99784e+07 1.90023e+06
7290 2.0745e+07 950919
7300.62 2.08146e+07 718724
7311 2.30705e+07 2.63883e+06
7321.88 2.14179e+07 3.14774e+06
7330 2.14674e+07 3.06562e+06
7340 2.11943e+07 3.13432e+06
7350 1.72386e+07 1.95871e+06
7360 2.29285e+07 2.12066e+06
7370 1.97847e+07 1.83929e+06
7380 1.9964e+07 1.66133e+06
7390 2.25153e+07 1.83802e+06
7401 2.00619e+07 1.43236e+06
7410 2.49602e+07 1.15652e+06
7420 2.06938e+07 857041
7430 2.31026e+07 935159
7440 2.00773e+07 1.12735e+06
7450.75 1.95889e+07 1.24103e+06
7460 2.0439e+07 945826
7470 2.50871e+07 1.69597e+06
7480 2.21587e+07 978203
7491.5 2.30771e+07 1.88838e+06
7500 2.20801e+07 1.61875e+06
7510 2.29398e+07 1.66044e+06
7520 2.19238e+07 1.4346e+06
7530 1.98991e+07 1.28808e+06
7541.75 2.04328e+07 835530
7550 2.1759e+07 842584
7560 2.15044e+07 713039
7570 2.12252e+07 565011
7580 2.36446e+07 624250
7590 2.22834e+07 469216
7600 1.91057e+07 797915
7611 1.72705e+07 711420
7621 2.17002e+07 760202
7630 2.40413e+07 1.65706e+06
7640 2.34076e+07 1.26651e+06
7650 2.3014e+07 1.92511e+06
7660 1.98980e+07 1.25639e+06
7670 2.54663e+07 3.03643e+06
7680 2.27059e+07 2.60921e+06
7690 2.14328e+07 1.42692e+06
7700 2.06235e+07 1.14178e+06
7710 2.16665e+07 2.49675e+06
7720 2.29728e+07 3.50766e+06
7730 2.20815e+07 3.4824e+06
7740 2.01701e+07 2.11413e+06
7750 2.12541e+07 2.43967e+06
7760.12 1.7559e+07 1.79063e+06
7770 2.15135e+07 1.44577e+06
7780 2.37674e+07 1.92532e+06
7790 2.20557e+07 997065
7800 2.09522e+07 979675
7810 1.75714e+07 636385
7820 2.51222e+07 735030
7830 2.16827e+07 511422
7840 2.32211e+07 760457
7850 2.06379e+07 1.31832e+06
7860 2.1488e+07 1.97453e+06
7870 2.09862e+07 2.57654e+06
7880.12 2.17628e+07 2.44704e+06
7890 2.44825e+07 2.91514e+06
7900 2.13427e+07 1.74306e+06
7910 2.05287e+07 2.12517e+06
7920 1.97239e+07 1.94589e+06
7930 2.2132e+07 1.66218e+06
7940 2.36487e+07 2.16875e+06
7950.12 1.94447e+07 1.47473e+06
7960 2.46812e+07 1.33804e+06
7970 1.96971e+07 956608
7980 2.24689e+07 744951
7990 2.19012e+07 722384
8000 2.30439e+07 614690
8010 2.28017e+07 414645
8020 2.26214e+07 520196
8030 1.99949e+07 553567
8040 2.26049e+07 1.20742e+06
8050 2.09416e+07 1.10107e+06
8060.62 1.93932e+07 1.39627e+06
8070 2.25361e+07 1.87659e+06
8080 2.12479e+07 1.28861e+06
8090 2.33942e+07 1.03342e+06
8100 2.09872e+07 1.28163e+06
8110 1.90861e+07 932722
8120 2.49048e+07 1.27521e+06
8130 2.22309e+07 779270
8140 2.35828e+07 640180
8150 2.00299e+07 540166
8160 2.50562e+07 500244
8170 2.32314e+07 1.32914e+06
8180 2.16044e+07 1.21096e+06
8190 2.29728e+07 1.13415e+06
8200 1.84751e+07 896001
8210 2.42031e+07 940972
8220 2.2539e+07 838715
8230 2.23556e+07 703995
8240 2.18373e+07 625755
8250 1.83512e+07 516064
8260 2.5489e+07 888981
8270 2.23877e+07 1.16578e+06
8280 2.05699e+07 596779
8290 2.24215e+07 1.35329e+06
8301.75 2.25122e+07 1.55117e+06
8311 1.9963e+07 993808
8320 2.50325e+07 1.50825e+06
8330 2.42432e+07 1.02433e+06
8340 2.2236e+07 1.2501e+06
8350 2.28811e+07 1.18089e+06
8360.62 1.88398e+07 741177
8370 2.39908e+07 782035
8380 2.04503e+07 579329
8390 1.9796e+07 503684
8400 2.05998e+07 452471
8410 2.19568e+07 922051
8420 2.30099e+07 1.96619e+06
8430 2.07152e+07 2.9718e+06
8440 2.13489e+07 3.43814e+06
8450 2.03916e+07 3.38764e+06
8461.75 1.99712e+07 2.47397e+06
8470 2.06193e+07 2.55709e+06
8480 2.29872e+07 2.41498e+06
8490 2.38146e+07 1.83871e+06
8500 2.08831e+07 1.58694e+06
8510 1.78939e+07 951202
8520 2.52489e+07 1.27452e+06
8530 2.18744e+07 768737
8540 1.95457e+07 588455
8551 2.07883e+07 541495
8561 2.0474e+07 691947
8570 2.41814e+07 1.32448e+06
8580 2.19298e+07 1.00575e+06
8590 2.24156e+07 1.35505e+06
8600 2.05956e+07 1.32093e+06
8610 1.87852e+07 542818
8620 2.51871e+07 764020
8630 2.24452e+07 422918
8640 2.18393e+07 1.21097e+06
8650 2.07389e+07 1.05498e+06
8661.38 2.07492e+07 709048
8670 2.29254e+07 1.24273e+06
8680 2.17662e+07 927257
8690 2.25307e+07 1.82282e+06
8700 2.26698e+07 1.90921e+06
8710 2.2575e+07 1.20097e+06
8720 2.25328e+07 976517
8730 1.81216e+07 980675
8740 2.46513e+07 1.01099e+06
8750 2.08759e+07 975714
8760 2.15302e+07 1.06462e+06
8770 2.03741e+07 1.03239e+06
8780 1.74715e+07 1.02506e+06
8790 2.50964e+07 1.12038e+06
8800 2.16188e+07 922832
8810 2.2541e+07 723938
8820 2.17888e+07 988493
8830.88 1.93293e+07 1.19915e+06
8840 2.44658e+07 1.23059e+06
8850 2.09295e+07 1.0381e+06
8860 2.23772e+07 786911
8870 2.20526e+07 1.63467e+06
8880 2.26533e+07 1.60468e+06
8890 2.31727e+07 1.51943e+06
8900 2.24102e+07 1.01965e+06
8910 2.06801e+07 770947
8920 1.97971e+07 759417
8930.25 2.1896e+07 998720
8940 2.47306e+07 1.4521e+06
8950 2.28738e+07 898976
8960 2.27574e+07 1.34711e+06
8971 1.91314e+07 989729
8980.12 1.98988e+07 899783
8990 2.47082e+07 1.41126e+06
9000 2.0743e+07 914639
9010 2.1862e+07 1.29799e+06
9020 2.22793e+07 1.45165e+06
9030.88 1.94467e+07 696972
9040 2.14478e+07 820496
9050 1.97352e+07 541278
9060 2.00969e+07 469359
9070 2.10614e+07 1.07969e+06
9080 1.99434e+07 898395
9090 1.96405e+07 867276
9100 1.82626e+07 818887
9110 2.49256e+07 699364
9120 2.28986e+07 615728
9131.5 2.17188e+07 424328
9140 2.10202e+07 344967
9150 2.00279e+07 374913
9160 2.04318e+07 382701
9170 2.04256e+07 365774
9180.5 2.0914e+07 295476
9190 2.06204e+07 224623
9200 2.10428e+07 306102
9210 2.32901e+07 297159
9220 2.22906e+07 270936
9230 1.98579e+07 555413
9240 2.12767e+07 1.16835e+06
9250.12 1.76423e+07 803783
9260.12 2.30307e+07 1.38466e+06
9270 2.34364e+07 1.96725e+06
9280 2.11541e+07 977815
9290 2.14117e+07 612267
9300.75 1.73056e+07 494289
9310.25 1.976e+07 659843
9320 2.56405e+07 811381
9330 2.0779e+07 901207
9340 2.13787e+07 1.37864e+06
9350 2.28986e+07 1.60279e+06
9360 2.1286e+07 1.35175e+06
9370 2.09738e+07 1.8285e+06
9380.12 1.77435e+07 1.29484e+06
9390 2.12425e+07 1.19615e+06
9400 2.23733e+07 1.45934e+06
9410 2.24297e+07 1.15165e+06
9420 2.24668e+07 1.48318e+06
9431.12 2.07417e+07 1.16855e+06
9441 2.43491e+07 1.12809e+06
9450 2.13246e+07 1.91754e+06
9460 2.21196e+07 3.75951e+06
9470 2.10737e+07 3.80452e+06
9480 1.61525e+07 2.67862e+06
9490 2.48976e+07 1.962e+06
9500 2.25245e+07 1.31773e+06
9510 2.22e+07 1.04363e+06
9520 2.34529e+07 970402
9530 2.09923e+07 836064
9541.38 2.19084e+07 701663
9550 2.25482e+07 1.13097e+06
9560 1.8972e+07 809112
9570 2.06839e+07 862738
9580 2.09645e+07 1.1726e+06
9590 2.37682e+07 844311
9600 2.35209e+07 1.26655e+06
9610 2.02391e+07 963824
9620 2.37641e+07 628718
9630 2.01464e+07 517929
9640 2.1049e+07 441052
9650 2.10037e+07 339897
9660.12 1.73921e+07 253643
9670 2.36518e+07 968311
9680 2.35364e+07 1.12669e+06
9690 2.21258e+07 688899
9700 2.36384e+07 680293
9710 2.31809e+07 553219
9720 2.24895e+07 961136
9730 2.01381e+07 950067
9740 2.21629e+07 562759
9750 2.15003e+07 673030
9760.25 1.84746e+07 811652
9770 2.44079e+07 1.37641e+06
9780 2.40523e+07 2.45538e+06
9790 2.37868e+07 1.70765e+06
9800.62 2.14753e+07 2.24899e+06
9810.12 2.28718e+07 2.31631e+06
9820 2.48226e+07 2.43754e+06
9830 2.08615e+07 1.29223e+06
9840 2.11325e+07 1.59076e+06
9851.5 2.23216e+07 1.56885e+06
9861.25 2.12108e+07 914544
9870 2.19506e+07 1.21145e+06
9880 2.2709e+07 1.01408e+06
9890 2.15529e+07 749855
9900 2.24586e+07 700137
9910.5 2.07324e+07 546441
9920 2.47566e+07 515888
9930 2.27337e+07 329636
9940 2.10573e+07 249310
9951 2.06554e+07 208898
9960.25 2.20454e+07 581039
9970 2.57961e+07 1.32659e+06
9980 2.16611e+07 703898
9990 2.27461e+07 1.65365e+06
10000 2.15828e+07 1.50791e+06
10010 2.29192e+07 1.11948e+06
10020 2.14323e+07 1.67391e+06
10030.2 1.64429e+07 1.3326e+06
10040 2.2784e+07 1.70888e+06
10050 2.34287e+07 1.96569e+06
10060 2.17744e+07 1.31014e+06
10070 2.15683e+07 1.01316e+06
10080 1.88563e+07 858564
10090 2.25707e+07 901008
10100 2.3482e+07 1.61426e+06
10110 2.08625e+07 901692
10120 2.09676e+07 1.2103e+06
10131 2.12973e+07 1.18795e+06
10140 2.04934e+07 598299
10150 2.35655e+07 713768
10160 2.15642e+07 616734
10170.2 1.64264e+07 1.32211e+06
10180 2.2905e+07 2.78969e+06
10190 2.20949e+07 3.93385e+06
10200 2.09068e+07 3.64375e+06
10210 2.14581e+07 2.78608e+06
10220 2.2066e+07 2.72738e+06
10230 2.02432e+07 2.15511e+06
10241 1.95887e+07 1.21327e+06
10250 2.41446e+07 2.03705e+06
10260 2.22494e+07 1.32808e+06
10270 2.06049e+07 1.30516e+06
10281.5 2.23326e+07 1.1313e+06
10290 2.16428e+07 1.12476e+06
10300 2.30212e+07 999485
10310.4 1.77566e+07 1.52221e+06
10320 2.40395e+07 2.02773e+06
10330 2.11994e+07 1.01011e+06
10340 2.05359e+07 1.12764e+06
10350 1.99939e+07 1.05919e+06
10360 2.04586e+07 762707
10370 2.23061e+07 1.55495e+06
10381.1 2.07038e+07 1.27801e+06
10390.1 1.93839e+07 688994
10400 2.32407e+07 1.22593e+06
10410 2.10129e+07 820060
10420 2.32747e+07 1.71397e+06
10430 2.29491e+07 1.61808e+06
10441 2.18723e+07 752146
10450 2.2946e+07 818569
10460 1.99681e+07 748588
10470 2.31933e+07 1.16962e+06
10480 2.2304e+07 1.18502e+06
10491 2.14735e+07 668762
10500 2.39156e+07 845570
10510 2.1965e+07 531453
10520 2.01649e+07 332810
10530 1.99279e+07 334088
10541 1.86605e+07 311194
10550 2.38393e+07 262714
10560 2.32252e+07 220332
10570 2.32365e+07 1.09649e+06
10580 2.18084e+07 1.01359e+06
10591 2.07595e+07 617635
10600 2.49439e+07 823725
10610 2.26884e+07 679207
10620 2.36662e+07 2.1143e+06
10630 2.38146e+07 1.7716e+06
10640 2.40269e+07 1.70144e+06
10650 2.08563e+07 1.26089e+06
10660 2.47028e+07 1.64497e+06
10670 2.33262e+07 1.68927e+06
10680 2.25719e+07 1.23137e+06
10690 2.17157e+07 1.85052e+06
10701.2 2.1804e+07 1.53814e+06
10710 1.98633e+07 1.00654e+06
10720 2.34334e+07 1.56398e+06
10730 2.07378e+07 1.18185e+06
10740 2.09171e+07 1.37894e+06
10750 2.30882e+07 1.58668e+06
10760 2.24813e+07 1.35891e+06
10770 2.2607e+07 1.88653e+06
10780 1.73725e+07 1.34701e+06
10790.8 2.57492e+07 1.66641e+06
