# TimeStamp(s) Sum Stdev
0 8.42893e+07 7.25788e+06
10 8.62697e+07 8.50697e+06
20 8.65701e+07 6.53648e+06
30 8.60837e+07 9.48388e+06
40 8.21435e+07 7.8596e+06
50 8.39977e+07 6.79174e+06
60 8.87385e+07 8.04891e+06
70 8.8871e+07 1.12622e+07
80 9.1218e+07 1.19863e+07
90 9.26693e+07 1.15134e+07
100 9.07133e+07 8.3063e+06
110 8.53004e+07 4.76882e+06
120 8.61082e+07 7.22655e+06
130 8.3874e+07 1.07711e+07
140 7.99096e+07 4.77741e+06
150 8.37684e+07 5.19929e+06
160 8.46226e+07 7.11956e+06
170 7.518e+07 1.09166e+07
180 8.03465e+07 6.92471e+06
190 8.38406e+07 1.46433e+07
200 8.82981e+07 1.27712e+07
210 9.18797e+07 9.28088e+06
220 8.84462e+07 8.88234e+06
230 8.60848e+07 6.76997e+06
240 8.86983e+07 1.60984e+07
250 8.76558e+07 6.44167e+06
260 9.21476e+07 6.74172e+06
270 9.04372e+07 8.88883e+06
280 8.68225e+07 1.02392e+07
290 8.71479e+07 1.59872e+07
300 8.47712e+07 1.22593e+07
310 8.74449e+07 2.1525e+07
320 8.35871e+07 1.31115e+07
330 8.91889e+07 1.03965e+07
340 8.95227e+07 1.50249e+07
350 8.61548e+07 1.31176e+07
360 8.69542e+07 1.36398e+07
370 8.49681e+07 9.69607e+06
380 8.15386e+07 1.04311e+07
390 8.66667e+07 9.87962e+06
400 8.89717e+07 9.71975e+06
410 8.68411e+07 8.51285e+06
420 8.7601e+07 1.1672e+07
430 9.14107e+07 9.91482e+06
440 9.31515e+07 1.28159e+07
450 9.17973e+07 1.07027e+07
460 9.21765e+07 1.63368e+07
470 9.22249e+07 8.47985e+06
480 9.19725e+07 1.26119e+07
490 8.73496e+07 7.09854e+06
500 8.60275e+07 1.0533e+07
510 8.87082e+07 1.03114e+07
520 8.8066e+07 8.17401e+06
530 8.93346e+07 8.40897e+06
540 8.49773e+07 1.27855e+07
550 8.04557e+07 7.62067e+06
560 8.8636e+07 2.0143e+07
570 8.57622e+07 1.27885e+07
580 8.5618e+07 6.36508e+06
590 8.5178e+07 9.70282e+06
600 8.5245e+07 9.63186e+06
610 8.78828e+07 8.69718e+06
620 9.4057e+07 1.05126e+07
630 9.22136e+07 1.06547e+07
640 8.78663e+07 1.26134e+07
650 9.0568e+07 1.42654e+07
660 8.93377e+07 9.54638e+06
670 8.61002e+07 1.30092e+07
680 8.38323e+07 8.85558e+06
690 8.05793e+07 1.19668e+07
700 8.39518e+07 8.69197e+06
710 8.48614e+07 1.03286e+07
720 9.28921e+07 1.15565e+07
730 8.63828e+07 1.17274e+07
740 8.81388e+07 1.50029e+07
750 8.7287e+07 1.05906e+07
760 8.79315e+07 9.31222e+06
770 8.65224e+07 1.10835e+07
780 8.71741e+07 1.47387e+07
790 8.52584e+07 1.23331e+07
800 8.54856e+07 9.0495e+06
810 8.28565e+07 9.24133e+06
820 8.78266e+07 6.96036e+06
830 8.51193e+07 6.85121e+06
840 8.68668e+07 9.6652e+06
850 8.79642e+07 1.11731e+07
860 8.66814e+07 8.68626e+06
870 8.83362e+07 9.40824e+06
880 9.31224e+07 8.81738e+06
890 8.72501e+07 1.04392e+07
900 8.77383e+07 1.09531e+07
910 8.52241e+07 1.68589e+07
920 8.41386e+07 1.64242e+07
930 8.66989e+07 1.67332e+07
940 8.16656e+07 8.7759e+06
950 8.12326e+07 5.37812e+06
960 8.41538e+07 9.19065e+06
970 8.83382e+07 1.38841e+07
980 7.84248e+07 8.57468e+06
990 8.72875e+07 9.50151e+06
1000 9.08882e+07 9.76011e+06
1010 8.66018e+07 5.5085e+06
1020 8.83661e+07 1.0198e+07
1030 8.37429e+07 7.98984e+06
1040 8.68844e+07 1.08506e+07
1050 8.36767e+07 5.33664e+06
1060 8.52996e+07 1.25581e+07
1070 9.18818e+07 6.57287e+06
1080 9.48401e+07 1.67978e+07
1090 8.73192e+07 1.57265e+07
1100 8.51729e+07 1.11573e+07
1110 8.4702e+07 7.12316e+06
1120 8.75784e+07 7.006e+06
1130 8.64892e+07 6.07187e+06
1140 8.63244e+07 7.33539e+06
1150 8.41335e+07 1.24965e+07
1160 8.48856e+07 1.74416e+07
1170 8.28246e+07 1.4496e+07
1180 8.65372e+07 1.17231e+07
1190 8.75095e+07 1.32811e+07
1200 8.2491e+07 9.56312e+06
1210 8.79982e+07 9.39431e+06
1220 8.95796e+07 9.89146e+06
1230 9.0458e+07 6.92476e+06
1240 8.6329e+07 1.06304e+07
1250 8.60248e+07 7.39216e+06
1260 8.93344e+07 1.39575e+07
1270 8.78936e+07 8.95899e+06
1280 8.64413e+07 1.41626e+07
1290 8.78983e+07 1.84445e+07
1300 8.93017e+07 1.42564e+07
1310 8.82259e+07 2.07079e+07
1320 8.95181e+07 1.113e+07
1330 8.48421e+07 1.38449e+07
1340 8.93542e+07 1.50296e+07
1350 8.45152e+07 1.03731e+07
1360 8.65278e+07 1.08707e+07
1370 8.85497e+07 1.29092e+07
1380 8.76438e+07 8.81152e+06
1390 8.40456e+07 8.28317e+06
1400 8.17859e+07 1.01735e+07
1410 8.71554e+07 1.13401e+07
1420 7.91327e+07 6.11972e+06
1430 7.96015e+07 5.64502e+06
1440 8.03547e+07 4.7857e+06
1450 8.74459e+07 1.30087e+07
1460 8.96201e+07 1.15618e+07
1470 8.31378e+07 7.90762e+06
1480 8.09616e+07 7.42153e+06
1490 8.95624e+07 7.50333e+06
1500 8.60147e+07 6.7229e+06
1510 8.23187e+07 6.65622e+06
1520 8.14861e+07 5.52392e+06
1530 8.38313e+07 5.2205e+06
1540 8.77829e+07 1.10907e+07
1550 8.37159e+07 1.19091e+07
1560 8.88112e+07 9.17224e+06
1570 8.94696e+07 9.94684e+06
1580 8.99797e+07 9.67915e+06
1590 8.98066e+07 7.64687e+06
1600 8.61486e+07 7.25812e+06
1610 8.86834e+07 7.31236e+06
1620 8.82438e+07 7.03829e+06
1630 8.08923e+07 6.10801e+06
1640 8.31842e+07 5.03784e+06
1650 8.67896e+07 6.57392e+06
1660 9.2161e+07 6.63331e+06
1670 9.06051e+07 1.36246e+07
1680 8.3347e+07 1.20752e+07
1690 8.69333e+07 6.57239e+06
1700 8.12846e+07 2.70831e+06
1710 8.46937e+07 9.9086e+06
1720 8.63679e+07 1.10155e+07
1730 9.03004e+07 8.10572e+06
1740 8.83009e+07 1.21865e+07
1750 8.77759e+07 9.96158e+06
1760 8.80559e+07 8.15485e+06
1770 8.48555e+07 4.43379e+06
1780 8.37581e+07 6.16035e+06
1790 8.44681e+07 1.27439e+07
1800 7.78555e+07 1.45862e+07
1810 8.71981e+07 1.65331e+07
1820 8.84526e+07 1.38502e+07
1830 8.72471e+07 1.03094e+07
1840 8.38993e+07 1.13618e+07
1850 7.68164e+07 8.256e+06
1860 8.8197e+07 7.32769e+06
1870 9.17458e+07 8.89483e+06
1880 9.48532e+07 7.93478e+06
1890 8.89835e+07 1.20076e+07
1900 8.93154e+07 5.88801e+06
1910 8.30798e+07 9.17907e+06
1920 8.81693e+07 2.85392e+06
1930 8.86242e+07 7.75423e+06
1940 8.19925e+07 8.21833e+06
1950 8.23722e+07 7.58341e+06
1960 8.81198e+07 1.2352e+07
1970 8.62187e+07 1.31319e+07
1980 8.88246e+07 1.07342e+07
1990 8.36891e+07 6.84845e+06
2000 8.42844e+07 8.01069e+06
2010 8.50845e+07 1.10796e+07
2020 8.50173e+07 1.1534e+07
2030 9.15067e+07 1.03915e+07
2040 8.38344e+07 1.60381e+07
2050 8.90678e+07 1.30479e+07
2060 8.82164e+07 1.24721e+07
2070 8.45147e+07 1.53957e+07
2080 8.24547e+07 8.36192e+06
2090 8.07844e+07 1.02251e+07
2100 7.98725e+07 9.14877e+06
2110 8.55168e+07 9.17731e+06
2120 8.77264e+07 1.12545e+07
2130 9.26536e+07 6.57718e+06
2140 8.96829e+07 1.27568e+07
2150 9.11523e+07 1.33357e+07
2160 9.21961e+07 1.47875e+07
2170 8.86935e+07 1.60373e+07
2180 8.73612e+07 1.36401e+07
2190 9.01069e+07 6.87758e+06
2200 8.04887e+07 8.87085e+06
2210 7.83279e+07 6.21695e+06
2220 8.98004e+07 1.15285e+07
2230 8.73365e+07 8.46218e+06
2240 9.22365e+07 5.3509e+06
2250 8.65454e+07 4.94146e+06
2260 9.01147e+07 6.65684e+06
2270 8.72633e+07 3.44805e+06
2280 8.88269e+07 1.09209e+07
2290 9.07017e+07 1.05118e+07
2300 9.25168e+07 1.37017e+07
2310 8.66535e+07 9.1778e+06
2320 8.67586e+07 9.99673e+06
2330 8.79962e+07 9.10735e+06
2340 8.75253e+07 7.03901e+06
2350 8.65824e+07 4.79507e+06
2360 8.40817e+07 7.06163e+06
2370 8.49616e+07 1.0645e+07
2380 8.39044e+07 1.45747e+07
2390 8.10286e+07 1.28933e+07
2400 8.07267e+07 1.25488e+07
2410 8.72965e+07 1.17795e+07
2420 9.09771e+07 1.82616e+07
2430 8.78344e+07 1.83816e+07
2440 8.37241e+07 1.24458e+07
2450 8.85515e+07 1.16814e+07
2460 8.95516e+07 1.94181e+07
2470 8.76556e+07 8.87866e+06
2480 8.79488e+07 5.10813e+06
2490 8.80248e+07 6.14759e+06
2500 9.35735e+07 7.44087e+06
2510 8.96566e+07 7.61024e+06
2520 8.58004e+07 6.96953e+06
2530 8.80289e+07 1.0457e+07
2540 8.9136e+07 9.80547e+06
2550 9.30431e+07 7.68201e+06
2560 8.4501e+07 8.07037e+06
2570 8.65361e+07 7.41014e+06
2580 9.05742e+07 1.43077e+07
2590 8.85958e+07 1.09748e+07
2600 9.07247e+07 9.42204e+06
2610 8.73602e+07 1.00844e+07
2620 8.57808e+07 9.08604e+06
2630 8.78223e+07 7.4545e+06
2640 8.63148e+07 6.27769e+06
2650 8.78908e+07 1.0516e+07
2660 8.92211e+07 1.71996e+07
2670 8.65343e+07 1.41516e+07
2680 9.13748e+07 1.07623e+07
2690 8.39992e+07 7.88972e+06
2700 9.04578e+07 5.32306e+06
2710 8.94212e+07 8.77604e+06
2720 9.24176e+07 6.32393e+06
2730 8.75788e+07 6.00034e+06
2740 8.83692e+07 4.76018e+06
2750 9.10801e+07 4.47488e+06
2760 8.80879e+07 5.69707e+06
2770 8.56307e+07 8.57984e+06
2780 8.56908e+07 1.02909e+07
2790 8.34861e+07 4.67258e+06
2800 8.74603e+07 6.07221e+06
2810 8.78179e+07 8.52675e+06
2820 8.96755e+07 7.50352e+06
2830 8.62362e+07 1.1566e+07
2840 8.35173e+07 8.22729e+06
2850 8.80209e+07 1.3149e+07
2860 9.24815e+07 1.31063e+07
2870 8.64359e+07 7.92908e+06
2880 8.78552e+07 9.60622e+06
2890 8.41023e+07 1.10823e+07
2900 9.11909e+07 1.04791e+07
2910 8.75793e+07 9.07996e+06
2920 8.88318e+07 6.70917e+06
2930 8.71435e+07 6.8332e+06
2940 8.47756e+07 1.10594e+07
2950 8.84825e+07 1.01872e+07
2960 8.8881e+07 1.5596e+07
2970 9.0906e+07 1.32181e+07
2980 8.63426e+07 1.17051e+07
2990 8.63444e+07 1.01626e+07
3000 8.60116e+07 1.38454e+07
3010 8.48679e+07 1.01496e+07
3020 8.80876e+07 8.5082e+06
3030 8.3306e+07 7.45454e+06
3040 8.39735e+07 8.0094e+06
3050 8.43022e+07 8.52184e+06
3060 7.57931e+07 8.38871e+06
3070 7.67174e+07 1.06921e+07
3080 8.24884e+07 8.47299e+06
3090 8.09351e+07 7.4012e+06
3100 8.58725e+07 7.65551e+06
3110 8.9246e+07 1.14272e+07
3120 8.78406e+07 6.54358e+06
3130 9.03329e+07 7.85469e+06
3140 8.90874e+07 1.59183e+07
3150 8.7915e+07 1.2362e+07
3160 8.62321e+07 1.14888e+07
3170 7.69173e+07 7.15052e+06
3180 7.97077e+07 7.37335e+06
3190 7.47245e+07 1.42223e+07
3200 8.355e+07 1.08547e+07
3210 8.70562e+07 7.29688e+06
3220 8.93668e+07 7.69259e+06
3230 9.30915e+07 1.01248e+07
3240 8.91531e+07 1.10432e+07
3250 9.01705e+07 5.78587e+06
3260 8.52955e+07 5.05447e+06
3270 9.33604e+07 1.24177e+07
3280 8.69534e+07 1.45185e+07
3290 8.58684e+07 1.3453e+07
3300 9.05618e+07 1.68717e+07
3310 8.67891e+07 1.805e+07
3320 8.88529e+07 2.30082e+07
3330 8.64701e+07 1.19926e+07
3340 8.1831e+07 1.00542e+07
3350 8.55513e+07 8.96212e+06
3360 8.3161e+07 8.05545e+06
3370 7.84283e+07 5.82585e+06
3380 8.53548e+07 6.82609e+06
3390 7.8416e+07 7.63003e+06
3400 7.76108e+07 5.68343e+06
3410 8.17921e+07 9.11986e+06
3420 8.29977e+07 1.34748e+07
3430 8.87638e+07 9.13049e+06
3440 8.79199e+07 8.47847e+06
3450 8.07112e+07 7.1441e+06
3460 8.8668e+07 9.69784e+06
3470 9.2195e+07 1.40275e+07
3480 8.59189e+07 1.1965e+07
3490 8.149e+07 8.94763e+06
3500 8.52463e+07 8.99421e+06
3510 8.68648e+07 7.76382e+06
3520 7.97313e+07 5.21446e+06
3530 8.24418e+07 7.60445e+06
3540 9.18503e+07 9.39746e+06
3550 9.38993e+07 1.09882e+07
3560 8.68431e+07 1.17214e+07
3570 8.62136e+07 1.16628e+07
3580 7.9619e+07 1.38197e+07
3590 8.31059e+07 1.52877e+07
3600 7.81023e+07 1.25029e+07
3610 8.0862e+07 4.97625e+06
3620 7.98392e+07 1.60993e+07
3630 8.58918e+07 9.14775e+06
3640 8.43405e+07 8.55449e+06
3650 8.66845e+07 9.02753e+06
3660 8.40088e+07 6.87777e+06
3670 9.42419e+07 1.40941e+07
3680 8.6219e+07 8.03926e+06
3690 8.6431e+07 1.32294e+07
3700 9.12409e+07 5.373e+06
3710 8.51832e+07 7.09312e+06
3720 9.05139e+07 1.16992e+07
3730 8.46829e+07 8.46955e+06
3740 8.79725e+07 1.00629e+07
3750 8.65567e+07 1.22076e+07
3760 8.46337e+07 9.75924e+06
3770 8.28763e+07 7.80901e+06
3780 8.67205e+07 7.13508e+06
3790 8.88638e+07 1.66344e+07
3800 8.72004e+07 1.97575e+07
3810 8.96986e+07 2.01314e+07
3820 9.20565e+07 1.54347e+07
3830 9.10106e+07 1.62515e+07
3840 8.69781e+07 9.36639e+06
3850 8.72538e+07 1.11688e+07
3860 8.23055e+07 1.41098e+07
3870 8.55935e+07 5.3996e+06
3880 9.08978e+07 7.15495e+06
3890 8.74387e+07 4.56525e+06
3900 8.49214e+07 9.20293e+06
3910 8.74727e+07 1.06078e+07
3920 8.84001e+07 1.02376e+07
3930 8.97427e+07 9.96858e+06
3940 8.73702e+07 9.45321e+06
3950 8.9507e+07 6.81959e+06
3960 8.80415e+07 5.76748e+06
3970 8.91072e+07 6.55655e+06
3980 8.59292e+07 1.00996e+07
3990 8.77684e+07 9.86706e+06
4000 8.83751e+07 9.10916e+06
4010 8.75801e+07 1.44832e+07
4020 8.78344e+07 9.69084e+06
4030 7.89791e+07 1.51662e+07
4040 7.94995e+07 8.26848e+06
4050 8.48503e+07 7.20099e+06
4060 9.11057e+07 6.07933e+06
4070 9.11144e+07 7.80188e+06
4080 8.90369e+07 1.3892e+07
4090 9.06185e+07 1.17185e+07
4100 9.37406e+07 1.07474e+07
4110 8.9956e+07 7.66972e+06
4120 9.07216e+07 7.88852e+06
4130 8.44173e+07 7.75932e+06
4140 9.06878e+07 9.5608e+06
4150 8.90667e+07 7.19088e+06
4160 8.79081e+07 7.49227e+06
4170 9.27591e+07 1.38706e+07
4180 9.10902e+07 7.10155e+06
4190 9.3201e+07 8.81156e+06
4200 7.95531e+07 8.89427e+06
4210 8.62839e+07 7.18367e+06
4220 9.43565e+07 1.27831e+07
4230 8.99802e+07 7.75138e+06
4240 8.85026e+07 8.21542e+06
4250 8.7482e+07 7.80001e+06
4260 8.59467e+07 8.21072e+06
4270 9.31914e+07 1.1648e+07
4280 8.6398e+07 8.29188e+06
4290 8.05855e+07 7.98294e+06
4300 8.62751e+07 8.6522e+06
4310 8.38604e+07 7.329e+06
4320 8.25649e+07 4.49657e+06
4330 8.30255e+07 7.31729e+06
4340 8.08758e+07 8.70979e+06
4350 8.26084e+07 8.33468e+06
4360 8.79815e+07 9.86085e+06
4370 8.77017e+07 9.10239e+06
4380 8.70626e+07 7.28455e+06
4390 8.77478e+07 5.96872e+06
4400 9.28246e+07 7.67656e+06
4410 8.8058e+07 8.27788e+06
4420 8.76201e+07 1.33065e+07
4430 8.56365e+07 1.33853e+07
4440 8.01445e+07 1.01296e+07
4450 8.88586e+07 9.40872e+06
4460 8.66257e+07 6.95802e+06
4470 8.45835e+07 4.94152e+06
4480 8.99179e+07 6.59242e+06
4490 8.70791e+07 1.03811e+07
4500 8.76427e+07 8.18699e+06
4510 8.89946e+07 1.41589e+07
4520 8.42205e+07 7.03034e+06
4530 8.13153e+07 3.54868e+06
4540 8.95075e+07 1.11105e+07
4550 9.18212e+07 8.82379e+06
4560 8.81074e+07 1.21205e+07
4570 8.86123e+07 1.1535e+07
4580 9.35021e+07 1.25086e+07
4590 9.16628e+07 1.01181e+07
4600 8.82762e+07 5.70439e+06
4610 8.76224e+07 6.62234e+06
4620 9.33614e+07 1.72757e+07
4630 9.15848e+07 1.74965e+07
4640 9.19624e+07 1.17693e+07
4650 9.1992e+07 1.72986e+07
4660 8.86659e+07 1.08504e+07
4670 8.89493e+07 8.43146e+06
4680 9.37478e+07 8.93988e+06
4690 9.06587e+07 1.26901e+07
4700 8.95516e+07 2.16408e+07
4710 9.10384e+07 1.36842e+07
4720 9.16724e+07 1.35554e+07
4730 8.71958e+07 1.00625e+07
4740 8.48751e+07 6.04673e+06
4750 8.91562e+07 7.8287e+06
4760 9.37112e+07 1.65106e+07
4770 9.32478e+07 1.29842e+07
4780 8.62968e+07 9.89877e+06
4790 8.56151e+07 1.0484e+07
4800 8.54746e+07 2.5519e+07
4810 7.75254e+07 1.89386e+07
4820 8.46407e+07 7.62416e+06
4830 8.28761e+07 6.3456e+06
4840 8.51672e+07 1.17424e+07
4850 7.96376e+07 9.54575e+06
4860 8.58632e+07 1.40737e+07
4870 8.74882e+07 9.87627e+06
4880 8.57539e+07 1.26406e+07
4890 8.04536e+07 9.69198e+06
4900 8.76283e+07 4.86424e+06
4910 8.81667e+07 6.39687e+06
4920 8.81461e+07 1.11019e+07
4930 8.51427e+07 6.73292e+06
4940 8.20121e+07 8.41627e+06
4950 8.39423e+07 9.05758e+06
4960 7.54212e+07 8.83401e+06
4970 7.75201e+07 1.03615e+07
4980 8.5278e+07 8.99496e+06
4990 8.74439e+07 1.25568e+07
5000 8.57301e+07 1.14918e+07
5010 8.84673e+07 1.10233e+07
5020 9.43424e+07 1.16784e+07
5030 9.15644e+07 8.72643e+06
5040 9.10616e+07 1.19941e+07
5050 9.06154e+07 7.17897e+06
5060 8.83012e+07 1.08058e+07
5070 8.31755e+07 1.09252e+07
5080 8.472e+07 8.73868e+06
5090 8.18413e+07 9.02066e+06
5100 8.08331e+07 8.85021e+06
5110 8.18416e+07 1.24009e+07
5120 8.81054e+07 1.20115e+07
5130 9.15562e+07 8.54986e+06
5140 9.54233e+07 1.80849e+07
5150 8.91368e+07 1.39288e+07
5160 8.42063e+07 1.02328e+07
5170 8.42182e+07 7.1982e+06
5180 9.05974e+07 9.7568e+06
5190 9.1381e+07 9.64468e+06
5200 8.7998e+07 9.542e+06
5210 8.75399e+07 7.8941e+06
5220 8.76757e+07 6.67111e+06
5230 8.94661e+07 1.80894e+07
5240 9.08929e+07 1.63335e+07
5250 8.59397e+07 2.27705e+07
5260 7.98034e+07 9.53743e+06
5270 8.6499e+07 7.34756e+06
5280 8.79704e+07 6.85664e+06
5290 8.91038e+07 7.14595e+06
5300 8.91667e+07 9.54734e+06
5310 7.94438e+07 9.31019e+06
5320 8.6313e+07 9.46649e+06
5330 8.6245e+07 8.56058e+06
5340 9.11337e+07 9.37637e+06
5350 8.8907e+07 1.60288e+07
5360 8.74377e+07 1.09013e+07
5370 8.74418e+07 8.30157e+06
5380 8.99302e+07 8.8623e+06
5390 8.78066e+07 1.31017e+07
5400 8.25876e+07 1.41371e+07
5410 8.8905e+07 1.12367e+07
5420 8.16345e+07 1.32949e+07
5430 8.48346e+07 9.3457e+06
5440 8.41231e+07 1.28955e+07
5450 8.89956e+07 1.06845e+07
5460 8.45835e+07 1.29517e+07
5470 8.78393e+07 5.29411e+06
5480 8.69804e+07 1.15368e+07
5490 8.85804e+07 7.36537e+06
5500 8.69688e+07 7.599e+06
5510 8.86595e+07 6.4156e+06
5520 8.7374e+07 1.11452e+07
5530 8.58777e+07 7.41615e+06
5540 8.56602e+07 9.33524e+06
5550 8.54511e+07 1.30145e+07
5560 8.13792e+07 1.20881e+07
5570 8.75878e+07 6.02438e+06
5580 8.74274e+07 4.22309e+06
5590 9.0405e+07 4.91428e+06
5600 8.71584e+07 8.15995e+06
5610 7.86259e+07 9.23277e+06
5620 8.51595e+07 1.08195e+07
5630 8.49668e+07 1.10226e+07
5640 8.58247e+07 8.95424e+06
5650 8.53928e+07 7.35645e+06
5660 8.24959e+07 8.35474e+06
5670 8.72924e+07 7.27354e+06
5680 8.72862e+07 7.50254e+06
5690 8.6566e+07 7.18132e+06
5700 8.03112e+07 5.0064e+06
5710 8.50361e+07 6.96577e+06
5720 8.39622e+07 5.89045e+06
5730 8.44175e+07 7.40477e+06
5740 8.39264e+07 6.13274e+06
5750 8.54302e+07 6.55059e+06
5760 8.08256e+07 5.70144e+06
5770 8.39227e+07 6.4485e+06
5780 8.91294e+07 1.06882e+07
5790 9.00008e+07 8.8369e+06
5800 9.00559e+07 1.41689e+07
5810 8.76242e+07 9.98746e+06
5820 8.77056e+07 8.38705e+06
5830 8.81621e+07 6.74746e+06
5840 8.35652e+07 8.08078e+06
5850 8.33926e+07 2.32432e+06
5860 8.45258e+07 5.63507e+06
5870 8.82867e+07 4.38104e+06
5880 8.7381e+07 5.35598e+06
5890 8.90791e+07 6.39036e+06
5900 8.85546e+07 1.13389e+07
5910 8.87051e+07 7.22037e+06
5920 9.01299e+07 6.3441e+06
5930 8.56121e+07 7.63617e+06
5940 8.71131e+07 1.13715e+07
5950 8.42352e+07 6.07393e+06
5960 8.03176e+07 9.81437e+06
5970 8.633e+07 1.83736e+07
5980 8.54964e+07 1.99301e+06
5990 8.40405e+07 3.93798e+06
6000 8.23671e+07 8.81902e+06
6010 8.21095e+07 1.11373e+07
6020 8.5109e+07 6.88436e+06
6030 8.15366e+07 8.55027e+06
6040 8.21569e+07 6.02541e+06
6050 8.2371e+07 5.61433e+06
6060 8.45847e+07 1.00511e+07
6070 8.25278e+07 9.09753e+06
6080 8.91883e+07 9.25189e+06
6090 8.89142e+07 8.2287e+06
6100 8.34655e+07 9.77659e+06
6110 8.25793e+07 8.98685e+06
6120 8.67432e+07 7.12214e+06
6130 8.46057e+07 1.09337e+07
6140 8.33403e+07 1.15524e+07
6150 8.2778e+07 9.61576e+06
6160 8.5745e+07 5.94923e+06
6170 8.9074e+07 4.84759e+06
6180 8.25876e+07 1.35766e+07
6190 8.3857e+07 1.04115e+07
6200 8.22754e+07 9.93167e+06
6210 7.63681e+07 3.33703e+06
6220 8.57836e+07 3.21199e+06
6230 8.68565e+07 1.02926e+07
6240 8.59067e+07 1.28987e+07
6250 8.66824e+07 1.599e+07
6260 8.87133e+07 1.51321e+07
6270 8.68267e+07 1.44098e+07
6280 8.56193e+07 1.06676e+07
6290 9.15703e+07 1.12137e+07
6300 8.48308e+07 8.86923e+06
6310 8.49678e+07 9.00482e+06
6320 8.80714e+07 1.22567e+07
6330 8.4837e+07 6.94318e+06
6340 8.85083e+07 1.18196e+07
6350 8.63207e+07 1.75232e+07
6360 8.29369e+07 1.10831e+07
6370 8.69081e+07 9.87032e+06
6380 8.42074e+07 1.02881e+07
6390 8.46319e+07 6.64621e+06
6400 8.39534e+07 8.0345e+06
6410 8.66004e+07 1.0756e+07
6420 8.54838e+07 9.08982e+06
6430 8.98099e+07 1.13666e+07
6440 8.47154e+07 1.05903e+07
6450 8.20301e+07 6.64188e+06
6460 8.69946e+07 9.98631e+06
6470 8.10822e+07 4.9305e+06
6480 7.69831e+07 9.75003e+06
6490 8.46218e+07 5.92897e+06
6500 8.74449e+07 6.98416e+06
6510 8.57818e+07 6.12664e+06
6520 8.09163e+07 6.56568e+06
6530 7.84657e+07 5.33454e+06
6540 7.80551e+07 6.55803e+06
6550 7.44114e+07 4.05998e+06
6560 8.41662e+07 6.76371e+06
6570 8.98962e+07 1.05741e+07
6580 8.52481e+07 1.10663e+07
6590 8.16422e+07 7.34744e+06
6600 8.96504e+07 6.21268e+06
6610 9.15439e+07 5.96674e+06
6620 8.34634e+07 8.84188e+06
6630 8.37649e+07 9.25383e+06
6640 8.5739e+07 5.01959e+06
6650 8.57602e+07 4.39317e+06
6660 9.25843e+07 1.74485e+07
6670 8.89341e+07 1.32385e+07
6680 8.37999e+07 6.26119e+06
6690 8.41306e+07 8.74455e+06
6700 8.64318e+07 1.05058e+07
6710 8.36368e+07 9.56969e+06
6720 7.99804e+07 9.40352e+06
6730 8.60283e+07 1.18696e+07
6740 8.50935e+07 9.50276e+06
6750 8.24186e+07 8.74005e+06
6760 7.75036e+07 8.1157e+06
6770 7.68823e+07 1.0107e+07
6780 8.39147e+07 8.6589e+06
6790 9.01136e+07 9.44224e+06
6800 8.70049e+07 6.39482e+06
6810 9.23991e+07 7.03967e+06
6820 8.4636e+07 9.80399e+06
6830 8.82641e+07 1.14368e+07
6840 8.38818e+07 1.05404e+07
6850 8.94988e+07 9.92905e+06
6860 8.79451e+07 6.49601e+06
6870 8.76182e+07 6.02132e+06
6880 8.98086e+07 5.28061e+06
6890 8.3414e+07 1.13321e+07
6900 8.42496e+07 1.07787e+07
6910 8.46772e+07 9.90852e+06
6920 8.35459e+07 1.39432e+07
6930 8.47082e+07 1.50104e+07
6940 8.65165e+07 1.93419e+07
6950 8.88741e+07 1.44012e+07
6960 8.93045e+07 1.38559e+07
6970 9.05549e+07 1.09985e+07
6980 8.83674e+07 1.12368e+07
6990 9.16527e+07 1.15766e+07
7000 8.84166e+07 8.7263e+06
7010 8.53089e+07 1.17207e+07
7020 7.9552e+07 5.69261e+06
7030 8.04711e+07 3.66276e+06
7040 7.88689e+07 7.52261e+06
7050 8.15654e+07 8.76085e+06
7060 8.04093e+07 7.66389e+06
7070 8.02342e+07 1.12706e+07
7080 8.65897e+07 1.09001e+07
7090 9.37406e+07 1.33599e+07
7100 9.46144e+07 1.15469e+07
7110 8.89709e+07 8.77972e+06
7120 8.35933e+07 6.64984e+06
7130 9.00176e+07 6.33678e+06
7140 8.4526e+07 7.95668e+06
7150 8.88213e+07 5.96875e+06
7160 8.84364e+07 9.15807e+06
7170 8.55603e+07 8.04856e+06
7180 7.81868e+07 5.2565e+06
7190 8.79096e+07 6.78931e+06
7200 9.07244e+07 7.5105e+06
7210 8.75708e+07 1.20331e+07
7220 8.57231e+07 8.33308e+06
7230 8.72563e+07 8.49306e+06
7240 9.12842e+07 1.62082e+07
7250 9.07545e+07 1.44333e+07
7260 8.71894e+07 1.34965e+07
7270 8.26525e+07 1.21118e+07
7280 8.95531e+07 1.0661e+07
7290 8.83877e+07 9.78819e+06
7300 8.56005e+07 6.46688e+06
7310 8.42826e+07 7.92964e+06
7320 8.2888e+07 7.75808e+06
7330 8.39389e+07 5.5687e+06
7340 8.61703e+07 9.76477e+06
7350 8.71213e+07 7.63012e+06
7360 8.90461e+07 7.48423e+06
7370 8.42123e+07 4.34779e+06
7380 8.04402e+07 1.36825e+07
7390 8.47455e+07 1.34029e+07
7400 9.13185e+07 1.4785e+07
7410 9.20515e+07 1.02658e+07
7420 8.83259e+07 1.18621e+07
7430 8.38282e+07 9.159e+06
7440 8.96056e+07 9.26187e+06
7450 9.13625e+07 1.20705e+07
7460 9.40536e+07 9.83234e+06
7470 8.49948e+07 1.01396e+07
7480 9.0057e+07 1.04822e+07
7490 8.7483e+07 1.53708e+07
7500 8.50835e+07 1.01019e+07
7510 8.61669e+07 1.18789e+07
7520 8.95067e+07 7.7785e+06
7530 9.16263e+07 6.5221e+06
7540 8.9619e+07 9.8051e+06
7550 8.2905e+07 6.86844e+06
7560 8.44284e+07 7.03824e+06
7570 8.35917e+07 7.56069e+06
7580 8.09791e+07 1.02629e+07
7590 8.233e+07 1.16752e+07
7600 8.2261e+07 6.33714e+06
7610 8.25721e+07 1.83219e+07
7620 7.82043e+07 8.64792e+06
7630 9.10325e+07 6.50359e+06
7640 8.88145e+07 8.68813e+06
7650 8.66417e+07 6.32642e+06
7660 8.36988e+07 1.47762e+07
7670 8.70729e+07 1.17345e+07
7680 8.5598e+07 1.0338e+07
7690 8.74659e+07 1.5196e+07
7700 8.66224e+07 1.18323e+07
7710 8.58408e+07 5.95807e+06
7720 8.43073e+07 8.6078e+06
7730 7.9229e+07 8.49246e+06
7740 8.68406e+07 7.60144e+06
7750 8.61267e+07 9.36629e+06
7760 8.4018e+07 9.64982e+06
7770 8.64938e+07 1.22154e+07
7780 8.51378e+07 7.30688e+06
7790 8.40703e+07 5.41954e+06
7800 9.00425e+07 1.09405e+07
7810 9.17757e+07 1.03975e+07
7820 8.68751e+07 8.89627e+06
7830 9.0261e+07 1.03209e+07
7840 8.04124e+07 1.07692e+07
7850 8.71183e+07 6.20268e+06
7860 9.04382e+07 1.34393e+07
7870 8.66688e+07 1.41651e+07
7880 8.59758e+07 1.13366e+07
7890 8.37756e+07 1.3203e+07
7900 8.07452e+07 1.13997e+07
7910 8.30667e+07 1.02978e+07
7920 8.72347e+07 1.48676e+07
7930 7.95705e+07 1.22041e+07
7940 8.29951e+07 7.07935e+06
7950 8.36772e+07 9.0796e+06
7960 8.09317e+07 1.00198e+07
7970 8.72234e+07 9.71402e+06
7980 9.30729e+07 9.90419e+06
7990 8.63738e+07 7.10097e+06
8000 8.80245e+07 9.66936e+06
8010 8.45361e+07 9.9712e+06
8020 9.2261e+07 8.74373e+06
8030 8.87504e+07 9.6311e+06
8040 9.19859e+07 6.49437e+06
8050 8.7447e+07 5.40905e+06
8060 8.40487e+07 6.32986e+06
8070 8.46698e+07 6.05529e+06
8080 8.77996e+07 1.20725e+07
8090 8.35119e+07 6.27384e+06
8100 8.72574e+07 6.5353e+06
8110 8.63011e+07 8.15379e+06
8120 8.55861e+07 8.95224e+06
8130 8.7111e+07 1.25059e+07
8140 8.36051e+07 1.52042e+07
8150 8.37653e+07 1.01874e+07
8160 8.45819e+07 1.03206e+07
8170 8.88769e+07 7.289e+06
8180 8.43143e+07 7.9048e+06
8190 8.03449e+07 6.73671e+06
8200 8.66371e+07 7.69476e+06
8210 8.48594e+07 8.54032e+06
8220 8.97935e+07 6.53451e+06
8230 8.46195e+07 1.03342e+07
8240 8.54871e+07 7.9957e+06
8250 8.56417e+07 1.0092e+07
8260 8.37952e+07 1.33651e+07
8270 8.51038e+07 8.6246e+06
8280 8.60312e+07 8.73689e+06
8290 8.33963e+07 8.66087e+06
8300 7.98345e+07 8.19989e+06
8310 8.0983e+07 8.67164e+06
8320 8.44219e+07 7.95429e+06
8330 8.23434e+07 8.04514e+06
8340 8.47514e+07 8.15804e+06
8350 8.45505e+07 1.15263e+07
8360 8.60312e+07 1.41217e+07
8370 8.16427e+07 7.09442e+06
8380 8.46659e+07 6.91381e+06
8390 8.69699e+07 6.15168e+06
8400 8.73432e+07 8.43538e+06
8410 8.44729e+07 9.78249e+06
8420 7.88965e+07 8.47609e+06
8430 8.34049e+07 8.89416e+06
8440 8.77924e+07 8.89639e+06
8450 8.78825e+07 7.6586e+06
8460 8.83836e+07 6.75456e+06
8470 8.51389e+07 7.40626e+06
8480 8.51049e+07 7.36745e+06
8490 8.28419e+07 8.37914e+06
8500 8.44982e+07 9.51291e+06
8510 8.74202e+07 6.42312e+06
8520 8.47092e+07 8.88691e+06
8530 8.23988e+07 9.08383e+06
8540 8.32689e+07 6.58231e+06
8550 8.15302e+07 7.92823e+06
8560 8.04755e+07 1.99713e+07
8570 8.38653e+07 8.99493e+06
8580 8.18055e+07 1.23455e+07
8590 7.98622e+07 1.01279e+07
8600 8.35068e+07 1.08e+07
8610 8.312e+07 9.96431e+06
8620 8.22365e+07 6.72233e+06
8630 8.29565e+07 1.24286e+07
8640 8.60549e+07 7.01871e+06
8650.12 8.68079e+07 9.55606e+06
8660 9.25291e+07 1.12359e+07
8670 8.47937e+07 8.49607e+06
8680 8.94377e+07 1.02638e+07
8690 8.75706e+07 1.29967e+07
8700 8.66979e+07 9.06845e+06
8710 8.89745e+07 9.22136e+06
8720 8.73143e+07 9.90668e+06
8730 8.66721e+07 6.59963e+06
8740 8.33287e+07 1.17128e+07
8750 8.49418e+07 7.93715e+06
8760 8.3542e+07 9.90909e+06
8770 7.99889e+07 8.54682e+06
8780 9.23264e+07 1.14788e+07
8790 8.63511e+07 1.40728e+07
8800 8.69925e+07 1.47987e+07
8810 8.31265e+07 9.97513e+06
8820 8.40207e+07 9.0286e+06
8830 8.53657e+07 6.55757e+06
8840 8.16747e+07 5.3998e+06
8850 8.71873e+07 6.89508e+06
8860 8.77705e+07 9.79869e+06
8870 8.55407e+07 9.0587e+06
8880 8.48633e+07 1.20338e+07
8890 8.25159e+07 1.14229e+07
8900 8.36551e+07 1.01728e+07
8910 8.21126e+07 1.14584e+07
8920 8.7889e+07 1.20473e+07
8930 8.55974e+07 1.37282e+07
8940 8.12357e+07 7.78396e+06
8950 8.59117e+07 6.84383e+06
8960 8.53697e+07 8.13798e+06
8970 8.3685e+07 1.29684e+07
8980 8.32852e+07 1.04536e+07
8990 8.0872e+07 1.30363e+07
9000 8.48614e+07 1.01245e+07
9010 8.16502e+07 9.16662e+06
9020 8.34902e+07 1.00466e+07
9030 8.3788e+07 1.0235e+07
9040 8.28923e+07 8.8049e+06
9050 8.02643e+07 7.53655e+06
9060 8.37437e+07 7.96176e+06
9070 8.50636e+07 6.61202e+06
9080 8.217e+07 8.79805e+06
9090 8.39469e+07 7.87406e+06
9100 8.16108e+07 8.07812e+06
9110 8.43011e+07 9.33289e+06
9120 8.26463e+07 9.81969e+06
9130 8.65062e+07 1.03618e+07
9140 8.20270e+07 7.80366e+06
9150 8.5288e+07 8.36407e+06
9160 8.84302e+07 1.40094e+07
9170 8.81724e+07 7.19349e+06
9180 8.67545e+07 1.82644e+07
9190 8.23733e+07 1.95345e+07
9200 8.48403e+07 1.21777e+07
9210 8.50602e+07 1.45092e+07
9220 8.45886e+07 9.51287e+06
9230 8.66185e+07 1.73169e+07
9240 8.32538e+07 1.23436e+07
9250 8.7467e+07 8.31946e+06
9260 8.24114e+07 7.10712e+06
9270 8.37798e+07 6.90041e+06
9280 8.03362e+07 1.23004e+07
9290 8.39426e+07 1.17829e+07
9300 8.76283e+07 1.34393e+07
9310 8.65072e+07 1.32624e+07
9320 8.53171e+07 5.83272e+06
9330 8.21394e+07 8.08995e+06
9340 8.17968e+07 7.03597e+06
9350 8.14639e+07 9.47085e+06
9360 8.50441e+07 8.48786e+06
9370 8.42754e+07 1.26589e+07
9380 8.24897e+07 8.45e+06
9390 8.66474e+07 1.37164e+07
9400 8.80219e+07 1.10538e+07
9410 8.84743e+07 1.01379e+07
9420 8.48637e+07 7.42214e+06
9430 8.23939e+07 8.43072e+06
9440 7.69863e+07 8.85912e+06
9450 8.42847e+07 1.24188e+07
9460 8.12667e+07 9.30261e+06
9470 8.36591e+07 1.70342e+07
9480 8.98581e+07 1.14431e+07
9490 8.92666e+07 1.39021e+07
9500 8.27792e+07 1.46218e+07
9510 8.39364e+07 1.14505e+07
9520 8.26556e+07 1.02157e+07
9530 8.15211e+07 8.25014e+06
9540 8.49338e+07 7.94722e+06
9550 8.35922e+07 1.11101e+07
9560 8.31592e+07 1.44124e+07
9570 8.12864e+07 9.18839e+06
9580 8.42084e+07 6.76865e+06
9590 8.14655e+07 1.00533e+07
9600 7.93586e+07 8.01307e+06
9610 8.73148e+07 7.76835e+06
9620 8.53572e+07 4.57315e+06
9630 8.35871e+07 7.25504e+06
9640 8.07895e+07 8.14505e+06
9650 8.33432e+07 8.95845e+06
9660 8.46368e+07 5.19662e+06
9670 8.69194e+07 9.5785e+06
9680 8.48339e+07 9.85664e+06
9690 8.789e+07 6.90092e+06
9700 8.49892e+07 9.13296e+06
9710 8.33524e+07 1.1669e+07
9720 8.36631e+07 6.74143e+06
9730 8.0881e+07 6.84386e+06
9740 8.42568e+07 7.92717e+06
9750 8.52517e+07 9.3745e+06
9760 8.55283e+07 1.06973e+07
9770 8.72275e+07 7.1364e+06
9780 8.65938e+07 1.19697e+07
9790 8.09626e+07 9.34373e+06
9800 8.52161e+07 1.53374e+07
9810 8.13169e+07 1.00984e+07
9820 8.65332e+07 1.1313e+07
9830 8.26381e+07 9.19653e+06
9840 8.31229e+07 9.27253e+06
9850 8.24632e+07 4.70632e+06
9860 8.15706e+07 3.22987e+06
9870 8.01396e+07 1.41074e+07
9880 8.33764e+07 1.53363e+07
9890 8.42841e+07 1.259e+07
9900 8.36128e+07 1.70488e+07
9910 8.6338e+07 1.02368e+07
9920 8.15162e+07 9.81077e+06
9930 8.28594e+07 5.02507e+06
9940 7.95554e+07 7.24625e+06
9950 8.70224e+07 1.3319e+07
9960 8.95953e+07 1.48649e+07
9970 8.589e+07 1.00845e+07
9980 8.35077e+07 9.68414e+06
9990 8.22609e+07 1.07637e+07
10000 8.23063e+07 1.08699e+07
10010 8.64215e+07 1.11872e+07
10020 8.53617e+07 8.90889e+06
10030 8.49379e+07 5.76455e+06
10040 8.52872e+07 1.00734e+07
10050 8.60758e+07 8.99679e+06
10060 8.80856e+07 1.07387e+07
10070 8.81411e+07 6.69501e+06
10080 8.52298e+07 1.15378e+07
10090 8.53913e+07 8.12154e+06
10100 8.1993e+07 9.65288e+06
10110 8.23022e+07 1.01729e+07
10120 8.20343e+07 5.57331e+06
10130 8.46082e+07 5.9815e+06
10140 8.26906e+07 6.07406e+06
10150 8.31172e+07 7.45296e+06
10160 8.69503e+07 6.21804e+06
10170 8.51036e+07 7.40593e+06
10180 8.37347e+07 5.44373e+06
10190 8.47211e+07 4.47899e+06
10200 8.78452e+07 8.76961e+06
10210 8.44954e+07 8.0246e+06
10220 8.72929e+07 8.28792e+06
10230 8.09503e+07 6.74801e+06
10240 7.95675e+07 6.18602e+06
10250 8.04516e+07 5.10176e+06
10260 8.52283e+07 5.30842e+06
10270 8.2355e+07 9.25778e+06
10280 8.32955e+07 7.58435e+06
10290 8.45866e+07 7.975e+06
10300 8.54655e+07 9.0554e+06
10310 8.35263e+07 1.22327e+07
10320 8.49832e+07 9.66464e+06
10330 8.66566e+07 5.52133e+06
10340 8.38797e+07 5.81368e+06
10350 8.83225e+07 9.22822e+06
10360 8.47244e+07 4.54051e+06
10370 8.73104e+07 7.20064e+06
10380 8.5482e+07 1.16187e+07
10390 9.1312e+07 1.07792e+07
10400 8.27504e+07 4.87559e+06
10410 8.38776e+07 7.46284e+06
10420 8.21744e+07 7.39586e+06
10430 7.88882e+07 1.06495e+07
10440 8.25075e+07 1.12634e+07
10450 9.01142e+07 1.22029e+07
10460 9.23542e+07 7.34199e+06
10470 8.68277e+07 5.01753e+06
10480 8.92615e+07 6.59466e+06
10490 8.77981e+07 9.64615e+06
10500 8.08443e+07 1.4172e+07
10510 7.95106e+07 1.13088e+07
10520 8.37512e+07 9.99542e+06
10530 8.33995e+07 7.31805e+06
10540 8.43007e+07 7.86477e+06
10550 8.24356e+07 1.24378e+07
10560 8.46268e+07 9.7649e+06
10570 8.8871e+07 1.05428e+07
10580 8.75788e+07 9.37159e+06
10590 8.64498e+07 8.65719e+06
10600 9.10747e+07 8.30908e+06
10610 8.61359e+07 7.54338e+06
10620 8.43881e+07 9.07774e+06
10630 8.0634e+07 8.7603e+06
10640 8.23918e+07 9.30106e+06
10650 8.6506e+07 6.58708e+06
10660 8.59511e+07 1.18522e+07
10670 8.58447e+07 1.05359e+07
10680 8.61608e+07 8.80319e+06
10690 8.09546e+07 1.18354e+07
10700 8.30976e+07 1.27728e+07
10710 8.58975e+07 1.34371e+07
10720 8.82136e+07 1.35222e+07
10730 8.60793e+07 1.43862e+07
10740 8.39724e+07 1.47217e+07
10750 8.70502e+07 1.50004e+07
10760 8.07576e+07 7.88629e+06
10770 8.21188e+07 7.7117e+06
10780 8.11986e+07 1.08786e+07
10790 8.20106e+07 1.07875e+07
