# TimeStamp(s) Sum Stdev
0 4.2234e+07 3.66049e+06
10 4.152e+07 6.30268e+06
20 4.05112e+07 7.12923e+06
30 4.10645e+07 5.29992e+06
40 4.18322e+07 5.24587e+06
50 3.7657e+07 3.61373e+06
60 3.92253e+07 7.03361e+06
70 3.68893e+07 5.35634e+06
80 4.05514e+07 3.64289e+06
90 4.16292e+07 5.73151e+06
100 4.1163e+07 4.19533e+06
110.125 4.01817e+07 5.75109e+06
120 4.02858e+07 3.49132e+06
130 4.03329e+07 2.23503e+06
140 4.21753e+07 1.64304e+06
150 4.0877e+07 3.36587e+06
160 4.17889e+07 5.40011e+06
170 4.10182e+07 4.34745e+06
180 3.90233e+07 7.62268e+06
190 4.19187e+07 5.68532e+06
200 4.44772e+07 5.43507e+06
210 4.00429e+07 4.29771e+06
220.125 4.08164e+07 4.56677e+06
230 4.10236e+07 5.43516e+06
240 3.99713e+07 3.64082e+06
250 4.12242e+07 5.48218e+06
260.125 3.86323e+07 3.13335e+06
270 4.22737e+07 3.1177e+06
280 4.15529e+07 1.95063e+06
290 4.09151e+07 3.38909e+06
300 4.16632e+07 4.75873e+06
310 4.08945e+07 2.71614e+06
320.125 4.07877e+07 3.23215e+06
330 3.98721e+07 2.32679e+06
340 4.15622e+07 3.89812e+06
350 4.29213e+07 2.98391e+06
360.125 3.92786e+07 2.14697e+06
370 3.86031e+07 3.02479e+06
380.5 3.87467e+07 2.76926e+06
390 3.6894e+07 1.78663e+06
400 3.71737e+07 3.05131e+06
410 3.77703e+07 4.70767e+06
420 4.23667e+07 3.72259e+06
430 4.20797e+07 4.55921e+06
440.125 3.97361e+07 5.38833e+06
450 3.94612e+07 6.26607e+06
460 4.09813e+07 4.35255e+06
470 3.79744e+07 4.5332e+06
480 4.00516e+07 2.54455e+06
490 4.15952e+07 3.10817e+06
500 3.78136e+07 3.08893e+06
510 4.03268e+07 3.50021e+06
520 4.06004e+07 5.74255e+06
530.375 4.24664e+07 3.94297e+06
540 4.12881e+07 5.51144e+06
550 4.26998e+07 7.87832e+06
560 4.21042e+07 5.15052e+06
570 4.30419e+07 4.41671e+06
580 4.17168e+07 4.91568e+06
590 4.11428e+07 3.25258e+06
600 4.30377e+07 7.138e+06
610 4.01073e+07 6.47592e+06
620 4.22989e+07 5.36117e+06
630 4.0777e+07 5.95586e+06
640 4.18116e+07 7.9249e+06
650 4.09151e+07 6.04175e+06
660 4.3113e+07 4.67931e+06
670.25 4.04556e+07 2.66174e+06
680 4.04525e+07 2.81333e+06
690 4.35746e+07 4.78393e+06
700 4.16045e+07 4.53102e+06
710 4.16506e+07 4.54456e+06
720 3.91534e+07 5.19329e+06
730 3.83432e+07 5.73102e+06
740 4.08378e+07 4.39294e+06
750 4.00609e+07 3.34983e+06
760 3.87255e+07 3.21503e+06
770 4.08446e+07 2.97153e+06
780 3.87033e+07 4.00626e+06
790 4.47029e+07 4.10408e+06
800 4.10171e+07 5.79962e+06
810 4.22989e+07 5.99658e+06
820 4.07523e+07 5.76792e+06
830 3.98147e+07 4.13211e+06
840 3.86235e+07 3.82433e+06
850.5 3.94682e+07 3.92812e+06
860 4.26269e+07 2.96365e+06
870 3.73716e+07 2.23062e+06
880 4.43791e+07 4.70341e+06
890 4.26207e+07 6.0584e+06
900 4.20898e+07 4.58484e+06
910 4.07327e+07 3.00964e+06
920 4.1692e+07 4.21668e+06
930 4.0098e+07 3.47958e+06
940 4.24205e+07 3.70122e+06
950 4.13211e+07 4.30998e+06
960 4.12845e+07 3.98599e+06
970 4.08012e+07 6.26589e+06
980 4.06245e+07 4.15956e+06
990 4.15076e+07 4.7508e+06
1000 4.18598e+07 4.63295e+06
1010 3.89584e+07 4.7555e+06
1020 4.04115e+07 4.63116e+06
1030 3.92351e+07 2.87298e+06
1040 4.28157e+07 5.34863e+06
1050 4.33427e+07 6.49766e+06
1060 3.96277e+07 4.91404e+06
1070 4.22407e+07 5.96531e+06
1080 4.05133e+07 5.35366e+06
1090 3.91573e+07 3.83764e+06
1100 4.34448e+07 2.32052e+06
1110 4.14507e+07 3.22664e+06
1120 4.28865e+07 6.18642e+06
1130 4.09635e+07 5.50161e+06
1140 4.16385e+07 3.23926e+06
1150 4.15117e+07 3.14103e+06
1160.25 4.18708e+07 1.58877e+06
1170 4.38677e+07 4.10599e+06
1180 4.21104e+07 3.66387e+06
1190 4.22979e+07 5.524e+06
1200 4.20176e+07 5.6856e+06
1210 4.32541e+07 6.99127e+06
1220 4.42114e+07 6.10364e+06
1230 4.00012e+07 5.35056e+06
1240 4.37673e+07 3.4837e+06
1250 4.22598e+07 7.10248e+06
1260 4.17508e+07 6.92792e+06
1270 4.23876e+07 4.37107e+06
1280 4.02588e+07 3.91309e+06
1290 3.93618e+07 4.40014e+06
1300 4.27095e+07 4.09398e+06
1310 4.23422e+07 4.33053e+06
1320 4.21372e+07 6.2243e+06
1330.12 4.02554e+07 4.99826e+06
1340 4.12934e+07 4.52773e+06
1350 4.06597e+07 5.06452e+06
1360 3.82515e+07 5.13741e+06
1370 4.36086e+07 7.25736e+06
1380.12 4.12462e+07 3.77084e+06
1390 4.48025e+07 4.86052e+06
1400 4.18363e+07 5.77028e+06
1410 4.13633e+07 5.48472e+06
1420.12 3.77206e+07 3.5806e+06
1430.25 3.95638e+07 2.22565e+06
1440 4.45253e+07 4.2448e+06
1450 4.14891e+07 4.96869e+06
1460 4.29708e+07 5.05661e+06
1470 4.2132e+07 3.46246e+06
1480 4.20887e+07 5.07362e+06
1490.12 4.03912e+07 4.50873e+06
1500.25 4.18281e+07 5.58378e+06
1510.12 4.20704e+07 6.42508e+06
1520.38 3.9497e+07 4.68375e+06
1530 4.18388e+07 4.64378e+06
1540 4.02825e+07 3.61064e+06
1550 4.02897e+07 2.10102e+06
1560 4.23319e+07 2.15125e+06
1570 4.06204e+07 2.59433e+06
1580.12 4.22173e+07 2.54862e+06
1590 4.32987e+07 4.5487e+06
1600 4.25772e+07 3.23316e+06
1610.75 4.08984e+07 3.75421e+06
1620 4.19066e+07 4.86868e+06
1630 4.38889e+07 3.80951e+06
1640 4.46596e+07 3.71396e+06
1650.12 4.19669e+07 3.83405e+06
1660 4.07113e+07 6.54029e+06
1670 3.88801e+07 2.37007e+06
1680 4.05679e+07 1.93629e+06
1690 4.15447e+07 5.82594e+06
1700 4.3079e+07 5.06152e+06
1710 3.93829e+07 3.28524e+06
1720 4.28059e+07 5.69015e+06
1730 4.2403e+07 4.92118e+06
1740 4.06606e+07 4.43187e+06
1750 4.17158e+07 5.89417e+06
1760.25 4.30279e+07 5.16243e+06
1770 4.09867e+07 4.37275e+06
1780 4.05668e+07 4.26413e+06
1790 4.22152e+07 4.99653e+06
1800 4.2463e+07 2.03548e+06
1810 4.02354e+07 2.99604e+06
1820 4.06294e+07 3.39659e+06
1830 3.831e+07 3.04466e+06
1840 4.43157e+07 5.9696e+06
1850 4.23927e+07 4.73412e+06
1860 3.92551e+07 7.65398e+06
1870 4.16457e+07 6.93048e+06
1880 4.30367e+07 4.8199e+06
1890 4.14035e+07 6.03993e+06
1900 4.19229e+07 2.0912e+06
1910 4.13603e+07 3.56552e+06
1920.12 3.90535e+07 3.03551e+06
1930 3.46005e+07 2.26581e+06
1940 4.11016e+07 4.09303e+06
1950 3.96786e+07 4.91482e+06
1960 3.95612e+07 4.62351e+06
1970 3.74767e+07 4.32847e+06
1980 3.48193e+07 3.50153e+06
1990 4.17899e+07 2.82322e+06
2000.25 4.3766e+07 5.99502e+06
2010 4.26743e+07 4.17818e+06
2020.12 4.42276e+07 5.18488e+06
2030 3.94316e+07 5.76921e+06
2040 4.21887e+07 3.57804e+06
2050 3.92799e+07 3.89645e+06
2060 4.2649e+07 3.40924e+06
2070 4.22302e+07 1.0867e+07
2080 4.54489e+07 7.78447e+06
2090 4.31882e+07 6.05208e+06
2100 4.19553e+07 5.84599e+06
2110 4.46498e+07 7.47346e+06
2120 3.99136e+07 6.45979e+06
2130 4.11604e+07 3.415e+06
2140 3.98054e+07 3.19769e+06
2150 4.08276e+07 5.72792e+06
2160 4.10763e+07 3.11811e+06
2170 4.06539e+07 2.4563e+06
2180 4.08605e+07 2.75407e+06
2190 4.30398e+07 2.89884e+06
2200.38 4.21849e+07 3.17258e+06
2210 4.16237e+07 3.82685e+06
2220 4.37147e+07 4.24145e+06
2230 3.9421e+07 2.45272e+06
2240.12 3.8418e+07 4.20693e+06
2250 3.92907e+07 7.13948e+06
2260 3.9071e+07 6.83025e+06
2270 4.31683e+07 4.15018e+06
2280 3.86235e+07 4.70835e+06
2290 4.00218e+07 2.92018e+06
2300 4.07018e+07 3.23657e+06
2310.12 4.04303e+07 3.67812e+06
2320.12 3.97737e+07 3.57969e+06
2330 3.89473e+07 4.54209e+06
2340 3.5794e+07 2.49174e+06
2350 3.82608e+07 3.44436e+06
2360 4.02536e+07 3.36045e+06
2370 4.33221e+07 4.14515e+06
2380 3.91057e+07 4.98902e+06
2390 4.42657e+07 7.09478e+06
2400 4.32018e+07 9.27285e+06
2410 3.942e+07 6.02484e+06
2420 3.84731e+07 2.14402e+06
2430 3.69041e+07 1.49965e+06
2440 4.29766e+07 5.64285e+06
2450.12 4.22946e+07 4.7915e+06
2460 4.10483e+07 6.50279e+06
2470 4.13232e+07 6.66531e+06
2480.38 3.89327e+07 3.22717e+06
2490 4.23834e+07 4.59473e+06
2500 3.96168e+07 3.88707e+06
2510 3.98167e+07 4.70601e+06
2520 4.11634e+07 3.94452e+06
2530 4.07904e+07 3.56528e+06
2540 4.11902e+07 5.12772e+06
2550.12 3.91941e+07 4.79162e+06
2560 4.21828e+07 8.64049e+06
2570 4.30357e+07 5.9263e+06
2580 4.25236e+07 6.28318e+06
2590 3.96405e+07 7.77124e+06
2600.38 3.88031e+07 4.88834e+06
2610 3.86088e+07 4.75457e+06
2620.12 4.12838e+07 6.40718e+06
2630 4.00415e+07 6.37952e+06
2640 4.57075e+07 5.78681e+06
2650.25 4.32627e+07 4.83888e+06
2660 4.03429e+07 1.36643e+06
2670 3.86678e+07 4.91602e+06
2680 4.24958e+07 4.25485e+06
2690.12 3.98773e+07 3.00226e+06
2700 3.84104e+07 5.98315e+06
2710.25 4.10519e+07 3.35281e+06
2720 4.19458e+07 4.5221e+06
2730 4.00063e+07 4.10642e+06
2740 3.89388e+07 3.70166e+06
2750 4.09007e+07 5.89123e+06
2760.25 4.19667e+07 7.61925e+06
2770 3.75617e+07 3.61352e+06
2780 3.92964e+07 5.17058e+06
2790 3.84576e+07 5.99209e+06
2800.12 4.19069e+07 4.01037e+06
2810 4.04612e+07 4.26243e+06
2820.25 4.04533e+07 2.83338e+06
2830 4.16016e+07 3.76066e+06
2840 4.11836e+07 2.45353e+06
2850 4.33466e+07 5.69812e+06
2860 4.41276e+07 5.90186e+06
2870 4.1522e+07 6.16875e+06
2880 4.06493e+07 4.86398e+06
2890 3.88615e+07 4.02859e+06
2900 3.75259e+07 4.55202e+06
2910 3.93232e+07 3.44838e+06
2920 4.05042e+07 5.13856e+06
2930 3.84401e+07 2.50411e+06
2940 3.77229e+07 2.93445e+06
2950 4.02557e+07 1.85386e+06
2960 4.00166e+07 3.07672e+06
2970.25 4.24747e+07 4.2624e+06
2980 4.13654e+07 4.33186e+06
2990.12 4.20326e+07 4.70815e+06
3000.25 4.18419e+07 4.52857e+06
3010 4.33865e+07 4.47529e+06
3020.38 4.32181e+07 3.94585e+06
3030 3.96148e+07 5.00247e+06
3040.25 4.13942e+07 3.41724e+06
3050 3.99785e+07 4.87141e+06
3060 4.17281e+07 3.5745e+06
3070 3.8073e+07 3.97488e+06
3080 4.1004e+07 5.23111e+06
3090 4.27961e+07 3.51779e+06
3100 4.17513e+07 3.47512e+06
3110 4.09852e+07 2.63008e+06
3120 3.9522e+07 3.93496e+06
3130 4.10872e+07 2.21734e+06
3140 4.23896e+07 5.3655e+06
3150 4.07977e+07 4.14598e+06
3160 4.27492e+07 7.89143e+06
3170 4.09914e+07 5.38251e+06
3180 4.13458e+07 2.96154e+06
3190 4.09605e+07 4.97829e+06
3200 4.06606e+07 5.81156e+06
3210 4.14303e+07 5.26998e+06
3220 4.16148e+07 3.8627e+06
3230 4.28059e+07 4.59379e+06
3240.5 3.87428e+07 3.19585e+06
3250 3.83527e+07 6.01822e+06
3260 4.11294e+07 4.53751e+06
3270 4.18023e+07 3.65188e+06
3280.12 3.90223e+07 3.26018e+06
3290 4.03009e+07 5.22681e+06
3300 4.00712e+07 3.22813e+06
3310 4.06781e+07 3.65823e+06
3320 3.89172e+07 3.71189e+06
3330 3.8707e+07 4.84364e+06
3340 3.77951e+07 2.28142e+06
3350 3.4675e+07 3.24159e+06
3360 3.7149e+07 1.58538e+06
3370 3.74592e+07 2.92582e+06
3380 3.94715e+07 3.4434e+06
3390.12 4.29035e+07 4.17358e+06
3400 4.03198e+07 5.11192e+06
3410 4.00254e+07 4.21734e+06
3420 3.76714e+07 3.49762e+06
3430 3.971e+07 3.90587e+06
3440 4.22536e+07 4.82672e+06
3450 4.08121e+07 3.22551e+06
3460 3.88621e+07 1.75215e+06
3470.12 4.24414e+07 3.50048e+06
3480 4.05022e+07 2.92947e+06
3490 3.96351e+07 3.15007e+06
3500 4.17799e+07 3.5523e+06
3510 4.13706e+07 2.39108e+06
3520.12 4.09314e+07 4.95667e+06
3530 4.20364e+07 4.62324e+06
3540 4.23834e+07 4.1371e+06
3550 4.18136e+07 3.95224e+06
3560 4.29594e+07 3.56477e+06
3570 4.09028e+07 5.19703e+06
3580 3.8131e+07 2.6491e+06
3590 4.28811e+07 4.39002e+06
3600 4.20094e+07 5.49807e+06
3610.5 4.48714e+07 5.2251e+06
3620.12 4.1963e+07 3.59012e+06
3630 4.16214e+07 1.13352e+07
3640 3.96547e+07 5.61149e+06
3650.75 4.25607e+07 2.83746e+06
3660.12 4.26142e+07 4.78698e+06
3670 3.99014e+07 1.90468e+06
3680 3.96034e+07 3.99649e+06
3690.12 4.00419e+07 5.46287e+06
3700 3.8083e+07 3.13293e+06
3710 3.97683e+07 4.44936e+06
3720 3.9047e+07 4.53676e+06
3730 3.7387e+07 4.4762e+06
3740 3.63587e+07 3.21204e+06
3750 3.69429e+07 3.62373e+06
3760 4.08399e+07 4.84342e+06
3770 3.96936e+07 2.34963e+06
3780 4.46838e+07 3.75258e+06
3790 4.09749e+07 2.9225e+06
3800 4.35591e+07 3.95779e+06
3810 4.13582e+07 5.51955e+06
3820 4.10676e+07 3.71765e+06
3830 4.10202e+07 4.55035e+06
3840 4.33252e+07 3.25769e+06
3850 4.41341e+07 3.95482e+06
3860 4.24071e+07 4.62184e+06
3870 4.30089e+07 4.43612e+06
3880 4.12315e+07 4.20105e+06
3890.12 3.96751e+07 1.95635e+06
3900 4.1711e+07 3.94785e+06
3910 4.21846e+07 2.82623e+06
3920 3.81907e+07 2.92993e+06
3930 4.19939e+07 4.54464e+06
3940 4.32067e+07 2.99335e+06
3950 4.21238e+07 2.47903e+06
3960 4.35365e+07 2.22503e+06
3970 4.17559e+07 3.89938e+06
3980 3.99342e+07 4.48223e+06
3990.38 3.95816e+07 1.85226e+06
4000 4.05165e+07 2.43891e+06
4010 4.08842e+07 6.09438e+06
4020.12 4.27243e+07 5.09365e+06
4030 4.25218e+07 4.77766e+06
4040 4.37642e+07 4.01751e+06
4050 4.15241e+07 3.73824e+06
4060 3.91954e+07 7.0849e+06
4070.25 4.05447e+07 6.31598e+06
4080 4.08538e+07 3.78699e+06
4090 4.2335e+07 3.10595e+06
4100 4.15426e+07 5.17303e+06
4110 4.22536e+07 4.51667e+06
4120 4.21001e+07 4.1491e+06
4130 3.95066e+07 3.6432e+06
4140.12 3.9146e+07 2.27977e+06
4150.25 4.03314e+07 3.43864e+06
4160.12 3.95792e+07 6.55285e+06
4170 3.60598e+07 5.56336e+06
4180.12 3.73569e+07 6.97825e+06
4190 3.82291e+07 3.3547e+06
4200 3.85741e+07 5.04799e+06
4210 4.45751e+07 8.10299e+06
4220 4.38806e+07 5.66362e+06
4230 4.09234e+07 4.10986e+06
4240 4.37364e+07 7.41584e+06
4250 4.21134e+07 6.71457e+06
4260 4.05246e+07 6.14749e+06
4270 4.09831e+07 5.50872e+06
4280 4.1859e+07 4.25939e+06
4290.25 4.00404e+07 2.8958e+06
4300 3.92185e+07 3.53461e+06
4310.12 4.07495e+07 5.05787e+06
4320 3.84218e+07 3.56481e+06
4330 4.20877e+07 4.4938e+06
4340 4.18311e+07 3.31587e+06
4350 4.20517e+07 2.3779e+06
4360 4.01897e+07 2.4551e+06
4370 3.77879e+07 1.76092e+06
4380.12 3.52289e+07 1.46039e+06
4390 3.89578e+07 6.2142e+06
4400 3.61402e+07 5.03942e+06
4410 3.80032e+07 4.1658e+06
4420.12 3.69705e+07 6.24483e+06
4430 3.94295e+07 5.74632e+06
4440.25 4.23747e+07 4.75278e+06
4450 4.26147e+07 5.70379e+06
4460 4.46266e+07 4.76066e+06
4470 4.18044e+07 4.5892e+06
4480 4.13767e+07 5.58262e+06
4490 4.39146e+07 4.45778e+06
4500 4.2573e+07 3.07821e+06
4510 4.50501e+07 4.5997e+06
4520.12 4.1105e+07 3.18301e+06
4530.62 3.91214e+07 3.51169e+06
4540 3.9404e+07 4.20891e+06
4550.12 4.3494e+07 3.07036e+06
4560 4.18252e+07 7.82695e+06
4570 4.36385e+07 5.15847e+06
4580 4.22505e+07 2.87897e+06
4590 4.16756e+07 4.53114e+06
4600 4.35406e+07 3.01382e+06
4610 4.56189e+07 9.39903e+06
4620 4.53901e+07 6.70309e+06
4630 4.3691e+07 3.65503e+06
4640 4.4097e+07 3.43401e+06
4650 4.60326e+07 3.51784e+06
4660 3.97059e+07 3.21938e+06
4670 3.86709e+07 2.81272e+06
4680 4.14641e+07 4.56192e+06
4690 3.91534e+07 3.3785e+06
4700 3.96436e+07 4.03851e+06
4710 4.22464e+07 3.40806e+06
4720.12 4.41233e+07 5.75102e+06
4730 4.03149e+07 6.30179e+06
4740 3.88564e+07 3.02269e+06
4750.12 4.31436e+07 9.16169e+06
4760 4.12853e+07 6.96421e+06
4770 4.04432e+07 6.4987e+06
4780 4.38835e+07 3.5055e+06
4790 4.34862e+07 4.69041e+06
4800 4.46349e+07 4.13813e+06
4810.38 4.03407e+07 2.50463e+06
4820.25 3.89726e+07 2.2507e+06
4830 4.03303e+07 4.58152e+06
4840 3.82106e+07 4.13319e+06
4850.12 4.25913e+07 7.00051e+06
4860 4.18489e+07 5.60409e+06
4870.12 3.85594e+07 5.4106e+06
4880.25 4.06027e+07 6.29083e+06
4890.12 3.89762e+07 6.33901e+06
4900 4.03806e+07 5.69464e+06
4910 4.03453e+07 5.03987e+06
4920 4.08471e+07 4.20061e+06
4930 4.16398e+07 4.32408e+06
4940 4.16647e+07 2.94165e+06
4950 4.17969e+07 5.00637e+06
4960 4.11104e+07 4.03406e+06
4970 4.22206e+07 4.99589e+06
4980 4.60022e+07 5.08996e+06
4990 4.54612e+07 3.02696e+06
5000 3.85534e+07 3.45461e+06
5010 3.85669e+07 3.07614e+06
5020 4.07894e+07 2.99177e+06
5030.12 3.94309e+07 3.93463e+06
5040 4.07734e+07 7.87478e+06
5050.12 4.02719e+07 7.04188e+06
5060 3.8497e+07 3.41375e+06
5070 4.24597e+07 3.5797e+06
5080 4.26225e+07 2.86481e+06
5090 3.93561e+07 4.1393e+06
5100 4.47997e+07 1.59825e+06
5110 4.06338e+07 3.84483e+06
5120 4.12531e+07 5.13821e+06
5130 4.23659e+07 5.87259e+06
5140 3.94612e+07 4.22541e+06
5150.12 4.475e+07 6.05737e+06
5160 4.13945e+07 4.56342e+06
5170 4.18827e+07 5.23167e+06
5180 3.75702e+07 3.8493e+06
5190 3.77428e+07 1.69718e+06
5200 4.12088e+07 3.06354e+06
5210 3.84782e+07 5.57266e+06
5220 4.20197e+07 4.44419e+06
5230 4.03711e+07 4.30402e+06
5240 4.16982e+07 6.67958e+06
5250 3.89357e+07 4.7557e+06
5260 4.04288e+07 4.58023e+06
5270 4.22083e+07 5.15689e+06
5280 4.27142e+07 5.46743e+06
5290 4.14798e+07 3.57932e+06
5300 4.19352e+07 6.651e+06
5310 4.32727e+07 6.04916e+06
5320 4.09849e+07 3.27785e+06
5330 4.21292e+07 4.20098e+06
5340 3.9115e+07 4.77517e+06
5350 4.29759e+07 3.42465e+06
5360 4.00516e+07 3.56089e+06
5370 4.03368e+07 4.27851e+06
5380 3.90194e+07 2.62978e+06
5390 4.1556e+07 2.67067e+06
5400.12 4.12956e+07 3.48971e+06
5410 4.12847e+07 7.01456e+06
5420 4.30985e+07 4.59535e+06
5430 4.21825e+07 3.5413e+06
5440 4.06616e+07 5.08013e+06
5450 4.01804e+07 3.16015e+06
5460 3.97212e+07 3.38422e+06
5470 4.2039e+07 3.09026e+06
5480 3.8946e+07 2.7077e+06
5490 4.21104e+07 2.02898e+06
5500 3.93139e+07 3.05221e+06
5510 4.04597e+07 4.7909e+06
5520.25 4.59098e+07 6.09538e+06
5530 4.20967e+07 6.30775e+06
5540 4.1827e+07 4.48678e+06
5550 4.30427e+07 3.40623e+06
5560 4.33461e+07 3.66104e+06
5570 4.42938e+07 3.44974e+06
5580 4.15869e+07 6.76719e+06
5590 4.23855e+07 3.92984e+06
5600.12 3.91923e+07 3.71831e+06
5610 4.31253e+07 6.11594e+06
5620 4.11511e+07 3.58775e+06
5630 4.23639e+07 5.1844e+06
5640 4.16591e+07 5.2635e+06
5650 4.12335e+07 4.39662e+06
5660 4.20413e+07 5.44936e+06
5670.5 4.52266e+07 5.51068e+06
5680 4.2039e+07 2.93124e+06
5690 3.86668e+07 2.47747e+06
5700 3.92912e+07 2.36593e+06
5710 4.05287e+07 3.57449e+06
5720 4.14942e+07 5.42082e+06
5730 3.72845e+07 4.3859e+06
5740 3.76091e+07 4.07725e+06
5750 3.69522e+07 2.96118e+06
5760 4.0454e+07 3.02447e+06
5770 4.42665e+07 4.75741e+06
5780 4.52655e+07 4.531e+06
5790 4.0952e+07 4.66707e+06
5800 4.4563e+07 6.79495e+06
5810 3.96209e+07 3.54957e+06
5820 4.06401e+07 5.27856e+06
5830 4.32953e+07 6.44657e+06
5840.12 3.82364e+07 5.41274e+06
5850.25 4.54347e+07 7.73657e+06
5860 4.36853e+07 3.88137e+06
5870 4.45071e+07 2.55348e+06
5880 4.12794e+07 3.42829e+06
5890 4.26413e+07 4.77448e+06
5900 4.33417e+07 4.58093e+06
5910 4.20601e+07 3.77528e+06
5920 4.11531e+07 3.92582e+06
5930.88 3.98477e+07 3.53806e+06
5940 4.28718e+07 4.99708e+06
5950 4.05627e+07 4.01103e+06
5960 4.08162e+07 2.7424e+06
5970 3.72314e+07 3.37356e+06
5980 3.98342e+07 2.99645e+06
5990.25 4.10022e+07 4.70276e+06
6000 4.29177e+07 4.76211e+06
6010 3.98497e+07 5.18199e+06
6020 4.03525e+07 4.93048e+06
6030 4.047e+07 5.56504e+06
6040.12 4.42622e+07 3.83941e+06
6050 4.41328e+07 4.17913e+06
6060.62 4.09406e+07 3.925e+06
6070.38 4.38271e+07 5.05347e+06
6080 4.01744e+07 3.36602e+06
6090 4.14891e+07 4.63254e+06
6100 4.09192e+07 5.49136e+06
6110.25 4.32882e+07 5.07553e+06
6120 4.60774e+07 5.0279e+06
6130.12 4.09705e+07 3.24071e+06
6140 4.3038e+07 3.20163e+06
6150 4.17765e+07 7.75182e+06
6160 3.89635e+07 4.85664e+06
6170 3.90099e+07 5.07453e+06
6180 3.83185e+07 4.6787e+06
6190.12 3.94218e+07 4.13045e+06
6200 4.01217e+07 2.63637e+06
6210 4.2597e+07 7.31746e+06
6220 4.14777e+07 6.89985e+06
6230.12 4.21988e+07 2.58667e+06
6240 4.07938e+07 3.75951e+06
6250 3.89501e+07 4.03827e+06
6260.25 4.20159e+07 7.46145e+06
6270 4.41688e+07 4.96836e+06
6280 3.99267e+07 4.12067e+06
6290 4.0698e+07 2.00303e+06
6300 4.25092e+07 2.42287e+06
6310 4.36446e+07 3.53357e+06
6320.38 4.33189e+07 4.20231e+06
6330 4.32584e+07 6.75502e+06
6340 4.45864e+07 5.73467e+06
6350 4.41702e+07 4.24529e+06
6360 4.28141e+07 4.38825e+06
6370 4.24906e+07 3.24531e+06
6380.62 4.04617e+07 2.8039e+06
6390 4.10707e+07 3.09777e+06
6400 4.20921e+07 4.28116e+06
6410 4.13723e+07 7.04568e+06
6420 3.92397e+07 6.80398e+06
6430 4.01722e+07 6.28962e+06
6440 3.92964e+07 3.6191e+06
6450 4.07142e+07 3.43781e+06
6460 3.93396e+07 2.58581e+06
6470 3.67296e+07 2.13722e+06
6480 4.12129e+07 3.27704e+06
6490.38 4.67094e+07 3.85057e+06
6500 4.05027e+07 4.5974e+06
6510.12 4.35834e+07 4.73315e+06
6520.75 4.31503e+07 7.12098e+06
6530.12 4.06826e+07 3.05361e+06
6540 4.3015e+07 3.86254e+06
6550.12 4.3393e+07 3.36213e+06
6560 4.11864e+07 4.88071e+06
6570.12 4.5181e+07 4.23574e+06
6580 4.27915e+07 4.82674e+06
6590 4.50274e+07 3.89241e+06
6600 4.4283e+07 7.32443e+06
6610.25 4.53294e+07 8.94448e+06
6620 3.78564e+07 4.22905e+06
6630 3.92108e+07 2.19157e+06
6640.38 4.41942e+07 2.91288e+06
6650 4.18051e+07 2.61879e+06
6660 4.18476e+07 5.14517e+06
6670 4.30779e+07 8.52755e+06
6680 4.31274e+07 7.80402e+06
6690 4.0709e+07 3.75332e+06
6700 4.19589e+07 7.44374e+06
6710 4.15653e+07 7.79444e+06
6720 4.05638e+07 3.29678e+06
6730 3.92294e+07 4.96129e+06
6740 3.84525e+07 4.08095e+06
6750 3.97734e+07 4.12939e+06
6760 4.02402e+07 6.50462e+06
6770.25 4.19463e+07 4.05176e+06
6780.12 3.49561e+07 5.1791e+06
6790.12 4.03074e+07 9.14263e+06
6800 3.50091e+07 3.85224e+06
6810 4.1903e+07 3.35226e+06
6820 4.23116e+07 3.25804e+06
6830 4.23917e+07 3.52842e+06
6840.12 4.37039e+07 4.94305e+06
6850 4.3743e+07 4.77196e+06
6860.12 4.11073e+07 4.32645e+06
6870 4.07023e+07 7.72142e+06
6880 4.11944e+07 3.77394e+06
6890 4.0606e+07 4.07422e+06
6900 4.07729e+07 3.40044e+06
6910 3.81135e+07 3.31668e+06
6920 3.90305e+07 4.94137e+06
6930 4.00073e+07 6.1251e+06
6940.12 4.05089e+07 2.8158e+06
6950 4.06949e+07 3.20353e+06
6960 4.27925e+07 5.55258e+06
6970 4.30305e+07 6.61756e+06
6980.12 4.24236e+07 3.95734e+06
6990 4.51707e+07 3.88052e+06
7000.12 4.34306e+07 3.92995e+06
7010 4.37773e+07 4.58933e+06
7020 4.2097e+07 4.13223e+06
7030 4.30738e+07 3.01694e+06
7040 4.54355e+07 3.98001e+06
7050 4.42237e+07 5.53598e+06
7060 4.34808e+07 5.39035e+06
7070.12 4.14185e+07 3.00024e+06
7080 4.11681e+07 3.89099e+06
7090.12 4.23234e+07 4.28571e+06
7100 4.14213e+07 2.26183e+06
7110.12 4.14504e+07 3.60313e+06
7120 4.05694e+07 4.31074e+06
7130 4.32335e+07 2.13582e+06
7140.25 4.44046e+07 2.78474e+06
7150 4.40478e+07 4.07472e+06
7160 4.22517e+07 5.95999e+06
7170 4.42877e+07 7.1989e+06
7180 4.26565e+07 5.98293e+06
7190 4.31635e+07 4.35234e+06
7200 4.27925e+07 4.42025e+06
7210 4.03772e+07 2.87958e+06
7220.12 4.24785e+07 8.16043e+06
7230.12 4.16003e+07 5.56349e+06
7240 4.26098e+07 5.38452e+06
7250 4.54561e+07 4.2485e+06
7260 4.17363e+07 2.19951e+06
7270 4.49131e+07 2.2842e+06
7280.12 3.82647e+07 3.80779e+06
7290 4.00983e+07 2.3258e+06
7300 4.02299e+07 2.97177e+06
7310 3.99589e+07 3.85608e+06
7320 4.1283e+07 2.00786e+06
7330.12 3.8478e+07 2.30061e+06
7340 4.10318e+07 6.37612e+06
7350 4.21021e+07 4.69118e+06
7360 4.2641e+07 2.87837e+06
7370 4.25746e+07 4.89385e+06
7380 3.91423e+07 5.48672e+06
7390 4.04308e+07 2.61725e+06
7400 4.2538e+07 2.53684e+06
7410 4.13159e+07 3.83936e+06
7420 4.59424e+07 2.93224e+06
7430 4.20104e+07 3.52563e+06
7440 4.18734e+07 4.23998e+06
7450 4.13932e+07 5.35421e+06
7460 4.13932e+07 2.94197e+06
7470 4.37099e+07 2.59556e+06
7480 4.24419e+07 4.14382e+06
7490 3.98239e+07 4.72299e+06
7500.12 4.25831e+07 4.47968e+06
7510 4.27773e+07 3.74058e+06
7520.12 4.33013e+07 3.07754e+06
7530 4.30534e+07 4.31337e+06
7540 4.24988e+07 4.32264e+06
7550.12 4.13466e+07 4.20695e+06
7560.12 4.32894e+07 4.11455e+06
7570 4.0471e+07 3.22022e+06
7580 4.31861e+07 5.65228e+06
7590 3.92716e+07 4.78073e+06
7600 4.49687e+07 6.64776e+06
7610 4.25535e+07 4.47899e+06
7620 4.18992e+07 4.3934e+06
7630.12 4.14558e+07 4.07703e+06
7640 4.08214e+07 4.2156e+06
7650 4.12704e+07 3.73318e+06
7660 4.04962e+07 6.16991e+06
7670 4.08811e+07 4.19047e+06
7680 4.36282e+07 6.47768e+06
7690 4.42402e+07 5.98341e+06
7700 4.08358e+07 3.16901e+06
7710 3.98291e+07 4.10186e+06
7720 4.08057e+07 4.67468e+06
7730 4.10627e+07 5.52243e+06
7740 4.12315e+07 5.75806e+06
7750 3.98105e+07 5.63035e+06
7760.12 3.94646e+07 5.76749e+06
7770.12 4.03476e+07 9.64234e+06
7780 4.20717e+07 3.98695e+06
7790 4.27369e+07 3.94623e+06
7800.12 4.28902e+07 4.24521e+06
7810 4.38221e+07 2.86985e+06
7820 4.10488e+07 2.48676e+06
7830 4.07629e+07 3.72129e+06
7840 3.98466e+07 2.72153e+06
7850 4.02389e+07 3.93627e+06
7860 4.0665e+07 3.61081e+06
7870 3.97361e+07 2.00957e+06
7880 3.90215e+07 2.68972e+06
7890.12 4.15063e+07 5.8495e+06
7900 4.52523e+07 7.71448e+06
7910 4.49718e+07 5.96008e+06
7920 4.23237e+07 5.80694e+06
7930 4.43979e+07 4.44798e+06
7940 4.06338e+07 4.34055e+06
7950 3.97446e+07 3.83434e+06
7960.38 4.10923e+07 3.92034e+06
7970.38 3.94798e+07 3.82169e+06
7980 3.93365e+07 2.95758e+06
7990 3.80079e+07 2.15985e+06
8000 4.29246e+07 3.19665e+06
8010 4.15346e+07 2.9573e+06
8020 4.12222e+07 5.39648e+06
8030 3.9656e+07 9.47631e+06
8040 4.08481e+07 6.01302e+06
8050 4.03948e+07 4.4157e+06
8060 4.23935e+07 3.33276e+06
8070 3.87783e+07 4.123e+06
8080 3.97642e+07 2.70833e+06
8090 3.97722e+07 2.30345e+06
8100 4.09942e+07 4.73359e+06
8110 4.48734e+07 6.2113e+06
8120 4.10377e+07 2.92175e+06
8130.12 3.99368e+07 4.61719e+06
8140 4.2284e+07 4.79503e+06
8150 3.99857e+07 4.82793e+06
8160 4.26926e+07 8.70352e+06
8170 4.01001e+07 4.97824e+06
8180 3.92572e+07 6.69246e+06
8190 4.15972e+07 7.65118e+06
8200 3.76075e+07 6.03086e+06
8210 4.16848e+07 3.30106e+06
8220.12 4.23938e+07 3.47027e+06
8230 4.09439e+07 4.41609e+06
8240 4.40877e+07 4.05744e+06
8250 4.15231e+07 3.69226e+06
8260 4.14167e+07 3.19091e+06
8270 4.39097e+07 2.93998e+06
8280 4.23051e+07 2.92314e+06
8290 4.30233e+07 2.98379e+06
8300 4.20692e+07 3.02552e+06
8310 4.35962e+07 3.49395e+06
8320 4.06699e+07 3.00686e+06
8330 4.09677e+07 5.65686e+06
8340 4.06853e+07 4.10409e+06
8350.25 4.0764e+07 3.43884e+06
8360 4.08262e+07 3.05893e+06
8370 4.26408e+07 3.21492e+06
8380 4.11843e+07 2.54717e+06
8390 4.13262e+07 3.05177e+06
8400 4.29059e+07 7.27807e+06
8410 4.23077e+07 4.59223e+06
8420 4.08631e+07 4.65024e+06
8430.12 4.07624e+07 7.12059e+06
8440 4.29659e+07 6.5953e+06
8450 4.11088e+07 5.04712e+06
8460 4.19064e+07 4.30779e+06
8470 4.28966e+07 3.56107e+06
8480.25 4.09386e+07 3.72983e+06
8490 4.12111e+07 2.85671e+06
8500 4.01598e+07 2.33557e+06
8510 4.21485e+07 3.66155e+06
8520 4.19239e+07 7.04992e+06
8530 4.2232e+07 5.14056e+06
8540 4.17971e+07 5.57191e+06
8550 4.13036e+07 4.2041e+06
8560 4.26243e+07 5.37136e+06
8570 4.29453e+07 4.86588e+06
8580 4.40362e+07 4.8815e+06
8590.25 4.24577e+07 4.65155e+06
8600 4.35282e+07 5.37525e+06
8610 4.38445e+07 4.21617e+06
8620.12 4.36557e+07 4.54606e+06
8630 4.1038e+07 3.43704e+06
8640 4.09306e+07 3.56919e+06
8650.12 4.41048e+07 3.01722e+06
8660.25 3.96372e+07 6.08371e+06
8670 4.17917e+07 5.00901e+06
8680 4.35839e+07 4.59914e+06
8690 4.45555e+07 5.44687e+06
8700 4.14303e+07 4.548e+06
8710 4.3454e+07 4.35541e+06
8720 4.41052e+07 5.27e+06
8730.12 4.1767e+07 4.34647e+06
8740.12 4.16477e+07 5.6303e+06
8750 4.17541e+07 4.64697e+06
8760.12 4.40061e+07 4.92599e+06
8770 4.2868e+07 3.2591e+06
8780 4.2503e+07 4.45625e+06
8790 4.24154e+07 1.04072e+07
8800 4.20094e+07 6.44762e+06
8810 4.17116e+07 5.88555e+06
8820 4.21598e+07 3.30173e+06
8830.88 4.15607e+07 3.82679e+06
8840 3.90423e+07 2.62964e+06
8850 3.99043e+07 4.53648e+06
8860 4.32778e+07 3.84829e+06
8870.25 4.35579e+07 2.98322e+06
8880 3.98149e+07 3.77573e+06
8890 4.28028e+07 3.20754e+06
8900 4.35086e+07 3.19646e+06
8910 4.01196e+07 7.39659e+06
8920 3.92624e+07 1.00267e+07
8930 4.28512e+07 6.52725e+06
8940 4.22186e+07 3.88124e+06
8950 3.73479e+07 3.12367e+06
8960 4.15581e+07 4.80831e+06
8970 3.9088e+07 4.21405e+06
8980 4.07536e+07 5.48004e+06
8990.12 4.26318e+07 4.89437e+06
9000 4.43164e+07 3.13524e+06
9010.12 4.3393e+07 2.7081e+06
9020 3.98623e+07 2.51445e+06
9030.12 4.16447e+07 2.08783e+06
9040.38 4.32e+07 4.65214e+06
9050.25 4.2774e+07 4.22157e+06
9060 4.23324e+07 6.4412e+06
9070 4.01124e+07 9.00461e+06
9080 3.70522e+07 5.75988e+06
9090.12 4.43642e+07 5.17936e+06
9100 4.3599e+07 3.45622e+06
9110 4.2199e+07 4.14158e+06
9120 3.898e+07 3.73673e+06
9130 3.95488e+07 3.78668e+06
9140.12 3.93652e+07 3.07401e+06
9150 3.65289e+07 2.63416e+06
9160 3.92479e+07 3.2019e+06
9170 4.14293e+07 5.30437e+06
9180 4.35189e+07 6.89113e+06
9190 4.10192e+07 3.04604e+06
9200 4.33706e+07 4.41632e+06
9210 4.2098e+07 5.58947e+06
9220 4.09728e+07 3.52726e+06
9230 4.25586e+07 4.76364e+06
9240 4.0673e+07 4.27154e+06
9250 4.21578e+07 3.82826e+06
9260 4.04205e+07 3.41714e+06
9270.25 4.30509e+07 2.18522e+06
9280 4.34924e+07 6.3492e+06
9290.5 4.24371e+07 4.52662e+06
9300.25 4.21366e+07 4.02597e+06
9310 3.97039e+07 5.36881e+06
9320 4.38312e+07 5.50547e+06
9330 4.44463e+07 5.23145e+06
9340 4.30045e+07 4.22289e+06
9350 4.29639e+07 3.70529e+06
9360.62 4.25535e+07 2.14818e+06
9370.12 4.48466e+07 5.04058e+06
9380 4.41047e+07 8.60394e+06
9390 4.02649e+07 5.20692e+06
9400 3.96333e+07 3.4307e+06
9410 3.99012e+07 5.63907e+06
9420 4.21938e+07 4.56555e+06
9430 3.81784e+07 4.53322e+06
9440 4.20159e+07 2.67749e+06
9450 4.38855e+07 5.15912e+06
9460 4.12191e+07 3.33742e+06
9470 4.05988e+07 2.7508e+06
9480 4.1963e+07 3.1336e+06
9490 4.3979e+07 2.76657e+06
9500 4.03396e+07 4.49871e+06
9510 4.33056e+07 3.51262e+06
9520 4.13621e+07 6.4394e+06
9530 4.21962e+07 5.95393e+06
9540 4.33026e+07 6.56476e+06
9550 4.3325e+07 3.30917e+06
9560 4.27832e+07 3.35258e+06
9570 4.0802e+07 3.34347e+06
9580 4.15756e+07 5.67087e+06
9590 4.26493e+07 4.01002e+06
9600.12 4.03296e+07 3.34765e+06
9610 4.01817e+07 6.74189e+06
9620 3.92995e+07 5.04803e+06
9630 4.24061e+07 3.81467e+06
9640 4.11727e+07 4.47581e+06
9650 4.12248e+07 4.00771e+06
9660 4.14215e+07 5.4626e+06
9670 4.30656e+07 4.90635e+06
9680 4.01547e+07 5.65739e+06
9690 3.99888e+07 1.16267e+07
9700 3.97188e+07 8.30095e+06
9710 3.86256e+07 5.08232e+06
9720 4.17961e+07 4.38133e+06
9730 3.9692e+07 5.31806e+06
9740.12 4.20576e+07 4.1458e+06
9750 4.02909e+07 2.98839e+06
9760 4.41545e+07 2.13837e+06
9770 4.38458e+07 6.77468e+06
9780 3.79527e+07 5.36529e+06
9790.25 4.10952e+07 5.77024e+06
9800 3.73708e+07 3.71134e+06
9810.25 3.91558e+07 5.18744e+06
9820 4.12144e+07 3.25577e+06
9830 4.15321e+07 7.86944e+06
9840 4.36521e+07 5.57294e+06
9850 4.00908e+07 4.45476e+06
9860 4.53592e+07 5.8867e+06
9870 4.40991e+07 5.99161e+06
9880 3.86173e+07 4.81268e+06
9890 4.08605e+07 4.135e+06
9900.25 3.75661e+07 3.04967e+06
9910 4.12816e+07 3.91695e+06
9920 4.2545e+07 2.83736e+06
9930 3.98927e+07 2.59892e+06
9940 3.93767e+07 2.16217e+06
9950 3.83855e+07 3.49904e+06
9960 3.92747e+07 2.67975e+06
9970.12 4.41243e+07 3.05765e+06
9980 4.1505e+07 8.34339e+06
9990.38 4.17642e+07 7.55565e+06
10000 4.05421e+07 5.66597e+06
10010 4.34577e+07 4.69129e+06
10020 4.41166e+07 5.19515e+06
10030 4.27538e+07 5.53553e+06
10040 4.04824e+07 4.73397e+06
10050 4.36828e+07 3.56786e+06
10060 3.87389e+07 2.97197e+06
10070 4.04628e+07 4.32445e+06
10080 3.90511e+07 5.92487e+06
10090 4.14056e+07 6.39276e+06
10100 4.19679e+07 4.25331e+06
10110.2 4.39656e+07 4.22392e+06
10120 4.09236e+07 3.07055e+06
10130 3.92742e+07 4.96705e+06
10140.4 4.29192e+07 5.10578e+06
10150 4.06421e+07 6.21681e+06
10160 4.42351e+07 4.94589e+06
10170 4.43268e+07 3.56782e+06
10180 4.3114e+07 3.52211e+06
10190.4 4.18152e+07 5.11682e+06
10200 3.90846e+07 7.10847e+06
10210 4.07595e+07 8.08991e+06
10220 4.27276e+07 5.40133e+06
10230 4.47224e+07 6.38608e+06
10240 4.25576e+07 2.83187e+06
10250 4.0096e+07 2.97671e+06
10260 4.12407e+07 2.80602e+06
10270 4.14911e+07 3.70675e+06
10280 4.06297e+07 3.81353e+06
10290 3.76364e+07 3.68503e+06
10300 4.16714e+07 2.6222e+06
10310.1 3.99749e+07 1.97794e+06
10320 4.14246e+07 4.69461e+06
10330 4.07904e+07 4.31743e+06
10340.6 4.22853e+07 3.39081e+06
10350 3.88937e+07 5.21838e+06
10360 4.20252e+07 3.55381e+06
10370.1 4.13288e+07 5.27162e+06
10380 3.93172e+07 3.35144e+06
10390 3.98147e+07 1.96873e+06
10400 3.94839e+07 2.76257e+06
10410 4.12356e+07 4.22656e+06
10420 4.15066e+07 7.16517e+06
10430.4 4.17848e+07 5.73963e+06
10440 4.2913e+07 6.58538e+06
10450 4.36498e+07 4.61905e+06
10460 4.26503e+07 2.95473e+06
10470 4.14787e+07 4.89654e+06
10480 4.34107e+07 3.17559e+06
10490 3.79259e+07 3.08113e+06
10500 3.7893e+07 3.40479e+06
10510 4.13258e+07 3.84289e+06
10520 4.06992e+07 4.77395e+06
10530 4.03669e+07 5.46897e+06
10540 4.16642e+07 1.86244e+06
10550 4.12861e+07 2.70759e+06
10560 4.66874e+07 1.48085e+06
10570 3.9387e+07 3.14945e+06
10580 4.02588e+07 5.29949e+06
10590 4.25318e+07 5.18293e+06
10600 4.14087e+07 4.83186e+06
10610 3.98579e+07 2.80917e+06
10620 4.07626e+07 1.02624e+06
10630 3.8266e+07 3.59946e+06
10640 3.88049e+07 3.87002e+06
10650 4.01464e+07 2.78251e+06
10660 4.1353e+07 6.99531e+06
10670 4.20166e+07 6.67378e+06
10680 4.1666e+07 8.4067e+06
10690 4.01797e+07 5.3783e+06
10700 4.07977e+07 2.42242e+06
10710 3.88626e+07 4.80979e+06
10720 4.2944e+07 4.40486e+06
10730 3.90491e+07 2.29733e+06
10740.1 4.14734e+07 2.17296e+06
10750 4.27989e+07 2.13183e+06
10760 4.32603e+07 4.90428e+06
10770 4.20898e+07 3.30987e+06
10780 4.30882e+07 2.50173e+06
10790 4.04442e+07 3.8655e+06
