# TimeStamp(s) Latency-avg(ms) Stdev
0 32.826 7.454
10 32.898 6.851
20 32.529 6.658
30 32.806 6.587
40 32.562 6.786
50 32.536 6.915
60 32.38 6.994
70 33.549 9.75
80 33.173 8.151
90 33.101 6.678
100 33.29 6.828
110 32.913 6.699
120 32.85 6.827
130 32.89 6.817
140 33.01 6.793
150 32.69 6.891
160 32.558 6.794
170 32.685 7.307
180 33.297 6.862
190 33.537 7.165
200 33.278 6.947
210 33.138 7.332
220 33.658 6.634
230 33.095 6.7
240 33.424 6.595
250 33.344 6.903
260 33.544 6.975
270 32.734 6.785
280 33.468 6.431
290 34.232 6.779
300 33.031 6.752
310 33.375 7.157
320 33.845 7.109
330 33.917 6.586
340 33.321 7.788
350 33.126 7.072
360 33.074 7.048
370 34.076 7.501
380 33.76 6.804
390 33.691 7.17
400 33.491 6.986
410 33.929 7.394
420 34.136 6.607
430 33.376 6.945
440 33.923 6.527
450 33.596 6.658
460 33.219 8.268
470 34.332 7.484
480 34.363 6.77
490 34.297 6.877
500 34.192 7.085
510 33.912 6.922
520 33.703 6.917
530 33.379 7.047
540 33.467 7.161
550 33.702 6.676
560 33.665 7.423
570 34.338 7.223
580 33.622 6.609
590 34.042 8.189
600 34.019 7.167
610 34.326 7.748
620 34.045 7.209
630 33.974 6.849
640 33.613 7.014
650 33.157 6.904
660 34.511 6.697
670 34.694 6.835
680 34.819 6.944
690 34.621 6.945
700 34.088 7.168
710 33.748 6.665
720 34.321 7.476
730 33.885 7.417
740 33.99 6.939
750 33.91 6.895
760 34.872 6.888
770 34.866 7.038
780 35.442 6.458
790 34.919 6.712
800 34.155 6.844
810 34.868 6.679
820 33.772 7.046
830 34.677 8.79
840 33.814 6.862
850 34.388 6.978
860 35.305 7.11
870 34.856 7.129
880 35.254 6.828
890 35.977 6.64
900 34.773 7.026
910 34.535 6.95
920 34.938 6.78
930 34.129 6.899
940 34.024 6.73
950 35.568 7.127
960 35.693 7.169
970 35.704 6.675
980 35.111 6.572
990 35.004 6.876
1000 34.615 6.85
1010 34.456 6.91
1020 34.951 8.101
1030 34.445 7.092
1040 34.882 7.057
1050 35.208 6.662
1060 35.117 7.023
1070 34.888 6.644
1080 35.045 6.652
1090 34.638 6.65
1100 34.703 7.085
1110 34.523 6.799
1120 34.677 6.766
1130 34.623 7.028
1140 34.974 6.841
1150 35.726 7.28
1160 35.113 7.112
1170 34.674 6.605
1180 34.945 6.703
1190 34.749 6.938
1200 34.712 6.99
1210 34.468 6.95
1220 34.671 7.831
1230 35.228 8.567
1240 34.715 6.715
1250 34.537 7.075
1260 34.301 7.271
1270 34.465 6.787
1280 34.201 7.005
1290 34.43 7.187
1300 34.562 8.263
1310 34.466 6.862
1320 34.108 7.057
1330 34.614 6.931
1340 34.92 7.237
1350 34.905 7.008
1360 34.854 7.734
1370 34.637 6.555
1380 34.043 6.938
1390 34.411 6.927
1400 34.349 6.679
1410 34.191 6.744
1420 34.157 6.991
1430 34.857 7.341
1440 34.895 6.946
1450 34.041 7.024
1460 34.494 7.175
1470 34.555 7.378
1480 34.593 6.909
1490 34.435 6.457
1500 33.86 7.56
1510 33.719 7.111
1520 34.45 6.782
1530 34.376 7.306
1540 34.332 7.191
1550 34.293 6.655
1560 35.141 6.622
1570 34.911 6.588
1580 34.344 6.92
1590 34.423 7.078
1600 33.62 6.945
1610 34.075 6.664
1620 35.131 6.911
1630 34.97 7.122
1640 35.103 6.931
1650 34.423 7.29
1660 34.19 7.197
1670 34.259 7.042
1680 34.226 6.851
1690 34.042 7.494
1700 34.079 6.538
1710 33.865 6.718
1720 34.853 7.08
1730 34.813 6.812
1740 34.533 6.927
1750 34.613 7.175
1760 35.179 6.449
1770 34.339 6.622
1780 34.358 6.602
1790 34.234 8.522
1800 33.699 7.346
1810 34.44 6.987
1820 35.323 7.722
1830 34.413 7.002
1840 34.655 6.919
1850 34.453 6.695
1860 34.315 7.433
1870 33.581 7.06
1880 33.559 7.222
1890 34.198 6.891
1900 34.608 6.733
1910 34.38 6.59
1920 34.385 7.019
1930 34.824 6.863
1940 34.093 7.129
1950 33.787 6.555
1960 34.342 7.467
1970 33.729 6.765
1980 33.882 6.811
1990 33.547 6.897
2000 35.108 7.017
2010 35.148 7.034
2020 34.219 7.468
2030 34.54 7.234
2040 34.384 6.683
2050 34.247 7.053
2060 34.401 6.545
2070 34.58 7.049
2080 34.439 6.853
2090 33.831 6.931
2100 34.72 6.676
2110 35.096 6.937
2120 34.596 7.003
2130 34.479 6.831
2140 34.7 6.947
2150 34.873 6.759
2160 33.713 6.892
2170 33.971 6.782
2180 34.03 6.948
2190 34.03 7.418
2200 34.435 7.05
2210 35.185 7.195
2220 34.789 6.886
2230 34.448 6.71
2240 34.018 7.097
2250 33.934 6.924
2260 34.325 6.995
2270 33.696 6.836
2280 33.716 7.127
2290 34.641 6.69
2300 35.091 8.264
2310 34.764 6.827
2320 33.831 6.837
2330 34.834 7.392
2340 34.503 6.902
2350 34.461 6.574
2360 34.539 6.565
2370 33.816 6.796
2380 33.562 6.667
2390 34.075 6.967
2400 34.231 6.924
2410 34.877 6.956
2420 34.524 6.815
2430 34.387 7.904
2440 33.63 6.854
2450 34.105 7.221
2460 33.696 6.853
2470 33.676 6.688
2480 34.019 7.11
2490 34.933 7.068
2500 34.08 7.548
2510 34.179 6.504
2520 34.041 6.653
2530 34.148 6.149
2540 34.232 6.85
2550 34.489 6.851
2560 34.384 6.521
2570 34.641 6.192
2580 34.472 7.02
2590 34.477 6.673
2600 34.727 6.343
2610 34.323 6.818
2620 34.002 6.832
2630 34.446 7.087
2640 34.317 6.417
2650 34.349 6.444
2660 34.826 6.736
2670 33.624 6.725
2680 34.65 7.4
2690 34.945 6.91
2700 34.529 6.611
2710 34.392 6.773
2720 34.248 6.511
2730 35.141 8.808
2740 33.575 7.329
2750 33.484 7.007
2760 34.247 6.766
2770 34.767 6.914
2780 34.92 6.727
2790 34.698 6.813
2800 35.631 6.568
2810 34.913 6.719
2820 34.954 6.837
2830 34.269 6.941
2840 34.837 6.353
2850 33.708 6.344
2860 34.323 8.333
2870 35.094 7.208
2880 34.986 6.517
2890 35.292 6.009
2900 35.469 6.174
2910 34.827 6.436
2920 33.835 6.666
2930 34.186 7.676
2940 33.911 6.576
2950 35.078 7.53
2960 34.631 6.668
2970 34.641 6.727
2980 34.48 7.209
2990 34.216 7.003
3000 34.997 6.989
3010 34.451 7.152
3020 34.957 6.886
3030 35.035 6.401
3040 34.353 6.332
3050 34.059 6.794
3060 34.925 6.625
3070 34.969 6.89
3080 35.227 7.151
3090 35.227 6.431
3100 34.611 6.979
3110 33.929 6.956
3120 34.342 7.15
3130 34.392 7.299
3140 34.104 7.293
3150 34.423 6.616
3160 35.047 6.604
3170 34.431 6.511
3180 34.945 6.631
3190 35.354 7.332
3200 34.94 6.587
3210 34.679 6.918
3220 34.532 7.129
3230 34.193 6.994
3240 33.904 7.455
3250 34.529 7.188
3260 35.205 6.873
3270 34.4 6.878
3280 34.644 7.041
3290 34.42 6.79
3300 34.505 7.055
3310 34.413 6.756
3320 33.736 7.098
3330 33.698 7.248
3340 34.006 6.413
3350 34.761 6.67
3360 34.274 6.742
3370 34.45 6.729
3380 35.122 7.269
3390 34.549 6.499
3400 34.013 6.797
3410 34.178 6.237
3420 33.82 6.564
3430 33.629 7.129
3440 33.99 6.526
3450 35.188 6.429
3460 34.56 6.619
3470 34.53 7.017
3480 34.913 6.406
3490 34.438 6.486
3500 34.539 7.824
3510 34.031 7.058
3520 34.366 8.417
3530 33.423 7.018
3540 34.576 6.824
3550 34.448 6.692
3560 34.068 7.093
3570 34.024 7.141
3580 34.061 6.36
3590 33.863 6.715
3600 33.966 6.7
3610 34.17 6.983
3620 33.306 6.379
3630 33.702 7.11
3640 33.813 6.734
3650 34.029 7.064
3660 34.099 8.076
3670 33.94 6.908
3680 33.881 6.882
3690 34.071 6.544
3700 34.164 9.006
3710 33.741 7.051
3720 33.533 7.265
3730 33.988 6.232
3740 34.612 6.809
3750 34.068 6.741
3760 34.299 6.675
3770 33.404 6.865
3780 33.013 6.866
3790 33.55 7.466
3800 32.996 6.998
3810 32.803 7.149
3820 32.052 7.05
3830 33.98 6.894
3840 33.937 6.865
3850 34.568 8.725
3860 33.298 6.747
3870 33.312 6.646
3880 33.372 6.867
3890 33.138 6.752
3900 33.572 6.819
3910 33.766 9.74
3920 33.166 7.159
3930 34.376 6.64
3940 33.784 6.582
3950 34.303 6.171
3960 33.787 6.784
3970 33.447 6.74
3980 33.303 6.639
3990 33.299 7.281
4000 32.54 6.717
4010 32.963 7.243
4020 33.051 6.484
4030 33.767 6.759
4040 33.738 6.592
4050 33.64 7.07
4060 33.382 6.879
4070 33.233 6.697
4080 33.159 6.684
4090 32.582 6.599
4100 32.835 6.877
4110 32.785 7.186
4120 33.147 7.075
4130 33.46 7.008
4140 33.044 6.256
4150 33.617 6.595
4160 33.267 6.984
4170 33.175 6.632
4180 32.773 7.366
4190 32.802 7.905
4200 32.28 6.935
4210 32.175 6.752
4220 32.794 7.207
4230 32.963 6.909
4240 33.33 6.581
4250 33.074 6.86
4260 32.92 6.687
4270 32.784 6.898
4280 31.917 6.951
4290 31.982 6.782
4300 32.14 6.492
4310 32.011 6.84
4320 32.203 6.848
4330 32 6.97
4340 33.382 9.292
4350 32.251 7.247
4360 32.458 6.707
4370 32.874 6.453
4380 32.846 6.939
4390 32.245 6.851
4400 32.109 6.586
4410 31.365 6.653
4420 32.675 7.027
4430 32.596 7.345
4440 32.828 6.784
4450 32.273 6.814
4460 31.716 7.019
4470 32.316 7.086
4480 31.78 6.767
4490 31.901 7.726
4500 31.769 6.739
4510 31.091 6.58
4520 32.127 6.974
4530 32.531 6.746
4540 31.975 6.433
4550 32.498 7.379
4560 32.002 7.187
4570 31.957 7.1
4580 31.866 6.469
4590 31.73 6.299
4600 31.696 8.089
4610 31.517 6.435
4620 32.184 7.045
4630 32.049 7.121
4640 32.125 7.253
4650 32.006 6.643
4660 31.963 6.826
4670 31.39 7.365
4680 31.293 7.012
4690 31.095 6.429
4700 30.891 7.105
4710 31.033 6.686
4720 31.131 6.648
4730 30.964 6.451
4740 32.111 6.805
4750 31.278 7.235
4760 31.762 6.664
4770 31.232 6.51
4780 31.252 6.382
4790 30.597 6.406
4800 30.697 7.46
4810 30.559 7.719
4820 31.842 6.676
4830 31.858 9.545
4840 31.934 7.032
4850 31.248 7.348
4860 31.169 7.341
4870 30.851 6.789
4880 30.902 7.016
4890 30.663 7.052
4900 30.612 7.141
4910 31.182 7.164
4920 31.294 7.125
4930 31.291 6.864
4940 31.493 6.821
4950 31.184 6.875
4960 31.135 6.819
4970 30.536 6.591
4980 30.865 6.551
4990 30.383 6.905
5000 30.413 7.027
5010 30.866 7.337
5020 30.779 6.883
5030 30.791 6.738
5040 31.269 6.777
5050 31.413 6.731
5060 31.18 7.809
5070 30.446 6.888
5080 30.77 6.651
5090 30.063 6.865
5100 30.396 6.72
5110 30.681 6.36
5120 30.993 6.788
5130 31.063 8.164
5140 31.045 7.249
5150 30.28 6.693
5160 30.485 6.836
5170 30.71 7.15
5180 30.27 7.098
5190 30.426 7.01
5200 30.681 7.796
5210 30.144 6.874
5220 30.816 7.262
5230 30.419 6.847
5240 30.219 7.228
5250 29.921 6.753
5260 30.526 6.873
5270 29.809 6.794
5280 29.963 7.148
5290 29.742 6.848
5300 30.173 7.801
5310 30.352 6.838
5320 30.061 7.625
5330 30.239 7.126
5340 30.519 6.849
5350 30.247 6.78
5360 30.41 6.894
5370 29.777 6.867
5380 29.307 6.988
5390 29.684 7.042
5400 30.167 6.676
5410 30.555 6.637
5420 30.642 6.988
5430 30.161 6.961
5440 30.043 6.535
5450 30.22 6.771
5460 29.897 6.5
5470 29.847 7.195
5480 29.635 6.748
5490 30.069 6.686
5500 30.025 6.809
5510 30.512 7.739
5520 29.86 7.042
5530 30.496 6.697
5540 30.063 6.627
5550 30.362 6.938
5560 29.761 7.207
5570 29.675 7.095
5580 29.533 6.792
5590 28.843 6.759
5600 29.445 6.748
5610 30.607 7.731
5620 30.505 6.952
5630 30.124 6.957
5640 29.767 6.633
5650 30.192 6.715
5660 29.723 6.917
5670 29.715 7.014
5680 29.385 6.994
5690 29.573 6.86
5700 29.23 7.267
5710 30.681 6.762
5720 30.596 8.171
5730 29.95 6.999
5740 29.89 6.671
5750 29.666 7.013
5760 29.713 6.601
5770 29.84 6.566
5780 30.071 6.561
5790 29.453 6.407
5800 29.727 6.937
5810 30.116 7.314
5820 30.208 7.004
5830 29.638 7.458
5840 30.342 8.094
5850 29.69 6.806
5860 29.705 6.794
5870 29.716 7.477
5880 29.167 7.256
5890 29.736 6.954
5900 29.82 6.522
5910 29.851 6.858
5920 30.19 7.111
5930 30.081 6.693
5940 29.923 7.187
5950 29.833 7.011
5960 30.033 6.454
5970 30.075 8.05
5980 29.818 6.734
5990 29.383 6.529
6000 30.535 6.466
6010 29.859 6.664
6020 29.666 6.898
6030 29.727 7.074
6040 30.298 7.073
6050 29.418 6.735
6060 29.802 6.907
6070 29.566 6.746
6080 28.785 7.05
6090 29.265 7.281
6100 30.059 6.989
6110 29.623 7.241
6120 29.945 6.983
6130 29.279 7.267
6140 29.633 7.233
6150 29.568 6.427
6160 29.555 7.514
6170 29.384 7.388
6180 28.769 6.645
6190 29.34 6.709
6200 30.056 6.785
6210 30.198 6.608
6220 30.57 6.66
6230 30.02 7.169
6240 29.918 7.275
6250 29.997 6.658
6260 30.186 6.841
6270 29.846 6.556
6280 29.667 6.885
6290 29.243 6.504
6300 30.265 7.166
6310 30.283 6.923
6320 29.881 6.748
6330 30.121 7.135
6340 30.426 6.55
6350 29.322 7.125
6360 29.1 6.124
6370 29.296 7.069
6380 29.032 6.574
6390 30.946 7.301
6400 30.199 7.031
6410 29.664 7.036
6420 29.92 6.477
6430 29.744 7.282
6440 30.145 6.652
6450 29.937 6.879
6460 29.321 6.819
6470 28.928 6.601
6480 29.49 6.832
6490 29.562 6.578
6500 30.046 6.666
6510 29.963 6.528
6520 30.268 6.667
6530 29.484 7.001
6540 29.349 7.364
6550 29.431 6.826
6560 28.971 6.857
6570 29.688 6.48
6580 29.664 6.805
6590 29.763 6.693
6600 29.226 6.984
6610 29.041 6.818
6620 29.963 8.117
6630 29.862 7.03
6640 29.548 7.234
6650 28.984 6.706
6660 29.568 6.801
6670 29.026 6.439
6680 29.447 7.154
6690 30.496 6.463
6700 30.507 6.389
6710 30.069 7.251
6720 29.595 6.903
6730 29.819 7.251
6740 29.347 6.759
6750 29.772 6.615
6760 30.276 9.049
6770 29.396 6.665
6780 29.443 6.689
6790 30.087 6.947
6800 30.194 6.75
6810 29.669 6.94
6820 29.56 7.209
6830 29.506 7.527
6840 28.678 6.883
6850 29.058 7.077
6860 28.896 7.256
6870 28.832 6.671
6880 29.89 6.733
6890 30.324 6.798
6900 30.553 6.862
6910 30.483 5.988
6920 29.445 6.724
6930 28.695 6.732
6940 28.997 6.553
6950 29 6.739
6960 29.182 7.088
6970 28.937 8.237
6980 30.067 7.046
6990 30.451 7.139
7000 30.514 7.153
7010 29.813 6.82
7020 30.176 6.597
7030 29.449 6.852
7040 29.099 6.782
7050 28.907 7.138
7060 29.116 6.883
7070 28.913 6.783
7080 29.857 6.99
7090 30.574 6.579
7100 30.337 6.939
7110 30.382 7.073
7120 30.379 6.814
7130 29.836 6.949
7140 29.212 6.591
7150 29.734 6.616
7160 29.161 7.172
7170 28.51 6.888
7180 29.43 7.491
7190 30.142 6.461
7200 30.297 6.566
7210 29.964 6.694
7220 29.93 6.875
7230 29.695 6.986
7240 29.649 6.33
7250 29.369 6.877
7260 29.773 6.559
7270 29.344 7.119
7280 29.84 6.881
7290 29.883 7.185
7300 29.11 6.571
7310 30.487 8.71
7320 30.112 6.542
7330 29.655 6.431
7340 30.007 6.752
7350 29.293 7.274
7360 29.601 6.706
7370 29.198 6.832
7380 29.672 6.96
7390 30.008 6.959
7400 29.83 6.839
7410 29.862 6.714
7420 29.386 7.145
7430 29.183 6.899
7440 29.679 6.859
7450 29.644 6.824
7460 28.778 6.737
7470 29.053 7.146
7480 29.709 6.835
7490 29.429 7.233
7500 30.028 6.674
7510 29.737 6.734
7520 29.711 7.133
7530 29.501 7.411
7540 28.624 7.009
7550 28.783 6.484
7560 28.568 7.38
7570 28.97 6.818
7580 29.744 7.137
7590 29.165 6.785
7600 28.294 6.606
7610 28.961 6.623
7620 28.933 6.663
7630 28.949 6.555
7640 29.243 6.486
7650 29.215 6.913
7660 28.56 7.23
7670 28.39 7.424
7680 29.472 7.444
7690 29.504 6.753
7700 29.212 7.165
7710 28.797 6.95
7720 28.924 6.887
7730 28.558 6.793
7740 28.46 6.843
7750 28.245 6.441
7760 29.236 6.866
7770 29.178 7.617
7780 29.483 6.948
7790 29.405 7.218
7800 29.477 6.825
7810 28.812 7.12
7820 28.857 6.763
7830 28.697 6.723
7840 29.519 6.852
7850 28.86 6.702
7860 28.78 6.498
7870 28.72 6.79
7880 29.429 6.433
7890 29.157 6.386
7900 29.318 6.408
7910 29.09 6.909
7920 27.919 6.827
7930 28.116 7.114
7940 28.721 6.785
7950 27.99 6.366
7960 28.383 6.933
7970 28.681 6.746
7980 28.854 6.985
7990 28.786 7.283
8000 28.78 6.857
8010 28.855 6.851
8020 28.049 7.044
8030 28.363 6.939
8040 28.418 6.923
8050 28.416 6.977
8060 27.812 6.869
8070 28.514 6.778
8080 28.804 7.168
8090 28.428 7.086
8100 28.368 6.702
8110 28.393 7.023
8120 28.269 6.864
8130 28.521 6.827
8140 28.473 7.116
8150 27.931 6.769
8160 27.334 6.895
8170 28.069 6.912
8180 28.501 6.918
8190 28.195 6.689
8200 27.814 6.939
8210 27.481 6.23
8220 27.524 7.035
8230 27.507 6.58
8240 28.085 6.659
8250 27.778 6.926
8260 27.552 7.064
8270 28.584 6.974
8280 27.913 6.654
8290 28.367 7.515
8300 27.908 6.884
8310 28.292 7.359
8320 27.766 7.327
8330 27.579 6.8
8340 27.485 6.651
8350 27.469 6.552
8360 27.247 6.741
8370 27.891 7.395
8380 28.008 6.955
8390 28.251 6.963
8400 27.58 6.617
8410 27.961 6.492
8420 27.091 7.115
8430 27.147 7.103
8440 26.765 7.216
8450 26.759 6.962
8460 26.645 7.102
8470 28.128 7.264
8480 26.995 7.09
8490 27.992 7.338
8500 27.087 6.594
8510 27.595 7.045
8520 27.1 6.811
8530 27.523 6.748
8540 26.571 7.17
8550 26.918 6.915
8560 27.295 6.593
8570 27.486 6.883
8580 27.537 6.686
8590 27.725 6.758
8600 27.299 6.884
8610 26.537 6.629
8620 26.793 7.011
8630 27.469 7.831
8640 26.566 7.208
8650 26.329 7.093
8660 26.553 6.657
8670 26.919 6.392
8680 27.525 7.084
8690 26.928 6.676
8700 27.189 6.956
8710 26.723 7.214
8720 26.433 6.89
8730 26.588 7.021
8740 26.316 6.917
8750 25.796 6.984
8760 26.373 6.388
8770 27.137 6.993
8780 26.908 6.671
8790 26.892 6.33
8800 28.202 6.354
8810 26.61 6.792
8820 26.797 7.055
8830 25.649 7.199
8840 25.41 7.089
8850 25.828 6.783
8860 26.781 6.991
8870 27.167 6.728
8880 26.848 6.998
8890 26.334 6.674
8900 26.824 6.497
8910 26.006 7.043
8920 26.326 6.723
8930 26.151 7.001
8940 26.294 6.793
8950 25.236 7.013
8960 26.306 6.694
8970 26.366 7.024
8980 25.61 6.983
8990 25.819 6.61
9000 25.737 6.856
9010 26.036 6.747
9020 26.249 6.96
9030 26.338 6.396
9040 25.991 6.497
9050 25.978 6.839
9060 26.3 6.933
9070 26.362 7.115
9080 26.195 6.828
9090 26.18 6.958
9100 25.818 7.283
9110 25.658 7.012
9120 25.503 6.875
9130 25.135 6.989
9140 25.93 6.755
9150 25.988 6.74
9160 26.433 7.111
9170 26.005 6.747
9180 25.643 6.792
9190 25.369 6.818
9200 25.41 6.813
9210 25.212 6.722
9220 25.565 6.558
9230 25.078 6.615
9240 24.562 6.693
9250 25.508 7.235
9260 25.431 6.706
9270 25.607 6.852
9280 25.24 6.991
9290 24.994 6.735
9300 25.105 7.209
9310 25.152 7.048
9320 24.998 6.724
9330 25.088 7.109
9340 24.799 6.812
9350 26.204 6.855
9360 25.828 7.073
9370 24.834 6.85
9380 25.181 6.936
9390 25.596 6.209
9400 25.286 6.544
9410 25.306 6.63
9420 25.48 6.689
9430 24.75 6.786
9440 24.75 6.858
9450 25.524 7.939
9460 25.01 6.88
9470 25.337 6.618
9480 25.801 6.647
9490 25.635 8.802
9500 24.98 7.191
9510 24.177 7.078
9520 24.37 7.087
9530 24.024 6.906
9540 24.19 8.155
9550 24.943 7.079
9560 24.913 6.545
9570 24.991 6.896
9580 24.817 6.879
9590 24.249 6.714
9600 24.476 6.587
9610 24.336 6.88
9620 24.912 6.433
9630 23.443 6.7
9640 23.706 7.161
9650 24.967 6.992
9660 24.917 6.698
9670 24.628 6.623
9680 24.541 6.654
9690 23.812 6.74
9700 24.509 6.487
9710 24.125 6.566
9720 24.099 6.543
9730 23.872 6.733
9740 23.758 7.242
9750 24.663 7.236
9760 24.507 7.289
9770 23.951 6.558
9780 24.633 6.49
9790 24.796 6.948
9800 23.559 7.018
9810 23.565 6.756
9820 23.381 6.92
9830 23.307 7.128
9840 24.121 6.838
9850 24.187 6.734
9860 24.424 6.906
9870 24.723 6.718
9880 23.611 6.823
9890 24.385 7.225
9900 24.317 6.96
9910 23.581 6.708
9920 23.642 7.261
9930 23.2 7.108
9940 24.218 7.129
9950 23.819 6.891
9960 24.385 6.644
9970 24.308 6.786
9980 24.079 6.611
9990 24.079 6.876
10000 23.375 7.066
10010 23.285 6.855
10020 23.526 7.116
10030 22.986 6.838
10040 23.544 6.76
10050 24 7.114
10060 24.199 6.658
10070 23.559 7.224
10080 23.718 6.983
10090 24.054 6.713
10100 24.056 6.895
10110 23.509 6.753
10120 23.968 6.47
10130 23.679 6.662
10140 23.832 7.188
10150 24.143 7.612
10160 23.667 6.943
10170 24.03 6.767
10180 23.815 6.739
10190 23.138 7.034
10200 22.486 7.159
10210 22.632 6.76
10220 22.856 6.819
10230 22.937 6.677
10240 23.626 6.601
10250 24.157 7.051
10260 23.464 7.06
10270 23.715 7.02
10280 23.215 6.981
10290 23.345 7.115
10300 23.814 7.15
10310 23.275 6.878
10320 23.215 7.111
10330 22.909 7.269
10340 23.474 7.167
10350 23.714 6.562
10360 23.851 6.608
10370 23.593 6.538
10380 23.571 7.867
10390 23.091 8.108
10400 22.966 6.603
10410 22.97 6.874
10420 22.437 6.818
10430 23.322 6.996
10440 24.133 7.274
10450 23.98 6.774
10460 23.334 6.823
10470 22.892 6.813
10480 23.431 7.517
10490 22.897 7.215
10500 22.759 6.818
10510 22.901 6.846
10520 22.066 6.346
10530 23.175 7.187
10540 23.065 6.675
10550 22.891 6.883
10560 23.596 8.183
10570 23.068 6.857
10580 22.845 6.751
10590 22.52 7.567
10600 22.565 7.015
10610 22.383 6.618
10620 22.317 7.149
10630 23.059 7.776
10640 22.927 7.036
10650 22.989 8.302
10660 23.179 6.439
10670 23.093 8.809
10680 22.308 6.641
10690 23.35 7.149
10700 22.737 6.675
10710 22.606 6.954
10720 21.95 7.032
10730 23.136 6.678
10740 22.974 6.86
10750 22.744 6.558
10760 23.126 7.616
10770 23.041 6.632
10780 22.306 6.436
10790 21.951 6.532
10800 22.22 7.143
10810 22.176 6.923
10820 22.195 6.826
10830 23.26 6.909
10840 23.094 6.783
10850 22.132 6.432
10860 22.722 6.642
10870 22.791 6.471
10880 22.438 7.005
10890 23.578 11.557
10900 21.921 6.619
10910 21.716 7.141
10920 22.476 7.22
10930 23.034 6.921
10940 22.665 6.692
10950 23.013 6.837
10960 22.959 6.842
10970 22.352 7.108
10980 22.543 6.811
10990 22.428 6.996
11000 22.202 6.71
11010 22.779 8.715
11020 22.583 6.915
11030 22.752 6.906
11040 22.668 7.893
11050 22.627 7.065
11060 22.235 7.107
11070 22.631 6.718
11080 21.853 6.672
11090 22.332 7.376
11100 22.029 6.772
11110 22.287 6.599
11120 22.504 6.965
11130 23.134 6.721
11140 22.964 6.524
11150 23.114 6.412
11160 22.697 6.664
11170 22.17 6.563
11180 21.768 6.775
11190 21.612 6.542
11200 21.613 6.981
11210 22.969 9.734
11220 23.023 6.776
11230 22.537 7.017
11240 22.668 7.383
11250 22.709 6.614
11260 22.208 6.223
11270 22.052 6.57
11280 22.109 6.459
11290 22.111 7.02
11300 22.106 6.784
11310 22.105 7.202
11320 23.043 7.699
11330 23.22 7.917
11340 23.202 8.003
11350 21.841 6.702
11360 22.223 7.925
11370 22.806 6.852
11380 22.232 6.286
11390 21.96 6.807
11400 21.62 6.599
11410 22.777 6.711
11420 22.734 6.724
11430 22.326 6.978
11440 22.594 7.151
11450 22.62 6.8
11460 22.973 6.628
11470 21.828 6.481
11480 22.353 6.663
11490 22.258 6.975
11500 21.863 7.188
11510 22.222 6.956
11520 22.987 6.887
11530 22.89 7.126
11540 22.563 7.083
11550 22.518 6.468
11560 22.836 7.731
11570 22.641 6.717
11580 22.6 6.649
11590 22.108 6.877
11600 22.023 6.614
11610 22.964 7.217
11620 22.723 6.648
11630 22.574 6.816
11640 23.138 7.101
11650 23.057 6.516
11660 23.203 6.499
11670 22.632 6.781
11680 21.951 6.763
11690 22.851 6.507
11700 21.628 6.645
11710 22.784 6.818
11720 23.035 6.858
11730 22.488 6.556
11740 23.239 7.259
11750 23.382 6.501
11760 22.863 6.756
11770 22.394 6.883
11780 21.772 7.221
11790 21.847 7.159
11800 22.626 6.692
11810 23.06 6.895
11820 22.487 6.932
11830 22.744 6.772
11840 23.352 6.737
11850 22.519 6.779
11860 22.479 7.198
11870 22.901 7.042
11880 22.581 7.034
11890 22.208 7.124
11900 22.304 6.898
11910 23.041 6.578
11920 23.413 6.599
11930 23.25 7.307
11940 22.757 7.147
11950 23.268 6.948
11960 22.985 6.82
11970 23.359 7.03
11980 22.949 6.348
11990 23.183 6.104
12000 22.909 7.033
12010 23.835 6.79
12020 23.339 6.539
12030 23.063 7.163
12040 23.716 6.62
12050 23.413 6.463
12060 23.422 6.922
12070 23.17 7.158
12080 23.393 6.893
12090 22.247 6.921
12100 22.706 7.045
12110 23.255 7.136
12120 23.488 6.831
12130 23.617 6.762
12140 23.818 7.049
12150 23.562 6.821
12160 23.299 6.701
12170 22.98 6.946
12180 22.673 7.119
12190 22.333 6.985
12200 23.646 6.719
12210 23.385 6.819
12220 24.179 6.24
12230 24.384 7.74
12240 23.55 6.671
12250 23.425 8.623
12260 23.027 6.734
12270 23.119 7.738
12280 22.576 6.74
12290 22.996 6.801
12300 23.959 6.958
12310 23.67 6.659
12320 23.536 6.753
12330 23.273 6.633
12340 23.401 6.675
12350 23.036 6.874
12360 22.794 6.602
12370 22.681 7.029
12380 22.794 6.903
12390 23.42 6.347
12400 24.178 6.643
12410 24.446 6.561
12420 24.144 6.845
12430 23.667 6.696
12440 24.003 7.301
12450 23.199 7.361
12460 23.05 7.165
12470 23.12 6.997
12480 23.452 6.819
12490 23.495 6.645
12500 23.757 7.034
12510 24.293 7.311
12520 24.535 6.443
12530 24.851 7.457
12540 24.845 9.171
12550 23.614 6.573
12560 23.442 8.349
12570 23.349 6.892
12580 23.963 6.914
12590 23.744 6.547
12600 24.264 6.69
12610 24.196 6.866
12620 23.94 7.31
12630 23.744 7.014
12640 24.235 6.772
12650 23.473 6.669
12660 23.332 6.953
12670 23.581 6.649
12680 22.958 7.174
12690 24.031 6.781
12700 24.04 7.221
12710 24.305 7.217
12720 24.008 7.056
12730 23.845 6.696
12740 23.535 6.9
12750 23.384 7.453
12760 23.36 6.821
12770 24.383 6.77
12780 23.19 6.849
12790 24.335 6.758
12800 24.345 6.679
12810 24.504 6.721
12820 24.263 6.923
12830 23.523 7.208
12840 24.18 6.935
12850 24.209 6.455
12860 24.355 8.984
12870 24.047 8.508
12880 23.839 6.509
12890 24.939 6.593
12900 24.451 6.566
12910 24.18 6.34
12920 24.331 7.145
12930 24.154 7.085
12940 23.67 6.776
12950 23.883 6.654
12960 23.781 6.755
12970 23.654 7.162
12980 23.802 7.594
12990 23.828 7.036
13000 24.188 7.021
13010 24.649 7.009
13020 24.056 7.04
13030 23.937 6.905
13040 23.414 6.935
13050 23.961 6.759
13060 24.35 7.117
13070 23.421 7.071
13080 24.266 6.602
13090 24.119 6.645
13100 24.35 7.199
13110 23.987 6.904
13120 23.742 6.751
13130 24.057 6.82
13140 24.065 7.027
13150 23.749 6.878
13160 24.036 6.426
13170 23.49 6.855
13180 23.485 6.628
13190 24.149 7.864
13200 24.34 6.975
13210 24.308 6.719
13220 24.448 6.862
13230 24.488 6.696
13240 23.524 6.821
13250 23.441 6.769
13260 23.832 7.264
13270 23.596 6.863
13280 23.627 6.924
13290 24.323 6.588
13300 24.379 6.838
13310 24.318 6.609
13320 24.117 6.521
13330 23.743 6.744
13340 24.403 6.841
13350 24.035 6.766
13360 23.782 6.814
13370 23.697 7.202
13380 24.197 7.281
13390 24.539 7.059
13400 24.038 6.782
13410 24.864 6.585
13420 24.574 6.447
13430 24.38 6.785
13440 24.093 6.82
13450 24.091 7.218
13460 23.625 6.879
13470 23.905 7.076
13480 24.263 6.514
13490 24.372 6.885
13500 24.538 6.893
13510 24.436 7.231
13520 24.116 6.426
13530 23.706 7.233
13540 23.661 7.072
13550 23.426 7.018
13560 24.298 6.447
13570 23.393 6.559
13580 25.119 7.005
13590 24.5 7.473
13600 24.854 8.37
13610 24.389 7.183
13620 24.23 6.966
13630 24.588 6.883
13640 23.805 6.827
13650 23.49 7.192
13660 23.436 6.802
13670 23.45 6.418
13680 24.651 6.688
13690 24.461 7.817
13700 24.389 7.296
13710 23.603 7.186
13720 24.188 6.636
13730 24.041 6.963
13740 24.259 6.373
13750 23.859 6.762
13760 23.699 7.13
13770 23.557 7.565
13780 23.959 6.819
13790 24.042 7.145
13800 24.014 7.362
13810 23.779 7.069
13820 23.351 7.249
13830 23.743 7.103
13840 23.226 6.866
13850 23.393 7.3
13860 23.151 7.024
13870 24.255 6.733
13880 24.201 6.553
13890 23.623 6.727
13900 24.234 6.736
13910 23.929 6.292
13920 23.512 7.427
13930 23.144 6.675
13940 23.149 7.191
13950 23.012 7.003
13960 23.074 7.037
13970 23.899 7.011
13980 23.663 7.877
13990 23.682 7.432
14000 22.99 6.999
14010 23.248 7.321
14020 23.175 7.182
14030 23.72 7.094
14040 23.699 6.357
14050 23.517 6.529
14060 22.981 6.666
14070 23.799 7.155
14080 24.007 7.508
14090 23.212 7.103
14100 23.571 7.541
14110 23.26 6.657
14120 23.429 7.06
14130 22.963 7.047
14140 22.459 6.812
14150 23.221 7.127
14160 23.199 6.291
14170 23.27 6.515
14180 23.458 7.106
14190 23.886 8.349
14200 23.806 7.38
14210 22.814 6.773
14220 23.35 6.657
14230 22.683 7.048
14240 23.636 7.195
14250 23.03 6.374
14260 22.923 6.408
14270 23.605 6.608
14280 23.098 6.293
14290 23.061 6.841
14300 23.125 6.745
14310 23.085 6.797
14320 22.912 6.925
14330 23.008 7.164
14340 22.923 6.399
14350 22.344 6.735
14360 22.34 6.796
14370 23.092 6.683
14380 23.315 6.95
14390 23.582 6.926
14400 22.991 6.704
14410 23.336 6.705
14420 22.677 7
14430 22.626 7.506
14440 22.692 7.074
14450 22.629 6.894
14460 22.574 7.386
14470 23.035 7.411
14480 22.747 7.168
14490 22.707 6.513
14500 23.018 7.228
14510 22.774 7.588
14520 22.286 7.209
14530 22.469 7.035
14540 22.477 7.737
14550 22.07 7.052
14560 22.221 7.126
14570 23.015 6.848
14580 23.02 6.596
14590 22.985 7.331
14600 23.148 7.028
14610 22.775 7.513
14620 21.993 7.066
14630 22.282 6.72
14640 22.688 6.727
14650 22.322 7.347
14660 22.193 6.657
14670 22.355 6.616
14680 22.9 6.369
14690 22.852 6.75
14700 22.248 7.123
14710 22.571 7.61
14720 22.528 7.197
14730 22.158 6.72
14740 21.965 6.747
14750 22.228 7.242
14760 22.436 7.03
14770 22.37 6.772
14780 22.588 7.079
14790 22.756 6.934
14800 22.397 6.573
14810 22.331 6.675
14820 22.601 6.8
14830 21.774 6.564
14840 21.711 6.789
14850 21.715 6.945
14860 22.238 7.17
14870 22.501 8.004
14880 22.672 7.149
14890 22.318 7.099
14900 22.453 6.787
14910 22.289 6.843
14920 22.013 7.091
14930 22.288 7.393
14940 21.768 6.944
14950 21.569 6.98
14960 22.672 6.513
14970 22.335 6.822
14980 22.138 7.126
14990 22.26 7.577
15000 21.312 6.891
15010 22.156 6.998
15020 22.183 6.883
15030 22.088 6.898
15040 21.86 6.516
15050 22.525 6.859
15060 22.14 6.982
15070 22.096 6.794
15080 22.059 7.262
15090 22.054 6.841
15100 22.168 6.44
15110 21.816 6.791
15120 21.851 7.023
15130 21.791 6.745
15140 21.346 6.639
15150 21.556 6.997
15160 22.272 7.6
15170 22.832 6.618
15180 22.488 6.854
15190 22.288 7.256
15200 21.812 7.117
15210 21.401 7.004
15220 21.432 6.887
15230 21.098 6.626
15240 20.996 6.8
15250 21.517 6.756
15260 22.353 7.007
15270 22.123 7.017
15280 21.717 6.786
15290 21.7 6.971
15300 21.493 6.554
15310 21.442 8.652
15320 20.806 6.748
15330 21.471 7.29
15340 20.879 6.839
15350 20.775 6.858
15360 22.149 6.933
15370 22.195 7.024
15380 22.411 6.477
15390 22.18 7.179
15400 21.603 7.132
15410 21.598 6.573
15420 20.704 6.934
15430 20.924 6.831
15440 20.791 6.816
15450 21.05 7.253
15460 21.926 7.498
15470 21.247 6.926
15480 21.063 7.208
15490 21.366 6.935
15500 21.271 7.019
15510 21.522 6.858
15520 21.535 6.993
15530 21.063 7.182
15540 20.904 7.252
15550 21.038 6.672
15560 21.199 6.628
15570 21.331 7.841
15580 21.611 6.618
15590 21.694 6.577
15600 21.565 6.868
15610 21.266 7.435
15620 21.083 6.675
15630 21.472 6.509
15640 20.453 6.943
15650 21.046 6.901
15660 21.994 7.272
15670 21.171 7.174
15680 21.374 6.488
15690 22.204 6.557
15700 21.676 6.908
15710 21.373 6.855
15720 20.526 7.5
15730 20.722 8.074
15740 20.117 6.852
15750 20.523 6.657
15760 20.915 7.218
15770 20.641 6.856
15780 20.902 6.717
15790 20.826 6.836
15800 20.565 7.038
15810 20.949 6.837
15820 20.847 6.609
15830 20.734 7.244
15840 20.556 6.704
15850 21.571 6.734
15860 21.805 6.693
15870 21.354 6.862
15880 21.024 6.993
15890 21.083 7.021
15900 20.698 7.114
15910 20.089 6.966
15920 20.29 7.456
15930 19.729 6.98
15940 20.243 6.854
15950 21.081 6.942
15960 21.092 6.673
15970 21.193 6.808
15980 21.046 6.455
15990 20.369 6.814
16000 20.637 6.984
16010 21.515 9.139
16020 20.098 6.996
16030 19.662 6.978
16040 20.231 9.047
16050 21.456 7.766
16060 20.94 6.713
16070 20.763 6.633
16080 20.884 6.877
16090 20.48 6.968
16100 20.136 7.245
16110 20.243 6.707
16120 20.188 6.917
16130 19.985 6.544
16140 20.073 6.812
16150 21.216 6.922
16160 20.669 6.984
16170 21.173 6.438
16180 20.898 6.314
16190 20.32 6.763
16200 20.612 8.495
16210 20.549 7.058
16220 20.166 6.389
16230 19.715 6.941
16240 19.965 6.943
16250 20.938 7.291
16260 20.962 7.432
16270 20.756 6.94
16280 20.735 7.263
16290 20.188 7.038
16300 20.259 7.158
16310 20.534 6.718
16320 20.504 6.586
16330 20.204 6.508
16340 20.458 6.501
16350 21.521 7.458
16360 20.72 6.606
16370 20.79 7.099
16380 20.448 7.591
16390 20.538 7.119
16400 20.215 7.27
16410 20.173 7.299
16420 19.711 6.902
16430 20.111 6.869
16440 20.516 6.412
16450 20.559 6.661
16460 20.832 6.847
16470 21.213 6.825
16480 20.147 6.495
16490 19.735 6.918
16500 19.824 7.154
16510 19.526 7.241
16520 19.732 7.266
16530 20.015 7.044
16540 21.204 8.076
16550 20.611 7.705
16560 20.428 7.44
16570 20.209 7.397
16580 20.228 6.98
16590 20.038 7.163
16600 19.919 7.514
16610 19.48 6.885
16620 20.09 6.901
16630 20.178 6.556
16640 20.751 7.652
16650 20.35 6.914
16660 19.517 6.823
16670 20.155 7.176
16680 20.022 7.305
16690 19.392 6.668
16700 19.946 6.35
16710 20.175 6.493
16720 19.789 7.284
16730 19.491 7.033
16740 20.253 6.664
16750 20.236 6.697
16760 20.004 7.065
16770 19.939 7.072
16780 20.275 7.139
16790 19.837 6.824
16800 19.754 6.702
16810 19.944 7.195
16820 19.879 8.064
16830 19.163 6.775
16840 19.764 7.022
16850 19.767 6.863
16860 20.025 8.026
16870 19.365 7.592
16880 19.397 7.186
16890 19.662 6.669
16900 20.11 7.886
16910 18.93 6.716
16920 18.963 7.076
16930 19.232 6.76
16940 19.84 6.583
16950 19.811 6.788
16960 19.775 6.725
16970 19.279 6.843
16980 19.484 7.569
16990 19.256 6.948
17000 19.432 6.886
17010 19.086 6.706
17020 19.303 6.608
17030 19.565 6.744
17040 19.353 7.122
17050 20.2 6.795
17060 19.889 6.472
17070 20.769 8.745
17080 19.84 6.464
17090 19.531 6.482
17100 19.769 6.178
17110 19.234 6.556
17120 19.453 6.844
17130 19.886 7.239
17140 19.936 6.301
17150 19.339 6.768
17160 19.859 7.243
17170 19.345 7.358
17180 19.717 8.353
17190 19.326 7.181
17200 19.342 7.047
17210 18.734 7.153
17220 18.507 6.954
17230 19.072 7.214
17240 20.01 6.815
17250 19.284 7.143
17260 19.332 7.16
17270 19.41 7.278
17280 19.303 6.972
17290 19.151 7.009
17300 18.851 6.843
17310 18.231 6.726
17320 18.302 7
17330 19.051 7.568
17340 19.092 6.954
17350 19.086 7.307
17360 19.244 7.505
17370 19.141 7.179
17380 18.584 6.931
17390 18.399 7.067
17400 18.453 6.551
17410 18.521 7.426
17420 18.423 7.65
17430 19.606 7.692
17440 19.242 6.889
17450 19.053 6.516
17460 19.635 8.118
17470 18.532 6.616
17480 18.538 7.358
17490 18.724 7.211
17500 18.635 7.004
17510 18.554 7.422
17520 18.406 6.806
17530 19.633 6.639
17540 19.257 6.904
17550 19.255 7.267
17560 18.906 7.103
17570 19.008 7.479
17580 18.402 6.461
17590 18.843 6.824
17600 19.248 6.752
17610 19.004 7.068
17620 18.67 6.555
17630 19.509 6.426
17640 19.691 6.811
17650 18.842 6.653
17660 19.307 6.658
17670 19.19 6.87
17680 18.143 6.369
17690 18.614 6.893
17700 17.823 6.646
17710 18.309 7.091
17720 18.881 6.791
17730 18.937 6.751
17740 18.612 6.977
17750 19.52 6.395
17760 18.873 6.574
17770 18.974 7.305
17780 18.726 6.405
17790 18.877 6.66
17800 18.882 7.648
17810 17.901 6.596
17820 19.054 7.089
17830 19.785 6.409
17840 19.355 6.636
17850 18.883 6.991
17860 18.836 6.68
17870 18.772 7.105
17880 18.314 6.816
17890 17.754 6.9
17900 18.109 7.001
17910 17.455 7.072
17920 19.02 7.708
17930 18.821 6.805
17940 18.471 6.652
17950 18.797 6.569
17960 18.431 6.618
17970 18.194 7.258
17980 17.947 7.157
17990 18.905 7.076
18000 18.364 6.599
18010 17.747 6.929
18020 18.626 7.138
18030 18.419 7.196
18040 18.547 7.091
18050 18.5 6.524
18060 18.042 7.839
18070 18.125 7.411
18080 17.86 7.018
18090 17.695 7.207
18100 18.142 6.924
18110 18.12 6.506
18120 19.531 6.715
18130 18.709 7.217
18140 18.019 6.729
18150 18.396 6.878
18160 17.997 6.736
18170 18.223 7.09
18180 18.471 6.528
18190 17.907 6.637
18200 18.036 7.128
18210 18.678 7.046
18220 18.317 6.616
18230 18.611 7.126
18240 18.297 6.521
18250 19.146 6.456
18260 18.159 6.753
18270 17.196 6.784
18280 17.891 7.008
18290 17.429 6.992
18300 17.602 6.945
18310 18.403 6.898
18320 19.142 8.874
18330 18.306 6.812
18340 18.132 7.023
18350 18.036 6.905
18360 18.429 6.99
18370 18.196 6.82
18380 18.025 6.956
18390 17.147 6.874
18400 17.828 6.74
18410 19.041 6.753
18420 18.647 6.89
18430 18.266 6.681
18440 18.529 7.539
18450 17.95 7.089
18460 18.108 7.245
18470 17.221 6.895
18480 17.258 6.854
18490 17.189 7.007
18500 17.49 6.925
18510 18.641 6.795
18520 18.369 6.984
18530 18.27 6.84
18540 17.859 6.463
18550 17.724 7.17
18560 16.974 7.11
18570 17.742 6.792
18580 18.297 7.114
18590 17.437 7.314
18600 17.725 6.659
18610 18.686 7.086
18620 18.297 6.651
18630 17.529 6.908
18640 17.512 6.698
18650 17.307 6.916
18660 17.855 6.994
18670 17.686 9.552
18680 16.705 7.07
18690 17.224 6.997
18700 17.187 6.964
18710 17.945 7.304
18720 17.784 7.28
18730 18.077 7.904
18740 17.707 7.331
18750 17.032 6.596
18760 17.61 6.845
18770 17.123 6.559
18780 17.91 6.693
18790 16.819 6.84
18800 17.552 6.632
18810 17.915 6.836
18820 18.407 6.785
18830 17.978 7.523
18840 17.602 6.523
18850 17.017 6.834
18860 17.228 6.683
18870 16.991 6.732
18880 16.898 6.885
18890 17.26 6.913
18900 17.219 7.045
18910 17.549 7.025
18920 17.548 7.173
18930 17.322 8.088
18940 17 7.045
18950 17.358 7.305
18960 17.262 6.506
18970 17.033 6.726
18980 17.374 7.425
18990 16.509 6.515
19000 17.916 6.847
19010 17.753 6.755
19020 17.429 6.594
19030 17.133 6.866
19040 17.485 7.445
19050 17.745 8.582
19060 16.843 6.756
19070 17.135 7.26
19080 16.898 6.762
19090 16.854 6.653
19100 18.094 6.482
19110 17.332 6.618
19120 17.593 7.219
19130 17.926 6.801
19140 17.211 7.133
19150 17.41 6.845
19160 17.1 6.491
19170 17.199 6.6
19180 16.722 6.916
19190 17.151 8.44
19200 17.435 6.286
19210 18.126 9.529
19220 17.396 6.783
19230 17.318 6.752
19240 17.223 6.964
19250 17.409 6.958
19260 17.147 6.82
19270 17.218 6.72
19280 17.044 6.605
19290 16.543 6.971
19300 17.44 6.652
19310 17.68 6.449
19320 17.855 6.993
19330 17.85 6.98
19340 17.399 6.47
19350 17.003 6.85
19360 17.43 6.788
19370 16.745 7.032
19380 17.444 7.109
19390 17.755 8.052
19400 18.042 6.669
19410 18.315 6.801
19420 18.471 6.656
19430 17.294 6.668
19440 17.369 6.323
19450 17.03 7.006
19460 17.403 6.785
19470 17.285 6.683
19480 16.865 6.899
19490 17.283 7.118
19500 17.579 6.692
19510 17.548 7.092
19520 18.046 7.363
19530 17.333 6.619
19540 17.812 6.701
19550 17.012 6.644
19560 17.116 6.96
19570 16.327 6.87
19580 16.9 6.888
19590 16.908 6.842
19600 18.082 6.717
19610 17.432 6.871
19620 17.218 7.02
19630 17.601 6.677
19640 17.69 6.821
19650 18.572 5.984
19660 17.549 6.65
19670 16.927 6.448
19680 17.401 6.731
19690 17.392 6.505
19700 18.013 7.048
19710 17.998 6.908
19720 17.75 7.395
19730 17.726 6.592
19740 17.885 6.725
19750 17.146 6.59
19760 17.022 6.898
19770 17.627 7.467
19780 17.256 7.015
19790 17.82 7.098
19800 18.351 6.361
19810 18.207 7.244
19820 17.797 7.156
19830 17.964 7.247
19840 18.005 6.234
19850 17.906 6.414
19860 17.355 6.686
19870 17.542 6.663
19880 17.939 9.204
19890 18.126 8.397
19900 17.1 7.079
19910 17.898 10.345
19920 17.649 7.332
19930 17.54 7.018
19940 17.46 6.977
19950 17.316 6.473
19960 17.175 6.847
19970 17.058 6.73
19980 17.088 6.961
19990 18.173 7.517
20000 18.21 6.755
20010 18.057 6.646
20020 18.726 6.765
20030 17.863 7.196
20040 17.764 6.423
20050 17.376 6.873
20060 17.98 6.62
20070 17.113 6.492
20080 16.905 7.111
20090 17.451 6.762
20100 18.292 6.43
20110 17.927 6.902
20120 17.787 6.462
20130 17.625 6.647
20140 17.761 7.289
20150 17.914 7.286
20160 17.67 6.688
20170 17.242 6.666
20180 17.149 6.61
20190 18.367 7.233
20200 18.483 6.903
20210 18.389 6.913
20220 18.091 7.187
20230 17.898 6.707
20240 17.53 6.596
20250 17.45 6.753
20260 17.901 6.433
20270 17.368 6.364
20280 16.973 6.569
20290 18.311 6.465
20300 18.183 6.65
20310 17.767 6.754
20320 17.288 7.025
20330 17.663 7.13
20340 17.687 7.247
20350 17.531 7.919
20360 17.663 6.879
20370 17.371 6.871
20380 16.932 7.02
20390 17.582 6.441
20400 18.328 6.783
20410 17.693 6.823
20420 17.996 7.331
20430 17.454 7.075
20440 17.371 7.086
20450 16.983 6.924
20460 17.184 7.447
20470 16.585 7.066
20480 16.816 7.192
20490 17.597 6.72
20500 17.307 6.447
20510 17.459 8.958
20520 17.439 6.717
20530 17.259 6.524
20540 17.457 7.053
20550 17.261 7.323
20560 16.741 6.6
20570 17.244 6.683
20580 18.293 11.312
20590 18.124 6.818
20600 17.861 6.458
20610 18.038 7.199
20620 17.395 7.001
20630 17.648 7.122
20640 16.907 6.709
20650 17.731 7.571
20660 17.535 7.431
20670 17.27 7.246
20680 17.498 6.708
20690 17.97 6.99
20700 17.574 6.334
20710 18.156 8.407
20720 16.959 6.961
20730 17.763 7.269
20740 17.697 6.916
20750 16.909 6.328
20760 17.781 6.789
20770 16.956 6.713
20780 18.064 8.182
20790 17.982 6.952
20800 17.614 7.075
20810 17.858 7.247
20820 17.494 7.391
20830 17.69 7.233
20840 17.601 7.223
20850 17.621 7.209
20860 17.306 7.258
20870 17.153 7.084
20880 17.715 6.949
20890 18.074 6.838
20900 18.087 6.638
20910 17.892 6.58
20920 17.951 7.205
20930 18.185 6.479
20940 17.625 6.328
20950 17.28 6.852
20960 17.274 7.133
20970 17.117 6.917
20980 17.651 6.997
20990 18.152 7.305
21000 17.856 6.803
21010 17.433 7.041
21020 17.649 6.968
21030 17.86 7.034
21040 17.902 6.895
21050 17.375 7.385
21060 17.073 6.829
21070 17.351 7.037
21080 17.961 7.342
21090 18.171 6.876
21100 18.164 6.98
21110 17.832 7.148
21120 17.719 6.897
21130 17.606 6.936
21140 17.649 7.085
21150 17.377 6.836
21160 17.077 6.966
21170 17.36 6.968
21180 18.823 8.01
21190 18.155 6.996
21200 17.988 7.068
21210 17.998 7
21220 18.027 7.492
21230 18.229 7.067
21240 17.636 6.777
21250 17.664 7.193
21260 17.242 6.907
21270 18.469 6.552
21280 18.39 6.376
21290 18.381 6.883
21300 18.129 7.13
21310 17.775 7.104
21320 17.787 7.085
21330 18.114 7.777
21340 17.352 6.946
21350 17.225 7.336
21360 17.289 7.024
21370 17.809 7.072
21380 18.166 7.233
21390 18.376 6.72
21400 17.626 6.889
21410 17.937 7.073
21420 17.943 8.038
21430 17.985 9.157
21440 17.847 6.853
21450 17.842 6.701
21460 17.585 6.918
21470 17.937 6.852
21480 18.556 7.602
21490 17.852 6.733
21500 18.326 7.789
21510 18.047 6.879
21520 17.962 8.009
21530 18.034 6.965
21540 17.852 7.294
21550 17.867 7.101
21560 17.998 7.285
21570 18.632 7.151
21580 18.267 7.139
21590 17.798 6.84
