# TimeStamp(s) Latency-avg(ms) Stdev
0 100.847 106.146
10 91.208 102.357
20 94.426 102.653
30 87.243 102.897
40 108.105 114.07
50 101.109 108.847
60 82.017 97.972
70 89.414 112.67
80 101.735 110.057
90 88.763 100.778
100 101.862 110.816
110 101.637 109.44
120 116.158 116.301
130 89.516 95.331
140 77.627 102.374
150 85.581 102.629
160 86.5 100.057
170 68.57 88.845
180 84.991 98.408
190 84.227 100.002
200 93.062 106.656
210 109.521 113.6
220 93.419 100.98
230 74.216 90.747
240 91.375 103.285
250 65.798 90.031
260 90.002 101.503
270 106.593 110.634
280 96.252 103.218
290 85.561 103.797
300 97.049 100.741
310 96.173 109.681
320 87.724 105.996
330 98.649 105.358
340 100.748 117.056
350 93.13 105.582
360 116.324 111.599
370 92.407 111.309
380 98.705 108.212
390 70.374 89.358
400 85.172 105.546
410 75.582 93.417
420 95.646 107.009
430 79.9 103.268
440 81.939 103.851
450 103.254 110.41
460 82.969 97.549
470 84.55 103.599
480 110.265 111.614
490 92.938 103.077
500 76 96.644
510 96.747 105.414
520 92.395 104.828
530 83.918 99.186
540 97.65 110.101
550 97.368 103.486
560 79.641 92.914
570 88.78 101.958
580 92.425 103.415
590 68.201 88.446
600 104.529 115.025
610 102.298 104.8
620 90.767 110.153
630 90.741 106.241
640 113.463 108.289
650 91.989 112.361
660 98.64 112.046
670 83.532 104.648
680 95.681 107.401
690 112.898 109.31
700 92.86 108.037
710 102.239 106.035
720 92.727 107.152
730 83.611 99.702
740 111.629 109.265
750 78.926 100.009
760 95.267 107.151
770 71.304 98.325
780 81.575 99.875
790 97.097 109.309
800 102.293 108.757
810 100.748 108.176
820 115.201 113.377
830 91.62 109.021
840 72.558 94.934
850 96.365 107.724
860 90.666 103.59
870 105.766 110.308
880 92.106 109.182
890 76.809 102.535
900 84.288 107.188
910 92.951 108.909
920 80.818 97.056
930 96.764 100.953
940 95.114 107.392
950 115.88 115.427
960 83.94 105.979
970 93.908 107.152
980 79.156 101.218
990 95.157 109.726
1000 88.176 99.87
1010 106.99 116.984
1020 84.338 105.491
1030 96.876 107.407
1040 72.802 90.572
1050 102.441 107.58
1060 110.77 114.31
1070 98.914 105.783
1080 88.795 106.356
1090 117.198 114.672
1100 102.034 106.16
1110 122.253 113.322
1120 70.194 88.043
1130 94.527 111.184
1140 117.584 118.852
1150 76.945 103.263
1160 106.167 111.128
1170 91.756 103.126
1180 100.805 111.329
1190 91.397 104.082
1200 80.677 102.816
1210 94.633 103.047
1220 95.725 107.784
1230 89.216 99.313
1240 104.116 111.171
1250 88.206 108.381
1260 118.447 119.465
1270 79.612 101.126
1280 100.786 114.471
1290 92.559 107.001
1300 90.374 100.519
1310 84.041 106.718
1320 83.979 106.403
1330 80.047 95.773
1340 103.144 112.763
1350 100.921 109.748
1360 107.672 108.778
1370 106.188 112.011
1380 88.073 100.995
1390 97.355 107.86
1400 107.684 107.787
1410 98.143 110.351
1420 102.084 106.242
1430 99.307 103.3
1440 88.059 102.14
1450 114.559 117.746
1460 106.393 112.64
1470 110.406 105.936
1480 94.269 103.544
1490 82.091 97.119
1500 96.984 102.525
1510 91.068 106.743
1520 99.003 109.512
1530 102.701 103.614
1540 110.683 107.365
1550 101.411 104.887
1560 88.288 104.815
1570 92.688 109.558
1580 94.251 101.481
1590 106.298 107.864
1600 114.481 113.236
1610 111.772 107.513
1620 110.743 114.099
1630 92.654 107.725
1640 77.815 94.891
1650 90.331 98.671
1660 81.269 104.471
1670 75.799 97.697
1680 102.882 106.882
1690 84.348 100.851
1700 71.613 95.732
1710 95.227 107.947
1720 89.688 106.257
1730 118.747 115.4
1740 97.487 110.077
1750 83.149 100.742
1760 76.145 87.15
1770 103.807 112.504
1780 108.882 110.814
1790 98.299 105.253
1800 93.634 101.811
1810 92.081 104.162
1820 82.486 103.942
1830 94.039 114.685
1840 110.534 111.226
1850 93.61 106.771
1860 88.299 104.268
1870 80.611 99.499
1880 93.861 102.996
1890 99.253 111.479
1900 92.248 101.788
1910 126.174 114.117
1920 86.253 106.874
1930 79.726 102.78
1940 84.855 99.277
1950 91.731 110.168
1960 87.778 102.538
1970 100.001 117.362
1980 86.911 107.731
1990 86.362 100.814
2000 104.065 109.826
2010 88.953 105.212
2020 103.253 111.962
2030 91.434 106.967
2040 86.525 101.86
2050 84.865 106.273
2060 99.808 107.976
2070 78.801 102.565
2080 116.083 109.23
2090 100.289 113.913
2100 78.249 100.071
2110 84.085 103.697
2120 78.583 103.704
2130 67.814 97.134
2140 107.062 114.439
2150 82.743 104.422
2160 96.94 112.039
2170 104.54 110.295
2180 85.079 100.642
2190 79.43 98.3
2200 69.752 94.937
2210 72.587 102.246
2220 80.822 101.066
2230 90.793 110.032
2240 91.994 105.425
2250 78.964 99.48
2260 89.764 107.822
2270 95.137 109.335
2280 113.097 114.658
2290 103.655 107.152
2300 104.246 114.859
2310 109.486 115.185
2320 94.677 102.121
2330 95.565 112.202
2340 84.574 105.139
2350 95.588 106.563
2360 91.811 107.156
2370 84.725 103.762
2380 116.443 112.484
2390 89.691 107.89
2400 68.73 98.337
2410 94.201 111.402
2420 102.304 114.79
2430 98.485 108.326
2440 69.217 100.827
2450 95.815 110.201
2460 90.17 105.265
2470 81.872 102.602
2480 106.91 107.148
2490 103.002 110.954
2500 78.889 102.182
2510 99.359 111.574
2520 89.634 109.988
2530 88.638 108.482
2540 108.139 112.584
2550 108.926 115.055
2560 106.959 115.404
2570 102.573 109.853
2580 89.598 107.386
2590 98.79 108.646
2600 77.735 100.515
2610 97.992 110.057
2620 111.288 121.282
2630 87.39 102.63
2640 75.247 99.325
2650 85.548 96.816
2660 67.399 97.153
2670 99.264 109.176
2680 93.601 114.101
2690 101.559 107.411
2700 86.537 102.013
2710 92.994 106.91
2720 65.591 90.561
2730 98.494 110.552
2740 93.099 104.603
2750 80.618 101.905
2760 89.882 103.843
2770 79.176 102.862
2780 89.889 106.865
2790 92.329 111.886
2800 105.905 114.167
2810 87.372 104.663
2820 94.906 107.596
2830 89.945 106.497
2840 93.105 103.246
2850 112.651 114.048
2860 101.27 109.256
2870 103.253 118.865
2880 85.013 103.822
2890 74.932 101.899
2900 69.274 93.313
2910 62.546 95.019
2920 101.109 108.625
2930 78.983 98.156
2940 88.605 102.427
2950 66.915 97.204
2960 91.184 107.686
2970 92.111 107.167
2980 70.886 93.802
2990 68.975 94.225
3000 74.482 97.253
3010 78.022 99.217
3020 91.196 103.435
3030 86.136 108.872
3040 86.029 99.063
3050 83.212 110.079
3060 108.008 115.541
3070 86.774 105.996
3080 89.861 105.544
3090 92.921 113.739
3100 88.281 103.269
3110 70.074 90.815
3120 86.306 106.346
3130 101.645 112.724
3140 92.183 105.356
3150 91.44 105.064
3160 99.606 113.743
3170 106.323 112.609
3180 78.198 101.469
3190 87.187 106.526
3200 87.486 99.95
3210 86.055 100.139
3220 87.161 106.926
3230 104.992 111.878
3240 99.232 108.741
3250 102.615 103.507
3260 88.693 104.203
3270 88.63 107.254
3280 69.38 93.724
3290 70.618 92.356
3300 93.678 110.375
3310 70.789 90.475
3320 83.559 104.745
3330 107.148 113.523
3340 98.184 106.794
3350 69.816 92.728
3360 87.651 106.322
3370 62.602 86.258
3380 83.371 106.061
3390 95.857 106.909
3400 97.366 107.012
3410 116.628 123.935
3420 94.789 110.729
3430 107.318 109.593
3440 96.404 104.132
3450 92.372 105.562
3460 78.375 96.099
3470 107.471 113.712
3480 101.101 107.321
3490 103.063 112.922
3500 99.263 111.952
3510 78.631 101.863
3520 101.572 109.523
3530 81.178 100.503
3540 100.637 115.265
3550 92.197 104.464
3560 83.73 103.467
3570 74.81 99.137
3580 88.676 103.509
3590 120.389 116.604
3600 85.855 105.103
3610 86.578 102.352
3620 89.021 109.207
3630 90.422 107.903
3640 94.862 108.011
3650 95.062 108.732
3660 110.507 113.172
3670 84.058 98.624
3680 107.741 110.794
3690 99.461 109.111
3700 94.589 111.09
3710 85.028 107.964
3720 82.439 107.415
3730 87.206 104.412
3740 78.045 102.777
3750 89.059 103.544
3760 85.44 102.736
3770 95.467 109.986
3780 90.65 106.094
3790 94.84 105.552
3800 97.309 110.59
3810 113.694 115.149
3820 97.007 100.488
3830 88.325 101.908
3840 74.535 98.971
3850 84.707 100.837
3860 71.232 95.869
3870 93.095 107.456
3880 92.78 108.623
3890 111.127 120.634
3900 79.09 101.974
3910 75.387 104.759
3920 81.868 100.681
3930 89.026 108.071
3940 83.572 104.351
3950 90.264 107.948
3960 93.387 103.764
3970 91.685 106.087
3980 77.711 102.508
3990 97.388 110.675
4000 100.518 109.579
4010 78.599 101.251
4020 80.074 99.611
4030 92.469 105.028
4040 90.127 103.954
4050 80.422 104.939
4060 105.197 111.122
4070 107.702 115.871
4080 86.503 104.365
4090 89.562 104.464
4100 82.517 102.827
4110 110.071 114.735
4120 94.027 107.493
4130 85.731 103.845
4140 88.644 100.607
4150 88.356 107.701
4160 91.363 103.652
4170 87.168 103.436
4180 96.575 108.207
4190 102.278 114.755
4200 90.542 104.447
4210 92.026 106.183
4220 103.101 105.374
4230 85.157 94.509
4240 85.335 103.908
4250 95.019 111.41
4260 85.614 98.833
4270 90.899 108.304
4280 104.114 114.985
4290 86.161 104.328
4300 103.482 106.85
4310 131.587 118.506
4320 85.392 104.604
4330 94.59 110.086
4340 98.789 109.112
4350 77.747 102.443
4360 98.711 108.138
4370 90.928 106.267
4380 89.055 107.655
4390 68.006 97.312
4400 69.425 88.719
4410 80.679 101.027
4420 81.946 104.305
4430 89.484 100.488
4440 98.654 104.027
4450 98.029 114.489
4460 79.238 97.734
4470 94.751 112.403
4480 81.813 99.704
4490 102.027 116.616
4500 95.025 109.342
4510 93.303 112.914
4520 88.465 102.82
4530 81.173 102.009
4540 87.976 101.018
4550 64.742 93.208
4560 93.055 107.458
4570 73.34 97.859
4580 78.108 104.273
4590 106.849 110.178
4600 81.267 100.977
4610 110.693 112.5
4620 69.662 94.344
4630 82.766 104.506
4640 97.018 110.234
4650 94.652 108.748
4660 85.377 106.082
4670 96.636 108.424
4680 96.869 107.923
4690 89.059 105.144
4700 89.172 109.502
4710 82.231 101.265
4720 96.025 108.282
4730 88.707 106.815
4740 110.724 114.802
4750 78.008 102.888
4760 101.616 114.212
4770 81.639 96.954
4780 79.521 100.549
4790 75.047 102.067
4800 65.6 87.653
4810 91.048 105.514
4820 82.476 100.713
4830 79.496 103.18
4840 99.972 115.094
4850 83.937 105.897
4860 88.261 103.377
4870 76.951 99.058
4880 78.51 96.172
4890 86.094 98.343
4900 104.323 114.211
4910 85.718 101.836
4920 104.494 111.175
4930 80.628 102.746
4940 85.123 107.694
4950 101.412 110.059
4960 86.213 102.742
4970 96.582 106.78
4980 76.129 98.421
4990 81.195 96.768
5000 100.218 110.603
5010 123.849 118.978
5020 103.896 109.154
5030 77.008 102.307
5040 79.31 99.511
5050 81.937 100.242
5060 78.34 94.482
5070 98.231 107.94
5080 99.547 110.319
5090 97.431 109.079
5100 91.735 105.405
5110 86.687 101.503
5120 79.535 100.468
5130 112.976 110.603
5140 93.41 109.961
5150 77.182 96.994
5160 75.297 103.498
5170 90.556 108.823
5180 62.13 92.143
5190 83.409 101.129
5200 101.721 115.394
5210 103.525 113.16
5220 98.924 106.344
5230 101.814 112.615
5240 68.462 86.8
5250 82.197 111.343
5260 91.599 104.83
5270 81.286 96.912
5280 80.839 92.243
5290 70.427 87.545
5300 83.45 102.196
5310 84.613 105.477
5320 91.096 102.414
5330 86.774 100.001
5340 85.328 106.315
5350 88.626 106.634
5360 68.234 99.292
5370 97.071 108.909
5380 97.498 102.658
5390 106.435 111.367
5400 109.152 109.49
5410 93.146 105.657
5420 92.47 110.722
5430 95.37 108.391
5440 84.27 104.149
5450 102.659 110.342
5460 119.951 117.483
5470 92.677 103.973
5480 88.97 104.495
5490 88.22 106.315
5500 92.002 105.046
5510 86.068 103.227
5520 74.93 101.45
5530 92.621 115.584
5540 79.496 102.496
5550 85.056 104.358
5560 108.048 117.085
5570 85.317 105.089
5580 87.014 99.345
5590 98.201 106.139
5600 80.943 102.691
5610 71.383 98.969
5620 85.727 97.878
5630 87.102 107.292
5640 89.623 106.181
5650 72.652 97.275
5660 72.867 104.368
5670 91.715 104.863
5680 73.005 96.288
5690 85.675 105.51
5700 77.387 100.383
5710 64.121 86.952
5720 73.929 97.132
5730 105.252 112.133
5740 106.594 116.115
5750 95.457 109.867
5760 102.358 115.61
5770 89.52 105.376
5780 85.948 104.891
5790 77.571 98.723
5800 112.985 114.751
5810 99.949 107.205
5820 89.601 107.189
5830 62.996 82.315
5840 104.327 114.328
5850 101.629 107.788
5860 105.855 111.96
5870 96.736 112.407
5880 69.303 93.49
5890 59.762 96.254
5900 87.036 102.993
5910 77.216 100.564
5920 114.119 117.383
5930 97.996 103.101
5940 88.252 105.503
5950 96.298 110.287
5960 79.575 95.71
5970 84.535 101.947
5980 88.279 103.424
5990 108.566 113.199
6000 95.1 106.89
6010 79.19 105.016
6020 75.909 99.922
6030 103.658 112.931
6040 124.904 114.518
6050 85.844 108.028
6060 119.848 121.746
6070 71.245 93.961
6080 79.594 101.41
6090 114.572 116.804
6100 97.781 103.362
6110 95.941 100.135
6120 87.833 99.912
6130 89.438 100.469
6140 99.555 106.888
6150 88.673 106.964
6160 102.302 107.842
6170 113.844 115.551
6180 86.42 103.034
6190 100.87 113.49
6200 74.359 99.344
6210 86.264 99.005
6220 81.426 92.557
6230 100.683 108.896
6240 92.689 105.76
6250 86.5 104.407
6260 111.886 114.433
6270 72.961 97.976
6280 102.745 106.038
6290 106.097 113.428
6300 93 109.545
6310 101.593 108.403
6320 79.739 101.91
6330 82.051 102.43
6340 93.036 103.532
6350 95.444 110.541
6360 87.896 109.793
6370 81.896 97.687
6380 92.174 106.52
6390 70.484 93.09
6400 110.408 108.078
6410 93.996 102.762
6420 83.841 101.855
6430 100.689 109.362
6440 99.482 109.886
6450 96.374 108.897
6460 118.595 113.122
6470 81.929 101.317
6480 102.839 109.609
6490 89.427 110.487
6500 90.571 111.012
6510 91.285 108.383
6520 83.326 102.705
6530 74.595 92.3
6540 94.61 105.516
6550 92.204 106.913
6560 94.078 108.599
6570 85.403 106.722
6580 91.821 109.131
6590 69.873 93.391
6600 61.189 89.224
6610 105.737 109.506
6620 84.938 102.557
6630 90.424 111.858
6640 83.052 105.135
6650 83.298 99.38
6660 63.451 94.707
6670 103.183 108.953
6680 78.702 101.387
6690 92.527 109.237
6700 95.15 101.7
6710 94.677 110.86
6720 98.445 110.309
6730 84.694 105.88
6740 96.076 103.729
6750 96.616 108.502
6760 104.024 116.825
6770 89.465 104.274
6780 85.302 103.833
6790 85.43 107.979
6800 94.819 110.587
6810 110.635 116.7
6820 106.044 108.528
6830 78.772 101.912
6840 104.518 111.846
6850 107.854 117.894
6860 86.549 103.238
6870 78.338 104.03
6880 94.333 111.112
6890 89.009 102.898
6900 90.807 108.486
6910 86.068 107.064
6920 100.85 115.478
6930 87.005 107.505
6940 105.897 107.194
6950 101.073 108.143
6960 86.16 94.403
6970 102.537 106.997
6980 78.107 99.549
6990 82.721 100.351
7000 67.176 94.62
7010 89.827 109.186
7020 83.934 103.572
7030 84.905 100.928
7040 86.691 106.962
7050 86.729 101.994
7060 99.099 107.089
7070 111.687 114.341
7080 75.636 99.304
7090 93.485 104.379
7100 101.672 105.336
7110 98.174 110.031
7120 95.23 103.595
7130 87.488 99.122
7140 77.629 93.286
7150 87.383 105.086
7160 78.946 98.348
7170 66 93.654
7180 99.175 106.711
7190 91.242 99.688
7200 64.997 92.568
7210 101.63 105.976
7220 88.218 104.413
7230 86.247 109.25
7240 106.124 110.712
7250 69.662 90.431
7260 99.494 106.048
7270 88.457 99.073
7280 105.583 107.042
7290 95.289 103.081
7300 90.15 102.536
7310 85.597 104.524
7320 90.05 103.881
7330 80.593 91.763
7340 96.801 109.074
7350 110.525 114.893
7360 92.438 103.619
7370 98.276 111.571
7380 91.648 107.309
7390 66.941 95.811
7400 92.785 109.173
7410 99.038 113.131
7420 88.747 105.933
7430 91.19 101.09
7440 81.128 101.041
7450 99.725 108.066
7460 71.551 94.882
7470 102.972 114.328
7480 109.796 116.226
7490 93.675 108.985
7500 84.234 101.913
7510 80.449 96.359
7520 88.927 107.45
7530 90.796 105.206
7540 85.069 102.049
7550 107.42 108.951
7560 98.401 108.881
7570 77.74 98.077
7580 93.288 112.644
7590 108.48 112.582
7600 88.77 110.398
7610 67.757 89.887
7620 115.828 117.77
7630 82.909 105.326
7640 97.817 105.185
7650 89.306 106.406
7660 87.647 111.31
7670 95.206 109.221
7680 61.079 88.88
7690 74.233 94.442
7700 89.052 102.229
7710 78.524 93.972
7720 108.731 109.954
7730 121.456 118.147
7740 95.171 104.927
7750 90.644 108.18
7760 97.013 115.114
7770 79.765 101.395
7780 102.971 111.654
7790 91.202 102.458
7800 85.473 98.15
7810 101.979 111.603
7820 87.091 104.756
7830 86.044 106.123
7840 91.929 102.154
7850 109.28 116.295
7860 83.463 100.881
7870 84.362 102.402
7880 84.627 97.485
7890 93.884 101.043
7900 91.894 109.545
7910 88.732 110.218
7920 94.064 109.557
7930 92.608 111.094
7940 85.809 101.26
7950 89.198 103.163
7960 79.354 99.899
7970 91.774 104.499
7980 77.054 96.821
7990 95.23 109.597
8000 100.084 110.099
8010 90.193 107.795
8020 117.491 110.598
8030 92.411 99.412
8040 92.54 108.711
8050 78.737 104.986
8060 77.259 99.379
8070 98.637 110.379
8080 85.186 95.22
8090 96.745 112.798
8100 87.969 98.741
8110 86.867 105.322
8120 111.387 115.89
8130 96.358 107.623
8140 99.252 101.504
8150 86.883 100.245
8160 96.038 110.785
8170 85.098 105.072
8180 77.382 104.692
8190 85.974 104.175
8200 85.61 102.794
8210 73.873 95.052
8220 85.017 100.685
8230 108.349 111.48
8240 88.752 97.256
8250 112.438 111.358
8260 89.774 101.598
8270 85.779 103.83
8280 70.379 95.549
8290 102.976 111.037
8300 90.333 100.402
8310 74.766 96.009
8320 76.873 100.646
8330 79.131 103.229
8340 70.987 92.725
8350 100.249 109.66
8360 103.766 110.959
8370 106.006 112.076
8380 93.217 102.883
8390 89.485 103.714
8400 91.466 106.207
8410 73.723 100.45
8420 85.986 99.096
8430 97.734 101.913
8440 100.819 106.75
8450 88.037 105.056
8460 95.414 110.442
8470 102.764 106.559
8480 81.838 99.447
8490 96.869 107.209
8500 107.417 112.466
8510 83.548 101.35
8520 103.959 106.17
8530 70.075 97.056
8540 94.043 108.367
8550 79.878 98.842
8560 100.981 109.621
8570 100.298 111.329
8580 99.902 114.12
8590 87.739 105.055
8600 67.62 94.155
8610 77.278 98.151
8620 89.242 102.677
8630 72.41 96.732
8640 92.082 108.627
8650 77.158 93.353
8660 94.599 109.548
8670 110.38 108.968
8680 103.026 105.038
8690 92.685 103.332
8700 72.057 96.892
8710 83.902 106.823
8720 85.932 102.311
8730 101.582 111.435
8740 122.224 112.007
8750 84.824 111.988
8760 90.049 106.609
8770 64.736 89.903
8780 79.374 97.364
8790 94.891 104.748
8800 103.135 108.478
8810 112.902 110.641
8820 109.055 114.647
8830 83.767 97.74
8840 105.419 112.429
8850 85.782 108.822
8860 78.744 103.554
8870 84.493 103.502
8880 85.301 100.692
8890 88.482 105.944
8900 108.713 116.468
8910 102.655 111.221
8920 93.072 104.669
8930 97.048 107.678
8940 107.895 116.269
8950 72.532 94.273
8960 94.951 107.479
8970 82.436 103.457
8980 85.256 100.236
8990 74.027 98.454
9000 76.097 99.134
9010 79.102 100.914
9020 102.122 110.961
9030 100.328 112.082
9040 87.274 111.859
9050 83.729 102.328
9060 94.107 106.243
9070 105.715 116.432
9080 93.719 105.362
9090 101.644 107.98
9100 71.295 91.984
9110 110.335 115.354
9120 74.304 94.327
9130 74.282 101.079
9140 92.506 108.714
9150 91.504 109.654
9160 104.875 109.862
9170 78.104 99.482
9180 62.078 88.736
9190 82.487 105.775
9200 105.575 114.517
9210 103.346 115.36
9220 85.109 106.043
9230 105.874 107.383
9240 91.076 112.966
9250 76.621 99.324
9260 107.96 114.098
9270 83.173 101.695
9280 106.11 108.347
9290 91.35 105.088
9300 83.727 97.555
9310 78.072 100.335
9320 95.359 104.8
9330 85.154 101.993
9340 76.157 98.356
9350 84.488 103.116
9360 88.732 102.993
9370 86.581 102.898
9380 93.685 106.62
9390 92.497 100.736
9400 113.704 115.735
9410 85.616 106.093
9420 99.05 114.068
9430 95.391 107.661
9440 85.661 103.234
9450 96.773 109.612
9460 86.879 105.85
9470 98.064 110.246
9480 76.952 93.892
9490 89.597 103.521
9500 84.122 102.378
9510 96.427 109.619
9520 72.354 98.999
9530 85.434 106.666
9540 86.188 103.348
9550 105.032 110.941
9560 102.554 111.247
9570 82.001 103.189
9580 101.902 112.007
9590 110.114 115.637
9600 93.695 113.09
9610 90.707 110.821
9620 84.941 100.835
9630 73.245 93.933
9640 71.564 96.678
9650 79.133 100.136
9660 100.241 111.919
9670 83.887 106.735
9680 79.911 101.074
9690 75.432 98.849
9700 97.825 106.172
9710 75.697 94.301
9720 79.087 93.975
9730 96.302 113.658
9740 81.874 104.356
9750 90.786 106.868
9760 98.44 106.262
9770 112.212 128.393
9780 83.548 110.279
9790 86.977 108.434
9800 74.26 97.54
9810 46.971 79.402
9820 89.337 103.154
9830 93.007 102.175
9840 84.052 101.191
9850 85.081 98.406
9860 92.681 103.595
9870 82.332 103.619
9880 73.234 98.568
9890 97.535 107.791
9900 82.108 97.442
9910 97.855 113.118
9920 92.031 107.974
9930 75.15 102.291
9940 74.657 99.404
9950 96.341 108.285
9960 99.304 102.311
9970 104.852 115.674
9980 89.743 106.045
9990 74.211 96.442
10000 109.296 121.928
10010 94.952 108.874
10020 87.501 104.265
10030 93.618 111.466
10040 102.308 110.708
10050 92.441 107.067
10060 102.456 116.237
10070 89.845 106.435
10080 91.702 106.554
10090 90.386 102.866
10100 84.599 106.767
10110 85.483 102.776
10120 92.441 104.052
10130 101.655 114.67
10140 63.349 91.216
10150 81.826 104.896
10160 95.131 104.849
10170 89.991 105.8
10180 114.151 120.64
10190 90.654 109.417
10200 80.63 106.075
10210 79.337 104.161
10220 82.686 104.335
10230 103.445 116.749
10240 112.757 113.206
10250 90.612 104.088
10260 83.963 99.596
10270 90.624 100.31
10280 99.544 110.643
10290 82.04 98.264
10300 106.026 107.791
10310 108.531 118.519
10320 82.697 104.631
10330 102.478 110.914
10340 96.186 109.774
10350 72.71 99.567
10360 91.848 111.562
10370 96.272 100.499
10380 81.74 105.507
10390 97.583 106.474
10400 94.574 108.034
10410 91.522 107.568
10420 100.583 106.867
10430 83.488 103.474
10440 100.559 107.497
10450 74.98 100.762
10460 98.401 112.742
10470 76.117 98.967
10480 102.442 110.36
10490 97.191 109.899
10500 73.052 93.47
10510 68.448 94.815
10520 96.352 102.504
10530 91.566 107.701
10540 105.017 111.865
10550 117.446 116.022
10560 85.625 98.06
10570 76.763 99.97
10580 71.85 95.254
10590 90.638 106.98
10600 88.323 114.115
10610 97.903 108.929
10620 91.629 112.467
10630 89.557 104.877
10640 77.084 97.754
10650 87.539 112.548
10660 88.174 107.1
10670 67.499 94.047
10680 57.325 88.139
10690 76.741 101.117
10700 88.389 108.447
10710 94.331 106.53
10720 96.859 103.627
10730 88.036 104.791
10740 90.295 109.335
10750 84.193 104.87
10760 64.984 91.361
10770 105.818 108.401
10780 97.332 111.584
10790 76.854 103.261
10800 109.39 116.932
10810 87.321 106.377
10820 80.536 97.941
10830 82.355 94.485
10840 105.097 110.483
10850 94.418 100.35
10860 97.876 107.095
10870 95.323 109.604
10880 100.392 115.657
10890 108.269 116.641
10900 98.052 111.256
10910 96.578 107.68
10920 109.359 114.156
10930 91.183 103.869
10940 92.239 101.68
10950 104.187 108.707
10960 114.435 109.959
10970 106.513 111.797
10980 92.469 104.693
10990 90.631 107.062
11000 88.565 101.642
11010 62.923 95.79
11020 92.773 105.324
11030 95.884 108.634
11040 82.776 102.725
11050 86.041 106.924
11060 84.66 101.224
11070 107.053 110.983
11080 87.69 107.812
11090 97.002 112.231
11100 100.587 105.6
11110 85.443 105.504
11120 58.637 93.76
11130 108.463 111.207
11140 102.558 109.185
11150 84.141 102.202
11160 99.872 110.576
11170 94.377 111.214
11180 106.534 116.726
11190 87.42 105.702
11200 77.289 95.995
11210 84.983 108.805
11220 95.345 103.434
11230 86.923 103.659
11240 106.852 115.267
11250 101.718 108.028
11260 94.567 108.928
11270 86.817 111.182
11280 108.918 118.105
11290 93.236 105.145
11300 97.513 113.812
11310 57.555 85.581
11320 90.652 101.621
11330 79.74 104.05
11340 88.573 114.805
11350 89.887 101.679
11360 102.957 109.511
11370 91.277 104.965
11380 95.144 107.541
11390 89.734 103.979
11400 84.89 98.07
11410 97.399 104.515
11420 94.844 109.043
11430 98.41 110.943
11440 109.68 112.767
11450 62.453 86.948
11460 82.29 102.514
11470 92.941 108.293
11480 110.039 112.071
11490 98.229 110.648
11500 88.388 103.05
11510 92.743 108.393
11520 87.061 102.87
11530 88.077 101.133
11540 87.58 104.812
11550 92.922 103.073
11560 83.564 102.184
11570 80.439 105.815
11580 80.743 98.779
11590 76.679 98.493
11600 90.079 112.901
11610 104.582 109.648
11620 104.823 106.038
11630 108.343 107.433
11640 96.29 101.719
11650 83.554 105.592
11660 71.093 96.147
11670 107.756 114.345
11680 75.239 94.817
11690 61.076 88.576
11700 80.907 96.373
11710 108.726 114.307
11720 84.011 104.552
11730 91.907 109.177
11740 98.277 106.977
11750 96.243 110.102
11760 88.757 97.753
11770 84.009 105.801
11780 76.277 97.719
11790 97.16 112.168
11800 93.763 109.904
11810 78.992 102.105
11820 70.706 93.444
11830 63.432 82.625
11840 72.622 97.696
11850 109.99 109.78
11860 93.964 112.093
11870 98.357 109.581
11880 85.366 100.707
11890 87.099 103.601
11900 96.138 109.044
11910 109.87 109.624
11920 91.479 101.037
11930 108.364 114.619
11940 77.415 101.394
11950 88.945 107.045
11960 81.308 103.801
11970 104.626 104.816
11980 120.281 112.826
11990 95.741 105.892
12000 106.609 116.431
12010 85.324 105.122
12020 92.343 108.087
12030 101.753 111.452
12040 80.358 101.043
12050 67.022 90.187
12060 90.265 105.478
12070 94.53 110.776
12080 84.972 110.431
12090 94.389 112.618
12100 124.067 114.233
12110 97.817 111.551
12120 75.787 104.053
12130 86.661 107.355
12140 97.557 109.656
12150 104.469 114.047
12160 83.332 93.987
12170 105.968 116.602
12180 78.758 97.394
12190 95.879 106.291
12200 93.665 101.385
12210 108.755 111.678
12220 85.328 98.475
12230 100.88 102.307
12240 92.848 105.088
12250 103.722 113.378
12260 79.655 99.295
12270 68.338 86.902
12280 67.411 90.04
12290 96.691 111.635
12300 96.623 110.038
12310 84.948 95.719
12320 95.736 112.437
12330 91.596 104.075
12340 96.402 107.7
12350 90.158 108.998
12360 80.79 101.386
12370 84.657 102.243
12380 88.572 106.894
12390 107.638 114.968
12400 107.749 111.666
12410 115.859 115.102
12420 93.916 101.645
12430 87.321 103.314
12440 84.34 107.955
12450 98.068 111.839
12460 93.087 104.361
12470 92.054 105.342
12480 87.016 102.782
12490 85.586 100.025
12500 90.168 103.644
12510 82.623 100.66
12520 103.05 111.588
12530 101.09 111.986
12540 90.31 102.169
12550 81.179 94.919
12560 75.779 95.454
12570 101.623 110.276
12580 74.75 90.172
12590 78.622 101.729
12600 78.019 101.563
12610 87.75 102.603
12620 95.674 109.645
12630 98.919 109.851
12640 69.61 93.534
12650 85.88 104.028
12660 80.641 104.089
12670 114.425 111.768
12680 79.678 99.307
12690 82.366 100.681
12700 85.693 104.213
12710 99.678 110.256
12720 97.425 107.415
12730 85.702 95.823
12740 83.131 99.923
12750 87.523 96.495
12760 82.177 100.556
12770 116.833 115.909
12780 80.733 103.031
12790 60.889 86.182
12800 98.79 109.711
12810 98.971 108.683
12820 94.962 109.855
12830 80.302 100.08
12840 94.525 107.502
12850 81.563 102.16
12860 100.24 105.306
12870 104.275 110.575
12880 114.877 116.027
12890 97.265 106.658
12900 132.12 114.326
12910 97.217 108.167
12920 99.035 108.305
12930 79.433 99.269
12940 101.519 111.184
12950 117.617 116.124
12960 92.554 103.367
12970 107.127 108.801
12980 92.632 106.197
12990 118.13 112.496
13000 98.086 109.123
13010 95.207 107.079
13020 80.241 95.765
13030 57.787 83.017
13040 94.852 112.627
13050 103.573 108.703
13060 114.926 111.148
13070 77.457 96.6
13080 71.277 90.081
13090 77.913 94.815
13100 90.197 99.741
13110 106.747 108.87
13120 92.735 103.505
13130 119.119 119.102
13140 78.977 103.061
13150 99.97 104.287
13160 80.867 103.073
13170 79.891 101.424
13180 107.103 110.205
13190 91.783 97.694
13200 87.565 101.455
13210 93.577 112.926
13220 85.787 102.448
13230 103.772 113.3
13240 116.002 113.792
13250 84.739 99.678
13260 98.633 107.938
13270 93.917 109.408
13280 110.865 110.909
13290 83.579 104.247
13300 88.012 110.502
13310 100.701 109.156
13320 102.816 111.287
13330 93.208 106.365
13340 94.634 101.684
13350 85.246 100.541
13360 103.555 108.007
13370 95.812 105.949
13380 89.322 105.971
13390 86.982 104.029
13400 109.113 111.769
13410 79.385 98.331
13420 98.926 108.496
13430 82.86 101.518
13440 88.001 106.107
13450 96.032 103.29
13460 85.264 102.689
13470 104.714 106.096
13480 109.634 111.82
13490 94.466 105.494
13500 74.659 91.532
13510 105.544 110.264
13520 114.028 115.227
13530 85.278 100.155
13540 66.928 85.486
13550 74.337 90.91
13560 85.875 104.855
13570 103.423 112.36
13580 85.845 103.828
13590 64.231 90.527
13600 90.944 102.078
13610 89.743 104.009
13620 89.022 102.074
13630 86.15 105.879
13640 93.791 105.412
13650 87.928 101.978
13660 98.648 107.689
13670 78.098 94.051
13680 82.565 101.156
13690 86.628 102.545
13700 83.512 99.704
13710 107.435 108.357
13720 106.456 117.973
13730 89.288 101.673
13740 97.253 109.754
13750 94.302 102.822
13760 96.122 104.811
13770 104.33 111.96
13780 80.665 96.501
13790 91.443 106.718
13800 95.053 106.755
13810 88.149 94.166
13820 86.465 98.528
13830 85.764 102.093
13840 93.818 109.579
13850 86.484 106.562
13860 101.607 114.647
13870 66.981 96.067
13880 88.834 106.135
13890 100.265 107.535
13900 100.35 111.542
13910 97.762 109.225
13920 107.88 113.892
13930 97.835 103.326
13940 96.952 108.877
13950 102.834 110.218
13960 99.423 113.91
13970 96.591 106.683
13980 84.865 100.902
13990 110.355 111.989
14000 95.192 105.1
14010 110.657 109.208
14020 72.452 96.665
14030 97.928 107.529
14040 82.792 98.997
14050 84.182 101.116
14060 98.126 109.821
14070 103.206 111.063
14080 92.553 106.497
14090 104.667 110.251
14100 94.032 99.803
14110 87.726 95.888
14120 106.966 112.363
14130 68.149 88.596
14140 98.429 107.073
14150 99.91 106.88
14160 99.441 108.669
14170 99.589 107.752
14180 92.705 103.556
14190 84.172 102.486
14200 107.851 108.113
14210 80.42 93.448
14220 60.368 80.5
14230 101.355 108.709
14240 111.553 113.034
14250 96.571 106.695
14260 96.022 105.796
14270 102.877 108.225
14280 99.618 104.231
14290 88.87 99.549
14300 95.049 109.442
14310 105.978 110.672
14320 103.304 110.23
14330 90.848 99.513
14340 86.7 100.818
14350 78.949 102.751
14360 94.292 106.841
14370 102.529 115.463
14380 93.669 109.381
14390 115.29 113.658
14400 84.177 97.725
14410 96.532 101.72
14420 75.056 96.391
14430 87.797 109.402
14440 69.328 94.243
14450 102.427 105.221
14460 103.397 110.604
14470 85.493 104.765
14480 101.718 109.432
14490 98.597 109.165
14500 99.755 112.829
14510 86.689 100.149
14520 84.751 106.007
14530 89.725 102.067
14540 84.151 96.884
14550 78.225 94.567
14560 103.364 112.45
14570 115.734 114.875
14580 89.115 103.022
14590 84.596 102.628
14600 74.193 97.487
14610 99.38 107.638
14620 77.907 97.028
14630 87.983 102.247
14640 87.032 101.32
14650 82.06 100.481
14660 83.362 109.27
14670 92.324 110.535
14680 96.076 106.302
14690 95.808 101.467
14700 85.537 102.207
14710 90.101 113.737
14720 84.21 102.761
14730 89.224 99.612
14740 88.92 104.583
14750 93.305 105.473
14760 97.105 108.915
14770 82.941 95.682
14780 98.991 112.713
14790 97.381 107.4
14800 83.179 98.391
14810 91.58 107.449
14820 98.208 106.936
14830 95.481 108.082
14840 91.157 108.044
14850 86.626 103.629
14860 102.306 113.988
14870 79.518 101.869
14880 93.636 105.659
14890 97.128 111.312
14900 106.601 111.74
14910 73.265 93.615
14920 83.229 98.86
14930 91.295 101.261
14940 109.173 113.171
14950 97.288 109.498
14960 83.159 102.269
14970 90.365 106.324
14980 84.679 96.347
14990 106.994 113.587
15000 95.468 108.654
15010 91.999 107.475
15020 93.145 107.574
15030 81.976 100.266
15040 82.976 98.201
15050 99.138 108.699
15060 73.64 89.013
15070 106.736 110.97
15080 104.865 110.517
15090 79.725 101.559
15100 96.167 106.469
15110 92.989 104.38
15120 68.24 92.063
15130 83.463 103.7
15140 99.13 104.852
15150 93.714 114.051
15160 97.361 108.326
15170 97.623 109.745
15180 78.958 100.618
15190 111.93 113.217
15200 88.927 103.362
15210 95.626 105.968
15220 80.211 99.07
15230 105.138 104.18
15240 103.291 110.989
15250 79.568 94.232
15260 91.939 104.672
15270 93.27 102.088
15280 104.124 111.322
15290 104.467 108.375
15300 71.918 93.241
15310 105.912 112.635
15320 96.013 105.774
15330 82.684 103.563
15340 87.493 99.828
15350 72.273 96.679
15360 82.945 100.31
15370 76.188 98.852
15380 85.484 106.002
15390 91.819 108.069
15400 99.002 107.515
15410 103.187 115.183
15420 98.379 110.13
15430 79.904 100.871
15440 81.492 106.722
15450 107.062 109.651
15460 102.683 106.717
15470 102.309 102.647
15480 105.863 114.739
15490 85.061 98.421
15500 87.898 104.243
15510 70.943 94.607
15520 81.4 98.865
15530 86.421 100.82
15540 60.18 88.311
15550 77.358 102.687
15560 102.875 113.777
15570 91.293 98.62
15580 96.354 107.651
15590 90.361 105.391
15600 86.062 105.548
15610 98.96 110.481
15620 84.323 105.296
15630 65.134 88.252
15640 83.872 102.545
15650 91.343 111.417
15660 91.558 107.007
15670 103.948 107.278
15680 116.007 121.036
15690 86.416 107.48
15700 95.929 102.428
15710 101.911 109.7
15720 99.659 115.692
15730 83.033 107.217
15740 73.573 103.984
15750 99.391 109.163
15760 83.254 99.57
15770 102.305 106.063
15780 98.69 100.615
15790 97.806 103.002
15800 112.161 114.673
15810 76.371 92.43
15820 98.703 108.165
15830 83.89 101.731
15840 82.164 108.871
15850 82.888 103.244
15860 89.306 101.706
15870 100.63 106.866
15880 81.283 97.34
15890 96.504 103.924
15900 92.326 103.979
15910 72.39 96.37
15920 90.596 105.788
15930 86.84 99.857
15940 104.926 110.68
15950 115.724 116.801
15960 93.315 111.956
15970 89.044 105.264
15980 92.282 105.815
15990 89.208 95.978
16000 96.075 103.229
16010 88.636 107.068
16020 81.104 94.192
16030 106.306 114.064
16040 94.494 110.389
16050 85.183 106.413
16060 79.565 99.103
16070 61.854 86.059
16080 95.489 109.316
16090 93.481 108.197
16100 112.471 111.834
16110 110.212 114.757
16120 96.325 112.495
16130 100.485 114.987
16140 88.296 98.787
16150 106.867 112.843
16160 103.316 108.03
16170 91.973 104.178
16180 79.673 105.282
16190 95.922 110.155
16200 86.306 103.013
16210 74.294 99.274
16220 76.671 97.283
16230 78.499 96.438
16240 94.076 104.492
16250 108.575 118.797
16260 103.765 115.401
16270 80.516 98.551
16280 91.096 101.362
16290 81.919 103.819
16300 95.652 112.187
16310 104.118 115.355
16320 90.798 107.425
16330 128.657 119.226
16340 97.966 115.636
16350 95.531 101.426
16360 103.533 114.429
16370 72.397 99.629
16380 97.832 107.706
16390 94.045 105.894
16400 62.581 86.531
16410 106.531 111.746
16420 102.432 109.053
16430 101.409 104.608
16440 83.559 106.802
16450 84.544 100.857
16460 77.13 101.652
16470 87.186 99.447
16480 91.652 104.654
16490 87.283 103.504
16500 100.697 104.073
16510 96.384 106.15
16520 87.277 109.571
16530 86.842 107.547
16540 79.773 102.225
16550 80.021 96.826
16560 89.131 103.478
16570 79.581 104.97
16580 90.597 100.193
16590 85.69 97.689
16600 104.435 111.071
16610 96.717 103.981
16620 80.394 96.452
16630 76.107 96.609
16640 95.673 104.987
16650 100.137 102.518
16660 85.244 99.502
16670 91.566 105.469
16680 107.409 115.64
16690 79.524 96.219
16700 60.887 93.581
16710 85.875 103.194
16720 62.103 86.948
16730 63.628 94.759
16740 111.045 110.477
16750 87.144 101.254
16760 76.949 103.639
16770 100.542 113.385
16780 82.118 101.395
16790 107.175 110.543
16800 79.596 97.478
16810 69.661 97.999
16820 106.393 112.921
16830 88.95 103.177
16840 102.82 107.576
16850 83.662 104.654
16860 95.793 108.509
16870 64.661 92.967
16880 81.015 103.707
16890 86.511 101.403
16900 92.413 111
16910 83.434 99.965
16920 87.8 110.857
16930 112.345 113.11
16940 91.457 103.513
16950 81.638 102.039
16960 125.691 113.61
16970 78.297 99.722
16980 86.243 103.407
16990 74.267 98.185
17000 98.001 106.099
17010 93.49 104.426
17020 76.211 101.164
17030 83.737 96.838
17040 83.269 106.337
17050 80.674 98.679
17060 66.437 88.82
17070 84.231 109.739
17080 93.138 112.021
17090 89.354 101.734
17100 93.26 97.203
17110 100.39 112.343
17120 95.24 106.095
17130 117.132 115.403
17140 79.716 100.348
17150 69.355 88.298
17160 92.203 111.338
17170 86.549 101.191
17180 76.715 94.492
17190 90.02 110.627
17200 91.228 107.602
17210 98.306 111.038
17220 100.335 111.824
17230 110.461 110.834
17240 89.489 104.651
17250 78.947 103.302
17260 90.907 102.708
17270 68.844 87.162
17280 111.937 115.526
17290 77.629 100.966
17300 88.546 104.433
17310 89.043 99.396
17320 71.186 98.042
17330 89.353 105.85
17340 104.707 111.057
17350 77.395 100.027
17360 106.827 113.322
17370 90.45 110.776
17380 101.939 112.919
17390 101.231 113.915
17400 80.832 100.077
17410 104.842 114.164
17420 88.76 103.33
17430 88.038 109.214
17440 75.639 95.219
17450 91.166 105.042
17460 107.755 115.233
17470 108.476 113.455
17480 96.194 113.175
17490 91.32 98.96
17500 88.671 106.161
17510 95.758 110.167
17520 90.799 108.014
17530 72.968 96.067
17540 100.378 108.94
17550 95.845 101.118
17560 105.05 117.354
17570 87.301 105.28
17580 92.762 107.733
17590 78.435 98.726
17600 86.233 98.056
17610 93.104 99.878
17620 98.252 105.617
17630 59.987 88.319
17640 86.61 99.217
17650 70.007 97.016
17660 91.958 101.911
17670 93.64 101.966
17680 81.609 101.131
17690 88.388 104.665
17700 83.009 101.228
17710 70.232 92.571
17720 82.707 108.17
17730 87.108 107.418
17740 70.139 97.403
17750 61.757 90.994
17760 92.695 110.297
17770 72.481 100.172
17780 86.268 101.621
17790 92.699 106.024
17800 114.639 117.051
17810 63.799 93.232
17820 86.197 98.17
17830 88.298 101.98
17840 104.041 104.673
17850 85.26 106.173
17860 108.539 109.968
17870 97.04 104.049
17880 87.271 101.313
17890 89.372 103.452
17900 86.387 107.834
17910 109.071 116.65
17920 107.806 111.29
17930 91.312 103.892
17940 106.108 116.195
17950 97.537 110.447
17960 77.885 99.876
17970 98.864 105.065
17980 72.907 86.797
17990 88.978 106.578
18000 100.882 112.639
18010 114.218 112.029
18020 86.138 101.659
18030 91.044 108.281
18040 81.6 101.095
18050 85.976 105.72
18060 95.03 103.918
18070 92.39 98.663
18080 109.84 115.487
18090 84.619 110.111
18100 86.081 106.572
18110 100.424 108.77
18120 96.373 104.835
18130 80.382 101.453
18140 82.206 102.805
18150 89.859 100.89
18160 98.389 106.846
18170 86.527 102.503
18180 93.258 100.098
18190 101.664 110.589
18200 105.744 108.895
18210 57.077 93.361
18220 102.595 114.507
18230 71.749 97.422
18240 88.963 109.525
18250 86.79 103.073
18260 83.016 108.08
18270 110.432 113.07
18280 92.875 111.617
18290 105.093 113.444
18300 100.923 110.682
18310 87.679 103.586
18320 94.221 105.144
18330 79.462 93.848
18340 96.7 106.081
18350 101.991 108.809
18360 93.096 111.783
18370 67.808 90.955
18380 85.041 107.119
18390 94.559 108.775
18400 93.835 104.033
18410 89.828 107.616
18420 71.544 96.838
18430 89.371 97.56
18440 104.914 111.811
18450 82.731 101.377
18460 107.007 111.879
18470 109.571 113.822
18480 79.21 93.658
18490 91.067 100.688
18500 68.776 91.746
18510 69.531 94.79
18520 98.912 113.166
18530 87.709 105.284
18540 82.348 99.736
18550 88.629 105.93
18560 91.154 95.816
18570 97.063 102.12
18580 97.761 116.666
18590 86.439 109.49
18600 80.406 102.173
18610 79.621 96.968
18620 86.58 105.042
18630 93.512 103.43
18640 103.925 108.377
18650 98.6 105.694
18660 88.752 98.536
18670 88.608 95.993
18680 87.672 109.946
18690 85.779 94.746
18700 98.236 110.266
18710 91.642 105.021
18720 99.791 111.89
18730 77.354 94.022
18740 89.265 100.735
18750 76.717 97.823
18760 70.213 95.282
18770 97.421 105.089
18780 74.852 97.697
18790 86.505 103.434
18800 91.997 102.544
18810 86.57 102.349
18820 70.186 99.399
18830 51.154 75.538
18840 107.308 106.988
18850 85.216 105.232
18860 100.231 106.011
18870 90.915 105.492
18880 111.364 109.991
18890 104.103 110.189
18900 90.458 105.25
18910 98.339 109.332
18920 97.927 111.99
18930 102.933 111.327
18940 69.362 98.557
18950 69.149 91.662
18960 109.415 111.839
18970 79.033 98.838
18980 87.997 105.082
18990 90.148 104.344
19000 100.06 108.499
19010 93.083 111.837
19020 87.815 101.27
19030 74.305 96.889
19040 84.444 108.364
19050 69.065 94.988
19060 84.465 106.374
19070 75.022 100.249
19080 91.999 108.333
19090 80.132 101.683
19100 75.891 95.106
19110 66.781 94.04
19120 92.236 104.58
19130 103.497 104.199
19140 82.67 100.778
19150 97.949 106.962
19160 127.282 120.638
19170 92.717 100.687
19180 70.544 97.578
19190 73.001 100.381
19200 77.538 99.655
19210 59.49 89.432
19220 100.552 114.415
19230 90.196 105.438
19240 103.569 110.344
19250 53.777 86.108
19260 76.233 102.113
19270 92.846 109.466
19280 110.461 110.002
19290 76.085 93.725
19300 65.987 96.032
19310 89.185 104.385
19320 88.904 103.957
19330 95.94 108.562
19340 82.417 103.399
19350 73.343 98.098
19360 68.917 100.931
19370 75.719 103.879
19380 84.131 100.095
19390 84.158 97.453
19400 88.888 99.602
19410 99.959 106.929
19420 109.899 116.71
19430 76.821 104.181
19440 87.961 105.073
19450 85.255 101.489
19460 110.805 110.955
19470 64.688 86.959
19480 100.052 112.297
19490 88.841 104.877
19500 46.566 77.7
19510 89.911 106.438
19520 77.593 95.358
19530 121.674 122.337
19540 91.935 103.883
19550 88.565 105.008
19560 77.024 96.188
19570 95.083 107.415
19580 96.993 110.158
19590 65.686 85.65
19600 106.223 108.776
19610 108.685 110.915
19620 110.378 110.388
19630 84.502 104.609
19640 97.881 107.034
19650 76.19 98.546
19660 105.187 110.078
19670 106.856 118.501
19680 73.184 96.444
19690 81.532 105.835
19700 81.418 102.537
19710 84.745 100.305
19720 88.563 108.969
19730 90.805 104.152
19740 83.163 99.149
19750 85.11 105.243
19760 60.425 90.848
19770 79.391 98.141
19780 103.744 111.402
19790 94.149 104.954
19800 92.504 101.799
19810 96.706 108.088
19820 102.747 106.35
19830 86.924 112.984
19840 84.02 104.433
19850 50.351 79.104
19860 81.813 105.509
19870 92.018 110.81
19880 81.733 101.434
19890 76.898 97.246
19900 88.81 107.251
19910 108.836 116.67
19920 85.222 102.339
19930 71.232 96
19940 90.996 104.776
19950 76.615 104.033
19960 75.968 93.097
19970 117.854 109.444
19980 91.203 108.324
19990 97.481 117.391
20000 79.553 101.761
20010 77.758 94.005
20020 96.235 102.695
20030 69.081 92.957
20040 83.086 100.134
20050 84.576 101.411
20060 79.42 105.486
20070 90.076 109.182
20080 97.269 106.896
20090 78.374 90.469
20100 93.807 106.834
20110 120.534 111.516
20120 58.841 83.566
20130 68.463 99.062
20140 92.847 108.932
20150 85.321 107.96
20160 89.457 99.368
20170 90.286 103.197
20180 90.322 104.505
20190 99.575 109.726
20200 104.768 117.657
20210 79.349 104.315
20220 66.324 95.439
20230 95.817 109.555
20240 90.668 104.486
20250 87.826 106.162
20260 83.251 102.587
20270 80.139 100.345
20280 84.352 98.083
20290 83.469 108.117
20300 72.566 101.884
20310 99.387 101.043
20320 101.697 109.553
20330 85.762 108.23
20340 103.193 110.157
20350 103.362 105.972
20360 104.126 106.064
20370 104.293 102.047
20380 98.503 107.153
20390 86.446 102.148
20400 86.691 101.713
20410 69.369 98.274
20420 74.341 100.465
20430 100.593 107.229
20440 110.039 109.623
20450 91.158 113.259
20460 92.247 102.809
20470 82.565 102.361
20480 76.917 98.529
20490 95.839 105.12
20500 99.752 109.478
20510 80.617 106.007
20520 67.657 91.058
20530 56.636 93.563
20540 69.069 90.965
20550 100.849 110.621
20560 76.169 99.206
20570 71.254 91.015
20580 77.772 100.454
20590 60.694 87.395
20600 70.163 99.546
20610 91.304 113.769
20620 63.277 92.917
20630 73.405 98.866
20640 68.149 93.441
20650 61.773 87.143
20660 64.323 96.269
20670 71.967 99.977
20680 105.698 109.321
20690 102.91 111.029
20700 80.208 108.436
20710 83.336 100.026
20720 81.941 93.985
20730 104.831 115.059
20740 86.921 104.621
20750 88.321 102.033
20760 62.429 89.845
20770 81.153 103.858
20780 82.504 104.274
20790 84.563 101.832
20800 90.564 107.605
20810 84.935 103.924
20820 77.441 98.401
20830 101.654 105.622
20840 86.315 103.297
20850 84.017 96.453
20860 88.179 102.097
20870 86.198 105.306
20880 81.054 105.529
20890 107.587 108.929
20900 90.981 105.027
20910 78.081 103.393
20920 66.097 91.743
20930 87.09 106.609
20940 79.696 102.478
20950 81.185 98.708
20960 101.616 115.034
20970 86.948 103.171
20980 91.932 107.25
20990 92.392 103.853
21000 66.725 95.552
21010 65.608 89.87
21020 90.925 97.058
21030 100.907 99.035
21040 87.649 105.852
21050 96.238 106.674
21060 124.484 131.615
21070 66.373 89.131
21080 80.781 99.15
21090 76.975 102.233
21100 91.603 114.927
21110 86.837 108.698
21120 80.976 103.853
21130 91.515 109.049
21140 80.853 105.596
21150 89.381 107.857
21160 74.298 99.13
21170 109.04 113.645
21180 87.324 101.984
21190 69.702 91.665
21200 97.186 104.214
21210 97.429 107.968
21220 100.909 109.107
21230 88.049 101.883
21240 90.166 105.723
21250 72.971 96.556
21260 104.829 109.145
21270 109.616 108.301
21280 90.609 105.355
21290 88.602 104.737
21300 108.471 113.656
21310 83.604 105.094
21320 117.263 111.896
21330 110.659 110.195
21340 113.795 112.461
21350 91.818 100.674
21360 93.655 106.429
21370 107.053 107.558
21380 92.576 102.721
21390 84.065 102.938
21400 100.805 105.502
21410 92.733 107.658
21420 58.827 91.422
21430 83.791 105.498
21440 73.391 103.572
21450 91.974 108.711
21460 109.365 108.431
21470 83.053 99.781
21480 70.128 91.279
21490 95.521 108.902
21500 83.467 103.104
21510 98.799 111.391
21520 86.443 109.729
21530 103.515 107.269
21540 79.856 104.842
21550 97.813 108.214
21560 80.702 101.031
21570 65.423 101.227
21580 93.034 108.845
21590 90.57 111.499
