# TimeStamp(s) Latency-avg(ms) Stdev
0 79.377 96.661
10 111.447 115.968
20 105.936 115.893
30 102.819 108.331
40 58.269 88.343
50 101.82 112.54
60 86.094 105.339
70 104.409 111.981
80 96.442 115.349
90 84.298 103.275
100 79.002 102.437
110 80.048 102.279
120 78.317 100.761
130 83.171 104.456
140 95.669 111.536
150 85.95 103.603
160 90.023 104.691
170 111.123 112.933
180 110.26 112.481
190 81.494 105.532
200 89.426 106.12
210 103.101 117.621
220 82.833 101.204
230 106.484 107.375
240 83.354 103.359
250 89.307 110.396
260 93.036 112.305
270 101.415 118.254
280 77.171 97.514
290 85.555 103.236
300 84.603 104.149
310 77.751 99.426
320 81.858 105.958
330 106.121 109.307
340 93.791 110.632
350 105.37 116.872
360 104.118 107.316
370 101.717 110.577
380 87.623 106.604
390 75.799 92.752
400 86.946 104.431
410 78.99 96.594
420 104.581 112.286
430 74.781 94.095
440 81.165 101.891
450 101.114 111.882
460 88.897 106.88
470 96.591 107.915
480 80.096 99.681
490 96.695 105.088
500 81.356 99.603
510 77.662 96.483
520 104.186 110.005
530 99.173 111.484
540 79.157 100.545
550 100.895 114.216
560 76.186 99.198
570 97.673 110.64
580 106.158 108.493
590 97.827 112.649
600 95.393 104.538
610 88.646 105.692
620 73.382 103.459
630 76.611 95.959
640 108.39 115.153
650 105.706 111.865
660 87.605 108.701
670 94.364 109.189
680 99.387 109.323
690 97.302 110.162
700 102.414 114.877
710 116.751 119.803
720 102.051 110.213
730 93.701 106.334
740 91.673 106.425
750 94.115 109.382
760 58.834 82.426
770 97.577 109.338
780 81.641 100.732
790 91.613 107.132
800 107.822 113.619
810 84.68 103.325
820 90.739 111.202
830 100.326 115.909
840 91.032 109.941
850 102.55 116.901
860 93.321 110.958
870 81.271 102.559
880 89.462 109.544
890 93.079 114.026
900 108.317 111.922
910 90.482 103.359
920 78.93 104.251
930 86.395 100.889
940 92.501 104.147
950 107.336 114.911
960 98.303 107.842
970 82.047 102.039
980 114.014 112.674
990 85.027 103.217
1000 78.915 100.187
1010 102.458 111.084
1020 92.178 104.965
1030 104.35 109.606
1040 114.589 113.276
1050 75.028 101.262
1060 93.835 108.435
1070 103.62 116.525
1080 110.67 117.651
1090 96.531 106.173
1100 109.742 116.359
1110 89.099 98.535
1120 101.491 112.673
1130 104.378 115.796
1140 115.18 119.044
1150 111.187 111.91
1160 112.397 115.502
1170 94.725 105.818
1180 99.642 110.417
1190 92.315 112.043
1200 98.887 110.188
1210 82.912 105.304
1220 87.69 111.624
1230 97.493 114.005
1240 88.416 102.408
1250 102.478 115.417
1260 99.528 117.835
1270 101.012 109.028
1280 88.897 110.454
1290 111.557 114.379
1300 101.43 110.812
1310 70.669 94.371
1320 82.065 100.997
1330 100.395 111.264
1340 97.283 112.44
1350 93.131 105.524
1360 89.802 103.334
1370 111.021 116.576
1380 100.815 115.695
1390 82.672 106.848
1400 103.706 110.043
1410 68.322 90.78
1420 93.127 105.377
1430 89.969 112.811
1440 104.675 112.777
1450 116.041 117.336
1460 88.834 103.791
1470 84.098 104.159
1480 105.649 115.281
1490 77.613 99.586
1500 99.695 106.203
1510 80.635 99.372
1520 98.213 107.804
1530 101.188 110.688
1540 102.743 111.172
1550 91.825 106.974
1560 88.628 104.132
1570 107.181 121.145
1580 90.724 96.73
1590 95.125 103.169
1600 77.064 101.82
1610 120.177 121.757
1620 104.979 113.467
1630 77.923 102.168
1640 85.174 106.399
1650 89.932 111.107
1660 87.102 109.822
1670 73.905 97.746
1680 98.012 106.233
1690 82.526 100.954
1700 94.233 111.509
1710 96.25 110.385
1720 80.99 103.927
1730 93.799 114.276
1740 104.55 113.621
1750 99.334 106.88
1760 109.926 110.492
1770 90.438 106.024
1780 103.238 108.002
1790 91.284 109.273
1800 111.633 113.806
1810 101.906 116.672
1820 69.328 92.691
1830 75.368 101.437
1840 85.987 106.031
1850 95.481 108.695
1860 103.119 117.531
1870 87.48 97.87
1880 88.036 102.963
1890 98.665 107.886
1900 96.477 108.82
1910 111.337 118.257
1920 102.045 114.578
1930 97.27 110.304
1940 99.54 109.202
1950 82.123 108.55
1960 97.311 115.613
1970 105.591 122.969
1980 81.232 105.747
1990 116.802 113.328
2000 77.76 93.876
2010 95.12 108.639
2020 95.358 107.623
2030 96.648 105.767
2040 72.263 97.887
2050 99.18 112.165
2060 74.814 98.555
2070 77.289 105.011
2080 78.184 103.952
2090 101.119 111.212
2100 77.216 106.631
2110 104.953 112.135
2120 109.151 119.55
2130 84.942 104.98
2140 74.591 94.791
2150 77.192 97.953
2160 82.349 103.385
2170 80.946 105.508
2180 106.11 109.402
2190 108.314 111.927
2200 92.701 109.414
2210 111.474 114.669
2220 103.674 112.513
2230 113.183 114.623
2240 87.181 98.578
2250 102.336 113.719
2260 76.996 97.69
2270 95.411 102.109
2280 103.706 115.245
2290 83.13 103.889
2300 112.093 116.28
2310 76.207 95.867
2320 119.493 116.836
2330 102.874 112.734
2340 105.221 110.344
2350 99.818 114.262
2360 84.982 105.832
2370 110.04 111.054
2380 115.014 123.584
2390 81.999 106.464
2400 84.662 106.438
2410 80.59 101.146
2420 88.987 104.974
2430 83.386 109.217
2440 87.451 114.283
2450 106.783 116.343
2460 93.716 111.439
2470 81.71 107.774
2480 79.742 98.699
2490 74.746 95.495
2500 113.488 118.275
2510 97.902 113.63
2520 101.923 118.326
2530 123.509 120.96
2540 75.638 101.879
2550 101.935 112.887
2560 87.484 103.24
2570 64.662 95.167
2580 67.027 85.867
2590 105.584 115.498
2600 84.785 107.819
2610 95.387 110.858
2620 108.538 117.745
2630 89.655 101.791
2640 82.658 104.651
2650 88.11 108.656
2660 75.911 102.347
2670 73.275 91.733
2680 89.814 107.374
2690 102.73 116.32
2700 89.024 103.889
2710 82.17 104.311
2720 78.776 95.097
2730 97.531 103.109
2740 72.098 96.363
2750 84.47 104.136
2760 102.678 117.654
2770 67.696 94.359
2780 69.152 95.676
2790 73.015 94.746
2800 85.642 103.423
2810 91.096 107.082
2820 66.018 88.902
2830 89.194 104.747
2840 82.492 99.598
2850 97.818 107.784
2860 111.532 113.264
2870 80.368 102.272
2880 89.694 107.246
2890 75.897 97.801
2900 82.325 112.979
2910 116.907 125.554
2920 114.869 117.226
2930 90.375 108.122
2940 90.286 110.676
2950 87.183 107.712
2960 85.603 104.412
2970 114.061 119.671
2980 111.105 117.385
2990 100.901 113.731
3000 116.636 116.285
3010 82.513 101.773
3020 78.739 99.711
3030 84.059 102.999
3040 97.992 110.691
3050 92.38 110.552
3060 101.472 109.76
3070 96.081 115.171
3080 95.047 107.684
3090 96.487 114
3100 100.372 110.722
3110 68.4 97.976
3120 103.764 114.493
3130 115.123 118.174
3140 101.416 116.907
3150 91.802 104.964
3160 102.988 118.267
3170 108.124 114.773
3180 93.702 107.058
3190 110.825 113.089
3200 71.039 101.257
3210 104.704 115.041
3220 102.326 111.431
3230 98.835 118.499
3240 117.506 120.08
3250 104.683 112.768
3260 105.273 112.249
3270 87.162 104.197
3280 109.074 120.079
3290 94.612 109.439
3300 98.431 106.399
3310 87.109 103.348
3320 90.839 109.201
3330 92.26 106.685
3340 93.475 107.63
3350 83.177 106.441
3360 108.52 114.354
3370 108.633 120.041
3380 101.305 117.547
3390 94.792 113.591
3400 79.43 103.972
3410 104.716 112.783
3420 111.514 114.289
3430 108.16 116.21
3440 74.59 98.574
3450 89.9 108.432
3460 83.049 106.862
3470 78.009 99.504
3480 97.66 111.657
3490 82.227 103.836
3500 90.316 114.794
3510 94.386 105.467
3520 86.303 105.722
3530 102.67 111.759
3540 88.07 102.931
3550 92.338 108.062
3560 95.155 115.306
3570 91.357 111.311
3580 72.16 97.119
3590 121.086 119.459
3600 115.663 112.27
3610 95.44 108.468
3620 115.828 118.754
3630 95.641 111.429
3640 76.835 100.891
3650 109.846 119.851
3660 96.624 111.085
3670 78.489 101.942
3680 79.141 91.864
3690 79.034 98.784
3700 89.549 107.351
3710 87.266 102.174
3720 96.978 108.552
3730 91.613 106.741
3740 89.449 103.517
3750 80.54 98.662
3760 75.131 100.407
3770 87.503 106.468
3780 82.159 108.678
3790 59.282 86.482
3800 119.637 117.54
3810 106.892 109.294
3820 83.705 102.546
3830 71.765 92.658
3840 84.433 105.489
3850 88.708 104.976
3860 80.633 100.392
3870 93.622 110.869
3880 110.988 118.353
3890 119.947 117.884
3900 96.249 108.239
3910 97.417 110.24
3920 95.023 111.403
3930 89.368 107.036
3940 101.744 115.514
3950 123.065 120.424
3960 102.059 111.514
3970 108.385 115.405
3980 78.83 102.846
3990 90.14 110.178
4000 84.252 103.49
4010 76.005 100.802
4020 118.248 115.832
4030 100.782 107.289
4040 100.736 112.922
4050 115.25 118.978
4060 99.161 111.7
4070 85.166 104.971
4080 80.796 106.595
4090 79.744 99.91
4100 87.165 105.897
4110 99.202 112.533
4120 82.88 105.037
4130 101.724 110.615
4140 126.686 117.748
4150 111.665 125.007
4160 98.382 113.963
4170 114.652 122.77
4180 67.533 97.999
4190 104.66 114.221
4200 89.157 106.553
4210 90.361 109.078
4220 96.499 107.724
4230 81.243 101.467
4240 84.954 101.767
4250 90.09 101.984
4260 88.181 105.242
4270 104.581 112.809
4280 114.832 118.988
4290 78.011 100.844
4300 133.952 124.949
4310 65.409 88.085
4320 98.372 109.226
4330 97.428 113.543
4340 98.507 114.487
4350 107.931 112.458
4360 109.264 116.985
4370 74.709 99.018
4380 103.103 106.048
4390 82.318 99.508
4400 86.553 106.355
4410 89.45 112.398
4420 83.619 101.801
4430 97.936 113.192
4440 93.68 110.635
4450 116.065 120.491
4460 78.48 102.851
4470 85.017 101.681
4480 96.083 112.205
4490 104.629 112.354
4500 103.64 111.449
4510 105.335 111.384
4520 85.259 103.658
4530 102.321 109.217
4540 93.821 104.665
4550 95.678 104.37
4560 96.924 109.417
4570 57.439 77.304
4580 80.569 97.631
4590 89.997 112.669
4600 86.822 110.992
4610 91.191 111.581
4620 92.574 106.502
4630 78.257 102.369
4640 73.764 93.505
4650 82.016 102.401
4660 102.574 111.68
4670 96.468 100.232
4680 85.208 109.585
4690 88.868 106.363
4700 86.962 101.992
4710 98.536 105.702
4720 69.485 95.546
4730 106.735 113.805
4740 101.691 115.218
4750 96.248 109.945
4760 110.846 120.212
4770 102.082 110.409
4780 93.522 105.613
4790 96.24 109.753
4800 90.478 111.021
4810 91.408 109.456
4820 90.198 108.233
4830 109.045 117.827
4840 92.987 99.415
4850 96.21 111.205
4860 93.992 109.552
4870 83.245 104.395
4880 99.008 112.043
4890 86.465 102.599
4900 72.423 92.434
4910 101.325 110.217
4920 103.802 110.719
4930 108.467 119.551
4940 98.196 109.056
4950 83.466 106.051
4960 104.883 114.165
4970 94.652 110.206
4980 116.678 118.089
4990 102.758 107.531
5000 86.26 95.598
5010 95.547 105.751
5020 83.478 97.995
5030 100.299 113.387
5040 96.35 112.925
5050 89.804 105.46
5060 92.078 103.543
5070 111.841 118.27
5080 91.203 110.68
5090 96.576 115.636
5100 77.364 95.86
5110 102.571 117.27
5120 92.106 109.665
5130 84.105 102.211
5140 80.177 103.672
5150 71.662 95.477
5160 97.311 110.591
5170 85.297 101.99
5180 83.521 101.195
5190 88.631 100.787
5200 106.069 116.295
5210 73.519 93.594
5220 85.793 114.089
5230 91.46 112.904
5240 96.05 115.371
5250 94.894 110.831
5260 104.129 113.739
5270 86.527 106.952
5280 99.123 114.248
5290 75.389 98.327
5300 116.676 121.229
5310 96.41 108.613
5320 81.617 98.874
5330 103.841 113.641
5340 101.461 111.737
5350 92.669 113.579
5360 88.934 104.143
5370 90.328 107.787
5380 90.804 104.291
5390 87.859 102.392
5400 88.367 105.374
5410 90.395 112.013
5420 73.229 96.561
5430 89.163 108.549
5440 106.703 114.119
5450 99.791 108.816
5460 93.233 115.927
5470 91.789 106.175
5480 97.94 103.377
5490 91.394 112.759
5500 86.785 107.293
5510 81.68 95.429
5520 96.505 110.083
5530 92.711 113.009
5540 73.523 101.825
5550 81.304 100.201
5560 76.458 104.74
5570 92.826 108.71
5580 99.552 111.034
5590 69.887 100.217
5600 88.129 105.03
5610 79.683 105.478
5620 82.746 99.776
5630 106.18 117.196
5640 82.892 104.217
5650 99.62 105.296
5660 84.834 100.22
5670 108.411 118.388
5680 77.935 100.059
5690 103.351 112.82
5700 90.978 111.676
5710 98.105 115.312
5720 65.364 98.798
5730 103.705 119.085
5740 91.479 111.287
5750 83.948 104.951
5760 129.816 122.094
5770 80.555 106.174
5780 93.452 113.17
5790 83.148 103.645
5800 80.688 96.297
5810 89.123 106.258
5820 82.802 100.649
5830 84.851 108.387
5840 108.867 116.743
5850 106.491 115.257
5860 74.324 99.867
5870 82.412 104.755
5880 93.389 111.137
5890 72.066 97.304
5900 100.569 115.585
5910 86.641 106.594
5920 102.101 105.839
5930 92.492 106.481
5940 89.313 99.626
5950 95.446 110.706
5960 97.342 107.588
5970 86.86 110.724
5980 90.426 108
5990 89.73 107.071
6000 70.943 99.628
6010 87.411 111.234
6020 91.428 106.266
6030 108.103 113.996
6040 103.228 115.675
6050 106.248 116.266
6060 106.928 112.5
6070 79.736 100.104
6080 93.675 107.613
6090 100.375 115.074
6100 98.871 110.101
6110 108.441 114.594
6120 87.125 101.142
6130 79.983 99.992
6140 96.745 112.386
6150 103.668 112.683
6160 79.389 103.995
6170 85.118 108.696
6180 73.823 99.684
6190 103.217 108.362
6200 90.052 99.522
6210 115.91 118.189
6220 78.767 105.209
6230 92.485 109.504
6240 96.734 112.13
6250 73.6 100.021
6260 70.315 99.198
6270 78.281 97.499
6280 89.433 105.212
6290 99.069 113.809
6300 114.7 116.787
6310 106.564 117.485
6320 100.524 105.663
6330 77.941 102.483
6340 81.565 105.942
6350 61.215 95.818
6360 89.874 115.475
6370 91.071 110.808
6380 69.075 95.923
6390 73.634 99.482
6400 102.773 121.07
6410 107.399 112.403
6420 106.443 114.724
6430 91.021 107.512
6440 85.606 104.306
6450 79.854 102.152
6460 83.638 99.557
6470 86.222 103.143
6480 100.708 114.042
6490 80.038 98.712
6500 84.139 115.389
6510 90.995 111.209
6520 98.329 114.484
6530 88.707 111.365
6540 90.201 110.148
6550 89.691 102.99
6560 75.774 106.489
6570 82.588 99.15
6580 88.338 102.96
6590 90.661 104.636
6600 89.625 114.68
6610 100.433 108.94
6620 78.489 108.204
6630 94.302 111.532
6640 83.88 107.806
6650 99.351 112.213
6660 103.163 115.053
6670 72.974 96.802
6680 87.871 105.782
6690 84.551 105.067
6700 84.442 100.973
6710 80.217 101.666
6720 78.405 99.545
6730 85.727 104.578
6740 91.703 108.223
6750 94.757 110.532
6760 87.869 104.918
6770 69.625 100.815
6780 103.934 114.022
6790 77.419 100.23
6800 89.682 106.402
6810 80.938 99.619
6820 91.201 111.477
6830 84.834 108.637
6840 97.705 109.086
6850 84.343 109.339
6860 75.151 97.117
6870 85.152 111.177
6880 67.25 92.774
6890 78.111 104.287
6900 82.733 105.647
6910 76.4 97.627
6920 81.751 105.005
6930 77.783 104.73
6940 88.356 103.277
6950 111.114 117.43
6960 94.559 107.674
6970 100.896 116.537
6980 73.161 104.223
6990 85.645 106.486
7000 86.686 110.851
7010 120.552 119.511
7020 101.347 118.646
7030 110.47 118.831
7040 82.447 106.117
7050 87.419 109.066
7060 118.408 120.361
7070 75.697 99.534
7080 68.634 94.829
7090 103.93 115.448
7100 82.59 108.118
7110 99.983 110.171
7120 104.637 117.26
7130 91.337 107.462
7140 95.877 111.246
7150 98.14 109.008
7160 62.878 91.856
7170 85.848 106.6
7180 97.2 109.157
7190 99.299 115.034
7200 102.674 114.24
7210 102.607 118.752
7220 74.01 105.354
7230 108.033 114.308
7240 86.766 105.076
7250 86.246 108.794
7260 96.686 111.634
7270 107.233 113.717
7280 90.064 104.093
7290 64.558 96.063
7300 88.749 109.233
7310 85.592 105.198
7320 74.925 96.92
7330 103.873 112.019
7340 98.658 115.386
7350 94.013 117.314
7360 99.232 116.584
7370 95.543 106.842
7380 102.765 111.826
7390 78.102 98.253
7400 96.297 112.949
7410 65.627 90.159
7420 88.636 105.509
7430 87.273 101.638
7440 90.444 107.318
7450 91.958 108.662
7460 76.985 101.314
7470 81.452 110.056
7480 89.838 109.856
7490 98.856 111.865
7500 86.669 100.02
7510 50.367 84.832
7520 105.964 114.069
7530 74.445 98.65
7540 86.217 108.314
7550 111.633 116.531
7560 103.808 110.187
7570 91.421 110.384
7580 85.943 108.568
7590 73.249 102.874
7600 88.602 106.068
7610 72.422 96.809
7620 79.597 106.914
7630 88.498 105.578
7640 98.035 110.701
7650 92.279 108.824
7660 90.018 109.349
7670 97.801 108.951
7680 93.188 108.939
7690 89.901 110.765
7700 78.522 103.202
7710 98.946 111.282
7720 104.134 118.291
7730 111.586 118.481
7740 114.468 121.891
7750 81.438 102.75
7760 86.966 109.89
7770 88.072 106.845
7780 85.088 99.942
7790 80.391 107.284
7800 95.118 110.198
7810 89.927 105.61
7820 79.629 107.906
7830 91.411 102.74
7840 103.281 120.169
7850 112.202 117.251
7860 77.004 101.473
7870 89.442 109.517
7880 102.688 115.643
7890 92.563 109.108
7900 108.326 120.924
7910 87.66 109.216
7920 107.163 120.791
7930 88.854 97.945
7940 92.337 115.268
7950 81.877 96.484
7960 86.842 110.57
7970 109.844 117.774
7980 93.155 113.051
7990 102.244 113.686
8000 87.92 106.963
8010 95.628 105.95
8020 113.278 122.832
8030 98.48 106.869
8040 90.68 109.422
8050 79.631 100.703
8060 81.873 108.086
8070 94.308 105.993
8080 103.921 119.42
8090 106.558 113.197
8100 101.903 115.771
8110 78.073 99.652
8120 97.179 109.263
8130 84.096 107.819
8140 94.878 106.503
8150 98.832 109.95
8160 86.114 102.519
8170 83.809 101.573
8180 70.422 97.383
8190 92.755 107.026
8200 90.632 110.766
8210 100.408 111.224
8220 107.123 117.108
8230 76.598 97.351
8240 95.703 112.061
8250 82.671 102.785
8260 99.625 104.091
8270 106.826 118.311
8280 92.838 114.259
8290 94.955 110.637
8300 90.071 102.878
8310 85.784 107.383
8320 74.796 96.173
8330 96.982 114.411
8340 93.872 113.467
8350 96.494 116.055
8360 73.979 103.583
8370 107.121 109.799
8380 80.629 101.841
8390 78.617 101.043
8400 91.611 103.957
8410 80.765 96.996
8420 103.935 117.897
8430 68.229 85.893
8440 84.096 103.589
8450 96.864 112.324
8460 94.453 116.216
8470 91.887 108.249
8480 100.452 106.573
8490 80.256 101.298
8500 73.136 95.319
8510 103.851 113.892
8520 87.915 109.016
8530 76.445 100.029
8540 86.154 102.224
8550 104.865 118.527
8560 86.587 106.808
8570 103.113 110.292
8580 84.107 102.287
8590 97.238 107.229
8600 103.204 110.57
8610 97.788 109.217
8620 80.975 102.215
8630 76.694 99.264
8640 118.005 123.943
8650 98.672 117.246
8660 98.389 115.39
8670 88.635 108.032
8680 80.364 98.898
8690 75.881 100.003
8700 87.551 112.79
8710 84.289 107.982
8720 107.536 113.944
8730 95.393 107.966
8740 103.996 111.217
8750 89.95 109.518
8760 104.007 110.187
8770 93.734 106.451
8780 62.775 86.8
8790 76.956 97.534
8800 94.721 115.948
8810 105.498 111.059
8820 100.415 114.701
8830 98.704 111.546
8840 94.589 105.491
8850 91.247 111.096
8860 87.652 107.834
8870 113.31 119.801
8880 86.03 104.647
8890 59.048 92.156
8900 88.768 109.591
8910 95.304 112.128
8920 73.597 98.59
8930 88.608 102.126
8940 104.535 118.98
8950 113.88 114.929
8960 85.401 106.368
8970 86.018 107.727
8980 87.819 104.967
8990 94.516 114.493
9000 75.838 100.342
9010 125.633 126.709
9020 72.176 95.896
9030 77.884 102.949
9040 103.476 114.205
9050 109.762 120.151
9060 76.672 99.824
9070 66.969 90.205
9080 85.2 105.049
9090 88.354 108.135
9100 87.345 104.814
9110 100.827 109.83
9120 85.266 109.361
9130 80.067 104.264
9140 89.93 108.128
9150 84.134 102.633
9160 82.977 102.759
9170 88.169 109.766
9180 85.811 110.319
9190 81.921 100.976
9200 94.902 105.208
9210 81.406 106.902
9220 96.221 114.526
9230 117.823 115.202
9240 100.58 113.125
9250 100.897 112.216
9260 95.969 106.766
9270 93.823 111.751
9280 69.13 105.64
9290 100.564 113.045
9300 101.828 114.798
9310 68.918 94.688
9320 78.727 103.529
9330 83.52 99.937
9340 84.547 102.95
9350 101.587 112.856
9360 107.045 116.678
9370 111.38 115.865
9380 68.894 93.495
9390 79.7 96.374
9400 71.99 100.197
9410 85.219 106.358
9420 82.352 106.001
9430 88.33 103.366
9440 105.628 114.788
9450 76.702 104.011
9460 75.126 99.834
9470 88.556 114.13
9480 83.903 108.767
9490 78.317 109.134
9500 78.936 98.637
9510 62.579 89.236
9520 48.185 84.118
9530 88.096 107.621
9540 94.23 106.668
9550 72.818 88.089
9560 86.195 108.451
9570 98.992 113.499
9580 100.624 112.147
9590 99.571 113.542
9600 71.926 95.426
9610 95.494 109.997
9620 81.914 99.584
9630 95.679 111.561
9640 84.044 106.946
9650 90.241 107.142
9660 103.464 116.453
9670 87.745 107.631
9680 62.338 96.52
9690 73.366 96.196
9700 87.78 100.696
9710 82.425 107.158
9720 107.366 111.567
9730 82.972 105.914
9740 89.969 113.66
9750 95.751 104.425
9760 98.69 113.204
9770 104.892 111.596
9780 87.574 112.122
9790 103.249 117.064
9800 88.26 103.757
9810 91.277 110.834
9820 93.474 109.07
9830 88.585 108.878
9840 105.137 117.294
9850 84.626 108.432
9860 79.462 107.205
9870 71.787 99.806
9880 92.738 113.086
9890 100.745 109.152
9900 108.1 110.935
9910 88.165 103.347
9920 90.487 110.439
9930 90.526 103.38
9940 92.723 107.301
9950 88.688 105.804
9960 90.252 113.329
9970 102.582 117.385
9980 74.689 106.661
9990 93.046 111.501
10000 71.817 98.044
10010 77.345 101.343
10020 75.077 102.672
10030 106.309 112.701
10040 94.221 110.283
10050 67.79 92.976
10060 91.638 115.003
10070 96.108 114.099
10080 119.737 121.017
10090 85.641 104.885
10100 104.03 115.02
10110 106.462 115.737
10120 88.282 109.088
10130 102.651 110.717
10140 67.392 94.121
10150 97.497 110.16
10160 86.834 103.713
10170 56.381 90.935
10180 81.349 107.818
10190 115.406 118.433
10200 107.422 116.676
10210 90.392 105.221
10220 93.873 110.5
10230 107.84 114.693
10240 78.63 100.279
10250 74.383 102.504
10260 86.725 107.811
10270 80.625 97.731
10280 83.922 96.907
10290 106.694 111.962
10300 70.854 95.578
10310 95.258 111.714
10320 79.695 104.436
10330 82.556 103.955
10340 102.434 117.784
10350 100.88 113.423
10360 87.745 105.238
10370 102.361 108.835
10380 101.316 113.936
10390 85.591 101.833
10400 68.197 88.516
10410 74.843 105.719
10420 102.86 113.115
10430 97.024 112.473
10440 89.571 106.229
10450 93.945 110.494
10460 101.261 114.304
10470 105.279 117.562
10480 93.139 106.11
10490 128.152 116.898
10500 83.708 105.163
10510 92.476 107.524
10520 85.122 103.515
10530 97.815 113.484
10540 88.983 105.223
10550 96.898 111.067
10560 79.442 93.292
10570 88.059 109.083
10580 85.039 105.599
10590 89.61 104.612
10600 141.108 125.584
10610 84.077 106.81
10620 84.934 103.438
10630 96.619 110.474
10640 78.75 103.209
10650 80.612 112.065
10660 106.111 113.231
10670 95.735 111.317
10680 113.952 123.084
10690 83.591 102.185
10700 85.259 107.514
10710 78.421 96.142
10720 107.232 117.961
10730 93.069 114.66
10740 83.036 102.726
10750 101.195 105.98
10760 94.616 109.164
10770 67.954 91.518
10780 104.733 113.196
10790 99.755 116.634
10800 107.629 116.447
10810 100.476 114.06
10820 73.438 100.851
10830 104.419 115.035
10840 92.064 101.459
10850 99.59 113.45
10860 78.86 105.62
10870 106.829 110.808
10880 89.381 106.762
10890 90.666 108.41
10900 79.195 102.946
10910 104.43 109.65
10920 108.41 112.43
10930 68.073 94.921
10940 101.216 113.987
10950 88.205 100.579
10960 81.309 98.021
10970 99.925 109.593
10980 76.005 100.851
10990 101.768 110.276
11000 70.325 92.312
11010 101.654 116.062
11020 87.449 107.817
11030 103.869 108.478
11040 88.374 104.654
11050 85.677 106.285
11060 87.015 105.772
11070 88.967 106.975
11080 90.645 111.73
11090 80.724 100.498
11100 117.603 121.23
11110 82.537 105.267
11120 83.107 106.488
11130 91.885 107.355
11140 97.162 109.148
11150 96.12 110.716
11160 76.481 101.423
11170 110.886 117.726
11180 80.478 103.833
11190 103.737 108.741
11200 100.419 113.584
11210 87.579 102.673
11220 100.673 113.475
11230 93.901 107.558
11240 80.74 105.478
11250 131.213 122.602
11260 82.281 103.638
11270 95.533 110.444
11280 97.765 111.199
11290 97.716 110.45
11300 82.587 106.064
11310 91.334 106.99
11320 89.164 110.634
11330 108.597 111.773
11340 95.871 110.317
11350 113.248 124.568
11360 77.925 104.5
11370 85.968 110.684
11380 74.032 96.129
11390 80.101 96.652
11400 70.063 98.246
11410 105.679 117.639
11420 85.099 97.991
11430 92.178 110.574
11440 100.381 117.521
11450 87.034 105.43
11460 104.367 111.154
11470 79.291 99.763
11480 74.773 93.596
11490 101.31 110.953
11500 95.835 109.648
11510 103.358 116.727
11520 75.265 97.514
11530 104.347 110.014
11540 101.79 115.915
11550 70.91 91.912
11560 98.179 112.703
11570 74.193 96.539
11580 95.293 110.68
11590 94.625 109.846
11600 97.233 114.93
11610 94.473 105.566
11620 98.99 106.041
11630 120.901 117.004
11640 87.497 98.811
11650 86.504 111.376
11660 96.188 109.517
11670 108.527 113.751
11680 113.134 119.502
11690 104.895 110.842
11700 101.102 113.866
11710 70.277 99.255
11720 62.438 92.325
11730 80.335 103.675
11740 81.233 100.584
11750 77.581 97.994
11760 74.434 94.295
11770 93.895 109.302
11780 110.8 114.121
11790 97.265 110.066
11800 108.952 110.53
11810 97.357 106.146
11820 113.698 116.008
11830 92.868 111.249
11840 82.685 103.15
11850 91.995 109.875
11860 89.555 105.408
11870 88.621 112.271
11880 95.476 111.716
11890 101.728 109.789
11900 82.943 101.036
11910 104.57 113.889
11920 101.069 114.466
11930 84.096 105.685
11940 82.024 101.56
11950 91.873 110.802
11960 76.305 93.777
11970 105.84 110.722
11980 97.47 116.239
11990 95.251 105.249
12000 88.839 108.265
12010 90.363 109.523
12020 87.781 106.28
12030 77.74 101.208
12040 105.808 109.033
12050 96.253 108.661
12060 79.998 104.46
12070 96.085 105.135
12080 81.196 101.311
12090 99.419 111.901
12100 63.692 87.058
12110 90.405 107.852
12120 99.542 112.408
12130 82.406 101.802
12140 95.595 110.919
12150 89.267 110.222
12160 81.178 101.494
12170 88.79 106.01
12180 92.026 105.037
12190 95.019 107.687
12200 87.832 107.262
12210 98.944 108.083
12220 79.95 104.38
12230 82.243 102.459
12240 95.773 114.072
12250 117.448 121.035
12260 83.154 100.693
12270 93.363 115.483
12280 86.023 106.48
12290 87.148 104.376
12300 90.649 109.073
12310 104.225 111.151
12320 96.126 106.637
12330 89.777 108.435
12340 82.389 105.163
12350 80.068 101.093
12360 93.211 106.372
12370 114.796 115.862
12380 89.909 102.246
12390 90.471 99.398
12400 88.313 101.762
12410 73.985 99.7
12420 101 108.268
12430 95.369 110.352
12440 82.581 101.244
12450 95.465 111.577
12460 105.792 110.265
12470 81.948 106.502
12480 95.267 103.541
12490 91.248 102.954
12500 101.212 109.886
12510 89.614 100.799
12520 79.304 103.764
12530 94.24 109.001
12540 84.836 106.77
12550 90.79 110.56
12560 83.627 107.172
12570 101.715 110.666
12580 96.134 114.374
12590 114.914 116.492
12600 104.086 118.849
12610 118.757 119.688
12620 86.031 107.196
12630 93.696 109.25
12640 85.613 103.014
12650 93.45 111.667
12660 69.21 91.974
12670 72.901 91.984
12680 58.498 87.543
12690 93.04 99.238
12700 67.734 96.303
12710 97.081 109.661
12720 87.334 112.293
12730 99.226 110.183
12740 85.828 103.777
12750 107.617 115.301
12760 82.335 101.729
12770 98.39 113.611
12780 87.106 108.018
12790 80.982 95.993
12800 79.432 109.772
12810 92.985 110.358
12820 91.502 113.217
12830 66.706 96.587
12840 107.828 120.56
12850 101.098 110.744
12860 102.401 113.018
12870 85.861 99.065
12880 99.623 111.193
12890 95.358 108.212
12900 106.171 112.042
12910 104.506 115.88
12920 93.552 112.108
12930 86.233 100.603
12940 111.566 116.366
12950 103.492 114.728
12960 110.951 119.123
12970 93.074 104.53
12980 83.212 105.204
12990 95.262 109.805
13000 84.156 101.225
13010 85.876 105.601
13020 103.251 115.337
13030 98.382 103.269
13040 81.645 101.913
13050 77.374 102.266
13060 96.782 113.209
13070 99.265 108.724
13080 93.85 106.645
13090 79.743 101.543
13100 75.037 100.082
13110 99.525 110.894
13120 77.675 100.38
13130 94.754 111.444
13140 97.724 113.258
13150 105.515 117.758
13160 86.748 104.766
13170 101.876 119.573
13180 102.906 113.592
13190 94.065 105.083
13200 88.144 107.432
13210 98.388 112.087
13220 110.835 119.786
13230 100.978 112.778
13240 86.32 106.267
13250 112.943 119.631
13260 99.593 105.624
13270 78.621 107.131
13280 113.874 117.272
13290 84.782 103.496
13300 119.686 124.846
13310 99.246 110.924
13320 103.588 111.479
13330 88.167 96.876
13340 94.061 101.966
13350 83.941 95.608
13360 103.341 112.858
13370 93.077 106.514
13380 83.776 102.982
13390 85.784 111.734
13400 89.711 104.995
13410 60.542 89.606
13420 75.927 98.481
13430 86.603 107.062
13440 98.427 113.712
13450 72.357 96.198
13460 87.01 107.837
13470 93.044 107.823
13480 81.077 103.431
13490 97.968 111.955
13500 87.836 106.75
13510 85.199 108.179
13520 93.928 110.697
13530 110.238 113.791
13540 79.687 101.558
13550 96.661 108.197
13560 84.507 96.68
13570 85.2 108.606
13580 81.484 99.131
13590 81.58 100.39
13600 106.387 111.35
13610 86.164 107.902
13620 92.099 108.506
13630 86.935 102.744
13640 82.214 105.055
13650 81.642 103.576
13660 92.713 105.074
13670 95.673 108.478
13680 99.239 115.895
13690 101.293 108.291
13700 95.095 102.061
13710 93.092 103.92
13720 92.948 108.897
13730 73.975 95.042
13740 106.171 112.501
13750 104.004 115.039
13760 83.89 100.851
13770 98.76 109.044
13780 92.9 108.025
13790 89.506 108.223
13800 125.089 119.014
13810 83.194 96.661
13820 98.849 105.1
13830 91.753 107.809
13840 79.095 102.823
13850 121.327 119.667
13860 105.91 113.5
13870 72.541 97.049
13880 104.573 109.349
13890 105.358 116.997
13900 96.32 108.526
13910 93.803 103.324
13920 98.572 113.268
13930 120.842 115.318
13940 106.799 114.789
13950 70.17 98.033
13960 127.263 119.807
13970 124.762 121.953
13980 101.043 113.393
13990 92.368 107.923
14000 83.786 101.64
14010 105.718 111.529
14020 101.035 110.287
14030 89.047 105.44
14040 116.941 113.706
14050 75.994 93.061
14060 91.965 111.191
14070 93.455 110.546
14080 104.929 116.324
14090 96.01 104.75
14100 75.004 100.58
14110 93.682 101.735
14120 92.031 106.235
14130 108.208 114.781
14140 77.409 100.118
14150 129.349 122.99
14160 103.869 114.933
14170 106.12 117.777
14180 86.413 98.224
14190 96.05 109.848
14200 82.698 100.001
14210 84.255 106.759
14220 83.624 107.655
14230 89.891 107.09
14240 97.978 113.649
14250 124.865 117.754
14260 97.559 109.685
14270 113.277 112.931
14280 70.344 89.994
14290 87.908 108.78
14300 97.147 111.697
14310 76.505 101.368
14320 90.558 109.493
14330 90.887 102.19
14340 122.964 122.098
14350 85.917 105.458
14360 103.578 110.257
14370 105.871 112.659
14380 94.318 113.117
14390 94.108 109.153
14400 106.032 113.488
14410 106.385 114.887
14420 74.511 96.141
14430 87.432 100.479
14440 105.027 117.105
14450 96.092 108.943
14460 94.803 110.285
14470 89.528 109.556
14480 105.596 109.112
14490 105.671 112.078
14500 90.832 104.301
14510 97.99 112.647
14520 84.868 94.634
14530 78.597 100.05
14540 93.192 112.353
14550 82.44 108.89
14560 104.304 112.967
14570 105.153 116.639
14580 79.284 100.828
14590 81.06 103.64
14600 106.001 117.937
14610 105.471 117.251
14620 93.354 111.655
14630 107.173 113.748
14640 99.668 113.839
14650 100.983 115.417
14660 90.901 109.473
14670 95.008 112.015
14680 97.053 111.001
14690 96.734 107.183
14700 84.876 105.681
14710 86.691 103.454
14720 96.893 111.537
14730 91.724 104.202
14740 90.386 105.364
14750 81.461 108.217
14760 85.85 103.052
14770 79.791 101.011
14780 101.598 106.058
14790 89.808 104.544
14800 82.868 98.952
14810 88.733 105.157
14820 98.469 113.877
14830 65.154 92.154
14840 93.845 111.205
14850 91.705 109.079
14860 104.85 113.034
14870 114.111 118.46
14880 104.969 103.999
14890 102.485 107.151
14900 64.081 84.905
14910 95.907 105.803
14920 98.92 108.638
14930 93.591 111.759
14940 98.233 107.225
14950 92.292 111.924
14960 72.363 94.912
14970 99.022 110.823
14980 75.87 92.925
14990 87.748 106.517
15000 81.5 94.325
15010 100.586 114.325
15020 96.477 104.507
15030 103.666 111.628
15040 108.53 114.33
15050 110.905 114.887
15060 92.545 107.893
15070 92.188 107.789
15080 87.19 104.506
15090 95.269 111.31
15100 111.745 115.961
15110 100.489 106.328
15120 66.936 93.536
15130 94.478 109.168
15140 85.152 103.665
15150 86.459 113.596
15160 94.971 109.022
15170 80.858 104.037
15180 79.652 96.695
15190 103.188 116.07
15200 99.824 111.428
15210 76.162 96.554
15220 102.782 112.527
15230 100.711 110.419
15240 108.742 118.646
15250 109.392 114.76
15260 100.838 117.142
15270 95.89 110.909
15280 96.867 110.743
15290 91.726 105.636
15300 103.835 116.154
15310 98.558 108.695
15320 100.106 108.925
15330 78.247 100.259
15340 96.543 105.392
15350 80.95 95.912
15360 96.183 112.261
15370 98.399 117.707
15380 89.921 112.679
15390 71.821 96.926
15400 82.768 105.02
15410 76.734 89.618
15420 88.331 101.789
15430 81.817 101.054
15440 97.213 110.56
15450 104.926 112.468
15460 100.981 109.495
15470 72.133 95.335
15480 106.678 117.779
15490 113.204 114.63
15500 91.452 105.67
15510 110.303 112.303
15520 85.641 103.939
15530 107.707 115.038
15540 85.276 97.786
15550 110.205 116.481
15560 86.087 99.404
15570 119.318 121.136
15580 85.975 102.91
15590 100.913 109.962
15600 93.567 111.385
15610 100.305 115.704
15620 68.402 93.987
15630 79.906 97.81
15640 84.319 107.248
15650 97.092 106.538
15660 97.8 110.787
15670 70.067 94.237
15680 83.932 115.908
15690 88.353 110.893
15700 99.936 109.916
15710 76.846 100.28
15720 96.026 109.663
15730 90.88 102.895
15740 97.47 114.915
15750 83.927 96.286
15760 95.513 108.522
15770 113.192 118.593
15780 104.035 107.945
15790 94.142 104.631
15800 88.399 99.531
15810 97.146 110.911
15820 88.044 107.545
15830 98.105 115.386
15840 63.878 90.722
15850 106.645 116.084
15860 90.012 103.391
15870 93.981 105.886
15880 95.472 109.108
15890 97.13 110.144
15900 75.608 93.377
15910 105.703 115.065
15920 108.888 111.235
15930 108.448 113.982
15940 101.335 110.36
15950 100.56 107.735
15960 101.505 111.366
15970 90.048 104.707
15980 84.306 99.734
15990 91.894 104.306
16000 84.518 102.36
16010 92.61 104.115
16020 81.631 96.195
16030 101.999 111.033
16040 85.331 108.54
16050 90.238 103.576
16060 85.749 99.814
16070 82.178 103.414
16080 119.883 118.458
16090 106.045 110.573
16100 92.61 101.247
16110 100.223 105.551
16120 88.238 101.214
16130 91.9 102.262
16140 97.879 111.519
16150 84.435 99.033
16160 84.797 101.978
16170 89.155 104.948
16180 110.701 113.347
16190 100.051 112.942
16200 114.787 117.04
16210 100.061 110.291
16220 86.821 103.738
16230 93.051 108.551
16240 98.694 106.282
16250 65.672 89.925
16260 104.297 110.686
16270 76.98 96.589
16280 97.106 109.833
16290 81.306 97.575
16300 95.738 114.034
16310 102.321 110.302
16320 101.141 106.648
16330 99.244 108.796
16340 108.714 115.5
16350 92.094 106.407
16360 100.874 107.21
16370 108.57 115.726
16380 92.358 106.629
16390 104.234 113.552
16400 101.633 110.84
16410 96.976 107.809
16420 97.087 110.161
16430 78.971 97.751
16440 85.758 103.805
16450 126.39 116.906
16460 115.954 123.461
16470 94.507 101.714
16480 97.547 108.256
16490 94.133 105.738
16500 97.983 108.103
16510 108.39 114.19
16520 86.251 102.908
16530 89.887 105.586
16540 98.092 100.815
16550 101.706 111.045
16560 97.626 113.82
16570 87.066 106.287
16580 81.174 95.36
16590 90.789 100.301
16600 99.116 110.122
16610 108.943 115.421
16620 89.755 105.394
16630 87.82 105.198
16640 99.45 108.992
16650 92.119 104.656
16660 103.895 109.048
16670 82.447 100.223
16680 96.454 104.086
16690 106.161 116.137
16700 103.528 115.409
16710 109.558 116.663
16720 86.591 105.201
16730 93.107 106.231
16740 107.75 117.933
16750 100.186 110.326
16760 101.83 111.155
16770 116.469 119.174
16780 109.698 121.148
16790 91.439 109.671
16800 98.478 111.379
16810 106.045 115.19
16820 109.134 118.886
16830 111.553 115.435
16840 100.101 109.095
16850 83.134 103.689
16860 118.227 118.582
16870 103.26 107.961
16880 91.54 112.075
16890 105.085 114.014
16900 95.109 108.005
16910 95.675 108.671
16920 97.28 114.573
16930 110.441 115.901
16940 74.168 92.58
16950 97.269 108.939
16960 106.769 112.443
16970 115.333 110.562
16980 75.069 102.079
16990 110.443 116.651
17000 92.904 105.059
17010 98.845 109.886
17020 97.885 114.038
17030 99.809 107.018
17040 105.322 113.473
17050 120.274 114.086
17060 109.04 110.491
17070 94.876 107.984
17080 115.533 116.954
17090 102.27 109.121
17100 124.13 119.484
17110 78.473 101.204
17120 95.576 108.342
17130 111.626 117.15
17140 79.237 100.265
17150 112.758 108.612
17160 95.321 110.814
17170 83.464 97.91
17180 97.25 113.62
17190 91.531 104.346
17200 79.166 91.893
17210 103.565 110.782
17220 97.74 109.402
17230 115.787 117.582
17240 93.346 107.202
17250 77.641 102.024
17260 77.889 104.128
17270 99.742 103.387
17280 106.958 110.622
17290 94.504 111.175
17300 82.478 95.021
17310 91.586 100.339
17320 100.102 110.854
17330 120.584 120.11
17340 114.694 115.8
17350 98.026 110.335
17360 91.624 110.385
17370 93.379 108.527
17380 77.938 100.376
17390 104.75 107.532
17400 121.721 118.236
17410 107.115 115.813
17420 115.707 112.809
17430 108.437 102.578
17440 97.924 112.283
17450 84.844 100.559
17460 124.42 122.844
17470 97.325 110.961
17480 94.353 106.774
17490 105.058 110.708
17500 85.193 103.39
17510 82.885 98.257
17520 93.148 112.305
17530 97.208 116.027
17540 97.65 107.714
17550 101.434 107.932
17560 120.03 119.557
17570 72.746 97.527
17580 60.354 88.222
17590 76.859 95.554
17600 88.399 99.296
17610 97.835 107.443
17620 110.905 111.976
17630 105.081 108.882
17640 100.968 112.167
17650 114.428 117.456
17660 82.477 96.503
17670 90.722 106.093
17680 94.873 105.287
17690 104.517 114.231
17700 115.079 117.013
17710 108.957 116.612
17720 70.23 88.467
17730 97.749 109.75
17740 94.505 113.178
17750 92.057 105.484
17760 94.224 112.241
17770 100.525 109.96
17780 88.688 101.926
17790 93.558 107.962
17800 101.495 113.067
17810 102.596 111.425
17820 94.326 106.588
17830 82.826 100.48
17840 99.082 114.007
17850 98.519 110.185
17860 90.579 107.749
17870 81.407 100.365
17880 112.754 121.552
17890 116.587 117.466
17900 78.018 99.346
17910 98.861 114.686
17920 78.663 101.802
17930 102.633 113.25
17940 82.978 97.813
17950 111.338 109.738
17960 96.95 106.886
17970 86.775 104.623
17980 70.663 94.715
17990 108.544 117.867
18000 103.049 116.799
18010 94.169 112.274
18020 93.898 107.742
18030 98.943 111.094
18040 106.436 112.723
18050 109.521 119.375
18060 88.008 105.558
18070 94.087 109.695
18080 89.87 104.912
18090 81.934 102.382
18100 96.06 113.266
18110 84.318 95.367
18120 106.22 112.452
18130 84.233 98.179
18140 99.618 106.876
18150 95.554 109.253
18160 89.805 105.61
18170 83.502 105.963
18180 82.77 104.536
18190 88.451 105.768
18200 92.675 106.78
18210 99.923 109.953
18220 107.277 114.509
18230 89.046 110.165
18240 88.843 107.381
18250 109.067 117.902
18260 95.035 101.782
18270 103.068 116.489
18280 80.307 98.104
18290 92.823 113.72
18300 100.264 113.748
18310 78.735 96.162
18320 83.369 107.815
18330 101.693 114.025
18340 109.244 110.973
18350 108.344 115.94
18360 79.656 100.413
18370 112.328 117.81
18380 105.907 114.715
18390 84.701 107.35
18400 84.459 103.77
18410 87.188 103.8
18420 87.694 105.4
18430 95.117 108.188
18440 80.847 102.507
18450 109.517 117.746
18460 89.55 109.443
18470 107.579 117.917
18480 105.46 116.041
18490 93.795 109.141
18500 86.721 100.171
18510 91.148 109.249
18520 83.552 105.423
18530 97.849 113.702
18540 96.559 110.427
18550 75.985 94.399
18560 112.985 117.465
18570 112.778 116.962
18580 97.449 115.405
18590 83.334 107.208
18600 89.39 106.179
18610 86.31 100.674
18620 93.121 111.976
18630 87.799 113.412
18640 76.586 105.665
18650 88.777 111.406
18660 92.677 111.399
18670 87.186 103.349
18680 83.18 105.196
18690 76.678 99.79
18700 69.21 92.777
18710 86.704 105.287
18720 74.05 94.116
18730 76.509 103.401
18740 114.456 123.29
18750 83.299 107.323
18760 74.618 96.555
18770 72.412 95.479
18780 77.12 99.952
18790 88.903 100.396
18800 93.35 107.95
18810 116.302 119.632
18820 87.075 111.43
18830 88.432 109.042
18840 101.494 108.874
18850 88.846 114.639
18860 75.738 96.255
18870 68.874 97.722
18880 86.918 108.459
18890 91.599 111.19
18900 82.516 102.633
18910 84.309 108.086
18920 60.727 90.219
18930 101.117 108.855
18940 98.489 116.768
18950 84.774 100.512
18960 84.814 102.524
18970 85.632 96.263
18980 91.569 111.238
18990 88.545 111.226
19000 102.689 109.014
19010 87.877 100.155
19020 93.967 109.508
19030 102.475 114.915
19040 92.298 110.305
19050 79.614 102.285
19060 73.244 99.86
19070 108.594 113.799
19080 88.113 109.062
19090 71.32 100.271
19100 92.068 109.496
19110 82.69 110.308
19120 99.298 115.244
19130 92.619 108.53
19140 79.027 101.463
19150 96.077 110.585
19160 82.416 101.64
19170 106.759 112.845
19180 87.632 108.111
19190 82.26 100.271
19200 103.869 115.946
19210 89.226 109.558
19220 83.907 106.358
19230 79.727 101.511
19240 73.612 97.234
19250 80.951 99.099
19260 95.966 115.269
19270 83.636 104.717
19280 62.41 88.638
19290 80.179 99.009
19300 84.895 104.63
19310 77.452 106.242
19320 110.345 116.911
19330 90.545 104.659
19340 79.675 101.914
19350 84.262 104.618
19360 93.57 104.359
19370 98.324 113.057
19380 86.763 109.297
19390 94.881 109.791
19400 74.873 93.827
19410 67.347 94.455
19420 83.371 101.844
19430 78.51 107.162
19440 90.828 112.075
19450 98.572 115.798
19460 84.641 102.424
19470 63.475 89.137
19480 82.926 103.561
19490 95.576 109.831
19500 88.557 109.003
19510 115.103 120.5
19520 110.69 108.636
19530 97.079 113.686
19540 67.569 106.049
19550 83.574 103.622
19560 80.448 98.987
19570 117.171 118.961
19580 87.871 104.397
19590 63.537 86.687
19600 88.933 105.504
19610 109.648 114.051
19620 119.432 117.443
19630 96.737 114.34
19640 94.555 111.742
19650 99.73 113.637
19660 105.064 118.709
19670 78.02 105.871
19680 76.197 96.4
19690 91.459 108.166
19700 61.249 92.934
19710 94.757 110.927
19720 94.52 110.728
19730 99.403 115.86
19740 83.391 100.67
19750 108.202 114.113
19760 95.641 112.07
19770 92.13 105.221
19780 107.54 114.177
19790 116.96 114.848
19800 102.577 116.805
19810 96.236 115.337
19820 98.508 101.882
19830 96.064 111.054
19840 59.915 93.001
19850 64.267 92.301
19860 106.262 118.816
19870 79.278 100.186
19880 80.674 106.592
19890 111.927 112.99
19900 83.952 102.901
19910 81.351 103.137
19920 96.269 112.855
19930 68.748 97.022
19940 79.537 101.228
19950 80.497 102.607
19960 109.976 118.157
19970 102.98 115.182
19980 80.345 104.505
19990 100.258 115.45
20000 84.574 100.815
20010 90.124 112.304
20020 110.272 118.539
20030 76.134 98.662
20040 67.481 96.451
20050 95.133 108.115
20060 88.389 106.855
20070 86.716 104.411
20080 67.899 90.587
20090 79.441 102.55
20100 67.19 91.026
20110 106.058 114.919
20120 101.281 108.874
20130 103.834 116.884
20140 99.389 106.771
20150 97.756 112.863
20160 66.576 99.027
20170 76.022 102.382
20180 78.586 97.935
20190 72.736 95.212
20200 72.178 95.152
20210 78.039 97.809
20220 94.866 106.649
20230 94.905 115.502
20240 91.257 106.926
20250 79.549 105.164
20260 108.374 126.083
20270 77.427 101.13
20280 80.952 100.438
20290 74.484 98.668
20300 64.77 93.83
20310 94.967 112.358
20320 84.268 102.943
20330 92.694 105.934
20340 73.82 97.076
20350 69.612 99.641
20360 102.052 113.895
20370 76.499 107.045
20380 74.397 96.483
20390 89.029 107.088
20400 104.173 116.601
20410 95.172 109.935
20420 88.856 102.215
20430 87.579 107.652
20440 88.382 109.336
20450 86.829 106.784
20460 89.128 99.055
20470 99.398 115.221
20480 95.84 111.49
20490 92.538 102.92
20500 86.908 105.864
20510 72.25 99.637
20520 99.347 110.626
20530 86.837 113.735
20540 77.495 107.193
20550 72.254 100.56
20560 90.818 107.041
20570 105.178 126.143
20580 101.605 109.635
20590 92.57 109.821
20600 93.677 111.128
20610 86.528 107.558
20620 75.554 103.256
20630 102.407 113.983
20640 83.05 106.091
20650 70.475 102.955
20660 77.51 93.528
20670 93.098 108.289
20680 93.556 115.352
20690 84.088 100.25
20700 78.78 97.248
20710 94.569 110.871
20720 85.503 105.767
20730 68.872 100.198
20740 119.519 125.723
20750 83.546 103.798
20760 80.391 99.211
20770 89.117 105.693
20780 101.848 120.336
20790 101.238 112.096
20800 69.148 96.282
20810 92.378 110.466
20820 89.389 109.769
20830 88.265 110.688
20840 89.129 110.625
20850 65.99 86.875
20860 93.008 109.142
20870 91.169 108.658
20880 107.969 115.209
20890 107.392 116.554
20900 96.998 114.912
20910 97.488 115.804
20920 100.389 106.883
20930 76.563 94.811
20940 79.262 103.381
20950 100.098 114.732
20960 114.161 119.194
20970 117.161 122.037
20980 94.439 116.18
20990 87.101 100.987
21000 85.628 104.463
21010 82.275 107.009
21020 100.194 107.428
21030 90.226 106.528
21040 91.368 108.526
21050 120.625 116.112
21060 77.714 96.598
21070 70.992 97.745
21080 93.596 109.16
21090 99.255 106.748
21100 100.521 110.121
21110 109.091 115.424
21120 99.407 112.804
21130 91.946 102.121
21140 103.52 111.272
21150 92.328 109.005
21160 89.824 99.685
21170 75.034 92.297
21180 108.617 112.167
21190 71.2 96.605
21200 71.121 96.499
21210 98.859 113.025
21220 98.686 107.598
21230 103.66 116.334
21240 89.513 108.186
21250 106.271 114.5
21260 88.964 107.708
21270 94.519 110.787
21280 116.634 118.513
21290 93.71 110.323
21300 110.534 114.567
21310 92.654 105.069
21320 102.754 113.64
21330 90.591 110.124
21340 92.674 107.201
21350 92.104 115.224
21360 67.185 103.649
21370 80.175 102.385
21380 85.501 107.67
21390 84.344 112.634
21400 79.665 99.767
21410 88.681 110.049
21420 88.899 115.753
21430 82.725 106.318
21440 105.517 117.449
21450 88.108 110.423
21460 98.733 108.237
21470 109.427 120.716
21480 95.941 110.71
21490 73.719 100.133
21500 86.336 107.762
21510 89.017 107.284
21520 111.595 114.074
21530 109.432 122.803
21540 92.623 105.34
21550 120.608 116.172
21560 93.136 105.442
21570 93.63 109.343
21580 98.761 108.554
21590 77.51 101.884
